drug,selfloops_id,0,1,2,3,4,5,6,7,8,9,10,11,12,13,14,15,16,17,18,19,20,21,22,23,24,25,26,27,28,29,30,31,32,33,34,35,36,37,38,39,40,41,42,43,44,45,46,47,48,49,50,51,52,53,54,55,56,57,58,59,60,61,62,63,64,65,66,67,68,69,70,71,72,73,74,75,76,77,78,79,80,81,82,83,84,85,86,87,88,89,90,91,92,93,94,95,96,97,98,99,100,101,102,103,104,105,106,107,108,109,110,111,112,113,114,115,116,117,118,119,120,121,122,123,124,125,126,127,128,129,130,131,132,133,134,135,136,137,138,139,140,141,142,143,144,145,146,147,148,149,150,151,152,153,154,155,156,157,158,159,160,161,162,163,164,165,166,167,168,169,170,171,172,173,174,175,176,177,178,179,180,181,182,183,184,185,186,187,188,189,190,191,192,193,194,195,196,197,198,199,200,201,202,203,204,205,206,207,208,209,210,211,212,213,214,215,216,217,218,219,220,221,222,223,224,225,226,227,228,229,230,231,232,233,234,235,236,237,238,239,240,241,242,243,244,245,246,247,248,249,250,251,252,253,254,255
CID000003954,0,-0.14646285772323608,-0.04067910090088844,0.4381954073905945,-0.08514319360256195,0.20671865344047546,0.3057557940483093,-0.12956222891807556,-0.013561422005295753,-0.363364040851593,-0.23833584785461426,-0.10366374254226685,-0.2809070646762848,0.02044672705233097,-0.387999951839447,0.3089275360107422,0.09918087720870972,0.19126471877098083,0.23908738791942596,-0.07186850160360336,-0.16126249730587006,-0.015257376246154308,-0.2427038699388504,-0.0729760006070137,-0.09592381864786148,0.23883509635925293,0.108427032828331,0.11209249496459961,-0.2512035071849823,-0.062310196459293365,0.5479339361190796,-0.2521989941596985,0.10726059973239899,-0.23736456036567688,-0.16410085558891296,-0.36042338609695435,0.10929514467716217,-0.5490986108779907,-0.35119572281837463,-0.05550409480929375,0.008266366086900234,0.2974514365196228,0.14618365466594696,-0.026746924966573715,-0.012726644054055214,0.3425404131412506,0.3485398292541504,0.08183888345956802,-0.30578404664993286,-0.42149728536605835,0.07066674530506134,-0.35396015644073486,0.17690777778625488,-0.1261509656906128,-0.2026599943637848,0.07237839698791504,-0.007687664125114679,0.010014580562710762,-0.22462022304534912,0.056712497025728226,-0.04458761215209961,-0.9034363627433777,0.17066819965839386,-0.0922999307513237,0.3963618874549866,0.10699063539505005,0.1253199428319931,-0.43403762578964233,-0.06490104645490646,0.3801151216030121,-0.0646175965666771,-0.19908830523490906,-0.5431956052780151,0.030807603150606155,-0.12180028855800629,0.25197920203208923,0.12717744708061218,-0.07804979383945465,0.11475882679224014,0.1587505340576172,-0.02798955701291561,-0.2838459610939026,-0.07409016042947769,0.06459655612707138,-0.16481775045394897,0.05173622444272041,0.023630129173398018,-0.3344586193561554,-0.16752789914608002,0.6244962215423584,-0.1390029639005661,-0.17831853032112122,-0.4055878520011902,-0.08110596239566803,0.04834312945604324,-0.7549668550491333,-0.18904103338718414,-0.3586217761039734,0.5142347812652588,0.3277691900730133,-0.31061694025993347,0.35697105526924133,0.05573393031954765,-0.28270334005355835,0.22662189602851868,-0.10560570657253265,-0.21795718371868134,-0.26664531230926514,0.2957933843135834,-0.06626072525978088,0.3458442687988281,-0.24610662460327148,-0.027891376987099648,0.5819184184074402,0.1767747551202774,0.16273704171180725,0.0006091952091082931,-0.07142140716314316,-0.04700710251927376,0.16581407189369202,-0.1495836228132248,0.07060382515192032,-0.7068800330162048,0.017112892121076584,-0.4647682309150696,-0.38930875062942505,-0.02472063899040222,-0.010363888926804066,0.3329775333404541,0.1523588001728058,0.021540021523833275,0.23975834250450134,-0.08420740813016891,-0.5322124361991882,-0.22737202048301697,-0.12705329060554504,0.0005140959983691573,0.3342134356498718,-0.15804949402809143,-0.11907248198986053,0.2271648347377777,-0.0074930340051651,0.19786293804645538,-0.4860917925834656,0.10730433464050293,0.2480655461549759,0.15724340081214905,0.07541730254888535,0.03809312731027603,0.06143512204289436,-0.2379656285047531,-0.2345023900270462,0.010610824450850487,-0.20350471138954163,0.018740622326731682,0.09831418097019196,0.15471385419368744,-0.07739996910095215,-0.573302149772644,0.004112652037292719,0.15848927199840546,0.1424080729484558,-0.01164194755256176,-0.8738749623298645,0.01197398267686367,0.14238110184669495,0.37467190623283386,-0.06325863301753998,-0.071942999958992,0.21193218231201172,-0.12122701108455658,0.12279126793146133,0.018907520920038223,0.39864382147789,-0.4273797869682312,0.21971921622753143,-0.3750377595424652,-0.19693708419799805,-0.10985058546066284,-0.2934857904911041,0.023998558521270752,0.31615403294563293,0.3511393666267395,-0.09516046196222305,0.11812140792608261,0.14625824987888336,0.2530626952648163,-0.6053253412246704,-0.2211894541978836,0.31762632727622986,0.20692577958106995,-0.10314922034740448,-0.054000675678253174,0.166416734457016,-0.13514530658721924,-0.051685936748981476,0.4330171048641205,0.192077174782753,-0.22582502663135529,-0.6420907974243164,0.4717654287815094,0.0365215502679348,0.04889407008886337,-0.1743023693561554,0.2554406225681305,0.04636262729763985,0.34908175468444824,-0.06213357299566269,-0.15721800923347473,-0.24688181281089783,-0.03626955300569534,0.12370604276657104,0.2870039939880371,-0.05311078578233719,0.09301174432039261,0.27118122577667236,-0.011357340030372143,0.4257867932319641,-0.017103787511587143,-0.3487323522567749,-0.1257448047399521,0.08424580097198486,-0.04514811933040619,-0.46086758375167847,-0.15076199173927307,0.3177918791770935,0.12136515229940414,0.4239080846309662,-0.484218031167984,0.4520246982574463,0.01383857149630785,-0.24292798340320587,-0.2358422577381134,-0.10311263799667358,-0.013567415066063404,-0.23404347896575928,-0.3660973310470581,-0.12237715721130371,0.28569597005844116,0.007737171836197376,-0.007912901230156422,-0.14209404587745667,0.050203196704387665,0.1071472018957138,-0.16576489806175232,-0.02029932290315628,-0.6752849817276001,0.23754099011421204,0.15063877403736115,-0.11469507217407227,-0.6227833032608032,-0.045356519520282745,-0.11973106861114502,0.29448920488357544,0.04389991611242294,-0.10931944847106934,-0.09941460937261581
CID000004829,1,-0.14686767756938934,-0.009765374474227428,0.03925838693976402,0.003040534211322665,0.2966563403606415,0.32941147685050964,0.09061979502439499,-0.0010348021751269698,-0.29277658462524414,-0.11826910078525543,-0.05742106959223747,-0.2509203553199768,0.10833245515823364,-0.2208195924758911,0.13268887996673584,0.11326072365045547,-0.17374452948570251,0.14313189685344696,0.09823499619960785,-0.12469983100891113,-0.05400045961141586,0.1408342868089676,0.05191074684262276,-0.0585479661822319,0.026615235954523087,-0.02770102582871914,-0.04702214524149895,-0.06487544625997543,-0.23321771621704102,0.2878878116607666,-0.1070651039481163,-0.24199168384075165,-0.09320546686649323,0.03434886038303375,-0.3981166481971741,-0.049115560948848724,-0.31820935010910034,-0.32314547896385193,-0.10009858757257462,0.0004532232997007668,0.030979793518781662,0.037337612360715866,-0.0922325924038887,-0.1716689169406891,0.3745376467704773,-0.1419803947210312,-0.043445199728012085,0.09701346606016159,-0.21530897915363312,-0.06904865056276321,-0.4495188593864441,0.1728985607624054,-0.13105180859565735,-0.177461177110672,-0.030890751630067825,-0.017318302765488625,-0.06661538034677505,0.01610616222023964,0.04972885176539421,-0.10435950756072998,-0.9437155723571777,0.13444936275482178,-0.3620518743991852,0.27169594168663025,-0.05850374698638916,0.10478459298610687,0.051880501210689545,0.19808609783649445,0.038950398564338684,0.23773077130317688,-0.09568749368190765,0.23063988983631134,-0.06199982762336731,-0.16975802183151245,0.09216270595788956,-0.08604058623313904,-0.04046553745865822,0.141422837972641,0.16356058418750763,-0.013954627327620983,-0.06866113841533661,0.16452284157276154,-0.1991121619939804,-0.08459006994962692,-0.057404469698667526,0.03285941109061241,-0.19455917179584503,-0.03588062524795532,0.4060530662536621,-0.1117333397269249,-0.07944207638502121,-0.10492124408483505,-0.1308753788471222,0.007959329523146152,-0.450275719165802,0.09458330273628235,-0.26877471804618835,0.30173131823539734,0.19490694999694824,-0.23701801896095276,0.29535478353500366,0.1376217156648636,-0.004820392932742834,0.11036714166402817,-0.13410736620426178,0.14526204764842987,-0.3050096333026886,0.23253419995307922,-0.19954191148281097,0.021999061107635498,0.08459453284740448,-0.024449776858091354,0.4982761740684509,-0.020849769935011864,0.03206056356430054,-0.03306859731674194,-0.0810142233967781,-0.11384687572717667,0.17097961902618408,0.10455767065286636,-0.03781571984291077,-0.6611008048057556,-0.049264371395111084,-0.2842136323451996,-0.4078454375267029,0.1695721596479416,-0.11851726472377777,0.2712639272212982,0.2524627149105072,0.09000922739505768,0.03245200961828232,-0.11310460418462753,-0.5153813362121582,-0.3551810085773468,0.15608283877372742,-0.20161259174346924,0.11508993804454803,-0.2812265157699585,-0.03939392417669296,0.1983361691236496,-0.04876018688082695,-0.018320057541131973,-0.06441400945186615,-0.007064994424581528,-0.08161289989948273,-0.22648003697395325,0.0037940978072583675,-0.10127794742584229,-0.13853290677070618,0.14436224102973938,-0.15917718410491943,0.15508559346199036,0.0816776305437088,0.034322816878557205,-0.08633270859718323,0.06598448753356934,-0.10832685232162476,-0.2860322892665863,0.05920369550585747,0.16597113013267517,0.19845646619796753,-0.04805952310562134,-0.9102031588554382,0.04605692997574806,0.06534583866596222,0.2846277356147766,-0.10509586334228516,-0.14394640922546387,0.2991519868373871,0.023657280951738358,-0.1255653351545334,-0.16946807503700256,0.1888086050748825,-0.0037364817690104246,-0.19878311455249786,0.002640353050082922,-0.004459971096366644,0.1039615273475647,-0.5576940774917603,-0.16044893860816956,0.29350510239601135,0.27155953645706177,0.029966767877340317,0.04610962048172951,0.030335715040564537,-0.015313501469790936,-0.42603325843811035,0.003604072378948331,0.34819045662879944,-0.0031937002204358578,0.06266383081674576,0.07244081795215607,-0.25815343856811523,-0.14809730648994446,-0.21658988296985626,0.35913267731666565,0.05693089962005615,0.0842062458395958,-0.14634361863136292,-0.05244798585772514,-0.038700416684150696,-0.04872036725282669,-0.17498266696929932,0.10337294638156891,-0.09487704932689667,0.09662054479122162,-0.01744077168405056,-0.1670992076396942,-0.18277384340763092,0.2113112509250641,-0.07517154514789581,0.23722036182880402,-0.06140812113881111,-0.030974935740232468,0.2733071446418762,-0.0031527639366686344,0.3597908020019531,0.035634808242321014,-0.17413030564785004,-0.3349439203739166,-0.030994366854429245,-0.023821376264095306,-0.2759333550930023,0.048106078058481216,0.29768502712249756,-0.12070141732692719,0.09383903443813324,-0.14772337675094604,0.6153746843338013,0.004060718230903149,-0.19259683787822723,-0.12198875099420547,0.030275452882051468,-0.2201060801744461,-0.40321025252342224,-0.23140554130077362,-0.3717159926891327,0.17262211441993713,0.2845376133918762,-0.07275299727916718,0.06980053335428238,0.10159143060445786,0.061041105538606644,0.01300322450697422,-0.020471740514039993,-0.1498006284236908,0.06108663231134415,-0.15740054845809937,-0.010263648815453053,-0.6332579851150513,0.0035515190102159977,-0.04297614470124245,0.24211625754833221,-0.1047670841217041,0.08671651035547256,-0.0735568031668663
CID000004140,2,0.15532653033733368,0.04943542927503586,0.07269679754972458,-0.4297802448272705,0.4456261694431305,0.2830623984336853,0.23092520236968994,-0.7087291479110718,-0.5110160708427429,-0.07546061277389526,0.2847805619239807,-0.3876194655895233,0.33303147554397583,-0.22336849570274353,-0.324659526348114,-0.29796159267425537,0.30290403962135315,0.36417827010154724,-0.18830668926239014,0.20659391582012177,0.1751663237810135,0.3950847089290619,-0.16275092959403992,-0.3440341055393219,-0.026083538308739662,0.09053604304790497,0.3042376935482025,-0.08285655081272125,0.2181709259748459,0.27517029643058777,-0.24683961272239685,0.16363149881362915,-0.018694017082452774,-0.31676673889160156,-0.6037635207176208,0.4116060137748718,-0.7674295902252197,-0.3732575476169586,-0.4237629473209381,0.1771455705165863,0.1850465089082718,0.27363404631614685,-0.3860340714454651,-0.370270311832428,0.5692124962806702,-0.24424293637275696,-0.13268530368804932,0.2137662172317505,-0.1178407073020935,-0.26937657594680786,-0.6154991388320923,0.26947179436683655,-0.2227339744567871,-0.16852712631225586,0.018786907196044922,-0.15946419537067413,-0.10410431772470474,0.1587648242712021,0.26120513677597046,-0.05046268552541733,-1.027700662612915,-0.133066788315773,-0.03061732091009617,0.5381083488464355,-0.015003526583313942,-0.05900854989886284,-0.4940754771232605,0.7043811678886414,-0.19093115627765656,0.027568191289901733,-0.5687054991722107,0.28766417503356934,-0.1102914810180664,0.1418340504169464,0.7163489460945129,0.048694927245378494,-0.1609186828136444,0.4693422317504883,-0.22482386231422424,-0.19643178582191467,-0.08569683879613876,-0.26881274580955505,0.02383953332901001,-0.5054557919502258,-0.1688147485256195,0.01890787109732628,-0.09573430567979813,0.18481086194515228,0.8975532650947571,0.04357841983437538,0.18114255368709564,-0.08510841429233551,0.1539314091205597,0.2783051133155823,-0.8928834795951843,-0.12207216024398804,-0.3395580053329468,0.6082928776741028,-0.19538816809654236,-0.22751715779304504,0.8153355717658997,-0.007992720231413841,-0.27378755807876587,0.31333714723587036,-0.2396264374256134,0.22475583851337433,-0.10507947206497192,0.07071828842163086,-0.21444693207740784,0.15980108082294464,-0.15399037301540375,0.24826312065124512,0.9226568341255188,0.02072812244296074,0.33183804154396057,0.06029333919286728,0.05590612813830376,-0.49804335832595825,0.5913348197937012,-0.02207886055111885,0.23954303562641144,-1.0511194467544556,-0.6067891716957092,-0.2552535831928253,-0.37052446603775024,-0.17534230649471283,-0.29602423310279846,0.46508151292800903,0.05183778330683708,0.24052830040454865,-0.043296556919813156,0.11679579317569733,-0.5908434391021729,-0.3194505274295807,0.1283983737230301,0.2285175770521164,0.49327564239501953,-0.32367607951164246,0.008692696690559387,0.06221301481127739,-0.14209409058094025,-0.027293097227811813,0.29448169469833374,-0.47107115387916565,0.2907267212867737,0.2517469525337219,0.17916110157966614,0.059226952493190765,0.2637152075767517,0.40875983238220215,-0.13933265209197998,0.2942355275154114,0.09337566047906876,0.19366075098514557,0.4746646285057068,-0.025823261588811874,-0.23297548294067383,-0.25807100534439087,-0.18687254190444946,0.31801947951316833,0.2194889485836029,-0.23730678856372833,-1.146074652671814,-0.4659527838230133,0.6146122217178345,0.26844581961631775,-0.48080214858055115,-0.10012797266244888,0.06795430183410645,-0.33508414030075073,-0.16789154708385468,0.00046085118083283305,0.5903452634811401,0.017106151208281517,-0.35782933235168457,0.12928475439548492,-0.0024151920806616545,0.23915298283100128,-0.22754979133605957,0.07987834513187408,0.01748001016676426,0.25435349345207214,0.10527384281158447,0.002930787857621908,-0.06662527471780777,-0.1776224970817566,-0.6949130296707153,-0.2582971155643463,0.640703558921814,-0.05239241570234299,-0.471586138010025,-0.5078786611557007,0.12370099127292633,-0.002373087452724576,-0.2978484034538269,0.41550254821777344,-0.19387507438659668,0.15728600323200226,-0.71711266040802,-0.10701967775821686,0.18439511954784393,-0.11564202606678009,-0.4877733290195465,-0.23255304992198944,0.0603158101439476,0.17872676253318787,0.11778788268566132,0.19437870383262634,-0.6812925934791565,-0.5860658884048462,0.27942609786987305,0.27624019980430603,-0.11959129571914673,0.16405193507671356,0.19269022345542908,-0.14325425028800964,0.6971081495285034,0.3091702461242676,0.02443106845021248,-0.03893893584609032,-0.10095173120498657,-0.16858813166618347,-0.7478417158126831,0.13262587785720825,0.23636074364185333,0.11561356484889984,-0.02136840857565403,-0.1197134256362915,0.8249024152755737,0.09050057083368301,-0.3084312081336975,-0.14768089354038239,0.12458480894565582,-0.2663143277168274,-0.13838240504264832,-0.20782268047332764,-0.12289829552173615,0.3332062363624573,-0.026188170537352562,0.262844979763031,0.0688660591840744,-0.3544730544090271,-0.009692671708762646,0.15711566805839539,0.11891193687915802,-0.8311891555786133,0.19079013168811798,0.07055322825908661,-0.11031005531549454,-1.010581374168396,-0.5670512318611145,0.285950630903244,0.49573200941085815,0.2524104118347168,-0.005195832345634699,-0.35734954476356506
CID000002909,4,-0.033786285668611526,-0.16409176588058472,-0.15994733572006226,-0.044279780238866806,0.13571684062480927,0.3233557939529419,-0.07719670236110687,0.03339171037077904,-0.26654520630836487,-0.14126969873905182,0.09910781681537628,-0.4569393992424011,-0.08624732494354248,-0.3656865358352661,0.0025376558769494295,0.2081698626279831,-0.022055136039853096,0.14869758486747742,0.0621805265545845,-0.08985064923763275,0.1955835521221161,-0.003624743316322565,-0.010917088016867638,0.03404030203819275,0.05219464376568794,0.09587155282497406,-0.08599875122308731,-0.006263443734496832,-0.13155585527420044,0.43940457701683044,-0.026029866188764572,-0.20437347888946533,0.13453736901283264,0.060987114906311035,-0.5070823431015015,-0.12539078295230865,-0.24114155769348145,-0.29929253458976746,-0.11576588451862335,0.15863463282585144,0.05327778309583664,0.048000045120716095,-0.07004796713590622,-0.06102457642555237,0.3645751476287842,-0.14222721755504608,-0.004584235139191151,0.17234675586223602,-0.11060117185115814,0.012482350692152977,-0.4424687922000885,0.17679950594902039,-0.09802429378032684,0.05174148827791214,0.0027198106981813908,-0.07594172656536102,-0.13668861985206604,-0.010583387687802315,0.06666947901248932,0.12948058545589447,-0.9306219816207886,-0.1319287121295929,-0.36542388796806335,0.17965301871299744,0.17101816833019257,0.12306912988424301,-0.06935211271047592,0.06147193908691406,-0.029526565223932266,0.03598295524716377,-0.13058516383171082,0.09067650139331818,-0.05680365487933159,-0.11327676475048065,0.2327359914779663,-0.1815556287765503,-0.14022216200828552,0.037443313747644424,0.32772842049598694,0.0074461386539042,-0.14267459511756897,0.21301527321338654,-0.21315348148345947,-0.08189260959625244,-0.058697331696748734,-0.02089264616370201,-0.3843567967414856,-0.16735270619392395,0.2181110680103302,0.06114780902862549,-0.07448796927928925,-0.221518874168396,-0.10448161512613297,-0.010598030872642994,-0.3689460754394531,0.05692422389984131,-0.24558059871196747,0.20907005667686462,0.16239705681800842,-0.4166405200958252,0.16028201580047607,0.16527584195137024,-0.1708315908908844,-0.19919425249099731,-0.31534484028816223,0.08703704178333282,-0.6641885638237,0.2768315374851227,-0.2571246325969696,0.13615477085113525,0.07710851728916168,0.10458604991436005,0.24245107173919678,0.10131581872701645,0.03556632250547409,-0.0035590410698205233,-0.1452370136976242,-0.3347364068031311,0.1423790454864502,0.14861392974853516,-0.07897244393825531,-0.458282470703125,0.08833271265029907,-0.26640015840530396,-0.23800501227378845,0.20009906589984894,0.026741931214928627,0.3329715132713318,0.0069278390146791935,0.008971336297690868,-0.10983874648809433,0.0920320451259613,-0.5887501835823059,-0.310314804315567,-0.16686587035655975,-0.30251145362854004,0.12030597776174545,-0.43564096093177795,0.003549586283043027,0.002117142081260681,0.02598307654261589,0.0035874575842171907,-0.08650150895118713,0.07387606054544449,0.06186401844024658,0.003598923562094569,0.09529072791337967,-0.047320038080215454,0.06648436188697815,-0.08487488329410553,-0.02707495167851448,-0.14446671307086945,-0.0601658821105957,-0.044815946370363235,-0.012173044495284557,-0.04421425610780716,-0.1313808113336563,-0.46240001916885376,0.10908208042383194,0.15862658619880676,0.05686186999082565,-0.05617678910493851,-0.8531680107116699,0.20566698908805847,0.07000328600406647,0.27212026715278625,-0.24298934638500214,-0.15640726685523987,0.17912544310092926,-0.08923369646072388,-0.10848402976989746,-0.21025080978870392,0.2778230309486389,-0.040260083973407745,0.01731262169778347,0.08128740638494492,-0.07384957373142242,0.19673116505146027,-0.4991750717163086,-0.07796703279018402,0.21078529953956604,0.37120476365089417,-0.014262253418564796,-0.08251338452100754,-0.08542554080486298,-0.11398054659366608,-0.2673162519931793,-0.24222929775714874,0.31066256761550903,-0.12707097828388214,0.1576671004295349,-0.15696287155151367,-0.0067362068220973015,-0.14628462493419647,-0.18609800934791565,0.33919239044189453,0.0004792541149072349,0.023335356265306473,-0.20661607384681702,-0.04040326923131943,-0.04730958491563797,0.0571630597114563,-0.07540570199489594,-0.03125136345624924,-0.11114577949047089,0.24453771114349365,-0.15412409603595734,-0.15915325284004211,-0.19005675613880157,0.21950814127922058,-0.023760538548231125,0.07386032491922379,-0.07959406077861786,0.0026307045482099056,0.012483025901019573,0.2369859665632248,0.3935181498527527,0.18310342729091644,-0.19871529936790466,-0.1213553175330162,0.05407562851905823,0.00459373090416193,-0.4733845293521881,0.047838687896728516,0.10216907411813736,-0.06540678441524506,0.1867346316576004,-0.04822389408946037,0.5344250202178955,-0.01326217781752348,-0.14125613868236542,-0.22856824100017548,-0.0731465071439743,-0.014369266107678413,-0.5330370664596558,-0.2895515561103821,-0.2666268050670624,0.305460125207901,0.24114100635051727,-0.14824636280536652,-0.3682027757167816,-0.1834557205438614,0.07277365773916245,0.029130849987268448,0.08693143725395203,-0.06712066382169724,0.1711256206035614,-0.17294156551361084,0.2921585440635681,-0.5318670868873596,0.11682353913784027,0.02550612762570381,0.20399662852287292,-0.24808339774608612,-0.0023377002216875553,0.027399003505706787
CID000003676,5,-0.10677454620599747,0.15359356999397278,0.1905260980129242,0.21785373985767365,0.7139965891838074,0.2845120429992676,-0.11112229526042938,0.03036782704293728,-0.21459409594535828,-0.154544860124588,0.07551060616970062,-0.1803724318742752,-0.023045677691698074,-0.3272565007209778,-0.09923587739467621,0.13870684802532196,0.0035971819888800383,0.07009225338697433,-0.2970118522644043,0.10610330104827881,0.08975935727357864,-0.11566968262195587,0.03841226547956467,0.28217387199401855,0.3557087779045105,-0.2265748232603073,0.3906073570251465,0.12073934078216553,0.007848759181797504,0.6248409152030945,-0.17907187342643738,-0.1696704924106598,-0.011796546168625355,-0.04907311126589775,-0.3820776641368866,-0.01996718719601631,-0.5864301323890686,-0.32224979996681213,-0.48750633001327515,0.5922103524208069,0.057466305792331696,0.02030317857861519,-0.1391831785440445,-0.22605343163013458,0.5199214816093445,0.33815088868141174,0.39221078157424927,0.21992695331573486,0.22927089035511017,-0.13745224475860596,-0.49050092697143555,0.30272552371025085,0.06599746644496918,-0.34347015619277954,0.11795954406261444,0.039917901158332825,0.09579478949308395,0.08605091273784637,0.21923372149467468,-0.17449024319648743,-0.8679658770561218,-0.16861149668693542,-0.011257526464760303,0.636237382888794,0.05714895576238632,0.27850955724716187,-0.2815852761268616,-0.009122664108872414,0.10483409464359283,0.20624418556690216,-0.41764840483665466,0.031404584646224976,0.018410474061965942,-0.12806496024131775,0.27060213685035706,-0.10904934257268906,-0.11919637024402618,0.35139963030815125,0.40217462182044983,-0.47281545400619507,-0.17950519919395447,-0.28822949528694153,-0.11596965789794922,-0.2344832867383957,-0.013257932849228382,0.007990914396941662,-0.037314604967832565,0.24536855518817902,0.45316988229751587,-0.0174940824508667,-0.027430811896920204,0.01846819557249546,0.20018692314624786,0.09142465889453888,-0.745867133140564,0.04110492020845413,-0.2773870825767517,0.41124796867370605,0.11073704063892365,-0.18332521617412567,0.5277866125106812,-0.16184188425540924,-0.06854097545146942,0.49525827169418335,-0.2966754138469696,-0.0348668210208416,-0.16800817847251892,0.30919215083122253,-0.15354058146476746,0.176276296377182,-0.2837524712085724,-0.23629255592823029,0.5009950399398804,-0.1337028294801712,0.03415056690573692,0.16282007098197937,0.08997636288404465,-0.17626376450061798,0.26279765367507935,-0.2683543264865875,-0.06953040510416031,-0.6413514018058777,-0.1056884303689003,-1.1317404508590698,-0.16968035697937012,-0.002459454583004117,0.13606807589530945,0.30636486411094666,0.22915831208229065,0.07856157422065735,-0.02263185940682888,-0.12153327465057373,-0.4618893265724182,-0.3562585711479187,0.025547165423631668,-0.22994346916675568,0.44039154052734375,-0.7681627869606018,0.07276549935340881,-0.012554449960589409,0.14729908108711243,0.16326189041137695,-0.12228312343358994,0.18970099091529846,0.016730183735489845,0.1374172568321228,0.23464544117450714,0.09268420934677124,0.31233838200569153,-0.15642088651657104,0.2455127239227295,-0.24500994384288788,-0.2574748396873474,0.09431889653205872,0.167345330119133,-0.03161925822496414,-0.0729299858212471,-0.5308308601379395,0.08041746914386749,-0.01243708748370409,-0.05156414955854416,0.06803657114505768,-0.7140727639198303,0.017726222053170204,0.2115037441253662,0.2739100754261017,-0.5913563370704651,-0.2028590887784958,0.25257280468940735,-0.20862622559070587,-0.4407670497894287,0.046156298369169235,0.49627628922462463,-0.034226588904857635,0.2707057595252991,0.3708186745643616,0.19062794744968414,0.10217149555683136,-0.46245354413986206,-0.2921716570854187,0.02007794938981533,0.11485862731933594,0.046297259628772736,-0.060034263879060745,-0.09584523737430573,0.048660047352313995,-0.7574316263198853,0.16334915161132812,0.27899307012557983,-0.03879429027438164,-0.0739242359995842,-0.45409688353538513,-0.026745786890387535,-0.43849533796310425,-0.25985556840896606,0.460871160030365,0.04790487140417099,-0.01212390698492527,-0.3618766665458679,-0.03383538872003555,-0.10143083333969116,0.05089997127652168,-0.6276412606239319,0.16309507191181183,0.12575867772102356,0.2059132307767868,-0.38881686329841614,-0.0924585610628128,-0.4204457402229309,-0.29002195596694946,-0.04245080426335335,0.08699364960193634,0.04653908684849739,-0.012556010857224464,0.4350797235965729,-0.20388635993003845,0.5425642728805542,-0.0807812362909317,0.003823107574135065,-0.12238864600658417,-0.09835313260555267,0.1306668221950531,-0.3911782205104828,-0.1135254055261612,0.4214891493320465,0.15161988139152527,0.23357149958610535,-0.37302282452583313,0.68388831615448,-0.2577570378780365,-0.25376302003860474,-0.07741276174783707,0.04655715823173523,0.059590570628643036,-0.36887896060943604,-0.2357461154460907,-0.22351184487342834,0.08676238358020782,-0.0844336599111557,-0.2616503834724426,-0.3340739607810974,-0.12628717720508575,0.06492984294891357,0.27268075942993164,-0.13575589656829834,-0.8677825927734375,0.3297921121120453,0.2140928953886032,0.04693125933408737,-0.7329927086830139,-0.16161303222179413,-0.27504032850265503,0.2174072563648224,0.10275357961654663,-0.07659407705068588,0.034445323050022125
CID000003339,8,-0.074944868683815,-0.06671949476003647,0.14160260558128357,-0.05500428006052971,0.5304259061813354,0.3023165762424469,-0.03441470116376877,-0.004744064994156361,-0.12617933750152588,-0.265397846698761,-0.12063993513584137,-0.3616641163825989,0.1293955147266388,-0.10170052945613861,-0.08964764326810837,-0.07377786934375763,-0.09644072502851486,0.06514080613851547,-0.07235481590032578,0.06365939974784851,-0.27419596910476685,0.047580987215042114,0.020354852080345154,-0.08495845645666122,0.18547502160072327,-0.06173867732286453,-0.1560288369655609,0.019826147705316544,0.04049626737833023,0.3039531111717224,0.06271405518054962,-0.17530742287635803,-0.19000834226608276,0.0034276037476956844,-0.34612876176834106,-0.13632532954216003,-0.09989015758037567,-0.37649643421173096,0.03960516303777695,-0.2315228432416916,0.1645248830318451,0.0845903754234314,-0.1256708949804306,-0.14911743998527527,0.0650477334856987,0.06244457885622978,-0.13417509198188782,0.17387913167476654,-0.013901382684707642,-0.09694460034370422,-0.1273469626903534,0.09191294014453888,-0.05784768983721733,-0.21327245235443115,0.0824616476893425,-0.1295679211616516,0.0009809434413909912,-0.012693403288722038,-0.04820051044225693,0.030935579910874367,-0.8388848304748535,7.39485039957799e-05,-0.400306761264801,0.0007578730583190918,-0.010554032400250435,0.2694941461086273,-0.29900622367858887,0.09102753549814224,0.1339695006608963,-0.04125375300645828,-0.07813960313796997,-0.07147496193647385,0.0178862102329731,-0.2313060462474823,-0.03683628886938095,-0.04773064702749252,0.0023790032137185335,0.005960630718618631,0.26238396763801575,-0.005836007185280323,-0.28740251064300537,-0.09476766735315323,-0.2826574742794037,-0.128408282995224,-0.12058241665363312,-0.1300164759159088,-0.11237768083810806,-0.04219752177596092,0.2773319482803345,-0.06302229315042496,-0.001156967831775546,-0.14356926083564758,-0.12015285342931747,-0.001782903098501265,-0.4094552993774414,-0.002417196286842227,-0.2427900731563568,0.29480665922164917,0.12946945428848267,-0.07689525932073593,0.24104157090187073,0.09087367355823517,-0.14806917309761047,0.35044124722480774,-0.14832055568695068,0.03405755013227463,-0.3798432946205139,0.18333736062049866,0.10478810220956802,0.13842546939849854,0.2849876284599304,-0.18695400655269623,0.24561206996440887,-0.034458063542842865,0.042489781975746155,0.14048483967781067,0.06757693737745285,-0.12054117769002914,0.03794771805405617,-0.03887573629617691,-0.2352840155363083,-0.6240547299385071,0.054239172488451004,-0.20336270332336426,-0.3722943365573883,0.06385259330272675,0.02552388235926628,0.3077685832977295,0.19313903152942657,0.06376544386148453,0.08268073946237564,0.011563858017325401,-0.36889219284057617,-0.25977882742881775,-0.051959097385406494,0.000455749046523124,0.27149835228919983,-0.02133348025381565,-0.0887213721871376,0.06186971068382263,-0.043691158294677734,0.14666350185871124,0.0090120704844594,-0.039767879992723465,-0.02634897269308567,-0.09533866494894028,0.10380928218364716,0.09577750414609909,-0.34760621190071106,0.08636285364627838,-0.14495675265789032,0.11725328862667084,-0.09880229085683823,-0.05124721676111221,-0.23724956810474396,0.008411469869315624,-0.15800490975379944,-0.38028034567832947,0.2048538476228714,-0.028570424765348434,0.26160216331481934,-0.01942770555615425,-0.9263769388198853,0.11814305931329727,0.12546762824058533,0.31774479150772095,-0.05025715380907059,-0.012064700946211815,0.13255250453948975,0.06474067270755768,0.023195406422019005,-0.011704325675964355,0.3503851294517517,-0.1281575858592987,-0.15624119341373444,0.13807344436645508,0.07359932363033295,0.05179666727781296,-0.4774869978427887,0.01621793396770954,0.2242601215839386,0.1875164955854416,0.061858244240283966,-0.17728324234485626,0.06679023802280426,0.0022203833796083927,-0.21562854945659637,0.03855127841234207,0.40460872650146484,-0.08724948018789291,0.3110780417919159,-0.08002572506666183,0.0017705708742141724,-0.1788717806339264,-0.08656176924705505,0.4905570447444916,0.05913151428103447,-0.14479278028011322,0.05301182344555855,0.06032077223062515,-0.13901300728321075,-0.009069865569472313,-0.12519583106040955,0.09559906274080276,-0.047084420919418335,0.26221129298210144,-0.06976930797100067,-0.4524943232536316,0.06992778927087784,-0.03480549529194832,-0.07338881492614746,0.23437397181987762,-0.09305071830749512,0.0691090002655983,0.3470689654350281,-0.08832544088363647,0.20949843525886536,0.07747472822666168,-0.0006417542463168502,-0.3093583285808563,0.10160769522190094,-0.03430498018860817,-0.3478834629058838,0.08265526592731476,0.43285101652145386,-0.018614783883094788,0.052094750106334686,-0.315541535615921,0.4708477556705475,0.015368914231657982,-0.07749665528535843,-0.16037002205848694,-0.16922593116760254,0.007058379240334034,-0.49288350343704224,-0.220566987991333,-0.11023427546024323,0.19169597327709198,0.30762115120887756,-0.25189220905303955,0.06269927322864532,0.13559526205062866,0.10973850637674332,0.005352005362510681,-0.086217001080513,-0.09987278282642365,0.255417138338089,0.0987090989947319,0.13542047142982483,-0.5084421634674072,0.007021725177764893,0.010908534750342369,0.10042399168014526,-0.05656375735998154,-0.0391952320933342,-0.13656948506832123
CID000005656,9,-0.3088080883026123,0.08758105337619781,0.29128703474998474,-0.06911652535200119,0.7802874445915222,0.4271419942378998,-0.05082958936691284,-0.13515087962150574,-0.3219100534915924,-0.34182578325271606,-0.10833899676799774,-0.23327013850212097,0.045686446130275726,-0.18054823577404022,0.3127056956291199,0.13665707409381866,-0.10855505615472794,0.03689733147621155,-0.1985919326543808,0.1717463880777359,-0.043158531188964844,-0.3419058322906494,-0.13023358583450317,-0.17401111125946045,-0.07043872028589249,-0.06959424912929535,-0.07489047199487686,-0.1304597407579422,0.027746066451072693,0.4270907938480377,-0.07929593324661255,-0.15431901812553406,-0.1471179723739624,-0.08669628202915192,-0.4109817147254944,-0.04912740737199783,-0.3373939096927643,-0.40552863478660583,0.055661678314208984,-0.13252656161785126,0.22054728865623474,0.41074275970458984,-0.011943298391997814,-0.2201061248779297,0.4761769771575928,-0.07413512468338013,-0.15755990147590637,0.09914790093898773,-0.13175849616527557,-0.1179126650094986,-0.1149255782365799,0.06791505217552185,-0.03591110184788704,-0.4978325366973877,0.20840637385845184,-0.1121162623167038,0.08265030384063721,0.05265146493911743,0.22379522025585175,-0.06319326907396317,-1.0903983116149902,0.1008710041642189,-0.059374503791332245,0.44461774826049805,-0.13201147317886353,0.18487301468849182,-0.1105063185095787,0.31251928210258484,0.22350630164146423,-0.10754332691431046,-0.015069471672177315,-0.24736666679382324,0.14587566256523132,-0.10502507537603378,0.0723557248711586,-0.07055436074733734,-0.194304421544075,0.37255996465682983,0.0824991837143898,-0.13019779324531555,-0.06845127046108246,-0.03077053464949131,-0.09920991957187653,-0.28925180435180664,-0.02856452390551567,0.3176535964012146,-0.02675125002861023,-0.0452800877392292,0.5893958806991577,-0.3148456811904907,-0.018723009154200554,0.06408383697271347,-0.19442526996135712,-0.25772807002067566,-0.7503264546394348,-0.18987396359443665,-0.41871604323387146,0.7242379784584045,0.08159863948822021,0.06853722035884857,0.5120311379432678,0.1660802662372589,0.09649517387151718,0.6306194067001343,-0.17255820333957672,-0.05632635951042175,0.04859272390604019,0.4751822352409363,0.12124810367822647,0.0733792632818222,-0.06391777098178864,-0.17461103200912476,0.700422465801239,-0.27211230993270874,0.037822622805833817,-0.15048077702522278,-0.1745598316192627,-0.014494672417640686,0.27689462900161743,-0.007607562933117151,-0.040434300899505615,-0.6247699856758118,0.16923466324806213,-0.34240594506263733,-0.4328724443912506,-0.2201349288225174,-0.04113861545920372,0.2922118902206421,0.31980347633361816,0.046883564442396164,0.29304638504981995,-0.050384730100631714,-0.4708162248134613,-0.33357518911361694,0.0512235052883625,0.22988846898078918,0.37069231271743774,-0.00267332186922431,-0.15718993544578552,0.10527388006448746,-0.12116875499486923,0.1175670176744461,-0.28701189160346985,0.05563278868794441,0.07335085421800613,-0.030244987457990646,0.008300316520035267,0.4006778597831726,-0.1418779194355011,-0.31153103709220886,0.06309209764003754,0.194131001830101,0.0014478892553597689,-0.2610894441604614,-0.07800044119358063,0.04233657568693161,-0.04246674105525017,-0.4241882860660553,0.03256189450621605,-0.07637467980384827,0.2967979907989502,-0.06879416108131409,-0.9742615818977356,0.03667805716395378,0.20716455578804016,0.37462931871414185,0.04078391566872597,0.02973613515496254,0.2238343209028244,-0.18356309831142426,0.03102170303463936,-0.04541816562414169,0.5107468366622925,-0.15744513273239136,-0.2136603593826294,0.011121880263090134,-0.11149340867996216,0.036328043788671494,-0.5228055119514465,0.05338625982403755,0.187143474817276,0.2694224417209625,0.1420808732509613,0.021178286522626877,-0.1573125123977661,0.10996093600988388,-0.4771340489387512,0.10332461446523666,0.34882402420043945,0.03047085367143154,-0.06513072550296783,-0.010670947842299938,0.08084748685359955,-0.19565024971961975,-0.12998123466968536,0.4217381477355957,0.0535089485347271,-0.12113291025161743,-0.5277776718139648,0.15603236854076385,-0.07421588897705078,0.08739618211984634,-0.5566713809967041,0.09829822927713394,-0.003663285169750452,0.07747794687747955,0.04540045186877251,-0.24547810852527618,-0.47583669424057007,0.13529063761234283,0.12095198780298233,0.07088939845561981,-0.065843865275383,-0.13482233881950378,0.5688515901565552,-0.06688274443149567,0.43482479453086853,-0.1849726289510727,0.08249692618846893,-0.24776604771614075,-0.06269897520542145,-0.1117255911231041,-0.45240306854248047,0.02250639721751213,0.48137086629867554,0.38306909799575806,0.1757928878068924,-0.3157423138618469,0.568022608757019,0.04535799100995064,0.19095732271671295,-0.1460227221250534,-0.2841797471046448,0.03420182317495346,-0.12399350106716156,-0.4462859034538269,0.1499069780111313,0.12525835633277893,-0.035497866570949554,-0.08606196939945221,-0.01284459512680769,0.38805919885635376,0.12376872450113297,-0.1306677907705307,0.07033781707286835,-0.751341700553894,0.06866966187953949,0.06317906081676483,-0.32248762249946594,-0.5722891092300415,0.1969473659992218,0.16229505836963654,0.27438634634017944,0.15150505304336548,-0.026872653514146805,-0.02384176477789879
CID000000853,10,-0.23105446994304657,0.018144549801945686,0.005692231468856335,-0.12005418539047241,0.6653589606285095,0.280044287443161,0.022944379597902298,-0.07497242093086243,-0.43155255913734436,-0.1304652839899063,-0.12496473640203476,-0.3573986291885376,0.004524814896285534,-0.050046779215335846,-0.0185264740139246,0.17852553725242615,-0.09530581533908844,0.09810713678598404,0.06875232607126236,-0.2162339687347412,-0.05861116573214531,0.02244732342660427,0.008411946706473827,-0.07104625552892685,-0.054892729967832565,-0.06195679306983948,-0.1848360151052475,-0.030383562669157982,-0.08971934020519257,0.4003494679927826,-0.19216039776802063,-0.13142907619476318,-0.09950315207242966,0.08758887648582458,-0.33863699436187744,0.0318603515625,-0.3222116529941559,-0.3549729585647583,-0.175461083650589,-0.08837860822677612,0.19272980093955994,0.04329509660601616,-0.15404833853244781,-0.06315670162439346,0.2315647304058075,-0.07133222371339798,0.07240207493305206,0.10836203396320343,-0.016377007588744164,-0.017419936135411263,-0.3754461407661438,0.1735548973083496,-0.1301036775112152,-0.36806076765060425,0.04839157685637474,0.01795000396668911,0.06716005504131317,-0.06030493974685669,0.00659932941198349,-0.17233224213123322,-1.024490475654602,-0.061127446591854095,-0.2740326523780823,0.268908828496933,-0.05232211947441101,0.27042993903160095,-0.08407449722290039,0.18108020722866058,0.06816215068101883,0.13014832139015198,-0.1258874088525772,0.1459905207157135,-0.03855485841631889,-0.228175550699234,0.04467754438519478,-0.11324916034936905,0.05822038650512695,0.059542179107666016,0.2160675972700119,-0.15636031329631805,-0.09497226774692535,0.3023301959037781,-0.05447662994265556,-0.1034100279211998,-0.09143179655075073,-0.04012250155210495,-0.05028490349650383,0.03899049013853073,0.4693294167518616,-0.04569840058684349,-0.20068390667438507,-0.15514010190963745,-0.29517313838005066,0.014864528551697731,-0.4904336929321289,0.004351571202278137,-0.27194687724113464,0.26535657048225403,0.32206517457962036,-0.06670965254306793,0.3278086483478546,0.03021090105175972,0.013185063377022743,0.4960605502128601,0.00038622916326858103,0.18410563468933105,-0.17682191729545593,0.2556034028530121,-0.17098407447338104,0.11811783164739609,0.13547010719776154,0.054356835782527924,0.545169472694397,-0.049173418432474136,0.011235842481255531,-0.10736365616321564,-0.02250450849533081,-0.11145715415477753,0.11817653477191925,0.13321205973625183,-0.053893230855464935,-0.7370461225509644,0.09039442241191864,-0.24908772110939026,-0.5353185534477234,0.041267454624176025,-0.13898378610610962,0.284890741109848,0.26906609535217285,0.16999849677085876,-0.001595914363861084,-0.1446198970079422,-0.38134023547172546,-0.25279611349105835,0.189818874001503,-0.10535936057567596,0.05431032180786133,-0.05944034457206726,-0.03480716049671173,0.1700281798839569,-0.01115986704826355,0.04677321016788483,-0.0021384358406066895,0.03922438248991966,0.052244625985622406,-0.1603330373764038,0.0057982937432825565,-0.2225378453731537,-0.12048865854740143,0.08927233517169952,-0.2218315154314041,0.19017942249774933,0.09866264462471008,0.07088102400302887,-0.20732064545154572,0.074300616979599,-0.18029972910881042,-0.27010098099708557,-0.016347458586096764,0.10392259061336517,0.25759071111679077,0.07673659175634384,-0.8763849139213562,0.0027653337456285954,0.10611344873905182,0.2981739044189453,-0.16852721571922302,0.01217630784958601,0.3883339762687683,0.04152914136648178,-0.06527110934257507,-0.24929198622703552,0.28305405378341675,-0.05147264152765274,-0.0931461825966835,0.10482239723205566,0.225819393992424,0.03947854042053223,-0.4424043595790863,-0.026349883526563644,0.21011099219322205,0.1331540048122406,-0.023114731535315514,0.018170958384871483,-0.03739778697490692,-0.039016179740428925,-0.5212464332580566,0.006899249739944935,0.37100401520729065,-0.17777130007743835,0.062370337545871735,0.017295723780989647,-0.17917171120643616,-0.38753312826156616,-0.15468010306358337,0.3939063847064972,0.08604925870895386,0.034728873521089554,-0.2617334723472595,0.000736963760573417,-0.052952419966459274,0.011444026604294777,-0.2554785907268524,0.18191175162792206,-0.05590663105249405,0.08551384508609772,-0.09671980142593384,-0.2549668252468109,-0.0493183434009552,0.33825716376304626,0.03764345496892929,0.25603368878364563,-0.15862515568733215,0.04998703673481941,0.6654041409492493,-0.12295546382665634,0.38731497526168823,0.0952092632651329,-0.2528180480003357,-0.24406783282756805,0.1305299699306488,0.04932699352502823,-0.4227660596370697,-0.02865445241332054,0.357488751411438,-0.033420633524656296,0.15384182333946228,-0.31656941771507263,0.5502238869667053,-0.06458059698343277,-0.11014997959136963,-0.057327400892972946,-0.12913170456886292,-0.09895811229944229,-0.3309660851955414,-0.23063576221466064,-0.37827959656715393,0.07112932950258255,0.33219242095947266,0.06655365228652954,0.046568989753723145,0.11566970497369766,0.03776717185974121,-0.06168075650930405,-0.06385007500648499,-0.279482901096344,0.15401007235050201,-0.11917582899332047,0.0018585383659228683,-0.6532834768295288,0.2037542313337326,0.027354110032320023,0.2974916994571686,0.05007219314575195,-0.031146889552474022,-0.10258504003286362
CID000119607,11,-0.1437256783246994,-0.15364448726177216,-0.11886581033468246,-0.20192208886146545,0.7142434120178223,0.26828089356422424,-0.2228015661239624,0.12387461960315704,-0.19822272658348083,-0.15013699233531952,0.14631007611751556,-0.39511603116989136,-0.09706173092126846,-0.0491584911942482,0.10120216757059097,-0.005885421298444271,0.04848293587565422,-0.09009973704814911,-0.1368875503540039,0.06077248975634575,0.15739761292934418,0.06068940833210945,0.07700352370738983,0.016735125333070755,0.07393687963485718,0.005207457579672337,-0.19943803548812866,0.02941550314426422,-0.011482146568596363,0.2901085913181305,0.04838758334517479,-0.4266253113746643,-0.09063362330198288,0.025394130498170853,-0.4743446707725525,-0.03629105165600777,-0.25882765650749207,-0.21275904774665833,-0.05256986618041992,-0.13696439564228058,0.10592398792505264,-0.07422174513339996,-0.17550592124462128,-0.17391210794448853,0.0370374396443367,0.015559686347842216,-0.02326962538063526,0.1703103482723236,-0.07846103608608246,-0.019908707588911057,0.017219018191099167,0.08975522220134735,0.09784497320652008,-0.22830012440681458,0.1523546427488327,-0.035444777458906174,-0.1111392006278038,0.008092512376606464,0.21219933032989502,0.04263186827301979,-0.9090110659599304,-0.07936806231737137,-0.21166542172431946,0.18397894501686096,0.15261785686016083,0.05035986751317978,-0.16909709572792053,0.05398636311292648,-0.045928675681352615,0.10985319316387177,-0.17955520749092102,0.12213809788227081,0.06057863309979439,-0.12933038175106049,0.06747618317604065,-0.10490135103464127,-0.15065285563468933,-0.13372579216957092,0.14450977742671967,-0.31441575288772583,-0.23365843296051025,-0.11516543477773666,-0.21565255522727966,-0.06661050021648407,-0.06756360828876495,-0.1657344549894333,-0.14329120516777039,-0.18272951245307922,0.32365682721138,-0.06594489514827728,0.04847697541117668,0.06173720210790634,-0.039056260138750076,-0.014850275591015816,-0.4583817422389984,0.04945041984319687,-0.14188185334205627,0.2660532593727112,0.04259563237428665,-0.15481741726398468,0.2083263397216797,0.18116232752799988,-0.2978442907333374,0.09036187827587128,-0.10488145053386688,0.049824852496385574,-0.5724425315856934,0.2556990683078766,0.056249164044857025,0.07606254518032074,0.1855107992887497,0.06620471179485321,0.09118730574846268,-0.009224223904311657,-0.0049264682456851006,0.22627389430999756,-0.1288817822933197,-0.07939524948596954,0.006361102219671011,0.07602575421333313,-0.2748867869377136,-0.6193639039993286,0.06813378632068634,-0.16248032450675964,-0.2957789897918701,0.12016957998275757,-0.10600744187831879,0.38730674982070923,0.07767544686794281,-0.0678531602025032,-0.26357465982437134,0.12974990904331207,-0.3445613980293274,-0.30053597688674927,-0.22528962790966034,-0.29364699125289917,0.12781116366386414,0.08608072996139526,0.029565265402197838,-0.014934037812054157,0.012741285376250744,0.1350771188735962,-0.22347232699394226,0.036786433309316635,0.10519800335168839,-0.23698833584785461,0.21705785393714905,0.04296409711241722,0.22189894318580627,0.0954105406999588,-0.0969967395067215,-0.013305041007697582,-0.04411455988883972,0.037015024572610855,-0.04659367352724075,-0.026253491640090942,-0.11279138177633286,-0.3176572322845459,0.04001608490943909,0.09907107055187225,0.08106426894664764,0.0017562166322022676,-0.9210777282714844,0.09909303486347198,0.13763760030269623,0.2862017750740051,-0.15420575439929962,-0.05889660865068436,0.13833022117614746,0.08086681365966797,-0.14985409379005432,-0.10014079511165619,0.2942047417163849,0.010483331978321075,-0.054741907864809036,0.08578593283891678,0.030896227806806564,0.10541842877864838,-0.45314669609069824,-0.151258185505867,0.2160523384809494,0.17231518030166626,0.06162526458501816,-0.008988545276224613,-0.09665262699127197,-0.04021487385034561,-0.11905133724212646,0.01382607501000166,0.48645201325416565,-0.14384864270687103,0.3164304792881012,-0.19381003081798553,0.0011763751972466707,-0.010612910613417625,-0.010700982064008713,0.435229629278183,-0.020392419770359993,-0.01889282837510109,-0.0428793802857399,-0.17948010563850403,-0.11102700233459473,-0.07039551436901093,-0.1104053482413292,0.1494641900062561,-0.12423086166381836,0.23659729957580566,0.08305495977401733,-0.044554732739925385,0.07412166148424149,-0.07874874025583267,0.004137185402214527,0.02836744114756584,-0.018409375101327896,0.08671218156814575,0.25894302129745483,0.13723750412464142,0.3027675151824951,0.013815045356750488,-0.09493141621351242,-0.35536834597587585,-0.06254468113183975,-0.15241487324237823,-0.45488986372947693,0.020870085805654526,0.1441478431224823,-0.12221411615610123,0.13627409934997559,-0.2739141583442688,0.6945365071296692,0.0556676872074604,-0.18587841093540192,-0.07690350711345673,-0.25476735830307007,-0.09133322536945343,-0.6948289275169373,-0.18396510183811188,-0.005790510680526495,0.08836030215024948,0.16193564236164093,-0.10124915838241577,-0.2957760691642761,-0.011711596511304379,0.04874059557914734,0.288829505443573,0.1500016748905182,-0.17330045998096466,0.15464922785758972,-0.07161010801792145,-0.1170957088470459,-0.5764671564102173,-0.024134809151291847,-0.015464705415070057,0.10418057441711426,-0.12075395882129669,0.07471901178359985,0.02707931399345398
CID000004889,12,-0.14621523022651672,-0.0720582902431488,-0.005691090133041143,0.07343423366546631,0.3170894980430603,0.614259660243988,0.28415751457214355,0.4378913342952728,-0.35079026222229004,-0.2962401807308197,0.05115096643567085,-0.248260498046875,0.3284711539745331,-0.5330817699432373,-0.02796831727027893,0.03063179925084114,0.10717467963695526,-0.05170396715402603,0.10857647657394409,-0.0978168472647667,0.0845816358923912,-0.15313789248466492,-0.158380389213562,-0.1363491415977478,0.15646708011627197,-0.006522494368255138,-0.06859627366065979,-0.014001253060996532,0.0343509241938591,0.601612389087677,0.08865845948457718,-0.010951158590614796,-0.35709208250045776,-0.11847730726003647,-0.1123519167304039,-0.09247616678476334,-0.16843633353710175,-0.23138324916362762,-0.1280662566423416,-0.14308010041713715,0.30270275473594666,0.1627638190984726,-0.3256992697715759,-0.11427833139896393,0.4536364674568176,0.018907438963651657,0.2683122158050537,-0.10174238681793213,-0.28640565276145935,-0.10861339420080185,-0.09440324455499649,0.12789888679981232,-0.17096532881259918,-0.14644025266170502,-0.17234665155410767,-0.21034598350524902,0.11711682379245758,-0.07103826105594635,0.2020520269870758,0.4089931547641754,-0.6699756979942322,-0.012030884623527527,-0.366964191198349,0.28398674726486206,0.09330056607723236,-0.1095537319779396,-0.3060366213321686,0.0345669649541378,-0.19894497096538544,0.1760815978050232,-0.8566356897354126,0.030802857130765915,0.14291338622570038,-0.04952840879559517,0.3314933180809021,0.02926340140402317,0.02695944346487522,0.2987510859966278,0.037969861179590225,0.10532307624816895,-0.28435108065605164,-0.13671089708805084,-0.31164923310279846,-0.14676406979560852,0.015058526769280434,-0.051116179674863815,-0.25828903913497925,0.38556966185569763,0.4267612099647522,-0.06265126168727875,-0.3228561580181122,-0.261791467666626,0.13249893486499786,-0.05293659120798111,-0.40019211173057556,-0.06311294436454773,-0.026362817734479904,0.24993927776813507,0.09449510276317596,-0.40545424818992615,0.32896333932876587,-0.003601482603698969,-0.12714798748493195,0.28371167182922363,-0.3145222067832947,0.050812192261219025,-0.3186667561531067,0.26915210485458374,-0.1279078871011734,0.14178292453289032,0.1410762220621109,0.19374842941761017,0.48244509100914,-0.15373806655406952,0.2531420588493347,-0.07482676953077316,0.17749221622943878,-0.4635133743286133,0.25313857197761536,-0.017226438969373703,-0.4021909236907959,-0.5918759107589722,-0.2456870824098587,-0.335508793592453,-0.4489169716835022,0.2822911739349365,0.07357548177242279,0.5418938994407654,0.2503049969673157,-0.0022457062732428312,0.14293476939201355,-0.055677931755781174,-0.46948710083961487,-0.5238022208213806,0.21942178905010223,-0.48644036054611206,0.22161546349525452,-0.25039026141166687,0.056361742317676544,-0.18460068106651306,-0.35679346323013306,0.028680969029664993,-0.04384452477097511,0.039353542029857635,0.026898633688688278,0.16883975267410278,0.015430599451065063,-0.04944362863898277,0.10205565392971039,0.020414898172020912,-0.08740581572055817,0.02711695432662964,-0.1640290468931198,0.12795867025852203,0.0768367350101471,0.23944266140460968,-0.06921853125095367,-0.4670875668525696,-0.0181998610496521,-0.06753245741128922,0.4133615493774414,-0.03713095560669899,-0.8048490285873413,0.16174142062664032,0.5535553693771362,0.336113303899765,-0.13964304327964783,0.2961297929286957,0.40118318796157837,-0.1880362182855606,-0.19688788056373596,-0.16907671093940735,0.3245352506637573,0.0609273724257946,0.28983616828918457,-0.036655038595199585,-0.2859042286872864,0.08592100441455841,-0.29637494683265686,-0.09948932379484177,0.09129446744918823,0.3165775239467621,-0.1367010474205017,-0.05046440288424492,-0.003146891249343753,-0.03853112459182739,-0.4298388957977295,-0.14185312390327454,0.14427603781223297,-0.1206047534942627,0.455991268157959,-0.17920079827308655,0.09947210550308228,0.062026917934417725,-0.32267504930496216,0.48200327157974243,-0.13282744586467743,-0.007950338535010815,-0.05731431394815445,-0.1353396773338318,0.07391223311424255,0.1850384771823883,-0.4120389521121979,0.04920034483075142,-0.17112068831920624,0.3390539288520813,-0.08222712576389313,-0.20821323990821838,-0.27106884121894836,-0.1027173399925232,-0.24117395281791687,0.026521552354097366,-0.04527745023369789,-0.0679282620549202,0.3025631606578827,-0.3786187171936035,0.515215277671814,-0.05229576677083969,-0.23637613654136658,-0.2445390522480011,-0.0044138506054878235,-0.016668444499373436,-0.5801080465316772,-0.016469765454530716,0.24646715819835663,-0.04942775145173073,0.06555072963237762,-0.1970374584197998,0.5971342325210571,-0.026080599054694176,-0.18674123287200928,-0.23576000332832336,-0.11943986266851425,-0.13140034675598145,-0.38490068912506104,-0.20972737669944763,-0.08617820590734482,0.5747207403182983,0.16175319254398346,0.14339008927345276,-0.28197312355041504,0.15572693943977356,-0.04513020068407059,-0.16783340275287628,0.024823715910315514,-0.3062684237957001,0.23534612357616425,0.07069430500268936,-0.036533504724502563,-0.5252991914749146,-0.16953274607658386,0.09768934547901154,0.04909190535545349,-0.08141806721687317,0.06510140001773834,-0.4021298885345459
CID000003154,13,-0.09104665368795395,0.01971310004591942,-0.009934517554938793,0.020822662860155106,0.235249325633049,0.29295915365219116,0.1001565083861351,0.052484333515167236,-0.23724429309368134,-0.2138921022415161,0.10314611345529556,-0.5189024806022644,0.35682371258735657,-0.2198401391506195,-0.16565421223640442,-0.23560424149036407,0.05932621285319328,-0.11138762533664703,0.19805027544498444,-0.11866050958633423,0.422940731048584,-0.033811815083026886,-0.18130789697170258,-0.24066920578479767,0.0054037184454500675,-0.1190420389175415,0.24024073779582977,0.06941791623830795,-0.012461351230740547,0.47917118668556213,-0.2200692594051361,0.3006659150123596,0.16066446900367737,0.1560790091753006,-0.6486260294914246,0.13282573223114014,-0.0803273543715477,-0.3648408353328705,-0.1885792464017868,-0.073184534907341,0.15870004892349243,0.15091899037361145,-0.40849238634109497,0.2258627712726593,0.5649058222770691,0.09184710681438446,-0.030471984297037125,0.0634540319442749,0.13886909186840057,-0.15604110062122345,-0.7052894830703735,0.07999584823846817,-0.2545014023780823,-0.30758732557296753,0.16417385637760162,-0.1061924546957016,0.08160630613565445,-0.09030915796756744,0.35866793990135193,-0.010293034836649895,-0.8517130017280579,0.09887921810150146,-0.314898818731308,0.18062640726566315,-0.15322881937026978,0.04661970213055611,-0.058421723544597626,0.34951478242874146,0.00909530557692051,0.08384256064891815,-0.48586782813072205,-0.08017963171005249,-0.061817049980163574,0.26086661219596863,0.30301567912101746,0.1492161750793457,0.18723022937774658,0.4398668706417084,-0.14309625327587128,-0.09610454738140106,-0.1445947140455246,-0.14053812623023987,-0.03854664787650108,0.02519259974360466,-0.21760432422161102,-0.009248336777091026,-0.3361249566078186,-0.0763675644993782,0.43515539169311523,-0.18152765929698944,0.04112105444073677,-0.09381447732448578,0.03253969922661781,-0.13921722769737244,-0.5112409591674805,0.128765270113945,-0.17990665137767792,0.0950833410024643,0.14113900065422058,-0.22517088055610657,0.23831777274608612,0.06516386568546295,-0.19588826596736908,0.2554106116294861,-0.2744078040122986,-0.22606225311756134,-0.45788803696632385,0.15681032836437225,-0.13376663625240326,0.09029300510883331,0.33865445852279663,0.12769658863544464,0.27872234582901,0.1198774129152298,0.26787063479423523,0.047599248588085175,-0.03576986864209175,-0.6317967176437378,0.20208236575126648,0.06599641591310501,0.009027069434523582,-0.8395767211914062,-0.1860593855381012,-0.07018258422613144,-0.25420519709587097,0.1204235777258873,0.17962878942489624,0.27424854040145874,0.18057268857955933,0.06760736554861069,-0.00993732362985611,-0.02722914144396782,-0.5522701740264893,-0.3221009373664856,0.1192060261964798,-0.12180857360363007,0.29367387294769287,-0.4447340965270996,-0.03151797503232956,-0.2246769666671753,-0.24718761444091797,0.0641142949461937,0.13393470644950867,-0.10077880322933197,-0.2586633861064911,0.015511768870055676,-0.27580904960632324,-0.0884467214345932,0.44434624910354614,-0.014682796783745289,-0.020232874900102615,0.29636210203170776,-0.16437426209449768,0.15620818734169006,0.11842610687017441,-0.015257028862833977,-0.10135582834482193,-0.4600948691368103,-0.0994260162115097,0.21677136421203613,0.013143268413841724,-0.041074223816394806,-0.877612292766571,-0.018604958429932594,0.735187828540802,0.2029683142900467,-0.1292191594839096,0.22127339243888855,0.1674395501613617,-0.029415234923362732,-0.2799343466758728,-0.3150172233581543,0.3126640021800995,-0.03422526270151138,-0.10566438734531403,-0.08638336509466171,0.19597601890563965,-0.14597460627555847,-0.4216791093349457,0.06519076228141785,0.23333103954792023,0.22398503124713898,0.05544198304414749,-0.16613775491714478,-0.0027422166895121336,-0.3154296278953552,-0.3094298243522644,0.030496899038553238,0.6260523796081543,-0.023354651406407356,0.12454940378665924,-0.3746740221977234,-0.06017699092626572,0.022539708763360977,-0.1598052680492401,0.3203241527080536,-0.030246268957853317,-0.015720415860414505,-0.16256654262542725,0.1406361311674118,-0.009026221930980682,-0.2290889322757721,-0.2648366391658783,0.11251403391361237,0.013851091265678406,0.042391903698444366,0.07357513904571533,-0.16514307260513306,-0.49243855476379395,-0.1473681777715683,0.10240457206964493,-0.08694951236248016,0.13667032122612,0.009964333847165108,0.084294393658638,0.053222835063934326,0.5325626730918884,-0.18331003189086914,0.15186405181884766,-0.011292378418147564,-0.020860344171524048,-0.1398247927427292,-0.6910045146942139,-0.2054988145828247,0.2428416907787323,-0.19099250435829163,0.2003343403339386,-0.1613498032093048,0.9264044761657715,0.17876262962818146,-0.20162424445152283,-0.05993838235735893,0.10823036730289459,0.12156219780445099,-0.48315614461898804,-0.10797599703073502,-0.2446254938840866,0.121859110891819,0.48221713304519653,0.1948457658290863,-0.3456876873970032,-0.13565923273563385,0.08649419993162155,-0.0010121557861566544,0.11528072506189346,-0.1436888426542282,0.09185813367366791,0.029528886079788208,0.26314544677734375,-0.9501103162765503,-0.0954161137342453,0.4980370104312897,0.3053889870643616,0.17040348052978516,-0.03491721302270889,-0.12337416410446167
CID000005029,14,-0.2309589833021164,-0.17431816458702087,-0.19478270411491394,-0.1599504053592682,0.12343652546405792,0.387405127286911,-0.06916259974241257,0.09491405636072159,-0.32480868697166443,-0.27951034903526306,0.025334354490041733,-0.4654906392097473,0.0722239762544632,-0.4671463370323181,0.1858632117509842,0.1188671737909317,0.011447112075984478,0.20097026228904724,-0.016872771084308624,-0.10627973079681396,0.10848512500524521,0.04921074956655502,0.11823336035013199,0.08709850162267685,0.0003893524408340454,-0.12129999697208405,0.09189411997795105,-0.0023950666654855013,-0.19963710010051727,0.32767805457115173,0.09655706584453583,-0.12919314205646515,-0.12159474194049835,0.01486448384821415,-0.2795957326889038,0.007620081305503845,-0.1522434651851654,-0.30729082226753235,-0.03745182976126671,-0.06462786346673965,0.2558053731918335,0.13060657680034637,-0.019975949078798294,-0.11645285785198212,0.013640150427818298,0.015037412755191326,0.09741197526454926,-0.01452399231493473,-0.1416037529706955,-0.1077134981751442,-0.09257818758487701,-0.01427944004535675,-0.11260925233364105,0.0516078844666481,0.21896091103553772,-0.050995729863643646,-0.06433536112308502,-0.03564807027578354,-0.054933857172727585,0.06698082387447357,-0.8435727953910828,0.03333261236548424,-0.3745476007461548,0.23043760657310486,0.1527756005525589,0.1447528898715973,-0.13703718781471252,0.07254306226968765,0.009164625778794289,0.05391524359583855,-0.0038073123432695866,0.1477936953306198,0.044371798634529114,-0.17653337121009827,0.023718049749732018,-0.13654762506484985,-0.08467724174261093,-0.06084167957305908,0.1375076174736023,0.07027210295200348,-0.3279246687889099,0.05593954771757126,-0.28212568163871765,-0.16575472056865692,-0.07392114400863647,-0.05943433567881584,-0.3425888419151306,-0.2700864374637604,0.15841665863990784,0.05849985405802727,-0.1013466939330101,-0.2687046229839325,-0.22242498397827148,0.03585130348801613,-0.29983556270599365,-0.013091826811432838,-0.23999711871147156,0.33014917373657227,0.20414647459983826,-0.5343673825263977,0.06846987456083298,0.2848065197467804,-0.18436983227729797,-0.22244663536548615,-0.2289673089981079,0.014591434970498085,-0.3706734776496887,0.2658671736717224,-0.12881556153297424,0.2865292727947235,0.004135672468692064,0.14455440640449524,0.2235691249370575,0.05751112848520279,-0.004109957721084356,0.14143843948841095,-0.1582154780626297,-0.04054579883813858,0.20343975722789764,0.10035191476345062,-0.3008319139480591,-0.4315037727355957,0.08077581971883774,-0.2867033779621124,-0.2439430058002472,0.18759968876838684,-0.06852837651968002,0.36919695138931274,0.18001464009284973,-0.11421124637126923,-0.1614992320537567,0.1267702579498291,-0.5334050059318542,-0.3397137522697449,-0.06844386458396912,-0.19884388148784637,-0.07453381270170212,0.10306884348392487,-0.08556683361530304,-0.0491047129034996,-0.1437109410762787,0.1025121659040451,-0.23186834156513214,-0.014255222864449024,0.0030893951188772917,-0.040233634412288666,0.0584469735622406,-0.057575635612010956,0.05326186493039131,-0.0065319896675646305,-0.008200913667678833,-0.09742128849029541,-0.020083704963326454,0.0931260883808136,0.1101134866476059,-0.042591117322444916,-0.04640090465545654,-0.3178274631500244,0.24625572562217712,0.1381256878376007,0.18515710532665253,-0.10211785137653351,-0.7354048490524292,-0.0035349249374121428,0.019510112702846527,0.30627891421318054,-0.0545845702290535,-0.14009274542331696,0.31260955333709717,-0.07665641605854034,0.048314958810806274,-0.059578318148851395,0.3610483407974243,-0.09535196423530579,0.05535010248422623,-0.09399081766605377,0.054110001772642136,0.10980899631977081,-0.497042179107666,-0.09596900641918182,0.26936084032058716,0.4477807581424713,0.13350369036197662,-0.06895400583744049,0.0019423030316829681,-0.011918890289962292,-0.15221530199050903,-0.15179529786109924,0.17816105484962463,-0.10399945080280304,0.14583563804626465,0.049265146255493164,-0.08209296315908432,-0.15094052255153656,-0.36544400453567505,0.24958769977092743,0.13374175131320953,0.02511616423726082,-0.04463409632444382,-0.028805319219827652,0.021192822605371475,0.010752645321190357,0.011662942357361317,0.1113673597574234,-0.20354469120502472,0.4754053056240082,-0.01812859997153282,-0.16214236617088318,0.0879252701997757,0.025340789929032326,-0.16710211336612701,0.20007622241973877,-0.0024884820450097322,-0.007029220461845398,-0.021051418036222458,0.2008299082517624,0.23779015243053436,0.2142486274242401,-0.14391861855983734,-0.338374525308609,0.10904468595981598,-0.1210995689034462,-0.25065866112709045,0.02213081158697605,0.1958179771900177,0.011575484648346901,0.31789225339889526,-0.12971486151218414,0.5252703428268433,0.10828319936990738,-0.23940357565879822,-0.2622767686843872,-0.15099135041236877,-0.04063684493303299,-0.48313435912132263,-0.24100971221923828,-0.20297010242938995,0.2637922167778015,0.17465916275978088,-0.050965406000614166,-0.02304375357925892,-0.1358928382396698,0.005976471118628979,0.1139603853225708,0.08036846667528152,-0.024864712730050087,0.41781362891197205,-0.14210693538188934,0.2111334353685379,-0.4699971675872803,0.07951316982507706,-0.04129991680383682,0.019082769751548767,-0.13092705607414246,0.03882069140672684,-0.07549665123224258
CID000003823,15,-0.09408023208379745,-0.15900252759456635,0.05345698446035385,-0.032369475811719894,0.12218497693538666,0.4603304862976074,-0.17722290754318237,-0.059829361736774445,-0.4029792249202728,-0.18930847942829132,0.12437774986028671,-0.36149364709854126,0.036277346312999725,-0.30254706740379333,-0.31045013666152954,-0.04055919498205185,-0.08827795088291168,0.017595406621694565,0.1873985081911087,0.11978687345981598,-0.08284591138362885,-0.30229896306991577,0.26564186811447144,-0.020233159884810448,-0.09522102028131485,-0.026942875236272812,0.044597335159778595,0.21217601001262665,0.0618206150829792,0.27201947569847107,-0.2099568098783493,0.0686061680316925,0.030154336243867874,-0.058725349605083466,-0.5240589380264282,-0.1115647703409195,-0.14512291550636292,-0.2809104323387146,-0.25412794947624207,0.11713258922100067,0.13088765740394592,0.08256020396947861,-0.35787642002105713,-0.24462959170341492,0.33569687604904175,0.3676007091999054,0.18610551953315735,-0.10134769976139069,-0.02119283378124237,-0.11479876190423965,-0.5187017321586609,0.1316438615322113,-0.14950861036777496,-0.05721123144030571,0.045796990394592285,-0.22718599438667297,-0.051477473229169846,0.008951741270720959,0.5656141042709351,-0.07107097655534744,-0.7292105555534363,0.12499842792749405,-0.400773823261261,0.2600972354412079,0.2389133870601654,-0.20151400566101074,-0.1506671905517578,0.15619449317455292,0.05851132795214653,0.12100324779748917,-0.23438453674316406,-0.06445634365081787,0.20604996383190155,-0.18409240245819092,0.5137088894844055,-0.06975662708282471,-0.056490469723939896,0.22225579619407654,-0.0459645614027977,-0.07154437899589539,-0.2135194092988968,-0.31382307410240173,-0.016708891838788986,-0.3195204436779022,0.01029755175113678,-0.08357928693294525,-0.34446677565574646,0.14415617287158966,0.30057477951049805,0.08602555096149445,-0.11923088133335114,-0.1590464860200882,-0.056577168405056,-0.0020235658157616854,-0.3692508935928345,-0.09297599643468857,-0.08986766636371613,-0.05641248822212219,0.1798621267080307,-0.47631025314331055,0.24471358954906464,-0.015116083435714245,-0.06573105603456497,-0.09101969003677368,-0.24021920561790466,0.1828085035085678,-0.4300515651702881,0.37226468324661255,0.11481349170207977,0.26742202043533325,0.10813653469085693,0.3807319104671478,-0.02269631251692772,0.08690822869539261,0.0474846325814724,0.07009898126125336,0.06169798970222473,-0.6684324741363525,0.18422409892082214,0.08009392023086548,0.20761561393737793,-0.8049317598342896,-0.11245594173669815,-0.11037781089544296,-0.2965201735496521,0.4979022443294525,0.12013794481754303,0.2522677481174469,0.234551340341568,-0.004055303521454334,-0.03124060668051243,-0.14330850541591644,-0.5574867129325867,-0.3895256221294403,-0.19918575882911682,0.07116784900426865,0.16738228499889374,-0.2736223042011261,-0.15503010153770447,-0.017196698114275932,0.16891257464885712,0.12013377249240875,0.26520073413848877,-0.12245704978704453,-0.09043405950069427,-0.0018952913815155625,-0.09164182096719742,0.08268789947032928,0.0702323243021965,-0.2803581953048706,0.002709009451791644,0.11845497786998749,-0.06469529122114182,0.0697585716843605,-0.10449705272912979,-0.06292985379695892,0.020141726359725,-0.3774987459182739,-0.05212980508804321,-0.10874662548303604,0.23682498931884766,0.06647206842899323,-0.7267351746559143,-0.050214070826768875,0.5376500487327576,0.24812538921833038,-0.20433390140533447,-0.1539546549320221,0.09721910953521729,-0.041185736656188965,-0.12659108638763428,-0.22899727523326874,0.4016023576259613,-0.19885525107383728,0.18522699177265167,-0.23027777671813965,-0.1229056864976883,0.12261416018009186,-0.401193231344223,-0.08542273193597794,0.3425833582878113,0.5058616399765015,-0.02324000373482704,-0.21377384662628174,0.023079847916960716,-0.13735279440879822,-0.08309367299079895,0.04152502864599228,0.5471743941307068,0.0006987139349803329,0.2572345733642578,-0.5025707483291626,0.18021976947784424,0.2100333720445633,-0.16542264819145203,0.4147101044654846,0.010843831114470959,0.07758001238107681,-0.28693535923957825,0.044445570558309555,0.21828484535217285,0.030066411942243576,0.04634077101945877,-0.11601126194000244,0.0069207013584673405,0.2223021686077118,-0.1531839668750763,-0.12866392731666565,-0.1966681182384491,-0.36764317750930786,0.1480092704296112,0.2556080222129822,-0.06778137385845184,0.03023165836930275,-0.2128620445728302,-0.11825539916753769,0.5612603425979614,0.35081976652145386,-0.2061150074005127,-0.13608981668949127,0.04159819707274437,-0.0087205171585083,-0.6068894863128662,0.042099274694919586,0.037450432777404785,-0.25080329179763794,0.18607434630393982,-0.29087334871292114,0.7640770077705383,0.11898547410964966,-0.0715446025133133,-0.17675063014030457,-0.2634446620941162,0.07198233902454376,-0.5305672883987427,-0.25721877813339233,-0.13662336766719818,0.10607943683862686,0.05788479000329971,0.2346206158399582,-0.6030977964401245,-0.09705762565135956,0.049508824944496155,0.09577406197786331,0.07053910940885544,0.11153367906808853,0.26422566175460815,0.039480626583099365,0.06016146391630173,-0.7629430890083313,-0.04766527935862541,0.33331814408302307,0.3676285743713379,-0.3677448332309723,-0.04419218376278877,-0.05037814378738403
CID000003937,16,-0.07240323722362518,-0.16644629836082458,-0.16609632968902588,0.1052260547876358,0.15334461629390717,0.37938496470451355,-0.05108337849378586,0.0939619168639183,-0.12696042656898499,-0.12402315437793732,0.16216769814491272,-0.1792907863855362,0.12525805830955505,-0.20072825253009796,-0.23981189727783203,0.22646872699260712,0.0023764565121382475,0.2148253619670868,-0.023733431473374367,-0.16150444746017456,0.2046961784362793,-0.16764377057552338,-0.01855260692536831,-0.24691462516784668,0.250370591878891,0.1892184019088745,-0.15861639380455017,-0.15340381860733032,-0.005133217666298151,0.6182146668434143,-0.0054893107153475285,0.0921725481748581,0.10131989419460297,0.0058885724283754826,-0.4546986520290375,-0.1791132092475891,-0.11643823236227036,-0.41829419136047363,-0.04719899222254753,0.2716541588306427,0.15789464116096497,-0.15658538043498993,-0.24445374310016632,-0.23191866278648376,0.32739001512527466,-0.02161944843828678,0.34902504086494446,-0.08355177938938141,0.04366513341665268,0.03905315697193146,-0.5606094002723694,0.3081064522266388,-0.18326213955879211,-0.15620127320289612,-0.029987985268235207,0.028732463717460632,0.03924291580915451,0.08110576868057251,0.034038446843624115,0.2983778119087219,-0.8041024208068848,-0.34324508905410767,-0.19745568931102753,0.06585086137056351,0.2235308140516281,-0.0491299033164978,-0.0759502500295639,-0.04775778576731682,-0.08330629020929337,-0.03224165737628937,-0.3605056405067444,-0.08372602611780167,-0.07927721738815308,-0.10643992573022842,0.1294347643852234,-0.13216716051101685,-0.030283167958259583,0.38186874985694885,0.07636036723852158,0.09068532288074493,-0.40214985609054565,0.08609879016876221,-0.26771271228790283,-0.18492965400218964,0.04568946734070778,0.09907962381839752,-0.33620235323905945,0.0060461401008069515,0.3399319052696228,0.12195398658514023,-0.032629676163196564,-0.2149437665939331,0.1277693212032318,0.011045118793845177,-0.42581552267074585,0.01103467307984829,-0.30071502923965454,0.2346653938293457,0.123191237449646,-0.20983433723449707,0.2813657522201538,0.0838329866528511,-0.13295361399650574,-0.020264452323317528,-0.3511285185813904,-0.08451198041439056,-0.6502436399459839,0.2774435877799988,-0.2960573434829712,0.022718289867043495,-0.01621285453438759,0.06209602206945419,0.3329377770423889,0.0908547043800354,0.019158288836479187,-0.111331507563591,-0.10554458945989609,-0.557733952999115,0.407338947057724,0.04929827153682709,0.06090429425239563,-0.4618057310581207,0.02796202525496483,-0.521283745765686,-0.30361151695251465,0.21779143810272217,0.21305382251739502,0.43775710463523865,0.18158523738384247,0.057770706713199615,-0.26067304611206055,-0.0568365752696991,-0.5109134912490845,-0.3814215064048767,-0.19901081919670105,-0.2807925343513489,0.4512139856815338,-0.44472116231918335,0.20950818061828613,0.15297158062458038,-0.06096764653921127,0.0401894673705101,0.18958178162574768,0.1503157913684845,0.045284122228622437,0.13244621455669403,0.0327693410217762,-0.15523788332939148,0.06542059034109116,-0.2459109127521515,-0.004091224167495966,0.09374361485242844,-0.26157817244529724,-0.09320183843374252,-0.06660628318786621,0.14374348521232605,-0.0655088871717453,-0.6023467779159546,0.1206408143043518,0.05256638675928116,0.08806437253952026,-0.03309265524148941,-0.8771275281906128,0.18639609217643738,0.28545063734054565,0.3028813302516937,-0.04242531955242157,-0.08182863146066666,0.3170737326145172,0.12998363375663757,-0.1693301647901535,-0.07530190050601959,0.5166634917259216,0.014510637149214745,0.30027779936790466,0.03804425150156021,0.10162212699651718,0.22190280258655548,-0.42036157846450806,-0.12274029105901718,0.2828989624977112,0.3661922812461853,-0.016440778970718384,-0.06583262979984283,-0.11613309383392334,-0.29024195671081543,-0.5556553602218628,-0.3133963942527771,0.32569944858551025,-0.21955302357673645,0.12581515312194824,-0.3685425817966461,0.18902598321437836,-0.06917425245046616,-0.18442757427692413,0.5594393014907837,-0.12196771800518036,0.025132153183221817,-0.1123645082116127,0.18408766388893127,-0.021239321678876877,0.2985813617706299,-0.49693599343299866,-0.09958398342132568,-0.05816272646188736,0.24776268005371094,0.001209348440170288,-0.22149543464183807,-0.23939010500907898,-0.02151934802532196,-0.09466107189655304,0.16631440818309784,-0.0926675796508789,-0.06275089830160141,0.05587085336446762,0.10512351989746094,0.45796555280685425,0.15627697110176086,-0.04281429946422577,-0.078904889523983,-0.14322957396507263,0.03842829912900925,-0.5180848836898804,0.12817396223545074,0.30337023735046387,0.14943337440490723,0.25140756368637085,-0.1808808147907257,0.4906180500984192,0.041683368384838104,-0.03780071437358856,-0.2735409140586853,0.025293052196502686,-0.1295725554227829,-0.3644445836544037,-0.30829480290412903,-0.37192443013191223,0.3438662588596344,0.14775709807872772,-0.22767579555511475,-0.319865345954895,-0.04752452298998833,0.10909385979175568,0.0008717477321624756,0.18517746031284332,-0.14158126711845398,-0.0057099806144833565,-0.017372015863656998,0.4687593877315521,-0.5126461982727051,0.08043144643306732,-0.10976918786764145,0.17387913167476654,-0.2197432816028595,-0.09194473922252655,-0.24223685264587402
CID000003883,17,-0.2135930359363556,-0.19245663285255432,-0.17672567069530487,-0.16123369336128235,0.1269860565662384,0.3993300795555115,-0.0775206983089447,0.06687559932470322,-0.3184729516506195,-0.3039797246456146,0.03494282439351082,-0.42555850744247437,0.11826817691326141,-0.43157705664634705,0.16515785455703735,0.09539176523685455,0.011184426955878735,0.16614709794521332,-0.008641856722533703,-0.08694770932197571,0.1083478182554245,0.028214823454618454,0.13160765171051025,0.09714463353157043,0.0462365560233593,-0.11556212604045868,0.13008184731006622,-0.005574648268520832,-0.16554227471351624,0.30082571506500244,0.04800946265459061,-0.13272355496883392,-0.15856952965259552,0.014038095250725746,-0.27214616537094116,0.022118207067251205,-0.1681191623210907,-0.27257591485977173,-0.04661417379975319,-0.07081979513168335,0.24968990683555603,0.15836048126220703,-0.07673509418964386,-0.1407119482755661,0.010833685286343098,0.0556347481906414,0.14538420736789703,-0.043258391320705414,-0.1339825689792633,-0.11058328300714493,-0.11012081801891327,0.0759967714548111,-0.11686339229345322,0.04042261093854904,0.3155640959739685,-0.027899673208594322,-0.07899750769138336,-0.0939733237028122,-0.040534116327762604,0.019563663750886917,-0.8698569536209106,0.006368416361510754,-0.3715319037437439,0.2360777109861374,0.14618808031082153,0.171640545129776,-0.0170276015996933,0.08713988959789276,0.016035068780183792,0.04114752635359764,0.003221460385248065,0.17897096276283264,0.03289153426885605,-0.15210826694965363,0.05810100957751274,-0.13337203860282898,-0.06473178416490555,0.13673140108585358,0.09937696903944016,0.07104872167110443,-0.3978863060474396,0.03605390712618828,-0.28171640634536743,-0.13367299735546112,-0.07662507146596909,-0.02726283110678196,-0.31873780488967896,-0.2811650037765503,0.1639644056558609,0.043086275458335876,-0.07123264670372009,-0.2776055335998535,-0.17045481503009796,0.07516792416572571,-0.32335689663887024,-0.03283406049013138,-0.24612152576446533,0.296151340007782,0.22645743191242218,-0.49603670835494995,0.08230876922607422,0.3036895990371704,-0.2244235724210739,-0.20597593486309052,-0.22128009796142578,0.01565398834645748,-0.3540765047073364,0.2645466923713684,-0.18320997059345245,0.122868612408638,0.010487901978194714,0.15070034563541412,0.24389977753162384,0.03746381029486656,0.007863041944801807,0.12394559383392334,-0.18686847388744354,-0.05443372204899788,0.34686189889907837,0.13122250139713287,-0.27763456106185913,-0.43230563402175903,0.10088668018579483,-0.28807443380355835,-0.31114062666893005,0.16291697323322296,-0.039342354983091354,0.4148899018764496,0.1976206749677658,-0.09055441617965698,-0.13371041417121887,0.14755640923976898,-0.511764645576477,-0.34203916788101196,-0.06449012458324432,-0.1874886304140091,-0.09033675491809845,0.0716002807021141,-0.06986606121063232,-0.03542735427618027,-0.16733773052692413,0.06891822814941406,-0.15426595509052277,0.009137630462646484,0.019752034917473793,-0.06826670467853546,0.10054664313793182,-0.0999816507101059,0.08044086396694183,-0.016217803582549095,-0.023229893296957016,-0.09836041182279587,-0.03771170228719711,0.10653640329837799,0.18384140729904175,-0.018113017082214355,-0.04362953454256058,-0.31637829542160034,0.24081754684448242,0.15590956807136536,0.16792774200439453,-0.05794868990778923,-0.7528002858161926,0.02232176624238491,0.032854270190000534,0.29407230019569397,-0.05162568762898445,-0.10724594444036484,0.3344889283180237,-0.07295134663581848,-0.01421730499714613,-0.045065734535455704,0.3953762650489807,-0.13231775164604187,0.06948792934417725,-0.10391470044851303,0.001148134469985962,0.0733184739947319,-0.5241743922233582,-0.17836305499076843,0.26047930121421814,0.42072921991348267,0.19461596012115479,-0.09375486522912979,-0.033337853848934174,-0.005157199688255787,-0.18546123802661896,-0.11771611869335175,0.18068662285804749,-0.10973988473415375,0.14051911234855652,0.07052387297153473,-0.08832304179668427,-0.1453680694103241,-0.4741060733795166,0.2552061975002289,0.11797056347131729,-0.0054629771038889885,-0.05829208344221115,-0.09504324197769165,0.05291696637868881,-0.031073909252882004,0.005276060197502375,0.13561703264713287,-0.18378162384033203,0.4535614848136902,-0.01626054383814335,-0.15272453427314758,0.0872882604598999,0.04361696168780327,-0.1767055243253708,0.17811188101768494,0.022243190556764603,-0.033893804997205734,-0.0409482941031456,0.2067277729511261,0.2612130641937256,0.2308698445558548,-0.16383931040763855,-0.3313148617744446,0.04559299722313881,-0.09420128166675568,-0.28844568133354187,0.028391266241669655,0.20981495082378387,0.00787402968853712,0.30981701612472534,-0.13528911769390106,0.5395605564117432,0.12551747262477875,-0.27805039286613464,-0.22606484591960907,-0.10706112533807755,-0.03581966087222099,-0.44688472151756287,-0.24336013197898865,-0.21894784271717072,0.33789071440696716,0.20894984900951385,-0.06835834681987762,-0.011793565936386585,-0.12180004268884659,0.023481369018554688,0.1552855372428894,0.09819459915161133,-0.03832320496439934,0.2972812056541443,-0.20290282368659973,0.2311141937971115,-0.46949735283851624,0.06440682709217072,-0.029324477538466454,-0.0014920353423804045,-0.16806311905384064,0.04615592211484909,-0.05481599643826485
CID000004885,18,-0.02523704245686531,-0.119820237159729,-0.04997888207435608,-0.023374449461698532,0.3453800678253174,0.24416401982307434,-0.08383896946907043,0.11230409145355225,-0.18906688690185547,-0.12780071794986725,0.17886383831501007,-0.38372209668159485,-0.0347510501742363,-0.12396581470966339,0.12356849014759064,-0.016692684963345528,0.01897582784295082,0.06337708234786987,-0.09205727279186249,-0.17311236262321472,0.16700014472007751,-0.05024705082178116,0.060700416564941406,0.15334737300872803,-0.022026849910616875,-0.07950116693973541,-0.18555688858032227,0.044638603925704956,-0.0491052120923996,0.2630804777145386,-0.006005854345858097,-0.3516518473625183,0.028341764584183693,0.05042579025030136,-0.6815811991691589,-0.07360588014125824,-0.21379435062408447,-0.2526222765445709,-0.1439131200313568,-0.09211550652980804,-0.02428492344915867,0.027714621275663376,-0.11564479768276215,-0.08745108544826508,0.22713296115398407,-0.1541755497455597,0.04524154216051102,0.2668690085411072,-0.18815641105175018,-0.01880035363137722,-0.27640044689178467,0.10700957477092743,0.142613023519516,-0.032300882041454315,0.1410444676876068,-0.048055339604616165,-0.1476382464170456,-0.04920689016580582,0.24398449063301086,-0.13696105778217316,-1.0023192167282104,-0.018687408417463303,-0.26188725233078003,0.20193061232566833,0.14782723784446716,0.10458831489086151,-0.019346579909324646,0.14089953899383545,-0.10150866210460663,-0.0037482380867004395,-0.1793471723794937,0.11359117180109024,-0.0010126084089279175,-0.13827505707740784,0.18751326203346252,-0.12051180750131607,-0.11249520629644394,0.03482365608215332,0.1452505886554718,0.011377735994756222,-0.14469271898269653,-0.22291192412376404,0.01809188723564148,0.061047494411468506,-0.15331771969795227,-0.031054556369781494,-0.16441789269447327,-0.015424859710037708,0.3101558983325958,-0.25615182518959045,0.0933818370103836,-0.025362998247146606,-0.0503779761493206,0.052837323397397995,-0.4952532649040222,-0.04898793250322342,-0.0552806556224823,0.24906477332115173,0.1371617615222931,-0.2324407398700714,0.2451641857624054,0.17386391758918762,-0.22357526421546936,-0.03590063378214836,-0.220122292637825,0.053333573043346405,-0.6773563027381897,0.26202183961868286,0.197842076420784,0.0734957680106163,0.002063178922981024,0.18206916749477386,0.12014226615428925,-0.015449315309524536,0.03557536005973816,0.2652541995048523,-0.1531190425157547,-0.14775782823562622,0.1192815899848938,0.21349087357521057,-0.12115873396396637,-0.629623532295227,0.24886707961559296,-0.1641170084476471,-0.3770061135292053,-0.00017949342145584524,-0.1531388759613037,0.3615473210811615,-0.02739587426185608,-0.1215234249830246,-0.16497021913528442,-0.10612814128398895,-0.452423095703125,-0.267646461725235,-0.1558082401752472,-0.23938103020191193,0.28266000747680664,-0.2150130569934845,0.06564777344465256,-0.08499834686517715,0.030273521319031715,0.008736660704016685,-0.29822468757629395,-0.0016006275545805693,0.10803164541721344,-0.049210868775844574,0.11492011696100235,-0.05547601729631424,0.27219158411026,-0.05370878055691719,-0.03465629369020462,-0.08897753059864044,-0.06516128778457642,0.15719850361347198,-0.15297062695026398,-0.12046147882938385,-0.2031089961528778,-0.25786328315734863,0.08405064046382904,0.07991256564855576,0.009673632681369781,-0.030330907553434372,-0.8910900950431824,0.14897193014621735,0.23568955063819885,0.14739064872264862,-0.15398219227790833,-0.08312269300222397,0.139530211687088,-0.03005952015519142,-0.1325935274362564,-0.2847509980201721,0.2194223701953888,0.05889207124710083,-0.00835033692419529,0.13172079622745514,-0.10616199672222137,0.2556747496128082,-0.4994141161441803,-0.18899288773536682,0.15342023968696594,0.2254391461610794,0.07100263983011246,-0.025937730446457863,-0.09000854194164276,-0.04099501296877861,-0.16610172390937805,-0.04844830185174942,0.6162732839584351,-0.10949256271123886,0.20469579100608826,-0.25309687852859497,-0.07662074267864227,-0.00010890364501392469,-0.05983586981892586,0.39138394594192505,-0.072180837392807,-0.10429873317480087,-0.16025610268115997,-0.14636842906475067,-0.09986085444688797,-0.035111527889966965,-0.12392594665288925,0.1615748405456543,-0.06339175999164581,0.16224388778209686,0.04200848191976547,0.092609703540802,-0.07406265288591385,-0.21503058075904846,0.2810746431350708,-0.06427687406539917,0.0509059801697731,-0.02347656525671482,0.01706146076321602,-0.0142052648589015,0.40606245398521423,-0.08860185742378235,0.058715712279081345,-0.2318316400051117,0.017320668324828148,-0.1677718311548233,-0.5121217370033264,0.11339136213064194,0.20186133682727814,-0.32900404930114746,0.1968112587928772,-0.079190693795681,0.7756129503250122,0.04526839405298233,-0.1589689999818802,-0.07167740166187286,-0.15658791363239288,0.0010663450229912996,-0.7440057992935181,-0.22735700011253357,0.18562228977680206,0.12369038909673691,0.17723290622234344,0.013636583462357521,-0.2961728274822235,-0.021759772673249245,0.07235367596149445,0.32773861289024353,0.13368740677833557,-0.23203639686107635,0.06765683740377426,-0.17097903788089752,0.006652370095252991,-0.6226521730422974,0.19163839519023895,0.03732840344309807,0.2179105281829834,-0.024788837879896164,0.14558473229408264,0.053934983909130096
CID000003961,19,-0.15706224739551544,-0.04397093504667282,0.16959434747695923,-0.1014275774359703,0.19966839253902435,0.3504733443260193,-0.010151892900466919,0.08686861395835876,-0.17321990430355072,-0.1692558079957962,-0.05292283743619919,-0.29246941208839417,0.2408551722764969,-0.31639695167541504,0.003250308334827423,0.08932138234376907,-0.0743083730340004,0.26333194971084595,-0.036783892661333084,0.16688449680805206,-0.17297694087028503,0.09132345020771027,0.0374479815363884,-0.07536821067333221,0.14994335174560547,-0.050740696489810944,0.31988799571990967,-0.03880714625120163,0.043571263551712036,0.2538835406303406,0.02449219301342964,-0.08718200773000717,-0.19059814512729645,0.04282508045434952,-0.2919909358024597,0.03535459190607071,-0.15645158290863037,-0.23677262663841248,-0.13134856522083282,-0.048924826085567474,0.22989526391029358,0.0925697386264801,-0.23712870478630066,-0.3405701816082001,0.20916585624217987,-0.020286541432142258,-0.06012316420674324,0.0958433523774147,-0.06953993439674377,-0.16079647839069366,-0.44564127922058105,0.23321589827537537,-0.08589132875204086,-0.09876300394535065,0.0333586223423481,-0.220610573887825,0.0316992923617363,0.07819264382123947,-0.008373906835913658,0.06433852761983871,-0.8904986381530762,0.14187933504581451,-0.29222267866134644,0.08900193870067596,0.09550110995769501,0.2057112157344818,-0.16357234120368958,0.1493123173713684,0.06318341195583344,0.03839331865310669,-0.14420366287231445,0.03956083208322525,-0.012027496472001076,-0.22613036632537842,0.002942445455119014,-0.104636549949646,-0.05466783046722412,0.05197940021753311,0.1428861916065216,0.16545695066452026,-0.17874856293201447,0.013798095285892487,-0.37410297989845276,-0.11378922313451767,-0.11055763065814972,0.017371660098433495,-0.2163577824831009,-0.053767554461956024,0.23368188738822937,-0.028403380885720253,-0.07519467920064926,-0.13941121101379395,-0.11449451744556427,0.039064060896635056,-0.4280570149421692,0.07692454010248184,-0.29838570952415466,0.36761799454689026,0.25155794620513916,-0.42646875977516174,0.18073691427707672,0.050069987773895264,-0.1390777826309204,-0.02738868072628975,-0.10544439405202866,0.14655888080596924,-0.28236111998558044,0.20417854189872742,-0.14776170253753662,0.29921144247055054,0.1192009449005127,-0.06266774982213974,0.5443302989006042,-0.09350933134555817,-0.061452656984329224,-0.062254756689071655,0.016412809491157532,-0.06986553966999054,0.1188514232635498,0.009628881700336933,-0.11595825105905533,-0.5415488481521606,-0.09865410625934601,-0.3363455533981323,-0.38599076867103577,0.13000991940498352,-0.04800719767808914,0.2594008445739746,0.19533702731132507,0.033749669790267944,0.18565039336681366,-0.007687874138355255,-0.5758910179138184,-0.2929198741912842,0.1001577153801918,-0.11972373723983765,0.14844867587089539,-0.12198265641927719,-0.06550174951553345,0.14391331374645233,-0.17287182807922363,0.2811920940876007,-0.10573792457580566,-0.08376143872737885,0.0132246483117342,-0.01636127382516861,0.07968155294656754,0.04616894572973251,-0.12285812199115753,0.12127764523029327,-0.02429402992129326,0.0779019370675087,-0.16701838374137878,0.06985544413328171,0.16164472699165344,0.06238146871328354,-0.2601858079433441,-0.3330612778663635,0.12242574989795685,0.11812452226877213,0.35316139459609985,-0.007920967414975166,-0.8417914509773254,-0.11235622316598892,0.16454890370368958,0.2786591649055481,-0.21113379299640656,-0.10139636695384979,0.2869410216808319,-0.06811027228832245,-0.18316438794136047,0.0427408367395401,0.3279419541358948,-0.07001340389251709,-0.13421811163425446,0.06182350590825081,0.14046302437782288,0.18726679682731628,-0.4536112844944,-0.32801246643066406,0.25540071725845337,0.39715149998664856,-0.00468593230471015,-0.21699145436286926,-0.05646533519029617,0.11776713281869888,-0.4634367823600769,-0.040701210498809814,0.2843724191188812,-0.030206192284822464,0.07177555561065674,-0.10670020431280136,-0.057776711881160736,-0.1795186698436737,-0.10210053622722626,0.3787688612937927,0.14916203916072845,0.06595207750797272,-0.03332759067416191,0.03876889497041702,-0.05841575190424919,0.008405196480453014,-0.098183274269104,0.16486534476280212,-0.06598459184169769,0.21366102993488312,-0.015822608023881912,-0.25298598408699036,-0.032308027148246765,-0.018330685794353485,-0.052982818335294724,0.21487565338611603,0.10982221364974976,0.01700325682759285,0.10154217481613159,0.005824089050292969,0.288765013217926,0.08685280382633209,-0.09105512499809265,-0.22808316349983215,-0.0058810352347791195,-0.13017988204956055,-0.2878735363483429,0.12920159101486206,0.30995094776153564,0.04579184949398041,0.302715003490448,-0.20483937859535217,0.4554741382598877,0.1640181839466095,-0.07161199301481247,-0.31341949105262756,-0.0484665147960186,-0.05361021310091019,-0.3713800311088562,-0.15436142683029175,-0.1943981647491455,0.10710803419351578,0.2601187825202942,-0.12273712456226349,0.029398784041404724,0.10139834880828857,0.1417754888534546,-0.13486428558826447,-0.006457657553255558,-0.09863052517175674,0.14888465404510498,-0.053837209939956665,0.1773853600025177,-0.5421031713485718,0.02878989651799202,-0.056675590574741364,0.1530078649520874,-0.05246129631996155,-0.0729651004076004,-0.11344663798809052
CID000060835,20,-0.14928731322288513,0.010538232512772083,0.32190942764282227,-0.03944554552435875,0.3352433741092682,0.3111499845981598,0.09482311457395554,0.0070115686394274235,-0.33246466517448425,-0.24350491166114807,-0.04416992515325546,-0.41020360589027405,0.19013991951942444,-0.16597683727741241,0.2773703932762146,0.041703760623931885,-0.01598542369902134,0.3437318801879883,-0.01516337413340807,0.3158735930919647,-0.30938759446144104,-0.019417960196733475,0.05122361332178116,-0.026555413380265236,0.13891080021858215,-0.008208575658500195,-0.060750436037778854,0.06171268969774246,-0.05188213661313057,0.2813284695148468,-0.12903468310832977,-0.005353736691176891,-0.17049279808998108,-0.018489927053451538,-0.3013675808906555,-0.14970901608467102,-0.32979854941368103,-0.35005247592926025,-0.0016281157732009888,-0.1562848836183548,0.2034948766231537,0.19261129200458527,-0.12443109601736069,-0.20264387130737305,0.17772510647773743,0.14940068125724792,0.07853475958108902,-0.12237417697906494,-0.15584170818328857,-0.1294192224740982,-0.26066991686820984,0.1972488909959793,-0.08834369480609894,-0.14321361482143402,-0.04869196563959122,-0.10091960430145264,-0.013753717765212059,-0.03738582879304886,-0.01877363584935665,-0.09215585142374039,-0.8928354978561401,0.22270861268043518,-0.2903573215007782,0.2581225335597992,0.1233597993850708,0.12825074791908264,-0.17725631594657898,0.07502996921539307,-0.0002231001853942871,0.08035117387771606,-0.08966853469610214,-0.10697698593139648,0.10483391582965851,-0.2793600857257843,0.06207900121808052,-0.0515163317322731,-0.025367360562086105,0.21810033917427063,0.18732884526252747,0.1452634483575821,-0.34929314255714417,-0.035184722393751144,-0.26582032442092896,-0.2306048572063446,-0.0952536091208458,0.00546056916937232,-0.16863512992858887,0.04449320212006569,0.3565303683280945,0.13159576058387756,0.0207156240940094,-0.18550097942352295,-0.17461757361888885,0.11091740429401398,-0.40839749574661255,0.0437886007130146,-0.364642858505249,0.4252700209617615,0.14004895091056824,-0.278884619474411,0.3336557149887085,-0.019935516640543938,-0.09202539920806885,0.22371700406074524,-0.13496555387973785,0.021460387855768204,-0.20501887798309326,0.26396650075912476,-0.055455636233091354,0.21257276833057404,-0.0712055042386055,0.04876835271716118,0.41450101137161255,-0.1242266520857811,0.0853365957736969,0.026756802573800087,0.06961455941200256,-0.17622430622577667,0.07759997248649597,0.058176297694444656,-0.08730498701334,-0.48964136838912964,0.14443685114383698,-0.4655013084411621,-0.39240676164627075,0.2271927148103714,0.0699646919965744,0.21938320994377136,0.24613086879253387,0.11127179861068726,0.37885770201683044,0.04982037469744682,-0.5898639559745789,-0.3770838975906372,0.1240004301071167,-0.027431050315499306,0.22849610447883606,-0.2357073277235031,-0.06028871610760689,0.07725229114294052,-0.09637153893709183,0.2181410789489746,-0.26218757033348083,0.06172764301300049,0.006577697582542896,0.0598195381462574,0.09332579374313354,0.2808555066585541,-0.3284485936164856,-0.00035959482192993164,-0.04179111123085022,0.10899774730205536,-0.0994362086057663,0.16871212422847748,-0.18359315395355225,-0.08184236288070679,-0.18804387748241425,-0.4096372127532959,0.058418404310941696,0.028860699385404587,0.2672891318798065,0.05741804838180542,-0.7971503734588623,0.0758848711848259,0.04525205120444298,0.2654675841331482,-0.09173058718442917,-0.06201434135437012,0.2839480936527252,-0.15104332566261292,0.0704137533903122,-0.06230999156832695,0.2906288504600525,-0.13303864002227783,-0.030247807502746582,-0.1893192082643509,-0.003368586767464876,0.10846646130084991,-0.5407648086547852,-0.054281480610370636,0.1414068043231964,0.3278862535953522,0.025963902473449707,-0.0877389907836914,0.07162037491798401,0.048571400344371796,-0.5430089235305786,-0.030542796477675438,0.23289430141448975,-0.025968696922063828,-0.013940853998064995,0.04780839383602142,0.017081445083022118,-0.17115738987922668,-0.057887494564056396,0.36490949988365173,0.13422852754592896,-0.05322111397981644,-0.15014693140983582,0.21704192459583282,-0.008201181888580322,0.06405377388000488,-0.23902837932109833,0.07920993119478226,0.0002699926553759724,0.2317889928817749,-0.03649575263261795,-0.3444752097129822,-0.047076888382434845,-0.011362028308212757,-0.04612605646252632,0.41572684049606323,-0.10552356392145157,0.0770854502916336,0.25235044956207275,-0.01871841587126255,0.3166300654411316,0.2844107151031494,-0.002052265452221036,-0.24456684291362762,-0.021485954523086548,0.004451492335647345,-0.3728928565979004,0.009850668720901012,0.5110641121864319,0.13232620060443878,0.14268088340759277,-0.37390220165252686,0.509167492389679,0.02654394507408142,-0.13666722178459167,-0.21489736437797546,-0.06984531879425049,-0.14890924096107483,-0.33442461490631104,-0.24958689510822296,-0.2181003987789154,0.13485762476921082,0.10477455705404282,-0.10950672626495361,0.11201926320791245,0.07789051532745361,0.036731816828250885,-0.0042318315245211124,-0.12077219784259796,-0.25354546308517456,0.09197501838207245,-0.09314852952957153,-0.01754758320748806,-0.576360821723938,0.14172857999801636,-0.07454009354114532,0.14675919711589813,-0.21598181128501892,0.11813244968652725,0.01937941275537014
CID000002622,21,0.11570432037115097,-0.0380953773856163,-0.029396016150712967,-0.17862258851528168,0.7521347403526306,0.49765744805336,0.1190173402428627,0.018945645540952682,-0.3912135362625122,0.11457635462284088,0.11497141420841217,-0.418931782245636,-0.08397527784109116,0.00946243666112423,-0.16359826922416687,-0.17402377724647522,0.012749986723065376,0.0001796022115740925,-0.5069488286972046,-0.08693155646324158,0.015251684002578259,-0.21990545094013214,0.1355089396238327,0.09269595146179199,0.12896046042442322,-0.1480601280927658,-0.1262504607439041,-0.07819864153862,-0.022584253922104836,0.3682858347892761,-0.3668186068534851,0.1507495939731598,-0.42122331261634827,0.0013809055089950562,-0.43749871850013733,0.2158554047346115,-0.5880228281021118,-0.3642706274986267,-0.16092714667320251,-0.2620011866092682,-0.25746285915374756,0.0005059823160991073,-0.24670839309692383,0.32885557413101196,0.34440284967422485,0.2905418574810028,-0.00596377020701766,-0.1378403753042221,-0.21452562510967255,-0.07378028333187103,-0.4911581575870514,-0.01654917374253273,0.025855546817183495,-0.9851080775260925,0.08383329212665558,-0.08025938272476196,0.048562176525592804,0.025591466575860977,1.1309629678726196,-0.2733272910118103,-0.9654715657234192,0.00597281102091074,-0.2518823742866516,0.24657127261161804,0.19005823135375977,-0.4011410176753998,-0.4895952641963959,0.05275363847613335,0.30873483419418335,0.0012251765001565218,-0.8173657655715942,0.15128402411937714,-0.14959095418453217,-0.21116074919700623,0.5703065991401672,-0.008379283361136913,0.22390875220298767,-0.07739277184009552,0.335265189409256,0.4063008725643158,-0.09769939631223679,0.007799059152603149,0.26852351427078247,0.031506411731243134,-0.12855565547943115,0.24282407760620117,0.14027194678783417,0.12164817750453949,0.42895516753196716,0.32601064443588257,0.08395181596279144,0.002810075879096985,-0.40439119935035706,-0.26626548171043396,-0.5586787462234497,0.13832862675189972,0.03362606465816498,0.2853763997554779,-0.1345931738615036,0.03024551272392273,0.2875214219093323,0.46512991189956665,-0.07715223729610443,0.3710184693336487,-0.059984005987644196,0.14569182693958282,-0.5659804344177246,0.38804832100868225,-0.14359334111213684,0.5277780294418335,-0.3042360842227936,0.14869534969329834,0.218795508146286,-0.07444395124912262,0.22071261703968048,0.07230354845523834,-0.28903937339782715,-0.17896611988544464,-0.0065464116632938385,-0.03748787194490433,0.07373583316802979,-0.9967568516731262,-0.052437037229537964,-0.445040762424469,-0.4637783467769623,0.25947773456573486,0.0362875871360302,0.3284444212913513,-0.03716016560792923,-0.005215379409492016,-0.03505938500165939,0.23113910853862762,-0.6453961133956909,-0.45331519842147827,-0.01287350244820118,-0.14536955952644348,0.4689348638057709,-0.3637886345386505,0.37462741136550903,-0.29932060837745667,0.15060673654079437,0.5857117772102356,0.09691162407398224,0.06121838092803955,-0.08077403157949448,-0.19793502986431122,0.25460299849510193,0.07390648871660233,-0.034237682819366455,-0.011357518844306469,-0.010412270203232765,-0.013484855182468891,-0.2302890568971634,0.060688577592372894,-0.22967004776000977,0.027311211451888084,0.12583597004413605,-0.39987725019454956,-0.2585851848125458,0.06682010740041733,0.4674868583679199,0.15269505977630615,-0.9267840385437012,-0.024623189121484756,0.31484198570251465,0.261842280626297,-0.09413168579339981,0.5103929042816162,0.08391420543193817,0.0009391397470608354,-0.3409213423728943,-0.6151528358459473,0.580734372138977,-0.13431890308856964,0.02874058485031128,-0.2023129016160965,-0.16509678959846497,0.05437172204256058,-0.22768135368824005,-0.1515873372554779,0.13896334171295166,-0.025677036494016647,-0.1590292751789093,-0.1376245766878128,0.028571361675858498,-0.016435658559203148,0.03550253063440323,-0.037362705916166306,0.4947330355644226,0.0471712090075016,0.3821934759616852,-0.5905748009681702,0.11476733535528183,0.3011576533317566,-0.07292516529560089,0.7126485109329224,0.2426530420780182,0.07558007538318634,-0.22452044486999512,-0.12350235879421234,-0.20578010380268097,-0.0012768447631970048,-0.32789576053619385,0.1018676608800888,-0.2659420669078827,0.26745209097862244,-0.2392256259918213,-0.495086669921875,-0.0761842206120491,0.006914511322975159,0.4524782598018646,-0.1871127188205719,-0.06911864876747131,-0.1652563512325287,1.4341790676116943,0.18569020926952362,0.8221086263656616,0.22172069549560547,-0.08054091036319733,-0.11089672148227692,0.3231353163719177,0.11651533842086792,-0.7095474004745483,0.15534907579421997,0.1460968405008316,0.229831263422966,-0.1382409632205963,-0.6443303823471069,0.9760629534721375,0.5137345194816589,-0.22554299235343933,-0.4803433418273926,-0.02889259159564972,0.15229879319667816,-0.6421849131584167,-0.28977277874946594,-0.1380956918001175,0.07853464037179947,-0.21213361620903015,0.2004297971725464,-0.6855150461196899,0.0900735929608345,-0.006353867240250111,-0.04105158895254135,0.19300583004951477,-0.6734362840652466,0.30396154522895813,-0.008093264885246754,0.059699319303035736,-0.8888982534408569,-0.1256098747253418,-0.05275249481201172,0.3269805312156677,-0.19187100231647491,0.021620770916342735,0.17623507976531982
CID000004609,22,0.04721025750041008,-0.016283202916383743,-0.17216673493385315,-0.14656215906143188,0.5263983011245728,0.34305810928344727,-0.35696542263031006,-0.058959782123565674,-0.33383768796920776,-0.3996507525444031,-0.1388034075498581,-0.5249216556549072,0.020284000784158707,-0.2576320171356201,-0.1574617177248001,0.08183640241622925,0.06980933248996735,-0.23950040340423584,-0.21162429451942444,-0.36925724148750305,-0.23831363022327423,0.12087640911340714,-0.06131158024072647,0.12610416114330292,0.13844215869903564,-0.09129511564970016,0.02218024618923664,-0.04470240697264671,-0.06961715221405029,0.5273956060409546,0.15070772171020508,-0.18717937171459198,-0.03926670551300049,-0.30078670382499695,-0.26577335596084595,0.13957051932811737,-0.3585611879825592,-0.3605833649635315,-0.2351512908935547,0.1051727682352066,0.18526333570480347,0.10017551481723785,-0.33332160115242004,-0.23231017589569092,0.30714839696884155,0.1615995466709137,-0.152650386095047,0.053363166749477386,0.051180679351091385,0.09122228622436523,-0.2920090854167938,0.3390673100948334,0.13041695952415466,-0.3062295615673065,0.1247350201010704,0.07545536011457443,-0.026783078908920288,0.0832759216427803,0.2342696189880371,0.16958555579185486,-0.7611585855484009,0.05369686335325241,-0.14997968077659607,0.392795592546463,0.16690298914909363,0.09706953167915344,-0.26062220335006714,0.099528968334198,0.04136350005865097,-0.1342461109161377,-0.4242982268333435,0.21485535800457,-0.12496541440486908,-0.37364596128463745,0.2575753927230835,0.26175883412361145,0.01787577010691166,0.4417644143104553,0.21784165501594543,-0.051925789564847946,-0.35354241728782654,-0.25402793288230896,-0.08767066150903702,0.062004148960113525,-0.0592765286564827,0.10475291311740875,-0.2593452036380768,-0.21754994988441467,0.5368048548698425,-0.05997626110911369,-0.245024174451828,-0.0364171639084816,-0.020859960466623306,0.115706667304039,-0.49744993448257446,0.10992691665887833,-0.21590891480445862,0.4431222975254059,0.1821105182170868,-0.25585442781448364,0.2555728852748871,0.07503795623779297,-0.3144572675228119,0.10547073185443878,0.013518387451767921,-0.0697292909026146,-0.40055742859840393,0.3915180563926697,0.029133092612028122,0.1907070428133011,0.09724549949169159,-0.21199384331703186,0.4267841875553131,0.07154475897550583,0.05009473115205765,0.19146564602851868,0.1063176840543747,-0.24944531917572021,0.3471824526786804,-0.015668075531721115,-0.08504348993301392,-0.6810318827629089,0.2031853199005127,-0.3952183127403259,-0.4105585515499115,-0.02927880361676216,0.034160301089286804,0.5259654521942139,0.02340834215283394,0.07735584676265717,-0.2437867671251297,0.1667003184556961,-0.38365960121154785,-0.48763006925582886,-0.3209827244281769,-0.13920177519321442,0.2851456105709076,-0.051251135766506195,-0.15637530386447906,-0.12278100103139877,0.015571007505059242,0.06416730582714081,0.05496504157781601,0.1384420245885849,0.006768824066966772,-0.25207170844078064,0.10826753079891205,-0.17945310473442078,-0.06982879340648651,0.31855517625808716,-0.1030740886926651,-0.10516569763422012,-0.08747713267803192,0.11548439413309097,0.06481073796749115,-0.06937741488218307,-0.0020330518018454313,-0.42990508675575256,0.05395383760333061,-0.03299689292907715,0.11856032907962799,-0.02943662367761135,-0.7315546274185181,-0.028152208775281906,0.24900612235069275,0.20636427402496338,-0.23124608397483826,0.06466313451528549,0.20733073353767395,-0.07155326753854752,-0.2777465581893921,0.012048663571476936,0.4981863498687744,-0.05039642006158829,-0.128480464220047,-0.06930158287286758,0.11175046116113663,-0.06659471243619919,-0.22670571506023407,-0.23123809695243835,0.13306236267089844,0.2896220088005066,0.10852086544036865,-0.051430560648441315,0.08096419274806976,-0.06016847491264343,-0.5137060284614563,0.01804555580019951,0.231601282954216,-0.07661128044128418,0.14763562381267548,-0.10050175338983536,0.09835734218358994,-0.09447811543941498,-0.2338050901889801,0.42513084411621094,-0.04758431389927864,-0.18326261639595032,-0.111081063747406,-0.18159636855125427,-0.30201971530914307,0.16182860732078552,-0.4100160002708435,-0.002527192234992981,-0.0330854170024395,0.37741488218307495,-0.19860106706619263,0.026471564546227455,-0.3750293552875519,-0.2914391756057739,-0.1998918354511261,0.06776945292949677,-0.2550642788410187,0.009577897377312183,0.046706847846508026,0.10353877395391464,0.39827990531921387,-0.039565056562423706,-0.15759117901325226,-0.16469502449035645,0.15090684592723846,-0.010462528094649315,-0.4786667227745056,0.044314540922641754,0.3968217372894287,0.03861881420016289,0.224257230758667,-0.30229005217552185,0.7459943294525146,0.17606927454471588,-0.28620681166648865,-0.28053566813468933,-0.16227039694786072,-0.051765501499176025,-0.3161097466945648,-0.35047003626823425,0.06726574897766113,0.3791201114654541,0.25874024629592896,-0.23586635291576385,-0.21470431983470917,-0.12341241538524628,0.15495556592941284,0.18768125772476196,0.09983809292316437,-0.5129431486129761,0.20411565899848938,0.1723664104938507,0.16364464163780212,-0.568062424659729,-0.029207497835159302,-0.12715983390808105,0.1885637789964676,0.09520368278026581,0.12996304035186768,-0.32995814085006714
CID003468412,23,-0.11174412071704865,-0.11522471904754639,0.1935412436723709,0.06937538087368011,0.6036052107810974,0.5098840594291687,0.19167205691337585,0.1844554990530014,-0.36742958426475525,-0.25149962306022644,0.2212388813495636,-0.3059082329273224,0.06771930307149887,-0.2883364260196686,-0.0007599979871883988,-0.019028373062610626,0.05036098510026932,-0.04350081831216812,-0.06218373030424118,-0.24335722625255585,0.05573742464184761,0.21027734875679016,0.36239269375801086,0.1659926474094391,0.21882328391075134,0.004529303405433893,-0.04684804379940033,-0.1960364282131195,-0.054104458540678024,0.3458174169063568,-0.09196232259273529,-0.22453193366527557,-0.2882572114467621,-0.2241983413696289,-0.44024524092674255,0.10297930240631104,-0.2819669842720032,-0.2727617025375366,0.12462592124938965,-0.16479863226413727,-0.11673808097839355,-0.12720347940921783,-0.12054500728845596,-0.04697417467832565,0.31035593152046204,-0.09836824238300323,0.2941668927669525,0.12375929206609726,-0.06070128083229065,-0.11123832315206528,-0.24330627918243408,0.04249413311481476,-0.15777622163295746,-0.30125781893730164,0.10509593784809113,-0.3511437773704529,0.06854142248630524,-0.06691256165504456,0.5125910043716431,0.025329191237688065,-0.9170238375663757,0.2403426170349121,-0.3898444175720215,0.3788208067417145,0.17880797386169434,-0.35781481862068176,-0.2176966369152069,-0.11489748954772949,0.0415198840200901,-0.11474740505218506,-0.7050225138664246,-0.15139034390449524,0.022228499874472618,-0.10298625379800797,0.6500409245491028,0.1145705133676529,0.2969363331794739,0.2531967759132385,0.24551577866077423,-0.41620197892189026,-0.20018427073955536,0.06954306364059448,-0.13616620004177094,-0.15346013009548187,-0.04387868195772171,0.11181457340717316,-0.1532835215330124,0.17345896363258362,0.36287933588027954,-0.296639621257782,-0.2132434844970703,-0.07435699552297592,0.06679244339466095,0.2595440447330475,-0.417424738407135,0.09533391147851944,-0.25811606645584106,0.1539374440908432,0.003368696663528681,-0.11140105873346329,0.30887725949287415,0.12896737456321716,-0.32531219720840454,0.31296613812446594,0.059628188610076904,0.08408349752426147,-0.6058387756347656,0.3095273971557617,0.12612532079219818,0.1616625338792801,-0.41185441613197327,-0.060544610023498535,0.1119137778878212,-0.2639625370502472,0.27386507391929626,0.024072512984275818,0.04656170681118965,-0.3635558784008026,0.05882815271615982,0.09250271320343018,-0.14091446995735168,-0.7589985132217407,-0.06828851997852325,-0.6431729793548584,-0.1376585066318512,0.1951938420534134,0.10958287864923477,0.2711457312107086,0.1544657051563263,-0.044188011437654495,0.03866048902273178,0.10811951011419296,-0.3491686284542084,-0.5939006209373474,0.3290860056877136,-0.425711452960968,0.24831661581993103,-0.192556232213974,0.11751328408718109,-0.06990522146224976,0.06868715584278107,0.15723754465579987,-0.05485086515545845,-0.1948593109846115,-0.016511529684066772,0.07699129730463028,0.1809711903333664,0.017226433381438255,0.09416721761226654,0.21287910640239716,0.12023203074932098,-0.1330985426902771,-0.09511590003967285,-0.5270203351974487,-0.05583509802818298,0.21505069732666016,0.2205154448747635,-0.41351038217544556,0.08767389506101608,0.19541560113430023,0.4561271071434021,-0.005607887636870146,-0.8118119239807129,-0.11892692744731903,0.32068127393722534,0.2366773635149002,0.11581641435623169,0.03500066325068474,-0.006159025244414806,-0.07065542042255402,-0.14096865057945251,-0.20733065903186798,0.25136104226112366,-0.007250380702316761,0.18940258026123047,0.12635628879070282,0.09062808752059937,-0.03854640573263168,-0.18538391590118408,-0.0192958302795887,0.1812300831079483,0.16918377578258514,0.2697734236717224,-0.34706026315689087,-0.10147877037525177,0.026843111962080002,-0.20497450232505798,0.15155622363090515,0.5357412695884705,-0.05680014565587044,0.3783552050590515,-0.26316022872924805,0.21970339119434357,0.14300425350666046,-0.14364472031593323,0.67823326587677,0.026452338322997093,-0.3030252456665039,-0.16629424691200256,-0.09510085731744766,0.07284606993198395,0.08185220509767532,-0.09256410598754883,0.1331813782453537,-0.35172557830810547,0.2633277177810669,-0.2951816916465759,0.14620724320411682,-0.23010042309761047,-0.05067678540945053,-0.09759936481714249,-0.20087826251983643,-0.13096186518669128,0.037040553987026215,0.3205062747001648,-0.3406999409198761,0.9070637822151184,-0.14961554110050201,-0.057745564728975296,-0.24132761359214783,-0.022962447255849838,-0.04844403266906738,-0.6825292110443115,0.026684273034334183,0.22404272854328156,-0.10778329521417618,0.04771799594163895,-0.3770756721496582,0.9662300944328308,-0.17888517677783966,-0.2352522611618042,-0.020973850041627884,-0.01005161739885807,-0.10653803497552872,-0.7290971875190735,-0.3311893045902252,-0.031014401465654373,0.20213647186756134,-0.21709075570106506,-0.1479605734348297,-0.7649773955345154,0.3408607244491577,-0.08952363580465317,0.018637096509337425,-0.17054681479930878,-0.4938785433769226,0.1864446997642517,0.08123362809419632,-0.24662908911705017,-0.7183467149734497,-0.27146634459495544,0.18116019666194916,0.4407680034637451,0.041449666023254395,-0.09107990562915802,0.07491868734359741
CID000060147,24,-0.07975692301988602,0.04626941680908203,0.265694797039032,0.13761156797409058,0.3726901412010193,0.39188647270202637,0.02359316311776638,-0.030655836686491966,-0.1887860745191574,-0.16459843516349792,-0.06175407022237778,-0.2836267352104187,0.2641655504703522,-0.1680631786584854,-0.1296519935131073,0.07323163747787476,-0.13500270247459412,0.19156062602996826,-0.10135392099618912,-0.2579350769519806,-0.08382602035999298,-0.0817549079656601,0.03553140163421631,-0.022265154868364334,0.1664382517337799,-0.20366720855236053,-0.08767218142747879,0.0343858078122139,-0.11825282871723175,0.3131117522716522,-0.08253910392522812,0.017294209450483322,-0.05131945759057999,0.07643365859985352,-0.44379106163978577,-0.16558721661567688,-0.1935296654701233,-0.38744720816612244,-0.13115042448043823,-0.11601736396551132,0.008842605166137218,0.1485179364681244,-0.1533280611038208,-0.10887746512889862,0.2652425765991211,-0.17348359525203705,-0.1375083476305008,0.06024208664894104,-0.0074425311759114265,-0.032597966492176056,-0.5801159143447876,0.17335864901542664,-0.11890311539173126,-0.13668768107891083,0.03981774300336838,-0.02132744900882244,0.04154466837644577,-0.05618363618850708,-0.035762108862400055,-0.0563129298388958,-0.9379020929336548,0.2359517365694046,-0.42674651741981506,0.03565889969468117,-0.11239558458328247,0.1879594624042511,-0.15653306245803833,0.1334627866744995,0.06403449922800064,0.0164446122944355,-0.15152697265148163,-0.03366166353225708,-0.025657977908849716,-0.12799420952796936,0.12626895308494568,-0.09362585842609406,0.1021912693977356,0.1910977065563202,0.03747967630624771,0.08658897131681442,-0.16846083104610443,-0.020313233137130737,-0.15540561079978943,-0.044142287224531174,-0.11839423328638077,0.06300335377454758,-0.09306230396032333,0.2515867352485657,0.39452067017555237,-0.09084585309028625,-0.0897313803434372,-0.16541743278503418,-0.2675340473651886,0.08840669691562653,-0.46755704283714294,0.05613367632031441,-0.15699522197246552,0.2735225260257721,0.2312345951795578,-0.09943684190511703,0.3530423641204834,-0.032057903707027435,0.05195804685354233,0.32275691628456116,-0.20888547599315643,0.08895786851644516,-0.3408049941062927,0.18596914410591125,0.06457263231277466,0.09824812412261963,0.04133504629135132,-0.02137133479118347,0.46632999181747437,-0.09905218333005905,0.060727693140506744,0.01698298379778862,0.015240291133522987,-0.15953204035758972,0.09913100302219391,0.03327540308237076,0.014272230677306652,-0.7101112604141235,0.29982900619506836,-0.4207240641117096,-0.5202496647834778,-0.009844106622040272,-0.07972504943609238,0.30821385979652405,0.154913991689682,0.0644225999712944,0.17377769947052002,-0.3008512854576111,-0.3939478099346161,-0.2693171501159668,0.07956276088953018,-0.08125820010900497,0.4329088628292084,-0.2638760209083557,0.02277827449142933,0.06944559514522552,-0.0666191577911377,0.020528573542833328,0.12135650962591171,-0.015550429001450539,0.017127517610788345,-0.02516983076930046,0.09508959949016571,-0.07922323793172836,-0.16854196786880493,-0.1843530237674713,-0.22844164073467255,0.16484087705612183,-0.15080955624580383,0.1142580509185791,-0.3548779785633087,0.08908969163894653,-0.23634906113147736,-0.37360331416130066,0.11672021448612213,0.06589026749134064,0.19262441992759705,-0.012087823823094368,-0.84833824634552,0.041481807827949524,0.12576426565647125,0.28127801418304443,-0.08906084299087524,-0.09224329888820648,0.32426804304122925,-0.07353900372982025,-0.05302007123827934,-0.15452806651592255,0.28960004448890686,0.082762710750103,-0.22204701602458954,-0.04069141298532486,0.11232290416955948,0.1309342086315155,-0.4484929144382477,-0.04587666690349579,0.1783333122730255,0.2289600372314453,0.06180001050233841,-0.13975569605827332,0.08812115341424942,-0.06392805278301239,-0.46716323494911194,-0.15318723022937775,0.4961315095424652,0.08510888367891312,0.08086027950048447,-0.17083193361759186,-0.15448351204395294,-0.13114328682422638,-0.18618889153003693,0.5860990881919861,-0.011983322910964489,-0.12215933948755264,-0.13290879130363464,0.1081160455942154,-0.08070386946201324,-0.07106469571590424,-0.2979889512062073,0.11332450807094574,0.037556085735559464,0.19521939754486084,0.008026286028325558,-0.27032479643821716,-0.048660945147275925,-0.06369386613368988,0.08718644082546234,0.16373734176158905,-0.019288158044219017,-0.08311738073825836,0.27036252617836,-0.3913000226020813,0.4236065447330475,0.14170651137828827,0.035871684551239014,-0.25723472237586975,0.08375577628612518,-0.014864970929920673,-0.357230007648468,0.0944884642958641,0.43662405014038086,-0.20246043801307678,0.11113792657852173,-0.15209642052650452,0.5380157232284546,-0.08543743193149567,-0.02014853060245514,-0.10765783488750458,0.033952515572309494,-0.042679596692323685,-0.43888330459594727,-0.26800763607025146,-0.21211466193199158,0.17344067990779877,0.28799372911453247,0.01143114548176527,0.022177698090672493,0.18288612365722656,0.11248710006475449,-0.013969200663268566,-0.08759212493896484,-0.2207542210817337,0.19075241684913635,0.005367596633732319,0.20947125554084778,-0.5997835993766785,0.3044890761375427,-0.056190598756074905,0.12069134414196014,0.02060549333691597,0.12461252510547638,-0.14882829785346985
CID000002244,25,-0.0017649568617343903,-0.05438675731420517,0.06371863186359406,-0.018349161371588707,0.288222074508667,0.3887729048728943,-0.19409310817718506,-0.12948016822338104,-0.281979501247406,-0.09168187528848648,0.17778392136096954,-0.2743932604789734,0.21920962631702423,-0.2983359098434448,0.23061910271644592,0.009003229439258575,-0.01592639461159706,0.2954399883747101,0.03243211656808853,0.14380359649658203,-0.20856447517871857,0.5588908791542053,0.1590265929698944,-0.10597994178533554,0.08671306073665619,-0.14907315373420715,-0.07492858916521072,0.05216192081570625,0.040722910314798355,0.2030317783355713,-0.002622907981276512,-0.23936347663402557,-0.09111390262842178,-0.07151152938604355,-0.6179770231246948,0.002820486668497324,-0.29116877913475037,-0.20267531275749207,-0.1876818984746933,-0.12018249183893204,0.1981733739376068,-0.07048577070236206,-0.32523855566978455,-0.2840464413166046,0.07796473801136017,-0.11048407852649689,0.011133229359984398,0.21050889790058136,0.1151793971657753,-0.08732041716575623,-0.12675181031227112,0.11796291172504425,-0.07542361319065094,-0.0547633059322834,0.09802891314029694,0.041659604758024216,-0.11081955581903458,0.025043141096830368,0.1817002296447754,0.021279383450746536,-0.9855676889419556,0.07505720853805542,-0.27160316705703735,0.3085026144981384,0.02681766077876091,0.03721574321389198,-0.30872827768325806,0.12827274203300476,-0.05162390321493149,-0.022562600672245026,-0.23486748337745667,0.046047646552324295,0.13307443261146545,-0.11704294383525848,0.11508756875991821,-0.11270567029714584,0.04585733264684677,-0.005411964841187,0.16962681710720062,0.08115975558757782,-0.2719953656196594,-0.05665450543165207,-0.0856572613120079,0.005768810398876667,-0.19208168983459473,0.04504562169313431,-0.10655242204666138,0.002565670059993863,0.4160817265510559,-0.08629601448774338,-0.023235004395246506,0.0610898956656456,-0.012121329084038734,0.06812179088592529,-0.4661675989627838,0.06070943549275398,0.008899301290512085,0.24976715445518494,-0.019396904855966568,-0.24211125075817108,0.306672602891922,0.01651855744421482,-0.25243380665779114,-0.05599912256002426,-0.016560781747102737,0.05732991546392441,-0.46634531021118164,0.1947648823261261,0.15929436683654785,0.12262240797281265,0.1404344141483307,0.042710889130830765,0.3052067756652832,-0.06754161417484283,0.04929923266172409,0.014504030346870422,0.17701736092567444,-0.07694137096405029,0.05897708609700203,0.19219747185707092,-0.11690660566091537,-0.7272602915763855,0.06844369322061539,-0.3160853981971741,-0.5471804738044739,-0.10732273012399673,-0.10108403861522675,0.31574565172195435,0.15905354917049408,-0.005244863219559193,-0.006729841232299805,-0.09315647184848785,-0.5146218538284302,-0.3514380156993866,-0.2812640964984894,-0.056267689913511276,0.29211243987083435,-0.0190966185182333,0.1038265973329544,0.1937192976474762,0.012911302037537098,-0.022737139835953712,-0.3556510806083679,0.03838048130273819,-0.06129782274365425,0.07124782353639603,-0.028159350156784058,0.07659059762954712,-0.11870291084051132,0.4167170524597168,0.06085476279258728,0.17195147275924683,-0.08251902461051941,0.15691521763801575,-0.19158737361431122,-0.08769486844539642,-0.1748884916305542,-0.2780730724334717,-0.05255674198269844,-0.045699816197156906,0.19321052730083466,0.14552044868469238,-1.0038796663284302,-0.02180791273713112,0.24291595816612244,0.21043936908245087,-0.2530258595943451,-0.025178944692015648,0.2303791493177414,0.17853303253650665,-0.08813393115997314,-0.11967344582080841,0.31363970041275024,0.06332743167877197,-0.10917191207408905,0.10508570820093155,0.29873722791671753,0.21151438355445862,-0.43132367730140686,-0.1948634833097458,0.38211682438850403,0.25941652059555054,0.07677510380744934,0.04606340453028679,-0.08348741382360458,0.03407401219010353,-0.31141793727874756,0.1147259846329689,0.5696145296096802,0.019544025883078575,0.09987553209066391,-0.35433486104011536,-0.052980147302150726,0.07359210401773453,-0.14249791204929352,0.37213391065597534,0.04591434821486473,-0.12345006316900253,0.029111575335264206,0.09194536507129669,0.03159106522798538,-0.03380353003740311,-0.2924410104751587,0.02836763858795166,-0.16640397906303406,0.2678951621055603,-0.06732425093650818,0.013324171304702759,0.0647834837436676,-0.08064951747655869,0.2211812436580658,-0.011575567536056042,0.13174310326576233,-0.08275993168354034,0.008505093865096569,-0.06770848482847214,0.3779224753379822,-0.0836448073387146,-0.024724578484892845,-0.19183191657066345,-0.05792136862874031,0.026606446132063866,-0.6188846826553345,0.22972479462623596,0.3353721797466278,-0.17652049660682678,0.015721172094345093,-0.13847285509109497,0.7226459980010986,0.09526348114013672,-0.23502075672149658,-0.14025762677192688,-0.07945156842470169,-0.039093293249607086,-0.6521601676940918,-0.14221405982971191,-0.04997827485203743,0.2782711684703827,0.031427282840013504,-0.140956848859787,-0.2405325472354889,0.1856417953968048,0.06402251124382019,0.0022731602657586336,-0.016246521845459938,-0.3286065459251404,0.2742278575897217,-0.15397658944129944,-0.21355469524860382,-0.6328436136245728,0.01482769288122654,0.1363489329814911,0.1776135414838791,0.0624089352786541,0.08640590310096741,-0.045404814183712006
CID000002806,26,-0.06633736193180084,-0.11938637495040894,0.0978785827755928,-0.006360119674354792,0.41131967306137085,0.3981723189353943,-0.14336837828159332,0.05384334921836853,-0.16614177823066711,-0.285370796918869,-0.02893652394413948,-0.24948613345623016,0.2480579912662506,-0.20577581226825714,0.01245245710015297,0.10270112752914429,0.03603988140821457,0.36366432905197144,0.12761728465557098,0.0010526239639148116,-0.22714368999004364,0.14511097967624664,0.20069968700408936,0.004557999782264233,0.2860233187675476,-0.016157953068614006,0.09333891421556473,0.017587408423423767,-0.10851959884166718,0.284093976020813,-0.11435621976852417,-0.019496116787195206,-0.17597836256027222,-0.03656524419784546,-0.30685386061668396,-0.03682310879230499,-0.09460706263780594,-0.3341212570667267,-0.14239993691444397,-0.09608207643032074,0.24534758925437927,0.22092950344085693,-0.24996046721935272,-0.3135755658149719,0.12381533533334732,-0.016023050993680954,-0.013164343312382698,0.06451807171106339,-0.04774792492389679,-0.1354229748249054,-0.24033793807029724,0.13483211398124695,-0.11645853519439697,-0.16635002195835114,0.023789823055267334,-0.11005061864852905,0.09646092355251312,-0.18557675182819366,0.029796723276376724,-0.07628782838582993,-0.870361328125,0.22151756286621094,-0.31841254234313965,0.1074119582772255,0.13954713940620422,0.13457855582237244,-0.1605035364627838,0.13552303612232208,0.14963588118553162,0.07358269393444061,-0.14720778167247772,0.1813630759716034,0.010513578541576862,-0.16293209791183472,0.05972592160105705,-0.08032146841287613,-0.1285851150751114,0.13960866630077362,0.11553609371185303,-0.04340212792158127,-0.24944715201854706,-0.00744387973099947,-0.2752436399459839,-0.19244062900543213,-0.12435905635356903,-0.05524430796504021,-0.21019215881824493,-0.06619248539209366,0.3373377323150635,-0.010148100554943085,-0.02106449007987976,-0.1842559576034546,-0.07944773137569427,-0.01629027910530567,-0.4011513292789459,-0.008285085670650005,-0.30809348821640015,0.43820905685424805,0.1268680989742279,-0.2335374802350998,0.23099544644355774,0.253815621137619,-0.12932275235652924,0.17997530102729797,-0.20423749089241028,0.03997934237122536,-0.21705500781536102,0.19723603129386902,-0.05224816873669624,0.2823343276977539,0.07162188738584518,0.028669480234384537,0.4747318625450134,-0.02189459279179573,-0.022611459717154503,0.01906641758978367,-0.013207110576331615,-0.09379912167787552,0.08363918960094452,0.1616910994052887,-0.055793482810258865,-0.5566898584365845,0.083213210105896,-0.3384019434452057,-0.4879329800605774,0.04950595647096634,-0.08010945469141006,0.4541088044643402,0.2123049795627594,0.027769584208726883,0.11621002107858658,0.03632505238056183,-0.46992117166519165,-0.2662225663661957,-0.10282561928033829,-0.16987162828445435,0.3148685097694397,0.019039010629057884,-0.07992550730705261,0.24060161411762238,-0.20138880610466003,0.17020419239997864,-0.08987802267074585,0.04940105974674225,0.055216915905475616,0.04565424472093582,-0.003856286406517029,0.07516177743673325,-0.20260250568389893,0.13059119880199432,0.05977775901556015,0.04671154171228409,-0.15539489686489105,0.13740788400173187,-0.022682439535856247,0.09450509399175644,-0.1621341109275818,-0.32524245977401733,0.16506637632846832,0.09503152221441269,0.3994848132133484,-0.046073608100414276,-0.8332111239433289,0.061090536415576935,0.20013999938964844,0.2921674847602844,-0.18404944241046906,-0.10510947555303574,0.2358306348323822,-0.12059351056814194,0.028189068660140038,0.012296043336391449,0.3895784020423889,-0.12079551070928574,-0.13909415900707245,0.04226600006222725,0.13767343759536743,0.14181677997112274,-0.47587934136390686,-0.13591739535331726,0.3246699571609497,0.31199175119400024,0.09945006668567657,-0.07039538770914078,-0.07114055752754211,0.02138666808605194,-0.33304816484451294,0.0563923642039299,0.2848179042339325,-0.020685046911239624,-0.007901528850197792,-0.08202805370092392,-0.05386529117822647,-0.09903556108474731,-0.12313486635684967,0.4345178008079529,0.2016303837299347,0.037854548543691635,-0.046385861933231354,-0.08972574770450592,0.033354662358760834,0.0705147385597229,-0.09346058964729309,0.06256835907697678,-0.13117927312850952,0.18623732030391693,0.06428945064544678,-0.38036710023880005,-0.12941384315490723,-0.09340568631887436,-0.08637438714504242,0.3693578839302063,0.023027358576655388,0.07433409988880157,0.20153245329856873,0.011968858540058136,0.2222003936767578,0.13682612776756287,-0.027848348021507263,-0.23990073800086975,-0.08189065754413605,-0.06297958642244339,-0.34086331725120544,0.07050881534814835,0.26498526334762573,0.04008857160806656,0.20936298370361328,-0.3101370334625244,0.5905963182449341,0.14026705920696259,-0.20937156677246094,-0.22546084225177765,-0.16247069835662842,-0.044120438396930695,-0.3549729287624359,-0.22742100059986115,-0.1850104033946991,0.02170022949576378,0.17341753840446472,-0.18327388167381287,0.06715607643127441,0.09552210569381714,0.09521616995334625,-0.06973877549171448,0.057843901216983795,-0.12901513278484344,0.17174100875854492,-0.16431082785129547,0.09325872361660004,-0.4979366362094879,0.17520245909690857,-0.016455281525850296,0.10552159696817398,0.044379912316799164,-0.035086244344711304,-0.19151529669761658
CID000003446,27,-0.33696818351745605,-0.3511321544647217,-0.010248703882098198,0.021860474720597267,0.26997503638267517,0.4819023609161377,-0.02085072547197342,-0.2593786120414734,-0.4911734461784363,-0.3416469097137451,0.049869321286678314,-0.5003129839897156,0.4563097357749939,-0.24624040722846985,-0.05545626953244209,-0.13200491666793823,0.1536037027835846,0.2820950150489807,0.1900789737701416,0.08205342292785645,0.13641487061977386,-0.019742948934435844,-0.004127112217247486,0.12463565170764923,-0.19764313101768494,-0.07069449126720428,0.23847730457782745,-0.28556135296821594,-0.011944279074668884,0.5062161684036255,-0.012727105990052223,-0.21414053440093994,-0.06277556717395782,-0.06823261082172394,-0.5447365045547485,0.014226049184799194,-0.38345447182655334,-0.35230574011802673,-0.08845080435276031,0.03621574118733406,0.11270195245742798,0.10782752186059952,-0.04438548535108566,-0.4366135001182556,0.5032351016998291,0.17691810429096222,0.048151612281799316,0.32830876111984253,-0.07372474670410156,0.019624870270490646,-0.5437737703323364,0.09338684380054474,-0.11061863601207733,-0.23965485394001007,0.131332665681839,-0.1507229506969452,0.03581023961305618,-0.2708996832370758,0.20031976699829102,0.15319107472896576,-0.9934585690498352,0.07484281808137894,-0.1424056440591812,0.4678652286529541,-0.06438551843166351,0.24540403485298157,-0.11967048794031143,0.2467508763074875,0.4178825914859772,0.08759087324142456,0.015641454607248306,0.1998727023601532,-0.04952486231923103,0.06492176651954651,0.4108924865722656,-0.01784581132233143,0.04995333030819893,0.5756269693374634,0.2034274786710739,0.15190406143665314,-0.19852569699287415,0.08167295157909393,-0.29948869347572327,-0.06837470829486847,0.09426012635231018,0.1021004319190979,-0.34000396728515625,-0.06702958047389984,0.5523048043251038,0.1773337572813034,-0.257193386554718,-0.12666943669319153,-0.1427672654390335,0.05973624065518379,-0.5413118600845337,-0.02753482386469841,-0.350558340549469,0.485897958278656,0.2741881012916565,-0.48722004890441895,0.32422906160354614,0.4049660265445709,0.1528596729040146,0.14467889070510864,-0.2838382124900818,-0.0428953692317009,-0.2359822690486908,0.18751366436481476,0.16162732243537903,0.15994442999362946,-0.10650720447301865,-0.035619672387838364,0.5532168745994568,-0.14990215003490448,-0.011947868391871452,0.02701753005385399,-0.052203647792339325,-0.443348228931427,0.3582642078399658,0.08320452272891998,0.13741442561149597,-0.5703786611557007,0.056790582835674286,-0.18058724701404572,-0.4168983995914459,0.11704885959625244,-0.023817654699087143,0.2918916642665863,0.19287551939487457,-0.3394917845726013,-0.07625619322061539,0.019767526537179947,-0.5653505325317383,-0.5348711013793945,-0.028703883290290833,-0.10368293523788452,0.18518993258476257,-0.13069576025009155,0.03549422696232796,-0.1869930624961853,-0.31691867113113403,0.31699472665786743,0.17686010897159576,-0.021351773291826248,0.20014624297618866,0.3546832203865051,-0.2335824966430664,0.1254952847957611,0.26092883944511414,-0.2092050015926361,0.016474267467856407,-0.1420011818408966,0.23299069702625275,0.16427472233772278,0.3457346558570862,0.2589346170425415,0.006609877105802298,-0.37099939584732056,0.010074056684970856,0.019453123211860657,0.07451952993869781,-0.3394041359424591,-0.8354053497314453,-0.15713316202163696,0.2930428385734558,0.2878255248069763,-0.19896292686462402,0.23858225345611572,0.17121556401252747,-0.07197356969118118,-0.1596306562423706,0.07893665134906769,0.6168402433395386,-0.31436586380004883,-0.18476912379264832,0.1755588948726654,-0.23671309649944305,0.15812154114246368,-0.44442829489707947,-0.21050579845905304,0.25168079137802124,0.5910462141036987,-0.1695089042186737,-0.25511497259140015,-0.029344160109758377,-0.2114175260066986,-0.4302077889442444,-0.059267234057188034,0.39916616678237915,0.1508665829896927,-0.029829178005456924,-0.12212109565734863,-0.09412483870983124,-0.2936531603336334,-0.3013613522052765,0.34353333711624146,0.2973995804786682,0.07074804604053497,-0.5429146885871887,-0.19900915026664734,0.047377921640872955,0.07569557428359985,-0.4153057634830475,-0.06250254064798355,-0.040356870740652084,0.08153527975082397,-0.16282734274864197,-0.22618035972118378,-0.5806612372398376,-0.141680508852005,-0.040185410529375076,0.031349413096904755,-0.050240837037563324,0.06159539148211479,0.007356052286922932,-0.055080920457839966,0.5393165349960327,0.16582690179347992,-0.06018710881471634,-0.04446611553430557,0.23517338931560516,-0.04345386102795601,-0.5516642928123474,-0.07636614143848419,0.6183226704597473,0.21311640739440918,0.1984231173992157,-0.2569022476673126,0.7438743710517883,0.36925017833709717,0.2789926528930664,-0.23068121075630188,-0.1392383575439453,-0.20139393210411072,-0.24018442630767822,-0.2044651210308075,0.26386556029319763,0.3223491609096527,-0.10940293967723846,-0.08819451183080673,-0.08521862328052521,0.2467600405216217,0.29105931520462036,0.18673297762870789,-0.0076841264963150024,-0.29178616404533386,0.16320234537124634,0.08741644769906998,-0.0525483675301075,-0.6281639337539673,0.031164580956101418,0.46676191687583923,0.47902265191078186,-0.11951512098312378,0.009703034535050392,-0.14292027056217194
CID000005352,28,-0.1254088133573532,0.0012444437015801668,-0.07455334067344666,-0.11904238164424896,0.3719711899757385,0.28947144746780396,0.02798495627939701,0.07388640940189362,-0.2736912965774536,-0.2528938353061676,-0.1281784027814865,-0.30349627137184143,0.06727166473865509,-0.12726084887981415,-0.039740901440382004,0.10691724717617035,0.0018184423679485917,0.30782392621040344,0.2611323297023773,0.0523928701877594,0.09007681906223297,0.18787510693073273,0.11380275338888168,0.042342670261859894,-0.03273185342550278,-0.05757011100649834,0.18239262700080872,-0.07928762584924698,-0.0887405127286911,0.24447134137153625,-0.04005144163966179,-0.22598810493946075,-0.13904234766960144,0.030997181311249733,-0.5195196866989136,-0.08469449728727341,-0.1940813809633255,-0.23594503104686737,-0.04901620000600815,0.031880393624305725,0.05009417608380318,0.04215134307742119,-0.11058001220226288,-0.30489933490753174,0.10352519899606705,-0.16444525122642517,0.09359942376613617,0.17443038523197174,-0.26350122690200806,-0.07361997663974762,-0.15448348224163055,-0.004037361592054367,0.013420338742434978,-0.1358584612607956,0.06603117287158966,0.05457908660173416,-0.13593630492687225,-0.16196703910827637,0.09479884803295135,-0.05121516063809395,-1.0154093503952026,0.027934277430176735,-0.40458908677101135,0.3234626352787018,-0.03092794492840767,0.05187777429819107,-0.03318037837743759,0.32123392820358276,0.027866477146744728,0.09908407926559448,0.016187172383069992,0.0034716271329671144,0.028167307376861572,-0.08111822605133057,0.14596286416053772,-0.010126893408596516,-0.016011347994208336,0.0378926582634449,0.22729285061359406,-0.16749653220176697,-0.1396661400794983,0.18761731684207916,-0.26091569662094116,-0.09237104654312134,-0.07545044273138046,-0.15067175030708313,-0.12272341549396515,-0.27135223150253296,0.23902933299541473,0.10238750278949738,0.10647460073232651,-0.04190509393811226,-0.0654468834400177,-0.017386455088853836,-0.4635746479034424,-0.049854837357997894,-0.2541986405849457,0.37339285016059875,0.06067950278520584,-0.28241032361984253,0.19020886719226837,0.14192751049995422,-0.14126522839069366,0.013161098584532738,-0.17063304781913757,0.02423292025923729,-0.3308876156806946,0.2516534924507141,-0.08417931944131851,0.09729530662298203,-0.12435410916805267,0.04107283800840378,0.274762362241745,-0.019324103370308876,-0.05605654790997505,0.13695934414863586,-0.10865750163793564,-0.10969199985265732,0.10134553909301758,0.1668785810470581,-0.05025973170995712,-0.6039368510246277,0.013645115308463573,-0.24850018322467804,-0.38316792249679565,0.07733077555894852,0.0026752217672765255,0.2636747360229492,0.1176476702094078,-0.04314110428094864,-0.05719217658042908,0.12726141512393951,-0.5193794965744019,-0.248037189245224,0.1277911365032196,-0.22094199061393738,0.041758954524993896,0.003059989307075739,-0.08918417990207672,0.1590231955051422,-0.10301890224218369,0.16549286246299744,0.012980145402252674,-0.06830845773220062,0.005532997660338879,0.11995692551136017,-0.15725623071193695,-0.10292869806289673,0.07957156002521515,0.14293332397937775,0.027773672714829445,0.04845917969942093,0.08451305329799652,0.0819210410118103,0.1323045790195465,0.09545132517814636,-0.19479212164878845,-0.3503289222717285,0.037473101168870926,0.10741166770458221,0.1910235583782196,-0.03658052533864975,-0.845273494720459,0.04556795954704285,0.13392195105552673,0.2809257507324219,-0.15375342965126038,-0.23737916350364685,0.14807197451591492,-0.03636350482702255,-0.039830055087804794,0.013724091462790966,0.30694466829299927,0.06022694706916809,-0.03432184085249901,0.10945133119821548,-0.05591524764895439,0.10943420976400375,-0.538619875907898,0.004224162083119154,0.3094448447227478,0.2922482192516327,-0.009325731545686722,-0.033690545707941055,0.01016678474843502,-0.02367861196398735,-0.2028045654296875,0.07356436550617218,0.3645741641521454,-0.08401959389448166,0.09968544542789459,0.11443071067333221,-0.29613620042800903,-0.11794452369213104,-0.15318335592746735,0.21980175375938416,0.17658069729804993,0.08855003863573074,-0.08839114010334015,0.08615069836378098,-0.006679995451122522,-0.08081646263599396,-0.05810924619436264,0.21333031356334686,-0.13716813921928406,0.13015086948871613,-0.02641105279326439,-0.12905868887901306,-0.013386194594204426,0.18143515288829803,-0.02271806262433529,0.0812951847910881,-0.013433389365673065,-0.03499292582273483,0.1620667725801468,0.22982676327228546,0.3553466200828552,0.231069877743721,-0.08744824677705765,-0.3446594178676605,-0.01584789529442787,-0.0522218719124794,-0.3095822334289551,0.0019139826763421297,0.23347875475883484,-0.06875598430633545,0.11976222693920135,-0.35590219497680664,0.6308454275131226,0.05122620612382889,-0.18663756549358368,-0.10883542150259018,-0.07111339271068573,-0.14397583901882172,-0.5526552796363831,-0.18368375301361084,-0.2011018991470337,0.10332678258419037,0.18399553000926971,-0.2115633189678192,-0.058216642588377,-0.04464254528284073,0.06292636692523956,0.12436755001544952,-0.026623118668794632,-0.04316690191626549,0.13566561043262482,-0.1810087114572525,-0.06617031246423721,-0.6492578387260437,0.10891427844762802,0.09655983000993729,0.2613227963447571,-0.08452821522951126,-0.03954949229955673,-0.01132021564990282
CID000004112,29,-0.12126489728689194,0.047368526458740234,0.06767978519201279,-0.012387499213218689,0.291140079498291,0.3294789493083954,0.006501138210296631,0.039227552711963654,-0.30192631483078003,-0.08588386327028275,0.1761317104101181,-0.34090909361839294,0.3349531590938568,-0.2515617609024048,0.000870263553224504,0.0366499200463295,-0.13965414464473724,0.18253390491008759,0.10712113231420517,-0.2733110785484314,-0.1076364517211914,0.07936367392539978,0.06582507491111755,-0.0999673381447792,0.09552314132452011,-0.11493067443370819,0.11355731636285782,-0.07935473322868347,-0.10187910497188568,0.3185833692550659,-0.24011680483818054,-0.20139563083648682,-0.14603306353092194,-0.0644732341170311,-0.36746177077293396,-0.05697640776634216,-0.29139894247055054,-0.327067106962204,-0.08468480408191681,-0.12861719727516174,0.12388797104358673,-0.1212063804268837,-0.1433846801519394,-0.1583024263381958,0.33090266585350037,-0.1475597470998764,-0.107383593916893,-0.19822052121162415,-0.1726715862751007,-0.13764381408691406,-0.3833550810813904,0.11489256471395493,-0.10139274597167969,-0.06542818248271942,-0.027530383318662643,0.02455444261431694,0.03996330499649048,-0.2038167268037796,0.09702615439891815,0.22101803123950958,-0.9220945239067078,0.1367819607257843,-0.28706806898117065,0.22154125571250916,-0.044892020523548126,0.2510755658149719,-0.19818341732025146,0.08390890806913376,-0.004711523652076721,0.24427135288715363,-0.10747288167476654,0.24186745285987854,0.07810773700475693,-0.050804316997528076,0.13230647146701813,-0.01770791970193386,0.032920561730861664,0.18998479843139648,-0.06523339450359344,0.040305979549884796,-0.1345672309398651,0.1707543432712555,-0.2535861134529114,0.02002730965614319,-0.023060256615281105,0.09619757533073425,-0.2559160590171814,0.030873978510499,0.43015575408935547,-0.0825749859213829,-0.09955582022666931,-0.08164244890213013,-0.13027383387088776,-0.10919696092605591,-0.49273881316185,0.07688455283641815,-0.028738033026456833,0.316239595413208,0.18569335341453552,-0.355980783700943,0.2843703627586365,0.10399532318115234,-0.09997797012329102,-0.11665196716785431,-0.2072647511959076,0.12509892880916595,-0.2657354772090912,0.25380000472068787,-0.1847241371870041,0.3284452557563782,0.22495801746845245,0.0969957560300827,0.414172500371933,0.005670598242431879,-0.09101735055446625,-0.10638366639614105,-0.12485015392303467,-0.2824646532535553,0.09299540519714355,0.0662628561258316,-0.06422850489616394,-0.5918142795562744,0.11545763164758682,-0.2279272824525833,-0.6576813459396362,0.12472386658191681,0.011213092133402824,0.28695932030677795,0.23700861632823944,0.12020863592624664,0.08583762496709824,-0.0004385531065054238,-0.511009931564331,-0.3018517792224884,0.06615351140499115,-0.16863751411437988,0.14567343890666962,-0.383211612701416,0.06303124129772186,-0.005866137333214283,-0.1564427614212036,0.395415723323822,-0.05768144875764847,0.009591317735612392,-0.09693650156259537,-0.1054309755563736,-0.08993413299322128,-0.17769426107406616,-0.2127426564693451,0.000882565975189209,0.0577620267868042,0.15230293571949005,0.027674788609147072,0.18136247992515564,-0.02357129380106926,0.030689070001244545,-0.1400846391916275,-0.4126758575439453,0.06502927839756012,0.15678000450134277,0.17642028629779816,-0.04640766605734825,-0.7511671781539917,0.0444638691842556,0.24011078476905823,0.30346745252609253,-0.14383038878440857,-0.11926565319299698,0.26046624779701233,0.12588374316692352,-0.02808327041566372,-0.23989887535572052,0.3225933909416199,0.032442860305309296,-0.18197880685329437,-0.12494178861379623,0.0630500465631485,0.21011364459991455,-0.40457582473754883,-0.07395508140325546,0.2807486653327942,0.40420955419540405,0.09370110183954239,0.00912884809076786,-0.03761427849531174,-0.06167716905474663,-0.38651642203330994,-0.09863074123859406,0.23511794209480286,-0.05357671529054642,0.1303015798330307,-0.18638156354427338,-0.17333287000656128,-0.16130201518535614,-0.11221400648355484,0.2840282917022705,-0.056253571063280106,0.11459565162658691,-0.25627654790878296,-0.15534915030002594,0.03411402180790901,-0.0776299387216568,-0.23920395970344543,0.14877241849899292,-0.08988238871097565,0.19583673775196075,0.052771639078855515,-0.08939420431852341,-0.10569600015878677,0.18255290389060974,0.04095695912837982,0.12791696190834045,-0.04696738347411156,0.08594024181365967,0.11614851653575897,0.00744022149592638,0.41603270173072815,0.04577747732400894,-0.007830614224076271,-0.2853356897830963,0.017766693606972694,-0.04296540096402168,-0.3194578289985657,0.05102241784334183,0.2786087393760681,0.028348883613944054,0.25695398449897766,-0.37405672669410706,0.524880588054657,0.15331585705280304,-0.09289819002151489,-0.15469351410865784,0.03712105005979538,-0.08645405620336533,-0.41664594411849976,-0.2521105408668518,-0.2571438252925873,0.07248592376708984,0.3799576759338379,0.07896528393030167,-0.007410767488181591,0.03931286558508873,0.18756946921348572,-0.15648877620697021,0.10338985919952393,-0.08676903694868088,0.20015394687652588,-0.08296239376068115,0.017391199246048927,-0.5661379098892212,0.14714190363883972,0.16189426183700562,0.04274969920516014,-0.04421960189938545,0.13565701246261597,-0.09342970699071884
CID000004635,30,0.1240934357047081,0.13951747119426727,0.019099414348602295,-0.2841300368309021,0.5122477412223816,0.320179283618927,-0.11408917605876923,0.14775702357292175,-0.4100066125392914,-0.28755050897598267,0.1776885986328125,-0.8058797717094421,-0.15075430274009705,-0.45531076192855835,-0.09100568294525146,0.11380920559167862,0.35504239797592163,-0.23355050384998322,0.0768384039402008,-0.023133916780352592,0.24549460411071777,-0.10950871556997299,0.050991665571928024,0.19386669993400574,-0.042167603969573975,-0.13478179275989532,-0.06565642356872559,-0.023559892550110817,-0.013404401950538158,0.45570582151412964,-0.19798031449317932,-0.059368837624788284,0.3310917615890503,-0.01920277439057827,-0.5363442897796631,-0.1707313060760498,-0.3756800889968872,-0.18684132397174835,-0.07411549240350723,0.08109425008296967,0.1317680925130844,0.34971165657043457,-0.28210532665252686,-0.1891772449016571,0.1397753655910492,0.18564777076244354,-0.2171194851398468,-0.01128226239234209,0.12912996113300323,-0.07596442848443985,-0.20888729393482208,-0.22131867706775665,-0.25563424825668335,-0.16996446251869202,0.005476507358253002,0.0835702195763588,-0.041443925350904465,-0.019262757152318954,0.6990917325019836,-0.007094833068549633,-0.7731698751449585,0.1738450974225998,-0.329941064119339,0.03935118019580841,0.030619511380791664,0.49832457304000854,-0.3399115204811096,0.009705588221549988,0.09352190792560577,0.0585135743021965,-0.03330766409635544,0.2019716203212738,0.11029088497161865,0.35293102264404297,0.13433805108070374,0.16329807043075562,-0.1295749396085739,0.11641152948141098,0.15139341354370117,-0.29252734780311584,-0.434096097946167,-0.16410090029239655,0.01184586901217699,-0.08238105475902557,-0.05200665444135666,-0.1269189715385437,-0.29117351770401,0.115018829703331,0.3855021297931671,0.1009424701333046,-0.009338954463601112,-0.13787201046943665,0.17326146364212036,-0.04349186271429062,-0.6026485562324524,0.0028519139159470797,-0.08567847311496735,0.42609715461730957,0.05907275527715683,-0.4142424464225769,0.37439364194869995,0.11229395866394043,0.017072094604372978,0.17235611379146576,-0.180021271109581,0.11170989274978638,-0.3901526629924774,0.3685348331928253,0.08684060722589493,0.04470587149262428,-0.18415842950344086,0.09191687405109406,0.19200614094734192,-0.07791241258382797,0.17148661613464355,0.21812386810779572,-0.16462965309619904,-0.33039671182632446,0.021830856800079346,0.08858801424503326,-0.16116373240947723,-0.7087299227714539,-0.2008429318666458,-0.1557023525238037,-0.29093241691589355,-0.20784230530261993,0.21777820587158203,0.08996542543172836,0.14002028107643127,0.10944017022848129,-0.15190570056438446,0.22912099957466125,-0.5200808644294739,-0.3371708393096924,-0.21204142272472382,-0.2408272922039032,0.12166792154312134,-0.1401597559452057,-0.09067141264677048,-0.3980514407157898,0.23464016616344452,0.04783285781741142,0.0014369189739227295,-0.09919115155935287,0.24049046635627747,-0.13150712847709656,-0.10994837433099747,0.1738688200712204,0.24481651186943054,-0.043377988040447235,0.05155162885785103,-0.25843629240989685,-0.07835406810045242,-0.11612920463085175,0.038745347410440445,-0.01157279685139656,-0.04174264520406723,-0.3472304940223694,-0.11566255241632462,-0.15438133478164673,-0.0606224425137043,0.0919656753540039,-0.8210446238517761,0.01684153452515602,0.29815107583999634,0.16149917244911194,-0.06941904127597809,0.0762806385755539,-0.06083773449063301,-0.2868224084377289,-0.047770846635103226,0.03350163623690605,0.6729193329811096,-0.1751360297203064,-0.28407856822013855,-0.19235065579414368,0.1469345986843109,-0.00056114123435691,-0.4111047387123108,0.35267719626426697,0.19614431262016296,0.22207960486412048,0.06199061870574951,0.07599298655986786,0.048015445470809937,0.024216854944825172,-0.03361516073346138,0.0027055740356445312,0.6000943779945374,0.1293019950389862,0.3150191605091095,-0.34731146693229675,-0.05980367586016655,-0.3388054370880127,-0.43911609053611755,0.8330584764480591,0.009104108437895775,0.13366952538490295,-0.7001085877418518,-0.2872392237186432,0.2751382887363434,-0.4396544396877289,-0.5039675831794739,0.06568698585033417,0.18893921375274658,0.5782690048217773,-0.10655301809310913,-0.3104963004589081,-0.06777803599834442,-0.14546076953411102,0.09940055012702942,0.009492024779319763,-0.043094880878925323,0.15596593916416168,0.1245492473244667,-0.1777886152267456,0.6109448671340942,0.26649290323257446,-0.08437374979257584,-0.10949784517288208,-0.1434662640094757,0.01842082478106022,-0.43681296706199646,0.2164631187915802,0.04729176312685013,0.2736903727054596,0.13782772421836853,-0.11723270267248154,0.7494739890098572,-0.13001231849193573,-0.04062674194574356,-0.24775990843772888,-0.12521544098854065,0.08950518071651459,-0.4520823061466217,-0.32757893204689026,0.1266385018825531,0.24576525390148163,-0.20654816925525665,0.0788087248802185,-0.3582531213760376,-0.014932083897292614,0.040869493037462234,0.21060363948345184,0.21095497906208038,-0.3802008032798767,0.8448578119277954,0.027389883995056152,-0.03328949958086014,-0.7995873093605042,0.01887747272849083,0.13263633847236633,0.33337754011154175,0.13230864703655243,-0.09607981145381927,0.0025605112314224243
CID000002088,31,0.06133229658007622,-0.3332896828651428,0.15707972645759583,0.09446670860052109,0.3265863060951233,0.45395326614379883,-0.1544470489025116,-0.16133975982666016,-0.4578333795070648,-0.05776960775256157,-0.05875929445028305,-0.4750550389289856,0.34564346075057983,-0.1375426948070526,0.20271053910255432,0.13806968927383423,0.3089810609817505,0.23480519652366638,0.08243284374475479,-0.28786203265190125,0.30947524309158325,0.05482164025306702,0.10932393372058868,-0.1085316389799118,-0.13893626630306244,0.008086967281997204,0.19539353251457214,0.13628356158733368,0.05670149251818657,0.3981265723705292,-0.10083482414484024,-0.04050486534833908,0.04745636507868767,0.0521402470767498,-0.37038934230804443,-0.10969318449497223,-0.4405418336391449,-0.2058103084564209,-0.08717461675405502,0.17094910144805908,0.26247960329055786,0.10796443372964859,-0.24146568775177002,-0.27792131900787354,0.3745056092739105,-0.16287319362163544,0.13003885746002197,0.022136759012937546,0.020951712504029274,-0.39771291613578796,-0.5861555337905884,0.14032462239265442,-0.2706029415130615,-0.19685693085193634,0.10256262123584747,-0.0485556498169899,-0.039192356169223785,-0.14360006153583527,0.28599366545677185,0.07572676986455917,-0.9853518605232239,-0.008745705708861351,-0.3266361355781555,0.1811094582080841,-0.02582715079188347,0.10389502346515656,-0.07190094888210297,0.22853043675422668,-0.13810697197914124,-0.002056822180747986,-0.39365512132644653,-0.15678486227989197,-0.24363493919372559,-0.16992446780204773,0.3730499744415283,-0.2491568624973297,0.010966017842292786,0.1265314370393753,-0.365817129611969,-0.1069592833518982,-0.25069355964660645,0.034877289086580276,-0.1652279943227768,-0.23482897877693176,-0.05634014680981636,-0.23592813313007355,-0.1957661360502243,-0.14173516631126404,0.7322896122932434,0.045551348477602005,-0.5231661200523376,-0.231169193983078,0.03028402291238308,-0.12970276176929474,-0.5994904041290283,-0.0482872799038887,0.011087596416473389,0.2803504467010498,0.19942060112953186,-0.19414806365966797,0.18697527050971985,0.377541720867157,0.008318913169205189,0.14107654988765717,-0.17805233597755432,0.2153506726026535,-0.2914103865623474,0.09149207174777985,-0.019539106637239456,0.10397498309612274,-0.07993975281715393,0.16677634418010712,0.5783089399337769,0.2923022210597992,0.1402699202299118,0.07673285901546478,-0.3543996214866638,-0.47396087646484375,0.45096078515052795,-0.029977474361658096,0.41891852021217346,-0.9280346632003784,0.29107099771499634,0.11696646362543106,-0.3723725378513336,0.2505902647972107,0.0299318078905344,0.46778422594070435,0.23282285034656525,-0.30057087540626526,-0.10887076705694199,-0.0975417047739029,-0.44484931230545044,-0.3429967761039734,-0.28915131092071533,-0.06192540004849434,0.19694790244102478,-0.39199766516685486,0.14714737236499786,-0.003890138817951083,-0.04941568151116371,-0.09656243026256561,-0.10749001801013947,0.2815580666065216,0.21933495998382568,0.26120448112487793,-0.20503509044647217,-0.20371830463409424,0.08134081959724426,0.07011669874191284,0.023720359429717064,0.02473268285393715,-0.022403663024306297,-0.12011635303497314,-0.037282031029462814,0.06902875006198883,0.3575596213340759,-0.3767698407173157,0.21874825656414032,-0.03128744289278984,-0.014488023705780506,0.09804312139749527,-1.0131641626358032,0.33135169744491577,0.5094563961029053,0.2357778549194336,-0.280010849237442,0.06749491393566132,0.45183849334716797,-0.12816716730594635,-0.03697621077299118,-0.24477729201316833,0.6304003000259399,0.24896760284900665,0.07487338036298752,-0.14930693805217743,0.03968123719096184,0.20879001915454865,-0.3878432810306549,-0.14613890647888184,0.34546512365341187,0.29432135820388794,0.11636102199554443,-0.06915207207202911,0.05915962532162666,0.15153548121452332,-0.5027722120285034,-0.012490445747971535,0.5747057199478149,-0.01985437236726284,0.00208703288808465,-0.48815637826919556,0.10916121304035187,-0.37058302760124207,-0.2941160500049591,0.32319194078445435,-0.1566362828016281,-0.14203409850597382,-0.3475370407104492,-0.0967382937669754,-0.04955822601914406,0.20212575793266296,-0.436314195394516,-0.06096301227807999,0.10482070595026016,0.4135048985481262,0.26646390557289124,-0.06285224854946136,-0.3357281982898712,-0.03889007493853569,-0.005667382385581732,0.19569595158100128,-0.06227457523345947,0.05336284637451172,0.004565524403005838,-0.01805553399026394,0.46957463026046753,0.19107398390769958,-0.4021882116794586,-0.1456087827682495,-0.29422852396965027,0.06693289428949356,-0.6727735996246338,0.14285781979560852,0.15253163874149323,-0.07195577770471573,0.24760031700134277,-0.19537688791751862,0.8395468592643738,0.27087870240211487,0.08172854036092758,-0.07234307378530502,0.10810156911611557,0.14293992519378662,-0.19722136855125427,-0.08404752612113953,-0.14743468165397644,0.2331230342388153,0.4264572262763977,0.2506980299949646,-0.19751624763011932,-0.26664793491363525,0.1498967409133911,0.0062562464736402035,0.1395091712474823,-0.308599054813385,0.2616659104824066,0.08974547684192657,0.34972360730171204,-0.744688093662262,0.26695680618286133,0.7987369298934937,0.1635293811559677,0.09563158452510834,-0.18567538261413574,-0.06881042569875717
CID000002311,32,0.024445801973342896,0.06972841918468475,0.0718352347612381,-0.03918527811765671,0.30983099341392517,0.33755046129226685,-0.2873902916908264,0.18815743923187256,-0.24424484372138977,-0.07795999944210052,-0.08256702125072479,-0.2903521656990051,0.10566214472055435,-0.26291996240615845,0.008868761360645294,0.02009873278439045,0.01805787906050682,0.3500595986843109,-0.09996762126684189,0.12023474276065826,-0.06730757653713226,0.018255185335874557,0.11155311018228531,-0.04029012843966484,0.09002574533224106,-0.2272314578294754,0.388877809047699,0.05212976783514023,-0.11326722800731659,0.3696826100349426,-0.1552180051803589,-0.10533509403467178,-0.1077415943145752,0.03644025698304176,-0.5281723737716675,0.003681764006614685,-0.22839832305908203,-0.18680694699287415,-0.18843698501586914,0.08117251098155975,0.05751610919833183,0.1473044902086258,-0.16373665630817413,-0.342654824256897,0.15738454461097717,-0.007929101586341858,0.060518860816955566,0.0952049270272255,-0.21743404865264893,-0.09338102489709854,-0.5828328728675842,0.16725757718086243,-0.060778845101594925,-0.061955131590366364,0.03232864663004875,0.0031748712062835693,0.10694897174835205,0.06667610257863998,0.30286625027656555,-0.1391424983739853,-0.9413641691207886,0.027749260887503624,-0.2627337872982025,0.046224407851696014,0.07011827826499939,0.2607722878456116,-0.16993588209152222,0.0772382989525795,-0.008247721008956432,0.0755692794919014,-0.0969349592924118,0.15591885149478912,-0.1555604487657547,-0.20050854980945587,0.13640941679477692,-0.17050716280937195,-0.19176247715950012,0.11822837591171265,0.19056740403175354,-0.03806633502244949,-0.12895359098911285,-0.17991654574871063,-0.10901502519845963,-0.05884658172726631,-0.12101902067661285,0.01950814761221409,-0.19405528903007507,-0.059967271983623505,0.31634825468063354,-0.21359412372112274,-0.03515405207872391,-0.03133033588528633,-0.002776163863018155,-0.03543081134557724,-0.5587106347084045,-0.00962945818901062,-0.22357407212257385,0.40869221091270447,0.15485937893390656,-0.27939802408218384,0.33973073959350586,0.021142615005373955,0.016404984518885612,-0.06023292616009712,-0.07949595153331757,-0.047023601830005646,-0.29383885860443115,0.27400192618370056,-0.16272085905075073,0.2898637652397156,-0.0561380460858345,-0.06594474613666534,0.28846749663352966,-0.06341754645109177,-0.051951028406620026,0.18198354542255402,0.010781446471810341,0.017856109887361526,0.12618613243103027,-0.05857383459806442,0.015211554244160652,-0.616134762763977,-0.014294412918388844,-0.601122260093689,-0.38304418325424194,-0.10151535272598267,-0.06340660154819489,0.2621447741985321,0.08395977318286896,0.07483009248971939,0.08256414532661438,-0.020678723230957985,-0.5214767456054688,-0.2035541534423828,-0.10886521637439728,-0.29800060391426086,0.25465714931488037,-0.27085763216018677,-0.015428346581757069,0.09835977852344513,0.09232282638549805,0.23170650005340576,-0.22386810183525085,-0.053484927862882614,0.05385059863328934,0.006661358289420605,0.25588756799697876,0.05961822345852852,-0.038133956491947174,-0.04129220172762871,0.06466935575008392,0.04027257487177849,-0.05002564936876297,0.12410236895084381,0.21253743767738342,-0.052221693098545074,-0.23384790122509003,-0.35825997591018677,0.15173950791358948,-0.07228858023881912,0.10826019942760468,0.012478984892368317,-0.8674966096878052,-0.1563832312822342,0.19457793235778809,0.2116856873035431,-0.3074532449245453,-0.19387733936309814,0.2389194220304489,-0.1049332246184349,-0.013795262202620506,0.12756559252738953,0.3712422549724579,-0.05728616565465927,-0.15908098220825195,0.21644172072410583,0.0509343147277832,0.17588850855827332,-0.5098268389701843,-0.14690177142620087,0.2230214625597,0.3172462284564972,0.07168304175138474,-0.09909363836050034,-0.012799596413969994,0.1375817209482193,-0.21376574039459229,0.09664591401815414,0.5399619340896606,0.004140925593674183,-0.021426856517791748,-0.32970958948135376,-0.12351981550455093,-0.2710220217704773,-0.09953303635120392,0.47008591890335083,0.05818898603320122,-0.009879162535071373,-0.12504753470420837,0.02873663231730461,-0.07003728300333023,-0.06244627386331558,-0.11878424882888794,0.30769082903862,0.046141475439071655,0.24498870968818665,-0.10016653686761856,-0.16095289587974548,-0.06039772182703018,-0.07686013728380203,0.22652800381183624,0.1452910155057907,0.09611134231090546,-0.01488322764635086,0.1629161387681961,-0.07585567235946655,0.3746425211429596,-0.08389854431152344,-0.06951086223125458,-0.18530556559562683,-0.07795612514019012,0.013639700599014759,-0.372218519449234,0.11832638084888458,0.30930426716804504,0.015076759271323681,0.10236354917287827,-0.2617826461791992,0.5849422812461853,-0.15268345177173615,-0.1287415474653244,-0.1933048516511917,-0.09849844127893448,0.07633507996797562,-0.5236961245536804,-0.18664385378360748,-0.309061735868454,-0.036587901413440704,0.1534823179244995,-0.2110861986875534,-0.11707933992147446,0.008895084261894226,0.1535792350769043,0.15227602422237396,-0.08404376357793808,-0.45600271224975586,0.12959909439086914,-0.015046137385070324,0.04519341513514519,-0.5843473076820374,0.009604108519852161,-0.04068750888109207,0.17594750225543976,0.20183713734149933,0.014509061351418495,-0.009712296538054943
CID000000772,35,0.025064269080758095,0.1094348281621933,-0.02784726582467556,-0.008498942479491234,0.24418577551841736,0.3300713896751404,-0.006974495947360992,0.1038568988442421,-0.2826540172100067,-0.2816641926765442,0.07638771086931229,-0.6004394888877869,0.11204323917627335,-0.24842388927936554,-0.3167053163051605,-0.09828007966279984,0.2615070044994354,-0.07456062734127045,0.07188265025615692,0.09183354675769806,0.034859199076890945,0.01588941365480423,0.08640392124652863,-0.2722857594490051,0.11012198030948639,-0.13798615336418152,-0.06978912651538849,0.08288027346134186,-0.009179288521409035,0.47262144088745117,-0.3092777132987976,0.11990749835968018,0.18860910832881927,-0.0674104243516922,-0.750485897064209,0.22608426213264465,-0.1724030077457428,-0.19503039121627808,-0.1038774698972702,-0.14651817083358765,-0.13241086900234222,-2.9152632123441435e-05,-0.23799800872802734,0.20396888256072998,0.6105762124061584,0.05246877670288086,0.10190844535827637,-0.20526377856731415,0.22715337574481964,-0.08162237703800201,-0.8406548500061035,0.16429361701011658,-0.2030886709690094,-0.07676178216934204,0.25680702924728394,-0.07433878630399704,0.06572936475276947,-0.0727609246969223,0.5718724727630615,0.05946929380297661,-0.8453391194343567,0.32663342356681824,-0.4893651604652405,-0.020486723631620407,-0.028368640691041946,-0.03158777952194214,0.06983526051044464,0.17249242961406708,-0.0338670015335083,0.10900727659463882,-0.2318381369113922,-0.3143792748451233,0.03452334925532341,0.2021954506635666,0.42304378747940063,0.20213964581489563,0.00960890669375658,0.46641063690185547,0.02932014688849449,-0.28581181168556213,-0.0961856096982956,-0.07727265357971191,0.01712413690984249,0.035863831639289856,-0.14630287885665894,0.1150827407836914,-0.19577398896217346,-0.10088326781988144,0.31076693534851074,-0.13518762588500977,-0.09693389385938644,-0.20127740502357483,0.1823979914188385,0.005504095461219549,-0.44369158148765564,0.02484717406332493,0.00579951424151659,0.1860012412071228,0.1288597583770752,-0.17229634523391724,0.16034607589244843,-0.033069394528865814,-0.2170168161392212,0.1683294177055359,-0.03244383633136749,0.04617617279291153,-0.7097479104995728,0.4066545069217682,-0.07932834327220917,-0.09864050894975662,-0.023625070229172707,0.10350748151540756,0.03583172708749771,-0.009989729151129723,0.12049579620361328,0.24162764847278595,0.049665022641420364,-0.5666406750679016,0.3393717408180237,-0.0944218710064888,-0.0004893422010354698,-0.8742291331291199,-0.2895408868789673,-0.3011918067932129,-0.31968820095062256,0.25535428524017334,0.11044307053089142,0.37571126222610474,0.1752101331949234,0.16265015304088593,-0.14189006388187408,-0.08588738739490509,-0.3943135738372803,-0.48742014169692993,-0.038598161190748215,0.013633480295538902,0.18909385800361633,-0.533028781414032,-0.15317757427692413,-0.36096271872520447,0.004720759578049183,-0.1929854154586792,0.20466327667236328,-0.1799701303243637,0.030565524473786354,0.12289760261774063,0.04744868353009224,0.1641804277896881,0.15418021380901337,0.12175871431827545,-0.0432928204536438,0.225900337100029,-0.11448563635349274,-0.0035496174823492765,0.0055106161162257195,-0.017648538574576378,0.06655284017324448,-0.45107707381248474,0.10764296352863312,0.03689737245440483,-0.23967154324054718,-0.11376895755529404,-0.8248087763786316,-0.13559900224208832,0.5363341569900513,0.1431933045387268,-0.011241954751312733,0.176437646150589,-0.04473942518234253,-0.012121384963393211,-0.251932293176651,-0.18280494213104248,0.26214098930358887,0.16048738360404968,-0.050705671310424805,-0.16363506019115448,0.2003212869167328,-0.015020261518657207,-0.30448272824287415,-0.08368387073278427,0.2296387255191803,0.06503210961818695,0.30924028158187866,-0.12275628000497818,-0.06906384974718094,-0.12868940830230713,-0.10465021431446075,-0.07754988968372345,0.6806098222732544,0.2150309830904007,0.2538807988166809,-0.4992726445198059,-0.03061310574412346,-0.15543723106384277,-0.2265699803829193,0.5203609466552734,-0.09854904562234879,-0.14375516772270203,-0.2659442722797394,0.12486109882593155,0.21867135167121887,-0.204411581158638,-0.19674977660179138,0.14598853886127472,0.11836525052785873,0.0012527495855465531,-0.04685899615287781,0.16853433847427368,-0.500818133354187,-0.20157185196876526,0.28956472873687744,-0.1041862815618515,0.028836652636528015,-0.05782020092010498,0.0870024710893631,0.006454891059547663,0.7975865006446838,-0.0951521173119545,0.1488310843706131,-0.13941968977451324,-0.21682396531105042,-0.23919060826301575,-0.5983667969703674,-0.07710310816764832,0.22441372275352478,-0.24387511610984802,0.1975044161081314,0.0033851265907287598,0.897670567035675,-0.11924649775028229,-0.22999592125415802,0.040616005659103394,-0.040675144642591476,-0.07136119157075882,-0.6720703840255737,-0.16797669231891632,-0.19436050951480865,0.0984954982995987,0.22180409729480743,0.10688462108373642,-0.4387487471103668,-0.06821195036172867,0.04111866280436516,0.3728952407836914,-0.07212479412555695,-0.38296133279800415,-0.060535091906785965,0.260036438703537,0.22703437507152557,-0.8423296213150024,-0.19568823277950287,0.40577515959739685,0.30318373441696167,0.07140880823135376,-0.07756613194942474,-0.06275345385074615
CID000003672,36,-0.032928407192230225,0.19359076023101807,-0.1759258508682251,-0.17339198291301727,0.5914956331253052,0.5031733512878418,0.2348395138978958,-0.20030009746551514,-0.30456677079200745,-0.08898767083883286,0.16146084666252136,-0.4065172076225281,0.1531040072441101,-0.2362211048603058,-0.16247452795505524,0.054200123995542526,0.1474989950656891,-0.08586487919092178,-0.17755243182182312,0.026206478476524353,0.1699569672346115,0.06943555176258087,-0.05201238393783569,0.11259853839874268,-0.16095098853111267,-0.12075580656528473,-0.13375593721866608,0.14657306671142578,0.1237035021185875,0.14924757182598114,-0.07215584814548492,-0.049757976084947586,-0.015911826863884926,-0.00026839078054763377,-0.5398724675178528,0.18127670884132385,-0.5044018626213074,-0.26611244678497314,0.22745808959007263,-0.19803357124328613,-0.016672436147928238,-0.0018183037173002958,-0.38467055559158325,-0.1757439374923706,0.07092408090829849,0.1525460034608841,-0.07870485633611679,-0.08469356596469879,0.45689862966537476,-0.07829198986291885,-0.27571284770965576,0.015483831986784935,-0.11665035784244537,-0.3375544548034668,0.13229027390480042,0.17306563258171082,0.07649551331996918,0.21046678721904755,0.3409781754016876,-0.1868748515844345,-0.780582845211029,-0.328561931848526,-0.08665015548467636,0.32675668597221375,0.01677158661186695,0.021977568045258522,-0.5721672177314758,0.20635080337524414,0.07546700537204742,0.15455125272274017,-0.19495829939842224,0.08915262669324875,-0.13010036945343018,-0.37819725275039673,0.1904619038105011,-0.03160367161035538,-0.00789787620306015,-0.06509430706501007,-0.13469569385051727,-0.23328673839569092,-0.300642192363739,-0.1437254250049591,-0.19582585990428925,-0.23316244781017303,-0.10586713254451752,-0.13759499788284302,-0.16103950142860413,-0.26936787366867065,0.6806682348251343,-0.16391485929489136,-0.09562340378761292,-0.07109607756137848,-0.001557856798171997,-0.026994997635483742,-0.6124602556228638,-0.04389496147632599,-0.28076136112213135,0.6746186017990112,0.14673788845539093,-0.19506767392158508,0.5822412371635437,0.17338256537914276,-0.03855263441801071,0.05797119066119194,-0.05363430827856064,0.017373420298099518,-0.4177088737487793,0.2733582854270935,0.028117585927248,0.6235965490341187,-0.1214635819196701,-0.05025529861450195,0.4121653437614441,-0.21130149066448212,0.21699170768260956,-0.15525637567043304,0.12462904304265976,-0.16039292514324188,0.16972924768924713,-0.09005822986364365,0.024174382910132408,-0.8303259015083313,0.18053248524665833,-0.32538190484046936,-0.589499294757843,-0.13340529799461365,-0.09593842178583145,0.35062772035598755,0.17621050775051117,-0.18904367089271545,-0.1460227221250534,0.09969834983348846,-0.37747687101364136,-0.353880375623703,-0.0022125481627881527,0.2247706949710846,0.24889573454856873,-0.19226691126823425,0.03471338003873825,-0.15956680476665497,0.05100873112678528,0.2892839312553406,0.05790414288640022,0.09876315295696259,0.2248464822769165,-0.020953476428985596,0.14985734224319458,0.11991582810878754,0.13283342123031616,0.1853257715702057,-0.08012939244508743,0.061427485197782516,0.14596359431743622,0.037421710789203644,0.020667796954512596,-0.2581877112388611,0.044502027332782745,-0.21231088042259216,0.1326127052307129,0.1087203174829483,0.16033555567264557,0.053593121469020844,-0.8997009992599487,-0.14134523272514343,0.14346455037593842,0.3123515546321869,-0.07855876535177231,0.0012964785564690828,0.28815850615501404,0.19504165649414062,-0.21371610462665558,-0.22594599425792694,0.5833104848861694,-0.2691912055015564,-0.05555051565170288,-0.014662404544651508,0.46517786383628845,0.03104856051504612,-0.1696804314851761,0.18527862429618835,0.21790583431720734,0.34356561303138733,-0.13822801411151886,0.05638689920306206,-0.021460438147187233,-0.10848615318536758,-0.1211029440164566,0.15510641038417816,0.7045316696166992,-0.27998071908950806,-0.08934997022151947,-0.19098325073719025,0.3531075119972229,-0.09339959174394608,-0.00504166167229414,0.3800123631954193,0.22599759697914124,0.019979184493422508,-0.37056607007980347,-0.07083221524953842,-0.06804344058036804,0.4037463068962097,-0.3920689821243286,0.02271183952689171,-0.1697867512702942,0.5076113939285278,0.23719409108161926,0.06968392431735992,-0.043810583651065826,-0.049073584377765656,0.09036324173212051,0.19851967692375183,0.07586339861154556,0.14892980456352234,0.28959137201309204,0.1601211577653885,0.43463239073753357,-0.016974961385130882,0.11126790940761566,-0.24037417769432068,-0.12790602445602417,0.05275164917111397,-0.6741625666618347,0.1160145178437233,0.445944219827652,0.2458900660276413,-0.059381723403930664,-0.35443776845932007,0.8318961262702942,0.05179538577795029,0.19965317845344543,-0.05218557268381119,-0.028224825859069824,-0.038725122809410095,-0.4184272885322571,-0.037694066762924194,0.18098154664039612,0.06018709018826485,0.04907987639307976,-0.2256127893924713,-0.14084385335445404,-0.004930740687996149,-0.0758831650018692,-0.14896264672279358,-0.17019768059253693,-0.7657036781311035,0.3973359167575836,0.08884795755147934,-0.05155278369784355,-0.7784616947174072,-0.12075847387313843,0.28010979294776917,0.34944409132003784,0.14185690879821777,-0.10184340178966522,0.24377617239952087
CID000004583,37,-0.1299331784248352,-0.06183401867747307,0.12244896590709686,-0.15634897351264954,0.043491002172231674,0.30247992277145386,0.047576747834682465,0.11714297533035278,-0.40128469467163086,-0.40202468633651733,0.1393750160932541,-0.6508888602256775,0.25778883695602417,-0.39096200466156006,-0.3606063723564148,-0.02993110381066799,0.043948955833911896,0.16608573496341705,0.056191228330135345,-0.008598506450653076,0.13899186253547668,0.07398295402526855,0.010307423770427704,-0.09122885018587112,0.35356855392456055,-0.21171192824840546,0.09677515178918839,-0.08082002401351929,0.03077542781829834,0.4147196412086487,-0.10936804860830307,0.17342641949653625,-0.20456235110759735,-0.016170140355825424,-0.4568501114845276,0.050843752920627594,-0.2706301510334015,-0.33878999948501587,-0.40949854254722595,-0.1803722083568573,-0.055254898965358734,0.0963640958070755,-0.4056738018989563,0.23414917290210724,0.22778436541557312,0.14693570137023926,0.05592731386423111,0.021954596042633057,0.06768376380205154,0.008348565548658371,-0.32266080379486084,0.24900846183300018,-0.14095361530780792,-0.05739710479974747,0.49734431505203247,-0.1244182139635086,-0.11565256118774414,-0.01534486748278141,0.45404568314552307,-0.10020138323307037,-0.7806714773178101,0.24112841486930847,-0.4679003357887268,0.05241859704256058,-0.06424859166145325,0.11583175510168076,-0.3039468824863434,0.25562018156051636,0.038749732077121735,-0.009030213579535484,-0.1383720338344574,0.020773911848664284,0.12213269621133804,0.06169409677386284,0.28197574615478516,0.04995862394571304,-0.1065414696931839,0.3448216915130615,0.15028464794158936,-0.059535522013902664,-0.3336796760559082,-0.031734466552734375,-0.09694365411996841,-0.2087588608264923,-0.21576635539531708,-0.04152462258934975,-0.3505386710166931,-0.08727267384529114,0.1299125850200653,0.011462697759270668,0.050385333597660065,-0.2305191308259964,0.1282186061143875,-0.04859478399157524,-0.4081827700138092,-0.1336098611354828,-0.12379999458789825,0.2274489402770996,0.16860605776309967,-0.34092995524406433,0.09722580760717392,0.3228225111961365,-0.219387486577034,-0.12252624332904816,-0.15601441264152527,0.09054556488990784,-0.5506196618080139,0.27157264947891235,0.2308080494403839,0.06995753198862076,0.36476707458496094,-0.0752723291516304,0.14981384575366974,0.23527264595031738,0.1977592259645462,-0.11368496716022491,-0.08541695773601532,-0.4164235591888428,0.23683933913707733,-0.023115674033761024,-0.04646597057580948,-0.6332455277442932,-0.044078223407268524,-0.2698100507259369,-0.21059748530387878,0.4665045738220215,-0.12335963547229767,0.07261277735233307,0.2517377734184265,-0.19321869313716888,0.17441974580287933,0.05688249319791794,-0.7042725086212158,-0.41779541969299316,-0.2019449770450592,-0.1747315227985382,0.020951934158802032,-0.12755732238292694,0.05185464769601822,-0.3965446949005127,-0.06683991849422455,0.024433359503746033,0.3532659411430359,-0.07703584432601929,-0.09568773210048676,0.2619125545024872,0.01828009821474552,-0.01692916452884674,0.056522857397794724,0.014634847640991211,0.1463395357131958,0.2006099671125412,-0.3104268014431,0.07419894635677338,0.0469411239027977,0.06675375998020172,-0.05802642181515694,-0.3497356176376343,-0.05404851585626602,-0.059939026832580566,0.18146342039108276,0.12803915143013,-0.7207277417182922,-0.05266718193888664,0.42189741134643555,0.253988116979599,-0.27564311027526855,0.2303813397884369,-0.15442463755607605,-0.0115277711302042,-0.22035565972328186,-0.3405635952949524,0.5024031400680542,-0.031406331807374954,-0.0752386674284935,-0.16693058609962463,0.066605344414711,-0.07634701579809189,-0.3596647381782532,-0.17841842770576477,0.21844036877155304,0.17748624086380005,0.41609686613082886,-0.21750691533088684,0.010541385039687157,-0.125335231423378,-0.022192826494574547,-0.07458458840847015,0.328197181224823,0.12803325057029724,0.260675311088562,-0.3381483256816864,-0.024506855756044388,-0.1772911250591278,-0.4789048731327057,0.26192885637283325,0.0029847235418856144,-0.04575849696993828,-0.28758659958839417,0.053328610956668854,0.10946427285671234,-0.09568758308887482,-0.20678465068340302,0.011329004541039467,0.13904240727424622,0.3243756890296936,-0.21792730689048767,-0.1662975251674652,-0.3624105453491211,-0.08076567202806473,-0.03994385153055191,0.18122433125972748,-0.06584944576025009,0.19517821073532104,0.12211239337921143,0.008563497103750706,0.6026857495307922,0.11546872556209564,0.04428908973932266,-0.23324716091156006,-0.15208765864372253,0.08492481708526611,-0.5367230176925659,-0.15325243771076202,0.124594546854496,-0.05302140861749649,0.2525302469730377,-0.10969237238168716,0.803959846496582,0.33178192377090454,-0.22756023705005646,-0.20594409108161926,-0.09135980904102325,0.08681057393550873,-0.5383268594741821,-0.2816265821456909,0.24153578281402588,0.3438816964626312,0.3737949728965759,0.01608860120177269,-0.4741165041923523,-0.12189497798681259,-0.0851266160607338,-0.05057324841618538,0.07933813333511353,-0.1084466353058815,0.4728457033634186,0.05303434655070305,0.35750406980514526,-0.6749883890151978,0.06865104287862778,0.35182851552963257,0.19276288151741028,-0.35624921321868896,0.02060404047369957,0.005438864231109619
CID000003639,40,-0.06351243704557419,-0.29612478613853455,-0.1454608142375946,-0.1105530709028244,0.4785737097263336,0.26548293232917786,-0.17553743720054626,0.014337131753563881,-0.33614882826805115,-0.10470438003540039,-0.029529955238103867,-0.3432292938232422,-0.09642393887042999,-0.005454906728118658,0.04743462800979614,-0.09448225051164627,-0.06297801434993744,-0.12002778053283691,0.033609338104724884,0.005505102686583996,0.09390638023614883,0.1433192938566208,-0.03416818380355835,-0.005595650058239698,-0.16312985122203827,0.041393764317035675,0.20978721976280212,-0.013409823179244995,0.0413021519780159,0.22433903813362122,0.002589875366538763,-0.3542223572731018,-0.005137029103934765,-0.12042449414730072,-0.4363500475883484,-0.17779973149299622,-0.19780033826828003,-0.23270228505134583,-0.14613986015319824,-0.0961475521326065,0.012649618089199066,-0.08574791997671127,-0.052209269255399704,-0.23947927355766296,0.10108568519353867,-0.02694404125213623,0.10934053361415863,-0.01787925884127617,-0.07709524780511856,-0.03538136929273605,-0.05846581608057022,0.055722106248140335,0.08489023149013519,-0.4266354441642761,0.09428899735212326,-0.0016876250738278031,-0.21069438755512238,-0.051574062556028366,0.1832067370414734,1.9443035853328183e-05,-0.8537600636482239,-0.14497289061546326,-0.5120412111282349,0.335004597902298,0.1143399104475975,0.08439414948225021,-0.36317285895347595,0.09136512130498886,0.09059029072523117,0.12512579560279846,-0.3151308000087738,0.0182577483355999,-0.07250361144542694,-0.21241974830627441,0.19635598361492157,-0.10216869413852692,-0.11683189868927002,-0.0815279632806778,0.0271226167678833,-0.03729013726115227,-0.21861359477043152,-0.03174377605319023,-0.1769479215145111,-0.14608819782733917,0.00369284744374454,-0.10955063998699188,-0.20859821140766144,-0.39386728405952454,0.40481051802635193,-0.022988488897681236,-0.10457552969455719,-0.14285875856876373,0.09676134586334229,0.068373903632164,-0.44340234994888306,-0.014038853347301483,-0.19999340176582336,0.27341482043266296,-0.07848954945802689,-0.15501515567302704,0.27154532074928284,0.14535382390022278,-0.24348768591880798,0.19313476979732513,-0.03832808509469032,0.11856695264577866,-0.6912243962287903,0.36887606978416443,0.03617888689041138,0.3027840256690979,-0.06425903737545013,0.047094859182834625,0.19380512833595276,0.17142006754875183,0.10240139812231064,0.310685396194458,-0.2734176814556122,-0.13061250746250153,0.0039860098622739315,0.08244699239730835,-0.20632711052894592,-0.7126476764678955,0.07530156522989273,-0.19998452067375183,-0.20888812839984894,0.12677952647209167,0.03401397913694382,0.37601423263549805,0.09625159204006195,-0.11068568378686905,-0.14367245137691498,0.1063915491104126,-0.5092450380325317,-0.3377823233604431,-0.2486318051815033,-0.19977407157421112,0.08345048129558563,-0.07570113241672516,-0.1246279925107956,-0.0940294861793518,0.0719958171248436,0.41629400849342346,-0.2337578982114792,-0.0033491067588329315,-0.02529270574450493,-0.29100409150123596,-0.026369422674179077,-0.007300585508346558,-0.009045255370438099,0.1667308658361435,-0.09544461965560913,-0.017465952783823013,0.14288127422332764,0.04619653895497322,0.2574447691440582,-0.03651171177625656,-0.10986491292715073,-0.3269592225551605,-0.002677148673683405,-0.029124736785888672,0.01977308839559555,-0.04479152336716652,-0.9670422673225403,0.24052433669567108,0.21993231773376465,0.22123554348945618,-0.3264181613922119,-0.06775283068418503,0.11701921373605728,0.1786343902349472,0.015998996794223785,-0.1268308311700821,0.35479965806007385,-0.25706303119659424,0.028932863846421242,-0.04466267302632332,-0.02553332783281803,0.04533485695719719,-0.4464558959007263,-0.1665586531162262,0.16923362016677856,0.15872915089130402,0.07293280214071274,0.02294148877263069,-0.02247033640742302,0.116998590528965,-0.24575218558311462,0.009262299165129662,0.48751869797706604,-0.1585651934146881,0.28604429960250854,-0.09114193916320801,-0.001321768737398088,0.03732657805085182,-0.06679743528366089,0.36958664655685425,-0.031140614300966263,0.036455996334552765,-0.06370975077152252,-0.11734580993652344,-0.1805027574300766,-0.05959097295999527,-0.1477460265159607,0.18232598900794983,-0.13069862127304077,0.2732852101325989,0.09510456770658493,-0.16338153183460236,-0.035956092178821564,0.042483679950237274,0.007390892598778009,0.15065768361091614,-0.055503688752651215,0.01830512285232544,0.3711174428462982,0.3717767596244812,0.37562233209609985,0.11474546045064926,-0.34238672256469727,-0.358686238527298,-0.03643457219004631,-0.010777690447866917,-0.5450972318649292,-0.014135104604065418,0.2041212022304535,-0.16038498282432556,0.014977792277932167,-0.42911338806152344,0.6239022612571716,0.060360800474882126,-0.1549646109342575,-0.19778922200202942,-0.08393235504627228,-0.06956396996974945,-0.7463557124137878,-0.21544162929058075,0.16084174811840057,0.07349000871181488,0.1584608256816864,-0.09093601256608963,-0.273307740688324,-0.13352160155773163,0.036237869411706924,0.2807674705982208,0.2517473101615906,-0.24016055464744568,0.2273934781551361,-0.09705494344234467,-0.07577482610940933,-0.6774009466171265,0.062080513685941696,0.010966500267386436,0.25719159841537476,-0.13561873137950897,0.06438744813203812,0.0657406821846962
CID000004585,41,-0.10177814960479736,-0.04936222359538078,0.095290407538414,-0.1747257560491562,0.2340380698442459,0.28138184547424316,0.058194078505039215,0.017965083941817284,-0.2308453768491745,-0.23129138350486755,-0.13017883896827698,-0.3326658606529236,-0.010738441720604897,-0.23626258969306946,0.14454537630081177,0.09876666963100433,-0.08489691466093063,0.14221157133579254,0.09380912780761719,0.1155860647559166,-0.05967305228114128,0.05788059160113335,0.054724834859371185,0.08575673401355743,0.12556253373622894,-0.04684925824403763,0.061504900455474854,-0.004887457005679607,-0.0847373753786087,0.28557026386260986,-0.03127061203122139,-0.13747762143611908,-0.12093760073184967,-0.006825050804764032,-0.3517846167087555,0.008102184161543846,-0.2719132602214813,-0.22913488745689392,-0.28932663798332214,0.0017731651896610856,0.0392603874206543,0.17875222861766815,-0.21245375275611877,-0.21559731662273407,0.03664873540401459,-0.021286699920892715,0.030177628621459007,0.29759466648101807,-0.2403346747159958,-0.038300249725580215,-0.16435697674751282,0.18193867802619934,0.07417203485965729,-0.18023879826068878,0.031339481472969055,0.01182282529771328,-0.01821770705282688,0.04198320955038071,0.0312860943377018,-0.0323357954621315,-0.9465991258621216,-0.044379498809576035,-0.33419269323349,0.22267946600914001,0.13041488826274872,0.18771323561668396,-0.11679253727197647,0.17771539092063904,-0.02196580544114113,0.012230277061462402,-0.024398548528552055,0.07007686793804169,-0.03677305206656456,-0.20947284996509552,0.0733070820569992,-0.10691831260919571,-0.07053448259830475,-0.0260305255651474,0.20497170090675354,0.04885579273104668,-0.1987535059452057,0.22637256979942322,-0.22207435965538025,-0.14289376139640808,-0.17064444720745087,2.1469593775691465e-05,-0.3030219078063965,-0.2454848736524582,0.2991752326488495,0.0018732633907347918,-0.03420618176460266,-0.08726678043603897,-0.21320506930351257,-0.03899038955569267,-0.4186158776283264,-0.01969560608267784,-0.24938392639160156,0.3760125935077667,0.14629852771759033,-0.36017072200775146,0.20239529013633728,0.17866794764995575,-0.09271714836359024,-0.1437254697084427,-0.17385593056678772,0.127571702003479,-0.33156171441078186,0.25954514741897583,-0.18796685338020325,0.22330372035503387,-0.04109169915318489,0.05609816312789917,0.3719058334827423,-0.05245045945048332,-0.074459969997406,0.0969713106751442,-0.13284426927566528,-0.03931640461087227,0.022262299433350563,0.0904984399676323,-0.1767299771308899,-0.5901445150375366,-0.14227357506752014,-0.37989428639411926,-0.39176511764526367,0.11807362735271454,-0.04326394945383072,0.26584500074386597,0.1317376345396042,0.06107240915298462,0.12004077434539795,0.09995665401220322,-0.5667499303817749,-0.26549381017684937,0.12016401439905167,-0.16382461786270142,0.1807747632265091,0.025115767493844032,-0.11307283490896225,0.14410214126110077,-0.06235048919916153,0.2763499617576599,-0.25761905312538147,-0.0953497439622879,-0.054318517446517944,-0.1790526658296585,-0.008632686920464039,-0.010133090429008007,-0.061338186264038086,0.0579032301902771,-0.008613938465714455,-0.0801691859960556,-0.11321458965539932,0.05383679270744324,0.06238624453544617,0.025619348511099815,-0.19439207017421722,-0.32738178968429565,0.04865562170743942,0.055466990917921066,0.2127840220928192,-0.16720835864543915,-0.8108417391777039,-0.007472963538020849,0.0839710608124733,0.30436253547668457,-0.28036314249038696,-0.1422388255596161,0.17743030190467834,-0.10977749526500702,-0.09749814867973328,-0.11003492027521133,0.35323163866996765,-0.07345364987850189,-0.08188041299581528,0.16317716240882874,-0.03675336018204689,0.07043901830911636,-0.43915143609046936,-0.1429075449705124,0.12948451936244965,0.32312825322151184,0.054364997893571854,0.03487417846918106,-0.005066338926553726,0.11046254634857178,-0.42686551809310913,0.04130854830145836,0.31411364674568176,-0.03902364522218704,0.0704573541879654,-0.0033493638038635254,-0.09269324690103531,-0.19370099902153015,-0.11732981353998184,0.3085251450538635,0.05153387784957886,0.022231904789805412,-0.15557058155536652,0.10505910217761993,-0.01585800014436245,-0.001000863267108798,-0.16780340671539307,0.15906605124473572,-0.1060115247964859,0.28411757946014404,-0.028959596529603004,-0.1765008270740509,0.04559457302093506,0.2945590615272522,0.042413756251335144,0.11836826801300049,0.05012702941894531,-0.020241301506757736,0.14229686558246613,0.16917107999324799,0.29841795563697815,0.18552052974700928,-0.12459322065114975,-0.3195403516292572,0.04094957560300827,-0.09366310387849808,-0.3289879262447357,0.10574851185083389,0.29309922456741333,-0.05106522887945175,0.14359155297279358,-0.2778116762638092,0.5040037631988525,0.0706767663359642,-0.1724865883588791,-0.2641098201274872,-0.1335398107767105,-0.09537142515182495,-0.419970840215683,-0.23879942297935486,-0.29716116189956665,0.05831526592373848,0.10698030143976212,-0.07939006388187408,-0.1187145933508873,-0.008973335847258568,0.17896668612957,0.048166971653699875,0.04609199985861778,-0.2061481922864914,0.2038041055202484,-0.11050639301538467,0.01145738922059536,-0.6090826988220215,-0.0021256685722619295,-0.10757271200418472,0.18641912937164307,-0.11353687942028046,-0.033261559903621674,-0.00110548734664917
CID000003899,42,-0.14148801565170288,-0.1958753764629364,-0.1864744871854782,-0.2321271449327469,0.3470083773136139,0.26286330819129944,0.1058066338300705,-0.008420979604125023,-0.2144392430782318,-0.2828279435634613,-0.05006261542439461,-0.3655410706996918,-0.04359512776136398,-0.2653035521507263,0.010310851037502289,0.0066046626307070255,-0.04487934708595276,-0.075380340218544,-0.12466178089380264,-0.007496225647628307,0.12191262096166611,0.15947100520133972,0.07940355688333511,0.18384809792041779,-0.09936977922916412,0.004018108360469341,0.11061141639947891,0.012326590716838837,-0.07093560695648193,0.2581576704978943,0.014754965901374817,-0.2917592525482178,-0.10901973396539688,0.027899200096726418,-0.36735594272613525,0.02750639244914055,-0.3158988952636719,-0.2746375799179077,-0.024430641904473305,-0.019765615463256836,0.09666023403406143,0.02360386587679386,-0.2140815705060959,-0.25578540563583374,0.08103621751070023,0.1603231132030487,-0.014295494183897972,0.09983187913894653,-0.09181863069534302,0.0047701625153422356,-0.022052407264709473,0.17975394427776337,0.043577421456575394,-0.09858976304531097,0.06925741583108902,-0.04461267963051796,-0.05189446359872818,-0.033776260912418365,0.17471425235271454,-0.02251022681593895,-0.896651566028595,-0.16170606017112732,-0.21355020999908447,0.27031269669532776,0.12822525203227997,0.17851975560188293,-0.08868511766195297,0.03535350039601326,0.013599050231277943,0.08083941042423248,-0.06555189192295074,0.23630861937999725,-0.14210113883018494,-0.2970449924468994,0.02717152237892151,-0.1555289626121521,-0.18568095564842224,-0.04040827602148056,0.21786174178123474,-0.1217852458357811,-0.20150013267993927,-0.06537017971277237,-0.33083295822143555,-0.15203650295734406,-0.09447035938501358,-0.12520697712898254,-0.2342805415391922,-0.24317896366119385,0.3514843285083771,-0.043261535465717316,-0.07815892994403839,-0.06591188162565231,0.005184054374694824,0.0765283852815628,-0.44359737634658813,-0.020738275721669197,-0.23496922850608826,0.43119221925735474,0.11298400163650513,-0.3116506040096283,0.1898198425769806,0.3197230100631714,-0.17186100780963898,-0.058554451912641525,-0.16971203684806824,0.04794396087527275,-0.48637208342552185,0.27024126052856445,-0.11243214458227158,0.19987167418003082,0.05734911561012268,0.044155146926641464,0.14461758732795715,0.0005417346837930381,0.04612802714109421,0.1424051970243454,-0.1673731654882431,-0.0678078904747963,0.19270434975624084,-0.04921972379088402,-0.19542603194713593,-0.6260583400726318,-0.09882678091526031,-0.15570750832557678,-0.2399291694164276,0.06416831910610199,-0.09795656055212021,0.28727278113365173,0.15407297015190125,-0.13301309943199158,-0.18878979980945587,0.05534756928682327,-0.47127947211265564,-0.2440582811832428,0.021769952028989792,-0.0728972777724266,0.03529123216867447,0.1010487899184227,-0.0735933855175972,-0.04248258098959923,0.029401332139968872,0.24732065200805664,-0.2032322883605957,0.003405058290809393,0.07533233612775803,-0.22515320777893066,0.18756702542304993,-0.03728308156132698,0.031153133139014244,0.23546616733074188,-0.022447148337960243,-0.20914359390735626,0.12536194920539856,-0.02059873938560486,0.2787337899208069,-0.025514062494039536,-0.034676820039749146,-0.25065380334854126,0.11334850639104843,0.1677836924791336,0.17480136454105377,-0.04134627431631088,-0.8819487690925598,0.022320646792650223,0.0628453865647316,0.2684307098388672,-0.19558677077293396,-0.14334920048713684,0.20059767365455627,0.11197631061077118,-0.13448914885520935,-0.07264933735132217,0.3564656376838684,-0.21520105004310608,0.001656007720157504,0.06722193956375122,0.01737675443291664,0.033499181270599365,-0.40738576650619507,-0.05911116674542427,0.22689759731292725,0.27624788880348206,0.05076802521944046,-0.039713457226753235,-0.0522456169128418,0.07627622783184052,-0.16410303115844727,0.09616846591234207,0.4262835383415222,-0.16372635960578918,0.16507825255393982,0.02766360715031624,0.06244528293609619,-0.10590527951717377,-0.1080312728881836,0.4547096788883209,0.06055938079953194,0.027605313807725906,-0.1415080577135086,-0.15243123471736908,-0.15204602479934692,0.031238550320267677,-0.07736372947692871,0.0710524469614029,-0.08392081409692764,0.3539673388004303,0.044305555522441864,-0.12638477981090546,0.01164765190333128,-0.004044524859637022,-0.10175981372594833,0.21160323917865753,0.03562302514910698,0.08048956096172333,0.15869565308094025,0.1374187469482422,0.26909899711608887,0.11686407029628754,-0.23108389973640442,-0.3632216155529022,0.03689227253198624,-0.12991614639759064,-0.38676103949546814,-0.03322812542319298,0.24442529678344727,0.034609269350767136,0.16934558749198914,-0.20652174949645996,0.6283048391342163,0.15163861215114594,-0.10990242660045624,-0.07822532951831818,-0.19184382259845734,-0.04308871179819107,-0.5620121359825134,-0.1721906065940857,-0.035607222467660904,0.09091636538505554,0.2057928591966629,-0.1312335878610611,-0.12256523221731186,-0.08926011621952057,0.04010174423456192,0.06251605600118637,0.12552239000797272,-0.28282245993614197,0.17957183718681335,-0.03483007103204727,-0.014134407043457031,-0.5970740914344788,-0.10178816318511963,0.010064755566418171,0.2169448882341385,-0.025017131119966507,0.0536540262401104,0.17063501477241516
CID000004616,43,-0.26156407594680786,-0.36842793226242065,-0.10541272163391113,-0.14160947501659393,0.08202420175075531,0.38404369354248047,-0.0645812377333641,-0.00510801374912262,-0.21987441182136536,-0.3398812711238861,0.24420404434204102,-0.4511384069919586,0.08051888644695282,-0.41691747307777405,-0.02676491066813469,-0.045824747532606125,0.02118012309074402,-0.056191228330135345,-0.04579639807343483,-0.006591616664081812,-0.007961595430970192,0.06319072842597961,-0.015697350725531578,0.2163645476102829,0.395241916179657,0.053326766937971115,0.01891462877392769,0.08939646184444427,0.1127801164984703,0.48312273621559143,0.10602668672800064,0.011319397017359734,-0.006401109509170055,0.0030748099088668823,-0.14898505806922913,0.006884628441184759,-0.40692582726478577,-0.4314533770084381,0.0049985735677182674,0.04852227494120598,0.214793398976326,0.2987591624259949,-0.04678035527467728,-0.08023138344287872,0.11748101562261581,0.2822687029838562,0.15875667333602905,-0.13271090388298035,0.0008303999784402549,0.011969205923378468,-0.1028042659163475,0.08951660990715027,-0.001541988574899733,-0.18600305914878845,-0.041810669004917145,-0.12183680385351181,0.024443695321679115,-0.03553592041134834,0.1400347799062729,0.04105734825134277,-0.6932276487350464,0.005177539773285389,-0.22285673022270203,0.23514239490032196,0.22350060939788818,0.21469652652740479,-0.4930506646633148,-0.14893731474876404,0.15384434163570404,-0.0520392470061779,0.057122401893138885,0.2757982611656189,0.04921811819076538,-0.3651663362979889,0.12270312011241913,0.06480146944522858,-0.017318330705165863,0.04783029109239578,0.05094052106142044,0.18892225623130798,-0.31182771921157837,0.0749819427728653,-0.231928750872612,-0.36164385080337524,0.026062339544296265,-0.1555449664592743,-0.5041803121566772,0.03650263696908951,0.5057507753372192,0.07020094245672226,0.20786771178245544,-0.2549282908439636,-0.04554995894432068,0.010365044698119164,-0.3582543730735779,-0.12509477138519287,-0.20205485820770264,0.4330894947052002,0.10396424680948257,-0.32490649819374084,0.2676158845424652,0.18426932394504547,-0.3197525441646576,-0.2607437074184418,-0.1597786843776703,-0.020969320088624954,-0.26467180252075195,0.38924339413642883,-0.06878872215747833,0.39089590311050415,-0.003602582262828946,0.15995773673057556,0.2317614108324051,-0.1961083859205246,-0.09422916173934937,-0.059717774391174316,0.04935941845178604,0.00237303227186203,0.10896946489810944,-0.013279760256409645,-0.10527422279119492,-0.47958287596702576,0.05595824867486954,-0.3631685972213745,-0.36052989959716797,-0.09551136940717697,-0.07288350909948349,0.3175172209739685,0.238443523645401,-0.23764272034168243,-0.18698301911354065,0.17832399904727936,-0.5791698694229126,-0.24250641465187073,-0.0734018012881279,-0.08908247947692871,0.23885950446128845,0.10568280518054962,0.11105175316333771,-0.027733003720641136,-0.08429688215255737,0.29128095507621765,-0.09054331481456757,0.1571965217590332,0.13586005568504333,-0.008122116327285767,0.18523284792900085,0.05024414137005806,0.030199145898222923,0.08437538146972656,-0.009534825570881367,-0.2183833122253418,-0.3559352457523346,0.016532696783542633,-0.029909450560808182,-0.07992152124643326,-0.09110702574253082,-0.3423389792442322,0.17852988839149475,0.02570800855755806,0.09164832532405853,-0.09561057388782501,-0.6186676621437073,-0.03578581660985947,-0.1021498292684555,0.3342227637767792,-0.08328627049922943,0.02295595407485962,0.18568488955497742,-0.20682135224342346,-0.02112027443945408,0.037045858800411224,0.589796781539917,-0.2425827533006668,0.13018746674060822,-0.18094898760318756,-0.056147973984479904,0.16631215810775757,-0.27131009101867676,-0.11226606369018555,0.028986502438783646,0.2343066930770874,0.03847276046872139,-0.15201571583747864,-0.07769129425287247,-0.09656795114278793,-0.3246651291847229,-0.011612867936491966,0.2797626852989197,0.014814269728958607,0.05019453912973404,-0.15408985316753387,0.46094122529029846,-0.16744478046894073,-0.09700782597064972,0.555503249168396,0.2362203299999237,-0.05372096970677376,-0.4963526725769043,-0.25028088688850403,0.1232706680893898,0.33393892645835876,-0.28753387928009033,0.2056841105222702,-0.11462777853012085,0.3679580092430115,-0.0038236796390265226,-0.10552181303501129,-0.14869572222232819,0.06330563127994537,-0.19453082978725433,0.13680045306682587,-0.1471424102783203,0.2943229675292969,0.07016325742006302,-0.1681685894727707,0.1592407077550888,0.1458004266023636,0.16685912013053894,-0.3058851361274719,-0.025384241715073586,0.06842261552810669,-0.32198840379714966,0.018554812297225,0.3015683591365814,0.33203986287117004,0.3258454501628876,-0.36411869525909424,0.37120476365089417,0.22991225123405457,-0.17216810584068298,-0.4624912738800049,-0.1092296615242958,0.012103579938411713,-0.22088530659675598,-0.45979756116867065,-0.09350325912237167,0.16858625411987305,0.007224416825920343,0.17824749648571014,-0.25657886266708374,-0.00038480013608932495,0.341596394777298,-0.06788040697574615,-0.012917404994368553,-0.34680813550949097,0.3835887908935547,0.1206604614853859,0.27396002411842346,-0.48300808668136597,0.19513928890228271,-0.1219378337264061,0.1191675215959549,0.07423612475395203,-0.04052649810910225,0.13334551453590393
CID000005064,44,-0.1660810261964798,0.024106383323669434,-0.09000355005264282,-0.17730501294136047,0.3488602042198181,0.2970423698425293,0.03647828474640846,-0.05595096945762634,-0.2876416742801666,-0.256283700466156,-0.058345817029476166,-0.29202353954315186,0.1172633171081543,-0.20609763264656067,0.03660217672586441,0.17888328433036804,0.011801153421401978,0.088995561003685,0.04417505860328674,0.030777987092733383,-0.09399386495351791,0.13165287673473358,0.15921138226985931,-0.09460677206516266,-0.03643446043133736,-0.12735970318317413,-0.04744880646467209,0.0292684193700552,-0.15374504029750824,0.22708985209465027,-0.11609230935573578,-0.1577245146036148,-0.11137604713439941,0.10256967693567276,-0.3746832013130188,0.05532582849264145,-0.2450295239686966,-0.31231313943862915,-0.20099548995494843,-0.11348731815814972,0.16593557596206665,0.038518376648426056,-0.29915302991867065,-0.27804428339004517,0.04487524554133415,0.0675806850194931,0.1558273285627365,0.05439174920320511,-0.06621338427066803,-0.12444460391998291,-0.16782161593437195,0.05591088533401489,-0.06896565109491348,-0.11673788726329803,-0.013591853901743889,0.050786010921001434,-0.07758946716785431,-0.06611130386590958,0.14971309900283813,-0.06387072801589966,-0.9109348058700562,0.023120980709791183,-0.26118797063827515,0.29189741611480713,0.06564308702945709,0.0907062441110611,-0.052301354706287384,0.22900167107582092,-0.020420745015144348,0.08060331642627716,-0.09719822555780411,-0.10459862649440765,-0.022097663953900337,-0.08869519829750061,0.25793755054473877,-0.1202540174126625,-0.09905968606472015,0.1684432029724121,0.013532889075577259,-0.08119359612464905,-0.22635650634765625,0.08163096010684967,-0.3634730577468872,-0.020723605528473854,-0.08697821199893951,-0.11331738531589508,-0.16405093669891357,-0.23703832924365997,0.23919782042503357,0.052524078637361526,0.10303984582424164,-0.08610629290342331,-0.08484204113483429,-0.08214852958917618,-0.5009223818778992,-0.011117888614535332,-0.24006280303001404,0.36823830008506775,0.02830125018954277,-0.3306010365486145,0.23127642273902893,0.1546722948551178,-0.19965216517448425,0.02985755167901516,-0.09547950327396393,0.17682495713233948,-0.34919705986976624,0.18521690368652344,-0.23484425246715546,0.1483427733182907,0.03935772180557251,0.04626442864537239,0.346102774143219,0.004689908120781183,-0.0850963145494461,-0.008277309127151966,-0.007894933223724365,-0.11029833555221558,0.14715075492858887,-0.020543241873383522,-0.15888968110084534,-0.6734543442726135,-0.022266071289777756,-0.3124596178531647,-0.3679705858230591,0.19240620732307434,0.053811706602573395,0.3093281686306,0.10723568499088287,-0.022595610469579697,-0.10705028474330902,0.08465003222227097,-0.4650444984436035,-0.33628106117248535,0.16985683143138885,-0.15632981061935425,0.19014808535575867,-0.0028835893608629704,-0.12998828291893005,0.1809660941362381,-0.12244836986064911,0.1214667558670044,-0.07306107133626938,-0.0677114874124527,0.05380267649888992,-0.23687593638896942,-0.09180213510990143,-0.11725866794586182,-0.08603595942258835,0.13133814930915833,-0.06235814839601517,0.19211450219154358,0.09765063226222992,0.08461537212133408,-0.009163850918412209,0.07942230254411697,-0.1279248297214508,-0.3452875018119812,0.0724804550409317,0.22073285281658173,0.20069599151611328,-0.03269433230161667,-0.85826176404953,0.046407170593738556,0.1392396241426468,0.3260408043861389,-0.17364224791526794,-0.06688939779996872,0.18366244435310364,-0.06729146838188171,-0.05762353539466858,-0.126352459192276,0.3748631179332733,-0.17355413734912872,0.0010994493495672941,0.0024805963039398193,0.14733676612377167,0.13615186512470245,-0.47221875190734863,-0.04584085941314697,0.22008654475212097,0.297766774892807,0.00824478268623352,0.03522951155900955,0.042206961661577225,0.00026230962248519063,-0.3100906014442444,0.044551048427820206,0.3074049949645996,-0.015970975160598755,0.14462018013000488,-0.028576452285051346,-0.21821852028369904,-0.14089219272136688,-0.1560889631509781,0.2839342951774597,0.03729924559593201,0.13784588873386383,0.023578127846121788,0.16445091366767883,-0.012787329964339733,-0.12017007172107697,-0.0795055404305458,0.17685940861701965,-0.11052707582712173,0.18845641613006592,0.1474514752626419,-0.22535166144371033,0.08165459334850311,0.0952046737074852,0.007563868071883917,0.0632210373878479,0.03161955997347832,0.014372413977980614,0.23226222395896912,0.12723879516124725,0.3263751268386841,0.22461894154548645,0.041739486157894135,-0.4420643746852875,-0.04683660343289375,0.010403692722320557,-0.3352150619029999,0.11968376487493515,0.25777846574783325,-0.12096960842609406,0.10779149830341339,-0.31031689047813416,0.6769067645072937,0.020099405199289322,-0.23144440352916718,-0.16811437904834747,-0.10812979936599731,-0.10828308761119843,-0.4470676779747009,-0.18556001782417297,-0.29639798402786255,0.1622249335050583,0.10546586662530899,-0.1054893508553505,-0.14351323246955872,-0.0007739216089248657,0.19407185912132263,-0.06924591213464737,-0.011130367405712605,-0.11675141006708145,0.0932011604309082,-0.05921385809779167,0.05607099086046219,-0.6079279780387878,0.07474056631326675,-0.05704162269830704,0.14152957499027252,-0.1243506446480751,-0.026513922959566116,-0.021304327994585037
CID000003929,45,-0.09348631650209427,-0.3598859906196594,-0.20345723628997803,-0.23176684975624084,0.575165867805481,0.23535053431987762,-0.018562685698270798,-0.043670542538166046,-0.2794862687587738,-0.10576634109020233,0.024419650435447693,-0.3316463530063629,-0.04138382151722908,-0.09271596372127533,-0.14014479517936707,-0.06972910463809967,-0.013131922110915184,0.11587835848331451,0.11175300180912018,0.043252840638160706,-0.13532042503356934,0.19117847084999084,0.05403606966137886,0.020091697573661804,-0.18222182989120483,-0.011717399582266808,0.07269448041915894,-0.01811383105814457,-0.09461943805217743,0.3212886452674866,-0.02527780458331108,-0.33859318494796753,-0.02773013710975647,0.005981823895126581,-0.4509137272834778,0.08026593923568726,-0.24262504279613495,-0.21053047478199005,0.07621153444051743,-0.08341395854949951,-0.029512504115700722,0.1676732450723648,-0.08260224014520645,-0.1994636356830597,0.09680837392807007,0.08205369859933853,0.19651912152767181,0.015785163268446922,-0.0896189957857132,-0.0023329227697104216,-0.06786538660526276,-0.006082022096961737,0.1441235989332199,-0.11741004884243011,0.038514357060194016,0.009846510365605354,-0.12561962008476257,0.02792302891612053,0.1652837097644806,0.028948837891221046,-0.8915526270866394,-0.25155121088027954,-0.33331093192100525,0.18012206256389618,0.18405169248580933,0.04124685376882553,-0.2782256603240967,0.13100913166999817,-0.2086523026227951,0.03654396906495094,-0.07714299857616425,0.27981072664260864,-0.06621940433979034,-0.09383685141801834,0.1525387018918991,-0.10048557817935944,-0.10266890376806259,-0.06133877485990524,0.0779799222946167,-0.1395009458065033,-0.2185060679912567,-0.042254488915205,-0.20092885196208954,-0.0737234503030777,-0.14412547647953033,-0.09571050107479095,-0.19697560369968414,-0.36941567063331604,0.37635916471481323,-0.022698819637298584,0.010665059089660645,0.01528140902519226,-0.01692981645464897,0.14011335372924805,-0.40006524324417114,0.0023371740244328976,-0.2542349696159363,0.3934810757637024,0.1297117918729782,-0.19335103034973145,0.1650770902633667,0.23847603797912598,-0.2129688262939453,-0.009747512638568878,-0.04766763374209404,-0.05413904786109924,-0.5953681468963623,0.21396276354789734,-0.10114873945713043,0.3866801857948303,0.10314048826694489,-0.01924755610525608,0.1411784589290619,-0.07046540081501007,0.0027436227537691593,0.10254798084497452,-0.01799529232084751,-0.10783307254314423,0.09780364483594894,-0.029398411512374878,-0.11420939117670059,-0.7044413685798645,0.004730683751404285,-0.04156645014882088,-0.31755977869033813,0.1740909069776535,-0.10242035239934921,0.33341220021247864,0.084855817258358,-0.21642044186592102,-0.17969059944152832,0.032867930829524994,-0.4556220471858978,-0.23764276504516602,-0.033084940165281296,-0.05843758583068848,0.16907718777656555,0.039770372211933136,0.07798784971237183,0.07914222031831741,0.025463705882430077,0.4301365315914154,-0.06022275239229202,-0.09980988502502441,0.06917339563369751,-0.14321249723434448,0.06404338777065277,0.02694561518728733,-0.019109081476926804,0.1663217842578888,-0.02250966802239418,-0.10214175283908844,0.2046356499195099,0.049488577991724014,0.18385012447834015,-0.08799446374177933,-0.15384788811206818,-0.32447579503059387,0.1826767921447754,0.027240311726927757,0.11493067443370819,-0.16046127676963806,-0.9717370867729187,-0.07573281973600388,0.020043468102812767,0.22048556804656982,-0.02766907773911953,-0.0790819376707077,0.14952580630779266,0.015740597620606422,-0.06344405561685562,-0.07001371681690216,0.3631712794303894,-0.10636025667190552,0.1316976547241211,-0.09217078983783722,0.018640950322151184,0.05237792804837227,-0.3828582167625427,0.005689059384167194,0.1988067477941513,0.2304164469242096,-0.12635637819766998,-0.08266644179821014,-0.13224685192108154,0.03749430924654007,-0.15425291657447815,-0.03261226415634155,0.6004625558853149,-0.22930283844470978,0.20785145461559296,-0.005730907432734966,0.10068389028310776,0.0031013309489935637,-0.046573005616664886,0.4228138029575348,-0.10930407047271729,-0.0627535805106163,-0.11738426983356476,-0.2541789412498474,-0.1318012773990631,-0.21652516722679138,-0.07974215596914291,0.15015463531017303,-0.13522876799106598,0.37567758560180664,0.10849156230688095,-0.19098754227161407,-0.05088525265455246,0.028304707258939743,-0.08509552478790283,0.13582751154899597,0.11017347872257233,0.21776381134986877,0.18189682066440582,0.3415420353412628,0.32451125979423523,0.13335543870925903,-0.0548100471496582,-0.37967032194137573,0.0806695818901062,-0.07104390859603882,-0.41221243143081665,-0.06172901391983032,0.24783888459205627,-0.06256312876939774,0.10078265517950058,-0.40853601694107056,0.7356834411621094,0.048372868448495865,-0.1938067376613617,-0.08339895308017731,-0.20129787921905518,-0.07471027225255966,-0.6365798115730286,-0.1615893393754959,0.057354915887117386,0.10287092626094818,0.21667659282684326,-0.21216163039207458,-0.16791653633117676,0.13137897849082947,0.24693889915943146,0.031076600775122643,0.06166762113571167,-0.1525861918926239,0.303793340921402,0.02494300901889801,0.02076398767530918,-0.64456707239151,0.048678696155548096,0.1454845368862152,0.21734380722045898,-0.13317351043224335,-0.00805172510445118,0.13504339754581451
CID000051263,46,0.04355153813958168,0.20578376948833466,0.29101505875587463,-0.2167516052722931,0.16445907950401306,0.33052223920822144,0.02364945411682129,0.13139688968658447,-0.14195068180561066,-0.16922888159751892,-0.04176586866378784,-0.16535645723342896,0.07645616680383682,-0.18741324543952942,0.3504618704319,0.15520639717578888,-0.030550137162208557,0.3629491925239563,-0.06563282012939453,-0.03646301105618477,-0.23611751198768616,0.2708948254585266,-0.06265244632959366,-0.07310249656438828,0.16319319605827332,-0.17992964386940002,0.03688400611281395,-0.05641516298055649,-0.03260356932878494,0.28659823536872864,0.05728200078010559,0.1325380504131317,0.03833884745836258,0.032130640000104904,-0.5696157217025757,-0.07932929694652557,-0.14611010253429413,-0.23620930314064026,-0.23699383437633514,0.021904708817601204,0.16360151767730713,0.07192888855934143,-0.13464471697807312,-0.3853769898414612,0.1581001728773117,-0.19951429963111877,-0.287838876247406,0.13697382807731628,-0.15340197086334229,-0.1336282193660736,-0.45080462098121643,0.08627961575984955,-0.04564289376139641,0.039532314985990524,0.14152665436267853,-0.07989156246185303,-0.0914674624800682,-0.13949085772037506,0.4884624481201172,-0.02996046282351017,-0.8750031590461731,0.24934391677379608,-0.32599300146102905,0.03847503289580345,-0.04222191497683525,0.23684489727020264,-0.03053756058216095,0.11494612693786621,0.17501594126224518,0.15932123363018036,-0.16422954201698303,0.12693548202514648,0.10091209411621094,-0.11441582441329956,0.312520831823349,-0.056230269372463226,0.02748638018965721,0.10500887781381607,0.03530371934175491,-0.12907491624355316,-0.1744891107082367,0.05288896709680557,-0.08889921009540558,0.008039131760597229,-0.22377662360668182,-0.16915269196033478,-0.360250324010849,-0.21938660740852356,0.31630080938339233,0.02282368205487728,-0.01309281587600708,-0.1280842423439026,-0.05390381067991257,-0.052365951240062714,-0.6240763068199158,-0.03644581511616707,-0.26485973596572876,0.3682098090648651,0.08766971528530121,-0.4435488283634186,0.2158880978822708,-0.022892678156495094,-0.11141649633646011,-0.17701415717601776,-0.21822944283485413,0.15127822756767273,-0.5468562245368958,0.23906727135181427,-0.23866160213947296,0.25461018085479736,-0.051631517708301544,-0.0577859953045845,0.33394867181777954,-0.16545024514198303,-0.18272152543067932,-0.011052900925278664,0.010643613524734974,0.013601039536297321,0.08338291943073273,0.09190540015697479,0.0898534506559372,-0.5666322708129883,-0.1553650200366974,-0.5122007131576538,-0.40819215774536133,-0.09854914247989655,-0.02231615222990513,0.27191275358200073,-0.05349571257829666,0.04245505481958389,0.2639046311378479,0.07339659333229065,-0.6765111088752747,-0.3585525155067444,0.11116562783718109,-0.15780428051948547,0.3671230971813202,-0.36261624097824097,-0.06344960629940033,0.06952834129333496,-0.08082892000675201,0.28814202547073364,-0.37682217359542847,0.034080371260643005,-0.0024825006257742643,0.1266067773103714,0.12235933542251587,-0.06707938015460968,-0.22418758273124695,0.25696128606796265,-0.02895607426762581,0.27322015166282654,-0.0864301323890686,0.09686796367168427,-0.15775932371616364,0.10990536212921143,-0.004783696494996548,-0.38210541009902954,0.1587379276752472,-0.19734293222427368,0.24716103076934814,-0.006648936774581671,-0.8276418447494507,-0.03243885561823845,0.22980713844299316,0.21619448065757751,-0.26716703176498413,-0.04747990891337395,0.12811875343322754,-0.07847362756729126,0.030239831656217575,0.07857761532068253,0.4273657202720642,0.0398670993745327,-0.37642064690589905,0.09018097817897797,0.04410666972398758,0.18259771168231964,-0.49496206641197205,-0.10045083612203598,0.2903698682785034,0.7433652281761169,0.13444824516773224,0.021396342664957047,0.07218648493289948,-0.16372011601924896,-0.19766485691070557,-0.10260027647018433,0.5919674634933472,0.058060336858034134,0.02662278339266777,-0.49786505103111267,-0.17029328644275665,-0.13980312645435333,-0.11595777422189713,0.4773380756378174,0.20297420024871826,0.0815758928656578,-0.1664508730173111,-0.1039268970489502,0.1293036937713623,0.016887301579117775,-0.06377579271793365,0.17247286438941956,-0.06481863558292389,0.19491183757781982,0.04714788869023323,0.0088157057762146,-0.0973452478647232,0.06341204047203064,0.2163453847169876,0.10839666426181793,-0.06685785949230194,0.14638036489486694,0.05971389263868332,0.051032841205596924,0.3875828683376312,0.17144741117954254,-0.06990815699100494,-0.2289503514766693,-0.04347354918718338,-0.029344290494918823,-0.335660457611084,0.08578567951917648,0.11039993911981583,-0.11097545921802521,0.06934676319360733,-0.34534040093421936,0.545139491558075,-0.04431041330099106,-0.1717911660671234,-0.373820960521698,0.028441816568374634,-0.02735598012804985,-0.5841403007507324,-0.1593301147222519,-0.3004174530506134,0.09908170998096466,0.13206449151039124,-0.2200157642364502,-0.2677219808101654,0.2913591265678406,0.29189279675483704,-0.014716324396431446,-0.07780615985393524,-0.4719443917274475,0.2573010325431824,-0.18052448332309723,0.1767754852771759,-0.5349363684654236,-0.054996274411678314,-0.028070325031876564,0.2016788274049759,0.24030253291130066,-0.03873496502637863,0.009366306476294994
CID000065999,47,0.013890487141907215,0.18844503164291382,0.13711535930633545,-0.10851764678955078,0.3693283498287201,0.26589661836624146,0.1518212854862213,-0.03755352646112442,-0.11599205434322357,-0.27384740114212036,0.21548739075660706,-0.6163763403892517,0.19456443190574646,-0.24449202418327332,-0.16918841004371643,0.008465498685836792,0.0028476875741034746,-0.2191174030303955,-0.05989054962992668,0.0821269303560257,0.4100096821784973,-0.12313244491815567,-0.2369830161333084,-0.0551973357796669,0.26783663034439087,-0.0673859491944313,-0.017708051949739456,0.21611499786376953,-0.030638348311185837,0.41153979301452637,-0.11957118660211563,0.18146291375160217,0.14785544574260712,0.10629983991384506,-0.8223094940185547,-0.021974215283989906,0.05010209232568741,-0.20606295764446259,-0.1475948989391327,0.0842299535870552,0.035543330013751984,0.1841220110654831,-0.3404873013496399,0.14964838325977325,0.45271992683410645,-0.024067675694823265,0.045258842408657074,0.055151212960481644,0.15851645171642303,-0.22087745368480682,-0.4389621615409851,0.0961577519774437,-0.21929696202278137,-0.23949289321899414,0.08062063157558441,-0.17602305114269257,-0.017645785585045815,-0.11452510207891464,0.3315626084804535,0.08930300921201706,-0.8881308436393738,-0.019867967814207077,-0.5535035729408264,-0.18159613013267517,7.317066047107801e-05,0.11880763620138168,-0.1548517644405365,0.47831836342811584,-0.0033508173655718565,0.1209336519241333,-0.12710770964622498,-0.18816909193992615,-0.012448561377823353,0.2082524299621582,0.13488100469112396,0.2639985680580139,0.06671775877475739,0.31009548902511597,0.05228479951620102,-0.16461023688316345,-0.29633206129074097,0.2756025791168213,0.14620819687843323,0.07651054114103317,-0.0995476096868515,-0.009695750661194324,-0.18674254417419434,-0.004261606838554144,0.46774616837501526,0.016605976969003677,0.037231191992759705,-0.010579084977507591,0.0183284692466259,0.0050275311805307865,-0.49374181032180786,-0.06298251450061798,-0.1410338580608368,0.10010699927806854,0.2168627232313156,-0.23139865696430206,0.26347699761390686,-0.18659208714962006,-0.3298645615577698,0.3816698491573334,-0.16299612820148468,0.015912258997559547,-0.5009704828262329,0.19038128852844238,-0.05043410509824753,0.19874227046966553,0.37354812026023865,-0.1803831309080124,0.26753944158554077,-0.04862795025110245,0.28140878677368164,-0.218877911567688,-0.0252661295235157,-0.5331150889396667,0.26831406354904175,0.016684124246239662,-0.03670426458120346,-0.8972957730293274,0.04539155960083008,0.15676572918891907,-0.4258096218109131,0.06166984885931015,0.17320790886878967,0.24393990635871887,0.037299517542123795,0.11691214144229889,0.1796482801437378,0.04863385111093521,-0.5214323997497559,-0.24021930992603302,0.0752505213022232,-0.08074474334716797,0.3668302595615387,-0.2406153678894043,0.068409264087677,-0.2730030119419098,-0.04486832767724991,0.12287469953298569,0.1585310697555542,-0.13594087958335876,-0.25697028636932373,-0.10358359664678574,-0.12872762978076935,0.0926409512758255,0.4140685200691223,0.022889012470841408,-0.01189519464969635,0.2479860782623291,-0.2874830365180969,0.02221115306019783,0.04354054853320122,-0.06250469386577606,0.017692293971776962,-0.4472063183784485,-0.05655312538146973,-0.00011080503463745117,0.03661919757723808,0.07549921423196793,-0.8004050254821777,0.08754352480173111,0.6864029169082642,0.08651383966207504,0.015885621309280396,0.04326426237821579,-0.02353736199438572,-0.10520293563604355,-0.17883802950382233,-0.37382346391677856,0.4438875615596771,0.14798906445503235,-0.03969716280698776,0.0828620046377182,0.14184613525867462,0.018711071461439133,-0.48802581429481506,-0.02465476468205452,0.20438441634178162,0.14777879416942596,-0.09929598867893219,-0.1761203110218048,-0.08622036874294281,-0.2813480794429779,-0.3066290318965912,-0.13018877804279327,0.7376390695571899,-0.030233878642320633,0.23889335989952087,-0.47409477829933167,-0.16892287135124207,-0.1667509824037552,-0.08390452712774277,0.26048964262008667,-0.0951431542634964,-0.09920178353786469,-0.31756511330604553,0.11020155251026154,0.05229044705629349,-0.21604487299919128,-0.4957300126552582,0.06729461997747421,0.16976502537727356,0.1432572901248932,-0.08177170157432556,-0.18871459364891052,-0.3733484745025635,0.11098601669073105,0.29165810346603394,-0.2415028065443039,-0.01649835705757141,0.0005125164752826095,0.09637386351823807,0.05386772006750107,0.7063361406326294,0.08077321201562881,0.14612910151481628,-0.12365587800741196,0.026748407632112503,-0.13931384682655334,-0.5839430093765259,-0.17278558015823364,0.216815784573555,-0.13203707337379456,0.3359384536743164,-0.030454862862825394,0.8744136691093445,-0.05982523038983345,-0.19591471552848816,-0.08371347934007645,-0.060334254056215286,0.0025486380327492952,-0.4474557936191559,-0.1897074431180954,-0.0008919358369894326,0.0418352410197258,0.3515532314777374,-0.14812099933624268,-0.33615702390670776,0.056414615362882614,-0.0053256843239068985,-0.26666441559791565,0.07645329087972641,-0.10284831374883652,0.1840054839849472,0.14645445346832275,0.16718952357769012,-0.9503028988838196,-0.01283459085971117,0.8193899989128113,0.13190928101539612,0.20252397656440735,0.0628153458237648,-0.09765559434890747
CID000083786,48,0.07481662184000015,-0.18685472011566162,-0.2039368450641632,-0.08090813457965851,0.33097609877586365,0.1761835515499115,-0.264566570520401,-0.003858019830659032,-0.22854700684547424,0.0360998809337616,0.13606594502925873,-0.5079778432846069,0.09257631748914719,-0.2982262969017029,0.09706909954547882,-0.13750943541526794,0.020482981577515602,0.09355051815509796,0.06982113420963287,0.012173671275377274,-0.1486818492412567,0.003830039408057928,0.1638001948595047,0.22364887595176697,-0.10543091595172882,-0.009653802029788494,0.012423944659531116,-0.03939872235059738,0.06678637117147446,0.3258213400840759,-0.022872010245919228,-0.12811222672462463,-0.09982725977897644,-0.07761365920305252,-0.5978442430496216,0.13677462935447693,-0.22218573093414307,-0.18295565247535706,-0.16081473231315613,0.08902199566364288,0.1514897346496582,-0.19719013571739197,-0.04203447327017784,-0.06752341240644455,0.4870844781398773,0.16030296683311462,0.025407224893569946,-0.09018926322460175,0.0037810690701007843,-0.07004278153181076,-0.4449448585510254,-0.08559967577457428,-0.0628303736448288,0.01677051931619644,0.18042628467082977,-0.058575935661792755,-0.05241936445236206,0.07873757183551788,0.46983638405799866,0.4443064332008362,-0.8082913160324097,0.33879750967025757,-0.1738133579492569,0.23262432217597961,0.15891322493553162,0.09620900452136993,-0.04928939417004585,0.19041138887405396,-0.06379790604114532,0.12874385714530945,-0.2116890400648117,0.11161185801029205,-0.15792503952980042,-0.20315639674663544,0.216854065656662,-0.05011427402496338,-0.04606300964951515,0.30119794607162476,0.02328442968428135,-0.07194547355175018,-0.12612198293209076,-0.05613604933023453,-0.1499037891626358,0.0739511027932167,-0.2129477709531784,0.12671615183353424,-0.13635000586509705,0.1281428039073944,0.4324061870574951,-0.13273601233959198,-0.23454901576042175,-0.14863848686218262,0.03902225196361542,-0.035580575466156006,-0.6016489267349243,-0.011555199511349201,-0.06628451496362686,0.35123559832572937,0.03179896995425224,-0.21029242873191833,0.29785293340682983,0.1743226796388626,-0.16681072115898132,-0.05524047464132309,-0.02193911373615265,0.09689655154943466,-0.669275164604187,0.011130115017294884,0.022290213033556938,0.058857809752225876,0.17086367309093475,0.0738707184791565,0.09886033833026886,0.12650874257087708,0.043925635516643524,-0.08570325374603271,0.04086928814649582,-0.5037835240364075,0.20175406336784363,0.18994548916816711,-0.2388060837984085,-0.7675551176071167,0.0899701938033104,0.028525754809379578,-0.42980846762657166,0.052402131259441376,-0.06026782840490341,0.2071107178926468,-0.08950678259134293,-0.07960841804742813,-0.3520480990409851,0.10727973282337189,-0.47917550802230835,-0.3146635890007019,-0.3335900902748108,-0.145320862531662,0.4649093747138977,-0.4839317798614502,-0.07490520924329758,-0.007821345701813698,0.062427081167697906,0.20826919376850128,-0.19965039193630219,0.012317183427512646,-0.03476830571889877,0.00026416778564453125,-0.023512203246355057,0.17597894370555878,-0.053257476538419724,0.020768826827406883,-0.10428905487060547,-0.2054779827594757,0.13089224696159363,-0.011325645260512829,0.09382390975952148,0.06132281944155693,-0.11325295269489288,-0.2978593409061432,0.0028162479866296053,0.05412878841161728,0.14027170836925507,0.032258085906505585,-0.9887686967849731,0.051096271723508835,0.35993537306785583,0.27087992429733276,-0.05902485176920891,-0.2533835470676422,0.17794929444789886,0.11823286861181259,-0.04709320142865181,-0.19932284951210022,0.2166082113981247,-0.15333768725395203,-0.14147913455963135,-0.02927720546722412,0.15327313542366028,0.09863593429327011,-0.4415527880191803,-0.04908527806401253,0.2646516263484955,0.19923290610313416,0.03820095583796501,-0.1200186163187027,-0.12927882373332977,-0.14680150151252747,-0.15231724083423615,-0.5692477226257324,0.7654433846473694,0.1925327181816101,0.09498783200979233,-0.4426639974117279,-0.016805216670036316,0.03986407071352005,-0.26213979721069336,0.5007702112197876,-0.07034823298454285,0.05631053447723389,-0.10641998052597046,-0.2998291850090027,-0.3093138337135315,-0.04268559813499451,-0.21471264958381653,0.07938205450773239,-0.24133095145225525,0.14332596957683563,0.2468150109052658,0.0031150453723967075,-0.2996574342250824,-0.10060342401266098,0.11997564882040024,0.023864036425948143,-0.03368251770734787,-0.1608571708202362,0.04000532627105713,-0.23748445510864258,0.5943546295166016,-0.12920507788658142,-0.1947222352027893,-0.3292526602745056,-0.03959955275058746,-0.06962873041629791,-0.6046890020370483,0.16359610855579376,0.26314130425453186,-0.12576033174991608,0.23351545631885529,-0.11577161401510239,0.8586200475692749,0.0612909272313118,-0.02201029285788536,-0.07501570135354996,0.15180766582489014,-0.11061841249465942,-0.6167219281196594,-0.0979044958949089,-0.13014161586761475,0.15236331522464752,0.057743966579437256,-0.10664570331573486,-0.2882992625236511,-0.038452934473752975,0.03784993290901184,0.015934418886899948,-0.02119509130716324,-0.06044097989797592,0.13601835072040558,-0.10989286750555038,-0.06810349225997925,-0.6495100259780884,0.09608966112136841,0.27986615896224976,0.20192337036132812,-0.16562913358211517,0.13799576461315155,0.07261431217193604
CID000002524,49,-0.28078290820121765,-0.15386542677879333,0.11849784851074219,-0.010211645625531673,0.4715654253959656,0.5346640348434448,-0.014128001406788826,0.03428895026445389,-0.6667333841323853,-0.19468864798545837,-0.07876483350992203,-0.45216402411460876,0.021505210548639297,-0.16893219947814941,-0.06311125308275223,0.07129573822021484,0.17739301919937134,-0.2498626410961151,0.11455925554037094,-0.3932031989097595,0.007287877611815929,-0.002257624175399542,0.016032177954912186,-0.04434400796890259,-0.23080208897590637,0.063997283577919,0.06726294755935669,0.10354690253734589,-0.20924746990203857,0.5472686886787415,-0.15950904786586761,0.004936689045280218,-0.31008660793304443,0.2697858214378357,-0.30040842294692993,-0.06138031557202339,-0.3921545445919037,-0.21226784586906433,-0.21788379549980164,0.2268868237733841,0.39374494552612305,0.05545368045568466,-0.3460361361503601,-0.15895932912826538,0.47323670983314514,0.14431819319725037,0.11704099178314209,-0.02756401337683201,-0.27164512872695923,-0.038828056305646896,-0.4060349464416504,0.04885202273726463,-0.08854386955499649,-0.12006251513957977,0.190397709608078,0.14702942967414856,0.13705487549304962,-0.06203733757138252,0.45832085609436035,0.3225235641002655,-0.7386203408241272,-0.014234067872166634,-0.19857342541217804,0.3089165687561035,0.06694231927394867,-0.37889933586120605,-0.20069019496440887,0.19337701797485352,-0.22484605014324188,-0.11106128990650177,-0.6847050189971924,-0.35100796818733215,0.41262999176979065,-0.25850653648376465,0.3847723603248596,-0.014361264184117317,-0.17674651741981506,0.2703714668750763,-0.12713810801506042,0.08303208649158478,-0.10741603374481201,0.05359070375561714,-0.460798442363739,-0.10312257707118988,0.1893766224384308,-0.06258714199066162,-0.20111139118671417,0.07062143087387085,0.40743082761764526,0.17284151911735535,-0.2033279836177826,-0.33138784766197205,0.08891203254461288,-0.220614954829216,-0.7123534083366394,0.04041672870516777,-0.068553626537323,0.31660914421081543,0.3389485478401184,-0.21671704947948456,0.2742922902107239,-0.0016373858088627458,-0.3053254187107086,-0.0314728319644928,-0.1329340636730194,-0.1654033213853836,-0.33751386404037476,0.18410751223564148,-0.11016520112752914,0.20431368052959442,-0.2657148241996765,0.13850753009319305,0.34860339760780334,-0.15245577692985535,0.019648099318146706,0.23607435822486877,-0.07941927015781403,-0.44277024269104004,0.3219313323497772,-0.1023058146238327,0.05833597853779793,-0.6872849464416504,0.07383951544761658,-0.30843424797058105,-0.8467907905578613,0.21605798602104187,0.11508327722549438,0.7238701581954956,0.3618583083152771,-0.18562822043895721,-0.014623570255935192,-0.021434281021356583,-0.39673084020614624,-0.3918682932853699,-0.2092033177614212,-0.21865525841712952,0.00039920659037306905,-0.17833827435970306,-0.0801333636045456,-0.15972092747688293,0.08299752324819565,0.14789673686027527,-0.010821634903550148,0.09509120881557465,-0.03864499554038048,-0.19451862573623657,-0.035383373498916626,-0.19050578773021698,-0.001189859234727919,0.08011342585086823,-0.13542093336582184,0.08155854046344757,0.19540046155452728,-0.1263294219970703,0.04026413708925247,0.07974714040756226,-0.008301827125251293,-0.5594692230224609,0.06876113265752792,-0.18500462174415588,0.17994174361228943,0.17364588379859924,-0.930278480052948,-0.001322821481153369,0.4664214253425598,0.24640676379203796,-0.17136701941490173,-0.24209538102149963,0.44934701919555664,-0.08802530914545059,-0.2620503604412079,-0.04642440378665924,0.4413411617279053,-0.1783195436000824,0.10736711323261261,-0.06478440761566162,-0.09936640411615372,-0.07695372402667999,-0.14665672183036804,-0.21524420380592346,0.14464767277240753,0.3215212821960449,0.209156796336174,0.19447128474712372,-0.24159762263298035,-0.09253933280706406,-0.27706843614578247,-0.16794408857822418,0.5880464315414429,-0.008757894858717918,0.036939576268196106,-0.14064010977745056,0.057804279029369354,0.19636578857898712,-0.2334141731262207,0.3499428331851959,-0.1560344398021698,-0.0893368273973465,-0.04140906035900116,0.16465245187282562,-0.007740250322967768,0.3526548743247986,-0.24602119624614716,0.2700238525867462,0.05284686014056206,0.30254510045051575,0.2495848387479782,-0.1478038728237152,-0.5406585335731506,0.1611475795507431,-0.19860205054283142,0.04353996366262436,-0.11892963945865631,0.08253376185894012,0.10244207084178925,-0.30019524693489075,0.396984726190567,0.178709477186203,-0.15476244688034058,-0.1044360026717186,-0.203929141163826,-0.061761222779750824,-0.3483837842941284,0.11227325350046158,0.180107980966568,-0.007168513722717762,0.3823002576828003,-0.39613449573516846,0.44287291169166565,0.008150855079293251,0.0009497731807641685,-0.4064134955406189,-0.1259593814611435,-0.040125101804733276,-0.16972044110298157,-0.23972375690937042,-0.053202372044324875,0.15832099318504333,-0.037254225462675095,0.08939234912395477,-0.35804834961891174,0.16644258797168732,0.13099662959575653,0.12405478954315186,0.17348548769950867,-0.2980268597602844,0.07007009536027908,0.16754433512687683,0.2735222280025482,-0.6214761734008789,0.02282014489173889,0.31025177240371704,-0.20544198155403137,-0.11980237811803818,-0.11105968058109283,-0.3419641852378845
CID000003405,50,0.02931223437190056,-0.039380013942718506,-0.025111239403486252,-0.064811110496521,0.4368840157985687,0.2783021926879883,0.0669921487569809,0.05176209658384323,-0.23322251439094543,-0.15289193391799927,0.1159520372748375,-0.40462350845336914,0.1852215826511383,-0.24584022164344788,0.01719055511057377,0.12049166113138199,-0.05930444598197937,0.009076875634491444,0.12448401749134064,-0.07704877108335495,-0.006617701146751642,0.13829480111598969,0.03279987722635269,-0.09244583547115326,0.11044411361217499,0.044033125042915344,-0.03674107789993286,0.00597235094755888,-0.08450590074062347,0.30061736702919006,-0.07525907456874847,-0.24947014451026917,-0.13972556591033936,0.07983732223510742,-0.45103806257247925,-0.0016770258080214262,-0.21003957092761993,-0.2678418755531311,-0.2533636689186096,-0.010940375737845898,0.1325158327817917,-0.016439784318208694,-0.17165455222129822,-0.10631859302520752,0.16945312917232513,-0.1646069884300232,-0.029693137854337692,0.04094981029629707,-0.2533002495765686,-0.15299920737743378,-0.2122567892074585,0.01928652450442314,-0.07218343019485474,-0.09079553931951523,0.08983037620782852,0.031052619218826294,-0.05026624724268913,0.06704535335302353,0.14707282185554504,0.16946835815906525,-0.9594658017158508,-0.06539372354745865,-0.38488227128982544,0.22145482897758484,0.005456054117530584,0.2333812266588211,-0.1870661973953247,0.22314777970314026,-0.03737200051546097,0.12257049232721329,-0.057892441749572754,0.12376777082681656,0.08279243856668472,-0.02181413769721985,0.16957831382751465,-0.07796729356050491,-0.09643588960170746,0.008002308197319508,0.1636805683374405,0.0006670832517556846,-0.23184219002723694,0.1482360064983368,-0.23407737910747528,-0.10212413966655731,-0.08560866862535477,0.004471073858439922,-0.2484423667192459,-0.26229527592658997,0.33221864700317383,-0.00046782195568084717,0.07324706763029099,-0.009352457709610462,-0.19442549347877502,-0.10667332261800766,-0.4844161868095398,-0.0012542277108877897,-0.012927147559821606,0.28995004296302795,0.06468456983566284,-0.23512797057628632,0.12726707756519318,0.18096669018268585,-0.19787447154521942,-0.059790778905153275,-0.22544875741004944,0.08509750664234161,-0.42886751890182495,0.22102327644824982,-0.19363954663276672,0.17620007693767548,0.21489115059375763,-0.008571111597120762,0.2133301943540573,-0.035805534571409225,0.03596581518650055,0.11821292340755463,-0.3111928105354309,-0.3035704791545868,0.10516650974750519,0.17622332274913788,-0.17502696812152863,-0.563606858253479,0.019694650545716286,-0.018763629719614983,-0.5318255424499512,0.10263426601886749,0.008442206308245659,0.29226160049438477,-0.027968566864728928,0.038647256791591644,0.0043763755820691586,0.1841253936290741,-0.5496152639389038,-0.2973797917366028,0.09599552303552628,-0.15944941341876984,0.1514204442501068,-0.18551413714885712,-0.010195227339863777,0.016544511541724205,-0.2113669216632843,0.07763990014791489,-0.1033562645316124,0.001705980277620256,-0.012444842606782913,-0.20325306057929993,-0.11175386607646942,-0.0787326842546463,-0.06514183431863785,0.05282872915267944,0.08762086927890778,0.06159673258662224,-0.09329298883676529,0.018921971321105957,-0.06747939437627792,-0.01631767489016056,-0.03175272047519684,-0.4119992256164551,0.011214626021683216,0.22131772339344025,0.22861628234386444,-0.1243116483092308,-0.8259385228157043,0.10175995528697968,0.2941303551197052,0.19705285131931305,-0.2533542811870575,-0.08959944546222687,0.05036578327417374,0.003582604229450226,-0.1041295975446701,-0.17040398716926575,0.35453593730926514,0.008915131911635399,-0.04469511657953262,-0.08455397188663483,-0.10446757078170776,0.21015305817127228,-0.44649332761764526,-0.022376347333192825,0.136328786611557,0.252072274684906,0.06784574687480927,0.06197313219308853,0.03382949158549309,-0.08294562995433807,-0.18340083956718445,-0.05879572033882141,0.2511518597602844,-0.13121235370635986,0.28761395812034607,-0.23665499687194824,-0.22691543400287628,-0.12972670793533325,-0.17039749026298523,0.161627858877182,-0.012726428918540478,0.07820704579353333,-0.20859892666339874,-0.06780995428562164,-0.04287315905094147,-0.08982091397047043,-0.13912451267242432,0.16580769419670105,-0.148898646235466,0.24407720565795898,-0.06415845453739166,-0.07755029201507568,-0.017976844683289528,0.25875505805015564,0.06421171873807907,-0.0033712596632540226,-0.09416388720273972,0.037567414343357086,0.2803436815738678,0.1924944370985031,0.33687254786491394,0.08042735606431961,-0.08786491304636002,-0.2372884750366211,0.05149049684405327,-0.05486736446619034,-0.38404029607772827,0.0016158759826794267,0.05442193150520325,-0.07487110048532486,0.18582966923713684,-0.19855079054832458,0.6148947477340698,0.14114417135715485,-0.23666520416736603,-0.12967649102210999,-0.14662814140319824,-0.06859014928340912,-0.5420325994491577,-0.23965862393379211,-0.27929791808128357,0.23823893070220947,0.3146847188472748,-0.07621457427740097,-0.13424119353294373,0.018258262425661087,0.08520793169736862,0.15337590873241425,0.22843709588050842,-0.07403789460659027,0.2174462378025055,-0.17252850532531738,0.012848734855651855,-0.6236905455589294,0.0827147364616394,0.2529638409614563,0.10720213502645493,-0.03016410395503044,0.006782003678381443,-0.040169257670640945
CID000667490,51,0.14389245212078094,-0.27684447169303894,-0.13345369696617126,-0.06514351069927216,0.5858063101768494,0.48931884765625,-0.17284168303012848,-0.029830003157258034,-0.41237467527389526,-0.1642933338880539,0.18860557675361633,-0.3711547255516052,0.2758082151412964,-0.15114249289035797,-0.09124741703271866,-0.03573303669691086,-0.04967135936021805,0.1687229573726654,0.04366610571742058,0.09537000954151154,0.05075982213020325,0.33143407106399536,-0.0009352251654490829,0.2773183584213257,0.048820652067661285,0.1289752721786499,0.010847695171833038,-0.012225969694554806,-0.0475626103579998,0.47547394037246704,-0.24536976218223572,0.33283743262290955,-0.0108100026845932,-0.018965980038046837,-0.677583634853363,0.0781048983335495,-0.5512962341308594,-0.2791316509246826,-0.48697686195373535,0.14638064801692963,0.025460397824645042,0.17546656727790833,-0.534240186214447,-0.25698983669281006,0.47124695777893066,0.18714234232902527,-0.27164900302886963,0.051118992269039154,0.13932529091835022,0.11596353352069855,-0.7525708675384521,0.12056231498718262,-0.10675135999917984,-0.2599464952945709,-0.03202681988477707,-0.052791547030210495,-0.011740888468921185,-0.020850932225584984,0.5195950269699097,0.2023272067308426,-0.8976645469665527,0.3102187216281891,-0.2417096644639969,0.48370957374572754,0.10440704971551895,-0.2749312222003937,-0.17022822797298431,0.04049596190452576,0.13178744912147522,-0.2607777416706085,-0.5954205989837646,-0.05393078923225403,-0.18086737394332886,-0.1982458531856537,0.3816567063331604,-0.08823371678590775,-0.24082322418689728,0.06662102043628693,0.0556052103638649,-0.26165080070495605,-0.15960417687892914,0.10045035183429718,-0.37794309854507446,-0.18096521496772766,-0.009189968928694725,-0.35117000341415405,-0.09564705193042755,0.06557239592075348,0.4365556836128235,0.13159999251365662,-0.43590694665908813,-0.3072224259376526,0.21163971722126007,-0.16533733904361725,-0.5435367226600647,-0.04815807193517685,-0.017742210999131203,0.24151229858398438,0.08541978150606155,-0.09460821002721786,0.3093334436416626,0.06689289957284927,-0.18193510174751282,0.540893018245697,-0.18892502784729004,-0.008707046508789062,-0.48149412870407104,0.34805747866630554,-0.24785299599170685,0.2515053451061249,0.13701297342777252,0.3244023323059082,0.14097201824188232,0.10417721420526505,0.14130958914756775,-0.13036461174488068,0.04952076077461243,-0.7556824088096619,0.38218361139297485,0.028347626328468323,0.24540595710277557,-0.8465473055839539,0.00047073065070435405,-0.4173687994480133,-0.3498668074607849,0.3231011927127838,0.13444311916828156,0.45088109374046326,0.046446722000837326,-0.07863496989011765,-0.2696833312511444,0.03435099124908447,-0.48073068261146545,-0.359258770942688,-0.40566736459732056,-0.06428787857294083,0.23624379932880402,-0.3503696024417877,-0.049708254635334015,0.03622344136238098,-0.28392651677131653,0.2599019706249237,0.05441795662045479,-0.07416921854019165,-0.12136910855770111,0.09167194366455078,-0.029597243294119835,0.13596029579639435,-0.15149524807929993,0.30070406198501587,-0.21440021693706512,-0.31560808420181274,-0.24214132130146027,-0.10179922729730606,0.05157243460416794,-0.10828451067209244,0.06975732743740082,-0.5136770009994507,-0.05436805635690689,0.15380915999412537,0.16062584519386292,0.11864276975393295,-0.66917484998703,-0.0922631025314331,0.5209240317344666,0.21796229481697083,-0.533723771572113,0.008215459063649178,0.12833799421787262,-0.06662461161613464,-0.4657529294490814,-0.09901852160692215,0.4430103302001953,0.01657154969871044,-0.24386274814605713,-0.11765851080417633,0.3001524806022644,-0.10254937410354614,-0.21090500056743622,-0.25095346570014954,0.05477583408355713,0.15392275154590607,0.07140924036502838,-0.0902305394411087,-0.011784261092543602,0.04309123009443283,-0.19453991949558258,-0.3623031973838806,0.5532572865486145,0.3856237828731537,-0.05877106636762619,-0.4225504398345947,0.1627194583415985,0.1747666299343109,-0.29632824659347534,0.6184004545211792,-0.008318874053657055,-0.082359179854393,-0.4422442317008972,0.0937553346157074,-0.1767384260892868,-0.10519257932901382,-0.5195218324661255,0.054487623274326324,0.09287174791097641,0.3655380308628082,-0.2915880084037781,-0.29684680700302124,-0.09917442500591278,-0.09283969551324844,-0.052697502076625824,0.14806222915649414,0.04852456599473953,0.5027040243148804,0.31640470027923584,0.12954290211200714,0.9439107775688171,0.21739082038402557,-0.5877285599708557,-0.24634906649589539,-0.39215052127838135,-0.03927356377243996,-0.6089731454849243,0.15005680918693542,0.226492241024971,-0.1059543713927269,0.20392246544361115,-0.15010234713554382,1.0130740404129028,0.13610923290252686,-0.35053640604019165,-0.11465195566415787,0.0510670430958271,-0.25965064764022827,-0.46767204999923706,-0.27090466022491455,-0.2457093745470047,0.207997128367424,0.34479862451553345,0.2538372278213501,-0.4779471755027771,0.16350415349006653,-0.1302814781665802,0.0385407991707325,0.0680232048034668,-0.33563724160194397,0.0329333059489727,-0.020874520763754845,0.08380553871393204,-0.8284680247306824,-0.04822506755590439,0.3572489619255066,0.42466720938682556,-0.16552594304084778,0.06371523439884186,-0.16032442450523376
CID000003062,52,-0.04637331888079643,-0.014165970496833324,0.20302176475524902,0.20855577290058136,0.33455348014831543,0.6078829765319824,0.327958881855011,-0.06762390583753586,-0.374208003282547,-0.16712680459022522,0.13732656836509705,-0.34096384048461914,0.19219458103179932,-0.39474552869796753,0.10465780645608902,-0.017893819138407707,0.08329089730978012,-0.3249068558216095,-0.19815342128276825,-0.21680423617362976,-0.03690703213214874,0.0184688288718462,0.0419013574719429,0.2811036705970764,0.11357343196868896,0.04311567544937134,0.10194424539804459,-0.28683894872665405,-0.05712602660059929,0.353913813829422,-0.08345917612314224,-0.022540736943483353,-0.2034505158662796,-0.05475296452641487,-0.3639792501926422,-0.05034125968813896,-0.11349952220916748,-0.45720577239990234,0.18854394555091858,-0.027143865823745728,-0.05036761611700058,-0.051285453140735626,-0.35671359300613403,-0.013715997338294983,0.23933076858520508,0.052005231380462646,0.16595830023288727,-0.16725941002368927,-0.2738098204135895,-0.04583227261900902,-0.4672059416770935,0.10042233765125275,-0.14046582579612732,-0.15775123238563538,0.3172674775123596,-0.02773880586028099,0.07694543898105621,0.04584624618291855,0.3142572045326233,0.32257646322250366,-0.9071752429008484,0.05122273042798042,-0.20060476660728455,0.24809174239635468,0.2482801377773285,-0.2509274482727051,-0.557004988193512,0.2389082908630371,0.059833746403455734,-0.017230767756700516,-0.8180618286132812,-0.09150137007236481,0.08182878792285919,0.11822257190942764,0.5157194137573242,-0.10344616323709488,0.33785754442214966,0.17178483307361603,0.009430581703782082,0.043390173465013504,-0.46126389503479004,0.07271937280893326,-0.2011915147304535,-0.10319489240646362,-0.06979510933160782,0.07243932038545609,-0.24214768409729004,0.11287631094455719,0.7067331075668335,-0.09794382750988007,-0.17649264633655548,-0.1672704517841339,0.16143599152565002,0.1867162585258484,-0.34096306562423706,0.1754898875951767,-0.38781705498695374,0.19476573169231415,-0.027892043814063072,-0.16631200909614563,0.4135302007198334,0.09578915685415268,0.11793529987335205,0.1553654819726944,-0.08860443532466888,-0.05323576182126999,-0.5795468091964722,0.22151684761047363,0.34039372205734253,0.3281208574771881,-0.10662360489368439,-0.014021163806319237,0.31874385476112366,-0.23127076029777527,0.2704560458660126,0.005737300030887127,0.29170510172843933,-0.3180601894855499,0.04399742931127548,0.08422944694757462,-0.137710303068161,-0.7694587111473083,-0.12350183725357056,-0.4863901138305664,-0.38592997193336487,-0.009945085272192955,-0.021285291761159897,0.31456458568573,-0.06956751644611359,0.004843411035835743,0.2675405442714691,-0.1399892419576645,-0.6285719275474548,-0.5478775501251221,0.17190489172935486,-0.005680846981704235,0.5281269550323486,-0.16885635256767273,0.05208321660757065,-0.04143887013196945,-0.11684286594390869,0.3236657679080963,-0.1815500557422638,-0.17378953099250793,-0.07398198544979095,-0.09291817992925644,0.3608434796333313,0.061448834836483,0.05674964189529419,0.05347578600049019,-0.2417268455028534,-0.31381264328956604,-0.03890147805213928,-0.30778181552886963,0.10227906703948975,0.34867995977401733,0.04809054359793663,-0.5015103816986084,0.15690244734287262,0.25017309188842773,0.4197283685207367,0.02663981355726719,-0.9934724569320679,-0.02890620194375515,0.4039727747440338,0.19769366085529327,0.10759826749563217,-0.1251395046710968,0.13925865292549133,0.10757430642843246,-0.11630906909704208,-0.2537834346294403,0.3257119059562683,-0.30188339948654175,0.331710547208786,-0.11685947328805923,-0.3496539890766144,-0.10909412056207657,-0.2994635999202728,0.12794722616672516,-0.001741565763950348,0.29563114047050476,0.279829204082489,-0.11459772288799286,-0.017219293862581253,-0.04618528485298157,-0.3685724139213562,-0.03658323362469673,0.4875417649745941,-0.1669422686100006,0.1223544254899025,-0.19037386775016785,0.17849351465702057,0.17305904626846313,-0.09084363281726837,0.4806620478630066,-0.14777733385562897,-0.13601788878440857,-0.12705162167549133,-0.13522180914878845,0.06129751354455948,0.11875800043344498,-0.20829932391643524,-0.02631310187280178,-0.3611709773540497,0.5088401436805725,-0.100477434694767,-0.2757335305213928,-0.05225461721420288,0.060809411108493805,-0.0024470300413668156,-0.21443314850330353,-0.1868501603603363,0.03138623386621475,0.2023480236530304,-0.3074951469898224,0.6893253326416016,-0.1334959864616394,-0.17726124823093414,-0.18281705677509308,-0.02626774087548256,-0.022790390998125076,-0.7392088174819946,-0.021782230585813522,0.28159573674201965,-0.06633737683296204,0.002014660742133856,-0.19523999094963074,0.6694914698600769,-0.3155803978443146,0.05311655253171921,-0.08113597333431244,-0.022246966138482094,-0.15669256448745728,-0.5758776664733887,-0.32879891991615295,-0.009102487936615944,0.3422462046146393,-0.06880547851324081,-0.011480522342026234,-0.45914381742477417,0.3337628245353699,-0.1785372793674469,-0.08082982897758484,-0.25526726245880127,-0.5309754610061646,0.2999088764190674,0.013256410136818886,-0.06577549874782562,-0.6693161725997925,-0.21577374637126923,0.15794637799263,0.3587271273136139,0.024943619966506958,-0.03747234493494034,-0.04616035521030426
CID000071616,53,0.12349767982959747,0.16529887914657593,-0.08227615058422089,0.029979001730680466,0.2285519540309906,0.33145248889923096,0.20843955874443054,-0.057316042482852936,-0.24764156341552734,-0.18394145369529724,0.14088664948940277,-0.6419528126716614,0.1619260609149933,-0.31785091757774353,-0.28075236082077026,-0.21693889796733856,-0.10155777633190155,-0.20141848921775818,0.14011356234550476,0.09478491544723511,0.45373886823654175,0.046932704746723175,-0.11430150270462036,-0.17101073265075684,-0.06343939155340195,-0.18157358467578888,0.2103877067565918,0.048986051231622696,0.05452578514814377,0.3558275103569031,-0.20945444703102112,0.23046644032001495,-0.05581264570355415,0.07945353537797928,-0.9203780889511108,-0.09360980242490768,-0.14172080159187317,-0.2968173325061798,-0.24453561007976532,0.23150864243507385,0.1669740378856659,-0.03851299360394478,-0.43173590302467346,0.23976603150367737,0.5381845235824585,0.32265928387641907,0.1480797678232193,-0.023579955101013184,0.06573504209518433,-0.09602910280227661,-0.8338324427604675,0.08919571340084076,-0.36661648750305176,-0.058278996497392654,0.14346936345100403,-0.2262047976255417,-0.11784116923809052,-0.12537595629692078,0.8260796666145325,0.18064916133880615,-0.8989279866218567,0.02868017554283142,-0.6071942448616028,-0.01131001953035593,-0.0917419046163559,0.1763470321893692,-0.07688490301370621,0.5112741589546204,0.047342754900455475,0.20009462535381317,-0.1449871063232422,-0.24775035679340363,-0.02772199735045433,0.39363327622413635,0.45096468925476074,0.14679785072803497,-0.02179642952978611,0.4524914622306824,0.11343908309936523,-0.31105056405067444,-0.17827847599983215,0.21694903075695038,0.2410859316587448,-0.021356357261538506,-0.1559397280216217,-0.0708850622177124,-0.1567506045103073,0.20595137774944305,0.43836674094200134,0.06252284348011017,0.05004104971885681,-0.024453897029161453,-0.1450125277042389,0.12049007415771484,-0.47785186767578125,-0.17892709374427795,-0.06644096225500107,0.011411058716475964,0.216912180185318,-0.31320399045944214,0.26899224519729614,-0.09971392899751663,-0.3598429560661316,0.17685434222221375,-0.06601293385028839,0.09676436334848404,-0.5400928258895874,0.22498078644275665,0.20725926756858826,0.06369323283433914,0.35083550214767456,0.11639751493930817,0.10269385576248169,-0.08440951257944107,0.1313878297805786,0.010073495097458363,0.06987079232931137,-0.5738285779953003,0.5157122015953064,0.1564628779888153,0.10960109531879425,-0.9493980407714844,0.14509990811347961,0.03932393342256546,-0.3584982752799988,0.1908937245607376,0.18717129528522491,0.24684271216392517,0.05487958341836929,0.11527673155069351,-0.05241508409380913,-0.11126033961772919,-0.6814800500869751,-0.29307132959365845,0.10593023151159286,-0.007516619749367237,0.38957566022872925,-0.3982923924922943,0.08354087173938751,-0.23832297325134277,0.04822243005037308,-0.0005911946063861251,0.19903235137462616,-0.20923534035682678,-0.3368450999259949,-0.05032599717378616,-0.3393455147743225,0.14277593791484833,0.3677988648414612,0.08506762981414795,0.021654197946190834,0.18213918805122375,0.030982661992311478,0.06361524015665054,0.18089313805103302,-0.08063454926013947,-0.08931086957454681,-0.40722790360450745,-0.08937301486730576,0.1297433078289032,0.0022142708767205477,-0.05517089366912842,-0.8606586456298828,0.03198186680674553,0.7237676382064819,0.10374929010868073,-0.12731467187404633,-0.0148546751588583,-0.10796038061380386,-0.061716604977846146,-0.34344586730003357,-0.4772945046424866,0.36749738454818726,-0.15262719988822937,0.04836133122444153,-0.1022113785147667,0.054663609713315964,0.04758327081799507,-0.4542052149772644,0.14839695394039154,0.29660648107528687,0.1903190165758133,-0.09053532779216766,-0.25076577067375183,-0.05434039235115051,-0.2900052070617676,-0.11439128965139389,-0.13192155957221985,0.6388134956359863,0.055268846452236176,0.1725439727306366,-0.6627769470214844,-0.011925367638468742,-0.20565295219421387,-0.18572565913200378,0.28725606203079224,-0.0551844947040081,-0.0908769741654396,-0.33455729484558105,0.1905282437801361,0.07602061331272125,-0.49758514761924744,-0.2413208931684494,-0.06793157756328583,0.03671284765005112,0.13802030682563782,-0.1844528466463089,0.015437799505889416,-0.4690305292606354,0.10016355663537979,0.28289955854415894,-0.02787449024617672,-0.18744739890098572,0.08577466011047363,0.10943955183029175,-0.2558285593986511,0.8580262064933777,0.2051139622926712,0.06009756401181221,0.009839293546974659,0.12413129955530167,-0.09314446896314621,-0.6942135691642761,-0.07789621502161026,0.1853659301996231,-0.25398939847946167,0.2901773452758789,0.04129640758037567,1.0930800437927246,-0.11850068718194962,-0.18477113544940948,-0.12413303554058075,0.018653055652976036,0.024605119600892067,-0.4688551425933838,-0.2411850392818451,0.23095646500587463,0.17122025787830353,0.2721374034881592,0.0965542271733284,-0.6295175552368164,-0.07226109504699707,0.07149390876293182,-0.017913509160280228,-0.003667038632556796,-0.09267231822013855,0.08493387699127197,0.010467146523296833,0.13613693416118622,-0.9269821047782898,0.10020401328802109,0.8853475451469421,0.2996957302093506,0.14508724212646484,0.06666672229766846,-0.07283858209848404
CID000004091,54,-0.01061754859983921,-0.04580004885792732,-0.05015408992767334,0.09275830537080765,0.9327380061149597,0.41570669412612915,-0.14929470419883728,-0.07653467357158661,-0.23573322594165802,-0.24907860159873962,0.289299875497818,-0.6001569032669067,0.33065328001976013,-0.06596972793340683,0.01121146697551012,-0.09703195095062256,-0.018649190664291382,-0.0742129236459732,-0.33425095677375793,-0.1681058406829834,0.16864080727100372,0.31130942702293396,0.023800570517778397,0.08878986537456512,0.11484886705875397,-0.16086724400520325,-0.21833141148090363,0.01028457097709179,0.0449531190097332,0.42591872811317444,0.024346347898244858,-0.3449704051017761,0.0536411888897419,-0.019543666392564774,-0.3891081213951111,0.07711362838745117,-0.38979536294937134,-0.5075374841690063,-0.02028813585639,-0.03463587909936905,0.005121946334838867,0.009183982387185097,-0.22145700454711914,0.07616382837295532,0.19477497041225433,0.05211668089032173,-0.15794384479522705,-0.12345524877309799,0.08018901199102402,-0.15700264275074005,-0.05979461595416069,0.09785152971744537,-0.03266396373510361,-0.5622056722640991,0.3089246153831482,0.1627212017774582,-0.07014421373605728,-0.08079205453395844,0.40715542435646057,0.06400968134403229,-0.6827521920204163,-0.04436566308140755,-0.3182007670402527,0.24678674340248108,1.6567111742915586e-05,-0.058673106133937836,-0.6668701171875,0.031856339424848557,-0.06391356885433197,0.03413838893175125,-0.370085746049881,0.17673473060131073,0.08037020266056061,-0.2871173620223999,0.2650490701198578,-0.023775625973939896,0.2215379774570465,0.18341001868247986,0.280457079410553,-0.3169122338294983,-0.28477323055267334,-0.01073350291699171,-0.12684211134910583,0.009183776564896107,-0.13022659718990326,-0.08439332991838455,-0.13987281918525696,0.08052857220172882,0.5491539239883423,-0.08900067955255508,-0.13113634288311005,0.04614323005080223,-0.03323717415332794,0.16287241876125336,-0.625292956829071,0.1512668877840042,-0.008610683493316174,0.3343549072742462,0.14584560692310333,-0.09946801513433456,0.2784736156463623,-0.043318577110767365,-0.19397109746932983,0.574552059173584,-0.00893210805952549,-0.08983402699232101,-0.46024832129478455,0.27398359775543213,0.22729018330574036,0.44090375304222107,0.2009260356426239,-0.19021141529083252,0.4648197591304779,-0.11344355344772339,0.23065347969532013,0.010728356428444386,0.15285925567150116,-0.12194492667913437,0.2720445394515991,-0.06580302864313126,-0.15065167844295502,-0.6644405722618103,0.12458894401788712,-0.3887810707092285,-0.703360915184021,-0.10053183138370514,-0.08465921133756638,0.4161141812801361,0.23890414834022522,0.08331532031297684,0.030852138996124268,-0.17622432112693787,-0.31806260347366333,-0.4145814776420593,-0.12028861045837402,-3.1352042242360767e-06,0.31144410371780396,-0.006095397286117077,0.295689195394516,-0.2843964695930481,-0.07584721595048904,0.3989800810813904,-0.10465659946203232,-0.03949115797877312,-0.028349721804261208,-0.19257548451423645,0.19561786949634552,0.06442932039499283,0.2776556611061096,0.41295379400253296,-0.20155151188373566,-0.08359535783529282,-0.08964665979146957,-0.029603824019432068,-0.16263476014137268,-0.04301793500781059,-0.2207680642604828,-0.542400062084198,0.08760397136211395,0.06075835973024368,0.10234452784061432,0.1657595932483673,-0.8606160283088684,-0.05444056913256645,0.14673075079917908,0.28455567359924316,-0.17381690442562103,0.079030841588974,0.47039446234703064,0.07536889612674713,-0.0995759516954422,-0.2691977024078369,0.5522858500480652,-0.15946832299232483,-0.172740176320076,-0.04227634519338608,0.22446703910827637,0.08328229188919067,-0.23039308190345764,0.04766293242573738,0.3080701231956482,0.3622259497642517,-0.006530742160975933,0.020225906744599342,-0.09095244854688644,-0.16488248109817505,-0.3200490474700928,0.10061566531658173,0.3929378390312195,-0.008433997631072998,0.11262424290180206,-0.3231348395347595,0.07051753252744675,-0.11209024488925934,-0.08767934143543243,0.6099976897239685,-0.019817937165498734,0.029724162071943283,-0.07741518318653107,-0.048317376524209976,-0.09882839769124985,0.11156527698040009,-0.620406448841095,0.019014377146959305,-0.16277682781219482,0.6104741096496582,-0.11777959764003754,-0.16993828117847443,-0.13503757119178772,0.06373073905706406,-0.20763643085956573,0.09217928349971771,0.10093478113412857,0.20605631172657013,0.2870255410671234,-0.060234434902668,0.4318173825740814,-0.17247679829597473,-0.08472882211208344,-0.2733807861804962,0.17933453619480133,0.09193332493305206,-0.6020883321762085,0.11118163913488388,0.3368144631385803,-0.11354795843362808,0.023532355204224586,-0.5504562258720398,0.8263068199157715,-0.04474492743611336,-0.0879453495144844,-0.0010397240985184908,-0.23926034569740295,-0.006503753364086151,-0.4234401285648346,-0.15163663029670715,0.15257208049297333,0.18046854436397552,0.26508262753486633,0.029319265857338905,-0.3802383840084076,0.27451756596565247,-0.13580304384231567,-0.05496027320623398,-0.05711184814572334,-0.5305115580558777,0.4698409140110016,0.10097496211528778,-0.014345264062285423,-0.5536767840385437,-0.07578055560588837,0.08285947144031525,-0.0010903418296948075,0.1507430374622345,0.06880513578653336,-0.19853749871253967
CID000005090,55,-0.1561046987771988,-0.17093338072299957,0.016144296154379845,-0.13039293885231018,0.6015112400054932,0.26639145612716675,-0.19377568364143372,0.1526094526052475,-0.1747926026582718,-0.20485107600688934,0.1879262924194336,-0.3408820331096649,0.05206596106290817,-0.18097864091396332,0.13123191893100739,-0.06359554082155228,0.014131404459476471,0.04066605120897293,-0.23574718832969666,0.07164797186851501,0.00023740530014038086,0.0966053456068039,0.07015189528465271,0.019642388448119164,0.06928928196430206,-0.14396315813064575,0.06687314808368683,0.05313616245985031,0.003671967890113592,0.28355836868286133,0.1412656307220459,-0.3057865500450134,-0.12577468156814575,0.004074295051395893,-0.37262850999832153,-0.012582153081893921,-0.16812476515769958,-0.24129442870616913,0.016444798558950424,-0.12659677863121033,0.20605549216270447,0.03528498858213425,-0.19606605172157288,-0.19973069429397583,0.012668001465499401,0.007218801882117987,-0.11090759932994843,0.12887844443321228,0.03199886530637741,-0.08324926346540451,0.017928123474121094,0.21173341572284698,0.12551537156105042,-0.18117168545722961,0.12885138392448425,-0.07279331237077713,-0.02682025358080864,0.036028917878866196,0.19473426043987274,-0.003771427320316434,-0.8881522417068481,-0.0012437343830242753,-0.21633541584014893,0.11453592777252197,0.19004710018634796,0.19223377108573914,-0.29742032289505005,-0.08783028274774551,0.007802608422935009,0.061117254197597504,-0.06423820555210114,0.1805572211742401,0.0009090245002880692,-0.2927940785884857,-0.01688840240240097,-0.08982733637094498,-0.14404907822608948,-0.10747852176427841,0.23228004574775696,-0.2037566900253296,-0.27133187651634216,-0.1891154944896698,-0.22485975921154022,-0.0805811658501625,-0.12226371467113495,-0.16870233416557312,-0.18000808358192444,-0.03682529926300049,0.29822272062301636,-0.1788211464881897,-0.027656471356749535,-0.015723461285233498,0.08974568545818329,-0.048031531274318695,-0.38701313734054565,-0.01808980479836464,-0.1816323846578598,0.26586323976516724,0.23156964778900146,-0.25835558772087097,0.1675954908132553,0.1217135563492775,-0.23270726203918457,0.09862695634365082,-0.07430289685726166,-0.04206413775682449,-0.4726554751396179,0.3372950553894043,0.09824929386377335,0.2810429334640503,0.27096956968307495,0.1210319772362709,0.1864021122455597,-0.028096403926610947,-0.053291916847229004,0.1352221667766571,0.02139301970601082,-0.01805931329727173,0.008299251087009907,-0.0013246654998511076,-0.24510040879249573,-0.5287531018257141,0.1434650868177414,-0.16107997298240662,-0.3856343626976013,-0.026896819472312927,-0.08565924316644669,0.3904685378074646,0.15138669312000275,-0.11453582346439362,-0.05662337690591812,0.021408911794424057,-0.3681095540523529,-0.23630991578102112,-0.23798194527626038,-0.1737850159406662,0.09774390608072281,0.05701078847050667,0.0599355585873127,-0.086881123483181,-0.005087712313979864,0.28302425146102905,-0.2966512143611908,-0.01527380384504795,0.07310458272695541,-0.17729488015174866,0.28062593936920166,0.053092099726200104,0.1097462922334671,0.16227933764457703,-0.03688882663846016,-0.05447275564074516,-0.09652294218540192,0.1392645537853241,0.12081434577703476,-0.056785278022289276,-0.14640089869499207,-0.294765442609787,0.1366175413131714,0.02297225221991539,0.13596832752227783,0.04201589152216911,-0.8667097091674805,0.06455615162849426,0.1271275281906128,0.2794543504714966,-0.16553132236003876,-0.06952270120382309,0.23408684134483337,0.050982583314180374,-0.06138581782579422,-0.0086929677054286,0.3773161470890045,-0.011361479759216309,-0.11177035421133041,0.13388444483280182,0.13468511402606964,0.12174060195684433,-0.46179884672164917,-0.2110932618379593,0.19482547044754028,0.25039005279541016,0.08353352546691895,-0.09170577675104141,-0.1944250762462616,0.1396898776292801,-0.19303810596466064,0.010164578445255756,0.40725263953208923,-0.06295762956142426,0.2625236213207245,-0.19848909974098206,0.15230092406272888,-0.08034642040729523,-0.002051290823146701,0.47143030166625977,0.0437014102935791,-0.008728623390197754,-0.057857446372509,-0.23916225135326385,-0.010379886254668236,0.14074984192848206,-0.0926535353064537,0.165915846824646,-0.10488022863864899,0.29868724942207336,0.01827225089073181,-0.13202373683452606,0.05996640399098396,-0.22532789409160614,-0.020284146070480347,0.10757336765527725,0.1398582011461258,0.15388932824134827,0.13041183352470398,0.0038706064224243164,0.25809401273727417,-0.07820020616054535,-0.06512824445962906,-0.3653603196144104,-0.018587108701467514,-0.09536537528038025,-0.384966641664505,0.034380920231342316,0.27245277166366577,0.005295476410537958,0.25935983657836914,-0.2420051097869873,0.5548321604728699,0.1691054254770279,-0.03599347919225693,-0.1072397455573082,-0.24574728310108185,-0.01449619047343731,-0.5744543075561523,-0.21288461983203888,0.0751643031835556,0.03209667652845383,0.2836223244667053,-0.006967616267502308,-0.11701969057321548,0.019553115591406822,0.078033447265625,0.07692579925060272,0.04571538418531418,-0.20173156261444092,0.20930275321006775,0.047352343797683716,0.06357940286397934,-0.45426446199417114,0.1477462351322174,-0.02968587540090084,0.0722273662686348,-0.009724937379360199,0.07264656573534012,-0.06872536242008209
CID000004170,60,-0.1933618038892746,0.12280299514532089,-0.18039460480213165,-0.058978546410799026,0.09586562216281891,0.28930434584617615,0.041679974645376205,0.1390661895275116,-0.17207765579223633,-0.38048675656318665,0.24629147350788116,-0.5777062177658081,0.31489652395248413,-0.20851759612560272,-0.125502347946167,-0.12431550025939941,0.05249074846506119,0.1042863130569458,0.07618570327758789,-0.03320828825235367,0.17087411880493164,-0.06401100009679794,0.049983829259872437,-0.028156280517578125,0.13491211831569672,-0.22287003695964813,0.23854446411132812,0.025189530104398727,-0.09433916956186295,0.3876459002494812,-0.1945073902606964,0.13360455632209778,0.004511982202529907,0.10553671419620514,-0.4931952953338623,0.11153654754161835,-0.022705024108290672,-0.27609679102897644,-0.125786691904068,-0.027140820398926735,0.20250339806079865,0.1638711392879486,-0.2809261977672577,0.14616355299949646,0.3928527534008026,0.13290533423423767,0.05562669038772583,-0.1573951095342636,0.152883380651474,-0.17579641938209534,-0.4592236578464508,0.20673319697380066,-0.23339638113975525,0.004115855786949396,0.1997067630290985,-0.005037954542785883,0.07237453758716583,-0.2467605620622635,0.19020158052444458,0.2761992812156677,-0.7546037435531616,0.23706284165382385,-0.5605486631393433,-0.11769495159387589,0.03469935804605484,0.05248550325632095,-0.2156139612197876,0.1935165375471115,0.02741638384759426,0.2433605194091797,-0.008094324730336666,-0.09554524719715118,-0.06668821722269058,0.010546279139816761,0.11674728244543076,0.18114405870437622,0.055919796228408813,0.34457939863204956,0.0030586242210119963,-0.11889008432626724,-0.18463636934757233,0.21665999293327332,-0.2449813336133957,-0.15693782269954681,-0.13706132769584656,-0.012044144794344902,-0.40444374084472656,-0.12247908115386963,0.26754599809646606,-0.07404599338769913,-0.16669341921806335,-0.29088178277015686,-0.02231808938086033,-0.029332444071769714,-0.2744101285934448,0.043646715581417084,-0.10718468576669693,0.10984940826892853,0.3495757579803467,-0.43747478723526,0.07667188346385956,0.05025287717580795,-0.24296610057353973,0.06075119227170944,-0.19163993000984192,0.06471522152423859,-0.4499836564064026,0.3026999533176422,-0.015772860497236252,0.3300108313560486,0.2790355682373047,0.12330152094364166,0.0810890793800354,0.03911390155553818,-0.012366307899355888,0.029534852132201195,-0.042225927114486694,-0.47652196884155273,0.18785034120082855,-0.027458544820547104,-0.14317314326763153,-0.6752516627311707,-0.2944285571575165,-0.20144888758659363,-0.3314726948738098,0.33853039145469666,0.12127640098333359,0.390868604183197,0.24282017350196838,0.07768584787845612,-0.22648942470550537,-0.06758657097816467,-0.4516097605228424,-0.2913858890533447,-0.1350795030593872,-0.05978957563638687,0.20347797870635986,-0.20496264100074768,0.1027001366019249,-0.2572125196456909,-0.054637111723423004,0.2906271815299988,0.16162565350532532,-0.027109935879707336,-0.18450435996055603,0.006109605077654123,-0.12139438092708588,0.016748636960983276,0.28701531887054443,-0.03920335695147514,0.044232454150915146,0.13505573570728302,-0.1266515552997589,0.2620127499103546,0.1830950379371643,-0.020019033923745155,-0.12380103766918182,-0.4536323547363281,0.15806357562541962,0.08516272902488708,-0.025125231593847275,-0.010962096974253654,-0.7084628343582153,-0.06313388049602509,0.4437333941459656,0.2166157215833664,-0.14561767876148224,-0.017117029055953026,0.12234028428792953,-0.05918416380882263,-0.2197047472000122,-0.2880474925041199,0.3348446488380432,0.01413106918334961,-0.11609119176864624,-0.13297876715660095,0.09170133620500565,0.059492211788892746,-0.43655139207839966,-0.18426188826560974,0.30016857385635376,0.36799052357673645,0.1333412230014801,-0.009863829240202904,0.03192371875047684,0.05832179635763168,-0.2809368371963501,-0.3877519965171814,0.3824668824672699,0.15648062527179718,0.20902760326862335,-0.2118462771177292,-0.20295408368110657,-0.1416264921426773,-0.08402682840824127,0.23099267482757568,-0.02326720394194126,0.010493856854736805,-0.21477802097797394,0.15401242673397064,0.08273160457611084,-0.07462513446807861,-0.19877034425735474,0.1281968504190445,0.062496863305568695,0.18673758208751678,0.013957440853118896,-0.11465458571910858,-0.1997605562210083,0.007823879830539227,-0.04552739858627319,0.2375061959028244,3.057569119846448e-05,0.09667298942804337,-0.004127724561840296,0.13524124026298523,0.45735493302345276,-0.09314893186092377,-0.0795225128531456,-0.26301899552345276,-0.08999808132648468,-0.06391985714435577,-0.39273855090141296,0.07086648792028427,0.23589284718036652,-0.17706945538520813,0.417836993932724,-0.16535726189613342,0.6615756154060364,-0.027907710522413254,-0.13389530777931213,-0.10288731753826141,-0.1909087747335434,-0.0023598135448992252,-0.44414812326431274,-0.14231768250465393,-0.1435362845659256,0.014034855179488659,0.34987741708755493,0.04849449545145035,-0.2618873715400696,-0.04692235589027405,0.11826881021261215,0.10190820693969727,0.07898522913455963,0.09069603681564331,0.2057226449251175,0.22903196513652802,0.1940193772315979,-0.7122853994369507,-0.2275063693523407,0.26680684089660645,0.05769723653793335,-0.19703572988510132,0.018910285085439682,-0.2409595251083374
CID000005095,61,-0.15878543257713318,-0.14761385321617126,0.32821109890937805,0.022860467433929443,0.5744696855545044,0.2757630944252014,0.022763151675462723,0.040011607110500336,-0.268951416015625,-0.19613021612167358,0.08425365388393402,-0.23266470432281494,0.08421054482460022,-0.14002928137779236,-0.0002772212028503418,0.14654231071472168,0.011462059803307056,-0.03589300066232681,-0.17414027452468872,0.022961502894759178,-0.20203621685504913,0.031672485172748566,-0.04740246385335922,0.16024692356586456,0.41574031114578247,-0.055644698441028595,0.00932189542800188,0.00967688299715519,-0.10973380506038666,0.4886299967765808,0.016213741153478622,-0.21833476424217224,-0.09375808387994766,0.05847203731536865,-0.2791157364845276,0.03959881514310837,-0.30987054109573364,-0.35366860032081604,-0.29584959149360657,0.14333948493003845,0.19657056033611298,0.09236934036016464,-0.16028322279453278,-0.18833982944488525,0.35336896777153015,0.2755791246891022,0.2543928623199463,0.35001489520072937,0.210778146982193,-0.1481170505285263,-0.32246896624565125,0.2420438975095749,0.018708491697907448,-0.1550590544939041,0.06197063997387886,0.00633047241717577,0.09623151272535324,-0.046356361359357834,0.02404506877064705,-0.09326933324337006,-0.76806640625,-0.1572120636701584,-0.3151327073574066,0.3664371967315674,0.19489453732967377,0.25698477029800415,-0.2831408977508545,-0.05487322062253952,0.03615369275212288,-0.04679868370294571,-0.1564539670944214,-0.011495736427605152,0.00022826417989563197,-0.2134307324886322,0.06975981593132019,0.04956959933042526,-0.19730763137340546,0.002788764191791415,0.1302860677242279,-0.28823885321617126,-0.15234383940696716,0.019395845010876656,-0.19740191102027893,-0.1506965458393097,0.06772010773420334,-0.09628019481897354,-0.1431366503238678,-0.018126223236322403,0.22511525452136993,0.0415085069835186,-0.23114733397960663,-0.1997414231300354,-0.022838234901428223,0.1424388587474823,-0.38624370098114014,-0.04402797669172287,-0.3718515932559967,0.31332987546920776,0.29067495465278625,-0.20049771666526794,0.2840515375137329,0.10080786794424057,-0.0785299688577652,0.28151050209999084,-0.29329386353492737,-0.1270761638879776,-0.26702719926834106,0.25285646319389343,-0.24342742562294006,0.2990674078464508,-0.045872677117586136,0.05587541311979294,0.2856689691543579,-0.08260584622621536,-0.05573292449116707,-0.24035020172595978,0.08343001455068588,-0.12652823328971863,0.2065390646457672,-0.01864347793161869,-0.1234668493270874,-0.5261672735214233,0.13925039768218994,-0.45111507177352905,-0.401228666305542,0.16120508313179016,0.010611720383167267,0.2755131125450134,0.2992681860923767,0.004627191927284002,0.20340757071971893,-0.05936954542994499,-0.47091975808143616,-0.2805584967136383,-0.007452112622559071,-0.03765279799699783,0.16334164142608643,-0.41656333208084106,-0.03571716323494911,0.09315955638885498,-0.04020390659570694,0.29336613416671753,-0.06281843036413193,0.15530958771705627,-0.12959006428718567,0.03662201762199402,0.2800605893135071,0.09623740613460541,-0.07620634138584137,0.1777571588754654,0.004737094044685364,-0.10163315385580063,-0.38956519961357117,-0.01663779839873314,-0.007993435487151146,-0.02084650844335556,0.005947566125541925,-0.46119388937950134,0.042159199714660645,0.16823256015777588,0.17672935128211975,0.01809008978307247,-0.7350507974624634,0.025990432128310204,0.10828590393066406,0.21425488591194153,-0.23923733830451965,-0.06779757887125015,0.229223370552063,-0.12622761726379395,-0.2418966293334961,-0.017687806859612465,0.43198490142822266,-0.14776429533958435,0.2132290154695511,0.24170322716236115,0.2578164041042328,0.04555260017514229,-0.493987500667572,-0.32068243622779846,0.0739583894610405,0.21549293398857117,0.05275096744298935,-0.1120995283126831,-0.1525903046131134,0.10530487447977066,-0.5799439549446106,0.03361951932311058,0.2743675708770752,-0.065715491771698,0.12306138128042221,-0.03933822363615036,0.06806527823209763,-0.22148576378822327,-0.08375474810600281,0.4206147789955139,0.13828861713409424,0.0904478207230568,-0.28639310598373413,-0.09641895443201065,-0.08480683714151382,0.23386454582214355,-0.2816954553127289,0.1883099526166916,-0.008406058885157108,0.1921846717596054,-0.019630715250968933,-0.29468366503715515,-0.1317519247531891,-0.03498632460832596,-0.11176574230194092,0.13664163649082184,0.13644303381443024,-0.058740418404340744,0.2304820716381073,-0.026639137417078018,0.2174350917339325,0.057763077318668365,-0.15262067317962646,-0.22577771544456482,-0.05754748731851578,-0.0041907369159162045,-0.33625346422195435,-0.12862786650657654,0.31601640582084656,0.07688796520233154,0.2237420529127121,-0.29681724309921265,0.3925063908100128,0.14081601798534393,-0.0011807382106781006,-0.054564572870731354,-0.1735803186893463,0.02969861403107643,-0.3489701747894287,-0.27017468214035034,-0.2558526396751404,0.06114941090345383,0.09712933003902435,-0.03941773250699043,0.030537907034158707,-0.03200775012373924,0.06205170601606369,-0.1361415982246399,-0.006972870323807001,-0.48235949873924255,0.2680789828300476,0.13607044517993927,0.2639526426792145,-0.5781367421150208,0.20432916283607483,-0.05432671308517456,0.12303037941455841,-0.09880907088518143,-0.0239493977278471,-0.11688937991857529
CID000005291,62,-0.14815238118171692,-0.015834923833608627,-0.014774180948734283,-0.12547191977500916,0.40663957595825195,0.2947302460670471,0.06143634393811226,0.06212044879794121,-0.24258098006248474,-0.21577319502830505,-0.06292928755283356,-0.3349336087703705,0.09442518651485443,-0.22308893501758575,0.1317145675420761,0.07367250323295593,-0.09402503818273544,0.22700448334217072,0.05919654294848442,0.044192083179950714,-0.04590729996562004,0.05597769469022751,0.06596016883850098,0.08745592832565308,0.034335099160671234,-0.10522828251123428,0.08381735533475876,-0.0036068023182451725,-0.08829915523529053,0.23282523453235626,0.01966605708003044,-0.22253604233264923,-0.17381367087364197,0.06669659167528152,-0.33870816230773926,-0.007006053812801838,-0.1990627944469452,-0.25724878907203674,-0.1425532102584839,-0.08573156595230103,0.13170847296714783,0.20815441012382507,-0.2542075514793396,-0.24706673622131348,0.035471562296152115,-0.12293148040771484,0.05191793292760849,0.14787665009498596,-0.15543635189533234,-0.10491421073675156,-0.16031010448932648,0.20043544471263885,0.060324329882860184,-0.10376329720020294,0.02798142470419407,0.03087204322218895,-0.010952350683510303,0.04280077666044235,0.07892663031816483,-0.0913865715265274,-0.967638373374939,-0.014119806699454784,-0.34907206892967224,0.21971595287322998,0.11481116712093353,0.16155225038528442,-0.15162774920463562,0.13488858938217163,0.009252479299902916,0.034504905343055725,-0.021723316982388496,0.12734054028987885,-0.03570469468832016,-0.16171212494373322,0.07016601413488388,-0.09479215741157532,-0.010322612710297108,-0.019684016704559326,0.17943401634693146,-0.08990316092967987,-0.16460654139518738,0.1286938190460205,-0.2688506543636322,-0.16431550681591034,-0.18499591946601868,-0.04873902350664139,-0.2090107649564743,-0.20098336040973663,0.22099539637565613,-0.029157057404518127,0.018284549936652184,-0.062160857021808624,-0.17261217534542084,-0.08555964380502701,-0.3922984004020691,-0.02818295918405056,-0.27962228655815125,0.35401925444602966,0.1929219514131546,-0.3585934340953827,0.15131539106369019,0.1804826706647873,-0.10383079946041107,-0.014699411578476429,-0.13478031754493713,0.030206715688109398,-0.29663053154945374,0.31314927339553833,-0.21329490840435028,0.2876029312610626,0.05191134288907051,-0.021059343591332436,0.3723558485507965,-0.07342009246349335,-0.07101467996835709,0.10753147304058075,-0.11710904538631439,-0.022030912339687347,0.018569711595773697,0.03749039024114609,-0.15180619060993195,-0.576565146446228,-0.12313036620616913,-0.2804635763168335,-0.42108455300331116,0.05451738089323044,-0.09753087908029556,0.3234587609767914,0.13176660239696503,0.017518162727355957,0.06226836517453194,0.05880722403526306,-0.5189272165298462,-0.26117637753486633,0.1467553675174713,-0.15598444640636444,0.10150168091058731,0.07647110521793365,-0.06990180909633636,0.08089126646518707,-0.1975407898426056,0.23251132667064667,-0.20548900961875916,-0.09005603194236755,-0.0004084885003976524,-0.12218930572271347,0.05395437404513359,-0.032216876745224,-0.020822647958993912,0.07198446244001389,-0.026291245594620705,-0.037870731204748154,-0.05663478374481201,0.11406028270721436,0.05142409726977348,0.0309509988874197,-0.19426245987415314,-0.26978835463523865,0.06731661409139633,0.07525454461574554,0.2778227925300598,-0.055677395313978195,-0.8600098490715027,0.004309332463890314,0.09423775225877762,0.2849329113960266,-0.1794588565826416,-0.10597924888134003,0.24237172305583954,-0.12204904854297638,-0.09755337238311768,-0.055509716272354126,0.33450865745544434,-0.051218628883361816,-0.03012579120695591,0.10206925868988037,0.04314442723989487,0.11157403886318207,-0.4617850184440613,-0.12764069437980652,0.1727760136127472,0.33594995737075806,-0.0021907747723162174,0.035941485315561295,-0.054211534559726715,0.10125432163476944,-0.2983761429786682,0.025717701762914658,0.29712435603141785,-0.09864397346973419,0.08970116078853607,0.01188270840793848,-0.02343953773379326,-0.11511465162038803,-0.10020263493061066,0.3139140009880066,0.12017251551151276,0.055276595056056976,-0.076954685151577,0.07060165703296661,0.0027819157112389803,-0.025253379717469215,-0.12406750023365021,0.21371594071388245,-0.14779260754585266,0.2540610432624817,-0.007613583467900753,-0.1752164661884308,0.07299342006444931,0.13720911741256714,-0.012598276138305664,0.1804352104663849,0.08189018815755844,0.07085789740085602,0.2031048834323883,0.09918338060379028,0.266615092754364,0.16058562695980072,-0.0927090123295784,-0.36193713545799255,0.026939457282423973,-0.041708216071128845,-0.3033026456832886,0.09819809347391129,0.2997928559780121,-0.019309204071760178,0.2185249626636505,-0.23964853584766388,0.5915042161941528,0.11209110170602798,-0.12755946815013885,-0.1810721755027771,-0.19443106651306152,-0.11124108731746674,-0.3962949514389038,-0.23871362209320068,-0.28112906217575073,0.027560492977499962,0.19965116679668427,-0.13433948159217834,-0.027220482006669044,0.005330698564648628,0.12587469816207886,0.08124049007892609,0.05493990331888199,-0.16394522786140442,0.15337662398815155,-0.11660937964916229,0.01521058939397335,-0.566444993019104,-0.010863447561860085,-0.06440499424934387,0.12513747811317444,-0.10165385156869888,0.007110316306352615,-0.05387714505195618
CID000019090,63,-0.22489671409130096,-0.030037645250558853,-0.025629907846450806,0.04724114388227463,0.13572290539741516,0.45005273818969727,0.18454870581626892,-0.07423622161149979,-0.5143710970878601,-0.3263210654258728,0.1554928719997406,-0.6162497401237488,0.414616197347641,-0.4912533760070801,0.1960478127002716,0.015310895629227161,0.0461282841861248,0.12021957337856293,-0.4870578646659851,-0.13303714990615845,-0.13185881078243256,-0.3803613781929016,0.0265632513910532,0.1872270256280899,0.12872472405433655,-0.0016664795111864805,0.19631239771842957,-0.040456853806972504,0.09111751616001129,0.4290243983268738,0.12201736122369766,-0.11011674255132675,-0.2151988446712494,-0.09111647307872772,-0.0755050927400589,0.0074034035205841064,-0.09048342704772949,-0.45062464475631714,-0.17594698071479797,0.07303918153047562,0.2546551823616028,0.20459064841270447,-0.2590034306049347,-0.1970624178647995,0.3638145923614502,0.08041632175445557,-0.1727881133556366,-0.23158760368824005,-0.2796540856361389,-0.1365385502576828,-0.10555460304021835,0.3168576657772064,-0.3271288275718689,-0.06846781075000763,0.01531924121081829,-0.03872860223054886,-0.028562743216753006,-0.03198155015707016,0.24840323626995087,0.04696033522486687,-0.7778451442718506,0.06772992759943008,-0.252117395401001,0.44205552339553833,0.21744103729724884,0.15539957582950592,-0.168961301445961,-0.07963842898607254,0.014190646819770336,-0.16432324051856995,-0.3474698066711426,0.2323915958404541,-0.13633577525615692,-0.2991376519203186,0.19488832354545593,-0.004045760724693537,0.027674470096826553,0.45855283737182617,0.18230155110359192,0.3284986615180969,-0.2899446487426758,0.055463649332523346,-0.43386968970298767,-0.14106597006320953,0.04913608357310295,0.18835577368736267,-0.36674097180366516,-0.06188003346323967,0.33057063817977905,0.1387834995985031,-0.11895551532506943,-0.33094069361686707,0.09265512228012085,-0.0035799206234514713,-0.3042254149913788,-0.10214585065841675,-0.22242622077465057,0.4063534140586853,0.16299764811992645,-0.5944934487342834,0.06342040747404099,0.18046018481254578,-0.0578446164727211,0.07059033960103989,-0.38403281569480896,-0.0038217217661440372,-0.20877990126609802,0.1986629068851471,-0.06267230212688446,0.050704263150691986,0.1060391291975975,0.08202719688415527,0.16573026776313782,0.10925068706274033,0.09802733361721039,0.09597835689783096,-0.13378947973251343,-0.3264845311641693,0.5344063639640808,-0.4307331442832947,-0.31049513816833496,-0.4922592043876648,-0.37326517701148987,-0.01314096711575985,-0.3513747751712799,0.2962323725223541,-0.011404131539165974,0.385144978761673,0.31013762950897217,0.016558226197957993,-0.07415962219238281,-0.06257142871618271,-0.547822117805481,-0.2899914085865021,0.10710469633340836,0.1784655749797821,0.011229028925299644,-0.21732747554779053,-0.03418193757534027,-0.41457071900367737,-0.11911754310131073,0.04505714029073715,-0.04726330190896988,-0.04144390672445297,0.07813671976327896,0.1404900848865509,0.4246194362640381,-0.10279275476932526,-0.13966837525367737,-0.3153694272041321,-0.024947326630353928,-0.21693995594978333,-0.2149660885334015,-0.011468114331364632,0.3669748306274414,0.10346154123544693,-0.058520734310150146,-0.4226906895637512,0.1842987835407257,-0.09155657887458801,0.3197246491909027,-0.2514040470123291,-0.8009783029556274,-0.2729293704032898,0.33274465799331665,0.3114102780818939,-0.036557070910930634,0.23432691395282745,0.2503475248813629,-0.21851667761802673,-0.27278006076812744,0.010464182123541832,0.4838040769100189,-0.002695965813472867,-0.14112214744091034,-0.3214913010597229,-0.13412043452262878,0.19241319596767426,-0.48354777693748474,-0.12477648258209229,0.21585209667682648,0.4583713114261627,0.030654504895210266,-0.174615740776062,0.0377039834856987,0.1172049269080162,-0.20869746804237366,-0.10288075357675552,0.18332262337207794,0.1352716088294983,0.1838134229183197,-0.16018381714820862,-0.07463856041431427,-0.12124140560626984,-0.3404194712638855,0.460033118724823,-0.1817125380039215,-0.10383834689855576,-0.21881961822509766,-0.3195249140262604,0.03344345837831497,0.2507905960083008,-0.32599350810050964,0.1093849167227745,0.07999502122402191,0.42770200967788696,-0.0984838679432869,-0.44684910774230957,-0.5060252547264099,0.08963271975517273,-0.2467503845691681,0.021031498908996582,-0.016685152426362038,-0.2385144978761673,0.04812033474445343,0.006321570370346308,0.524412989616394,0.005426990799605846,-0.11821244657039642,-0.29379716515541077,-0.05687486380338669,-0.023651817813515663,-0.6027299165725708,0.02357366494834423,0.25860124826431274,0.04698415473103523,0.21726155281066895,-0.07125590741634369,0.6811938881874084,0.191628098487854,-0.22119493782520294,-0.14139053225517273,-0.2159629762172699,-0.06964633613824844,-0.30925890803337097,-0.30571475625038147,-0.13467124104499817,0.5670090913772583,0.32627424597740173,0.0872441902756691,-0.13989292085170746,-0.0024080604780465364,-0.013777004554867744,0.1287844479084015,0.2611656188964844,-0.1618518829345703,0.03844795748591423,0.41841691732406616,0.3368253707885742,-0.4651128649711609,-0.15024633705615997,0.27989378571510315,0.15679803490638733,-0.2765270471572876,-0.008269933052361012,-0.1024823933839798
CID000002802,64,-0.1783539354801178,-0.32780784368515015,-0.10701499134302139,-0.18866297602653503,0.06485656648874283,0.37537553906440735,-0.022612378001213074,-0.00970093347132206,-0.16563116014003754,-0.35552459955215454,0.18598458170890808,-0.37184351682662964,0.09255130589008331,-0.48762673139572144,0.034177083522081375,-0.04635455086827278,0.035906363278627396,-0.08297375589609146,-0.07320369780063629,0.004668238572776318,-0.015842342749238014,0.04883884638547897,-0.015494736842811108,0.1970028579235077,0.45826834440231323,0.07507963478565216,-0.007234817836433649,0.12806016206741333,0.14208772778511047,0.5466885566711426,0.08222690969705582,-0.0181284137070179,0.002705451799556613,-0.009939759969711304,-0.18052302300930023,0.07846540957689285,-0.4095791280269623,-0.3995949923992157,0.01133180595934391,0.07184529304504395,0.1517505794763565,0.2667009234428406,-0.09194540232419968,-0.10195069015026093,0.1345699578523636,0.26631981134414673,0.13067731261253357,-0.1075616255402565,-0.032638777047395706,0.10022170841693878,-0.08802008628845215,0.1118919625878334,-0.027831053361296654,-0.044415153563022614,-0.053707052022218704,-0.043222781270742416,0.04614618420600891,0.008197402581572533,0.152955561876297,0.08227679878473282,-0.6993800401687622,0.015439796261489391,-0.240144282579422,0.21183201670646667,0.24921675026416779,0.2284892350435257,-0.4180169701576233,-0.14272671937942505,0.17709776759147644,-0.08909566700458527,0.05679592490196228,0.1626615971326828,0.11078135669231415,-0.4256672263145447,0.14790289103984833,0.029196247458457947,0.05887351185083389,0.03649481013417244,0.0765998438000679,0.18430177867412567,-0.3162541091442108,0.06300142407417297,-0.25404417514801025,-0.29806438088417053,-0.018103143200278282,-0.1713116466999054,-0.5067359209060669,0.09783871471881866,0.5472398996353149,-0.0349343940615654,0.17440328001976013,-0.24832729995250702,0.006049066781997681,0.006164671387523413,-0.3999100625514984,-0.06374694406986237,-0.12726721167564392,0.4295967221260071,0.07710279524326324,-0.39661452174186707,0.27091696858406067,0.14608636498451233,-0.2588903307914734,-0.25451716780662537,-0.11041345447301865,-0.07578447461128235,-0.32811054587364197,0.40627390146255493,-0.04246162995696068,0.28158584237098694,0.0230936948210001,0.21041560173034668,0.16320404410362244,-0.20910653471946716,-0.11198179423809052,0.01663925312459469,0.07339224964380264,-0.06492561846971512,0.20387887954711914,-0.0417686328291893,-0.11073901504278183,-0.5419654846191406,0.059241801500320435,-0.3818563222885132,-0.35445404052734375,-0.07383757084608078,-0.11016201972961426,0.3223957419395447,0.22503621876239777,-0.21614985167980194,-0.1831764429807663,0.17021287977695465,-0.582345724105835,-0.20395410060882568,-0.027711277827620506,-0.0726788267493248,0.3268091082572937,0.11894824355840683,0.11357486248016357,-0.03149079158902168,-0.037551820278167725,0.19217951595783234,-0.07059682905673981,0.10049311816692352,0.16619083285331726,-0.011718755587935448,0.18544158339500427,0.05300844833254814,0.01462545432150364,0.06393946707248688,0.038431040942668915,-0.21414074301719666,-0.39217180013656616,0.036807335913181305,-0.09139658510684967,-0.11814330518245697,-0.08598250895738602,-0.39021652936935425,0.1273074448108673,0.05113903433084488,0.0773773193359375,-0.14051052927970886,-0.6443750262260437,-0.07032277435064316,-0.07758955657482147,0.3225218951702118,-0.08401882648468018,0.027679359540343285,0.17734751105308533,-0.18298952281475067,-0.08949040621519089,0.013732480816543102,0.6004114151000977,-0.2350316345691681,0.13735368847846985,-0.18065987527370453,-0.008464420214295387,0.09878329932689667,-0.24815316498279572,-0.16530796885490417,0.05215572193264961,0.26703667640686035,0.07468178868293762,-0.06602286547422409,-0.04893898591399193,-0.04355115815997124,-0.3716418743133545,-0.031457044184207916,0.29030701518058777,0.02595621347427368,0.04422425478696823,-0.22261039912700653,0.4485916197299957,-0.17930671572685242,-0.2561989426612854,0.5037418603897095,0.2691972255706787,-0.08718615770339966,-0.5333232879638672,-0.2165851593017578,0.14004795253276825,0.2664686143398285,-0.3234460651874542,0.2177674025297165,-0.17339405417442322,0.44509202241897583,-0.0630849152803421,-0.043491899967193604,-0.1610618531703949,0.02877088263630867,-0.19081249833106995,0.13344122469425201,-0.1498156487941742,0.25190916657447815,-0.10291187465190887,-0.19507841765880585,0.1868671476840973,0.09248647838830948,0.20677118003368378,-0.22792303562164307,-0.0726795345544815,0.034833960235118866,-0.33232012391090393,0.04158030077815056,0.32847538590431213,0.308146595954895,0.28907155990600586,-0.24633483588695526,0.4186757504940033,0.21700462698936462,-0.20429058372974396,-0.38661566376686096,-0.07409749925136566,0.013808511197566986,-0.23480193316936493,-0.4168526530265808,-0.1430736482143402,0.25262898206710815,-0.007029181811958551,0.17621798813343048,-0.31038206815719604,0.004845465533435345,0.3733462393283844,-0.044901292771101,-0.0059567661955952644,-0.39080774784088135,0.41431552171707153,0.13157929480075836,0.2345917671918869,-0.5205193758010864,0.16655854880809784,-0.09183117002248764,0.14148636162281036,0.009793013334274292,-0.06641058623790741,0.11050619930028915
CID000004900,65,-0.3590477705001831,-0.024383381009101868,-0.06931006908416748,-0.26020485162734985,0.14896932244300842,0.45252442359924316,0.05545017868280411,0.13195845484733582,-0.44117647409439087,-0.2924033999443054,0.15962913632392883,-0.4971925616264343,0.23782649636268616,-0.418163537979126,0.10674785077571869,0.02558894455432892,-0.07079456746578217,0.2653796076774597,-0.5177838802337646,-0.28401002287864685,-0.09308549761772156,-0.23755960166454315,0.04834281653165817,0.17252740263938904,0.1214260458946228,-0.046291835606098175,0.04228167608380318,0.0028361708391457796,-0.049659740179777145,0.3947128653526306,0.22763296961784363,0.008871844038367271,-0.32702746987342834,0.07342588901519775,-0.13145488500595093,0.0994965061545372,-0.1465589553117752,-0.366356760263443,-0.07485581934452057,-0.0015578835736960173,0.1923339068889618,0.22797873616218567,-0.17183297872543335,0.0893246978521347,0.5075792670249939,-0.026926979422569275,-0.08750967681407928,-0.043201882392168045,-0.13367097079753876,-0.12032629549503326,-0.18049180507659912,0.20653457939624786,-0.30663520097732544,-0.29118186235427856,-0.05141083151102066,-0.07832622528076172,0.07366368919610977,0.022617068141698837,0.3320520520210266,0.1479257047176361,-0.8471889495849609,0.023096345365047455,-0.2643720805644989,0.4033934473991394,0.05996062234044075,0.004418002907186747,-0.1424584835767746,-0.08801376819610596,0.14914029836654663,-0.042682815343141556,-0.4203098714351654,0.1035463809967041,-0.0171668641269207,-0.14536745846271515,0.20396442711353302,0.18526995182037354,0.008326387964189053,0.31904929876327515,0.2383464127779007,0.1862659901380539,-0.10580725967884064,-0.11613013595342636,-0.265314519405365,-0.06269633769989014,-0.10096700489521027,-0.023070737719535828,-0.4856186509132385,0.0402517132461071,0.26685598492622375,0.10877283662557602,-0.0933752954006195,-0.2935241758823395,0.07806089520454407,-0.0984349176287651,-0.2928866147994995,-0.08459141850471497,-0.1796857863664627,0.3168104887008667,0.1254434734582901,-0.25927969813346863,0.062202662229537964,0.12490198761224747,-0.0932265892624855,0.14399489760398865,-0.3620625138282776,0.08938118815422058,-0.2911278009414673,0.2409515082836151,-0.2466946542263031,0.18797066807746887,0.4421018958091736,0.025091957300901413,0.17893525958061218,-0.016421332955360413,-0.018152710050344467,0.06268515437841415,-0.4017411768436432,-0.1298973560333252,0.37578755617141724,-0.5025691390037537,-0.40060871839523315,-0.4069160521030426,-0.07643590122461319,-0.05914926528930664,-0.28654995560646057,0.3260161280632019,0.03840795159339905,0.37782472372055054,0.3821985721588135,-0.05672549456357956,-0.11079913377761841,0.19041040539741516,-0.6252785921096802,-0.3877462148666382,0.12525109946727753,-0.25653547048568726,0.06500531733036041,-0.19683599472045898,0.1122749075293541,-0.3647765517234802,-0.01959308795630932,0.17620763182640076,-0.0824391320347786,-0.03920639678835869,-0.15386265516281128,0.15687747299671173,0.5151744484901428,-0.1722007393836975,-0.14588433504104614,-0.14807355403900146,-0.07318629324436188,-0.16950072348117828,-0.19364169239997864,0.08387172967195511,0.06525107473134995,0.08041182160377502,-0.03925619274377823,-0.3275042474269867,0.3743630647659302,0.01754223182797432,0.3601222038269043,-0.10234938561916351,-0.7167893648147583,-0.2314094603061676,0.30424758791923523,0.3701752722263336,-0.023432737216353416,0.14384570717811584,0.21414002776145935,-0.13935399055480957,-0.22307631373405457,-0.03184453397989273,0.3891252279281616,0.027230780571699142,-0.004107484128326178,-0.12800368666648865,0.016874220222234726,0.25789883732795715,-0.4823242127895355,-0.17375338077545166,0.2126195728778839,0.47463101148605347,-0.06739496439695358,-0.1608124077320099,0.13691647350788116,0.04698043316602707,-0.10192111879587173,-0.16051794588565826,0.2618984282016754,0.01801997795701027,0.19096998870372772,-0.04653872177004814,-0.057249993085861206,-0.05211477354168892,-0.294142484664917,0.5577775239944458,-0.014088583178818226,0.02603139914572239,-0.08868767321109772,-0.18531647324562073,-0.09431762993335724,0.1447058618068695,-0.25492697954177856,0.1414288580417633,-0.03473760560154915,0.2796213626861572,-0.0413050651550293,-0.22571206092834473,-0.39239606261253357,0.039599619805812836,-0.20663610100746155,0.03204340860247612,0.09900788217782974,-0.005959110334515572,-0.04423607140779495,-0.02819516696035862,0.4346035420894623,0.20458027720451355,-0.040277596563100815,-0.2811867594718933,0.11085392534732819,-0.045625023543834686,-0.48757925629615784,0.16624285280704498,0.26708289980888367,-0.13009315729141235,0.21614041924476624,-0.214091494679451,0.5965070724487305,0.11074312031269073,-0.22046558558940887,-0.1290382593870163,-0.06309773027896881,0.12533371150493622,-0.2333284318447113,-0.29756277799606323,-0.1383587270975113,0.49701327085494995,0.6238096952438354,-0.04557054117321968,-0.10741130262613297,0.07474566996097565,0.05577177554368973,0.10983407497406006,0.4003000855445862,-0.2083086222410202,0.09277768433094025,0.39677101373672485,0.2686493396759033,-0.45525193214416504,0.004672427661716938,0.2235456258058548,-0.026926923543214798,-0.22183983027935028,-0.010017409920692444,-0.10745032131671906
CID000002803,66,-0.05550137162208557,-0.03558937460184097,0.08952812850475311,-0.1493774950504303,0.592518150806427,0.32034987211227417,-0.22372913360595703,0.10396157205104828,-0.3249880075454712,-0.09483079612255096,0.2366444617509842,-0.26316753029823303,0.02120329439640045,-0.05690430477261543,0.14478060603141785,-0.06619690358638763,0.1050177663564682,-0.053614597767591476,-0.058484189212322235,0.11088816821575165,0.20790418982505798,0.1595821976661682,-0.12933948636054993,0.03314044326543808,0.00029613077640533447,-0.09626466035842896,0.00924619473516941,0.08913382142782211,0.01556300651282072,0.1633831113576889,-0.007791382260620594,-0.12415262311697006,-0.020999005064368248,-0.08278235048055649,-0.6197818517684937,-0.022604169324040413,-0.23826582729816437,-0.19886846840381622,-0.004905807785689831,-0.15962307155132294,0.019036924466490746,-0.02836637571454048,-0.1862550526857376,-0.17177839577198029,0.10995133221149445,0.034147709608078,-0.11658904701471329,-0.03280870243906975,0.11289890110492706,-0.1793076992034912,-0.0998065322637558,-0.011243480257689953,0.0061912089586257935,-0.3729105293750763,0.058182813227176666,0.03949972614645958,-0.09222904592752457,0.1494840681552887,0.27075180411338806,-0.0779646784067154,-0.8319604992866516,-0.09656187891960144,-0.2568799555301666,0.25180426239967346,0.013031119480729103,0.14244306087493896,-0.27658313512802124,0.01038062572479248,0.03318553417921066,0.26698416471481323,-0.23860368132591248,0.0017468451987951994,0.10412629693746567,-0.16912893950939178,0.1921837031841278,-0.09389891475439072,-0.1832645833492279,-0.020298700779676437,0.07897262275218964,-0.05929345637559891,-0.23710103332996368,-0.03956279903650284,-0.08349303901195526,-0.18972298502922058,-0.025739535689353943,-0.10450400412082672,-0.08490276336669922,-0.14431670308113098,0.4803849160671234,-0.11179269850254059,-0.0532551184296608,-0.07980180531740189,0.20337310433387756,-0.036172084510326385,-0.44176220893859863,0.15009021759033203,-0.12683212757110596,0.3981929123401642,0.0804557055234909,-0.05556720495223999,0.41508349776268005,0.06552037596702576,-0.054781846702098846,0.18322135508060455,-0.14394891262054443,0.0873711034655571,-0.4576265811920166,0.3604193329811096,0.10319428145885468,0.13336890935897827,0.10539355129003525,0.1711173802614212,0.23535671830177307,0.016471583396196365,0.23977398872375488,0.22594420611858368,0.0957452803850174,-0.11683441698551178,0.09894870221614838,0.032358746975660324,-0.04701412841677666,-0.5617077350616455,0.30817094445228577,-0.17348238825798035,-0.45551761984825134,-0.0020831585861742496,-0.023467686027288437,0.27866673469543457,0.12881264090538025,-0.1781202107667923,0.15416476130485535,0.11384458839893341,-0.3935851454734802,-0.2663706839084625,-0.36660197377204895,-0.11500422656536102,0.10407119989395142,-0.10732512176036835,0.01938030496239662,-0.08696050196886063,0.13131150603294373,0.25459688901901245,-0.2633975148200989,-0.01721353456377983,0.10086548328399658,-0.1603778749704361,0.1005253791809082,0.051951877772808075,0.1534985601902008,0.1960449069738388,-0.1282583624124527,-0.0785810574889183,-0.09126733988523483,0.11843349784612656,0.12685130536556244,-0.059684447944164276,0.020257169380784035,-0.2828318476676941,-0.027592217549681664,0.03179214149713516,0.015884554013609886,0.1365465372800827,-0.9762239456176758,0.03844565525650978,0.2179267704486847,0.23101428151130676,-0.27693113684654236,-0.0923018604516983,0.08533144742250443,0.14420242607593536,-0.13944324851036072,-0.10157128423452377,0.5237146615982056,-0.0689941793680191,-0.2266826182603836,-0.07742595672607422,0.18783259391784668,0.08623382449150085,-0.36562004685401917,-0.17595723271369934,0.09461178630590439,0.16605950891971588,0.11300818622112274,0.0831865444779396,-0.15869095921516418,0.02591009996831417,-0.14511235058307648,0.105088010430336,0.6561611294746399,-0.10034562647342682,0.2568153738975525,-0.257379949092865,0.004609186667948961,-0.03542954847216606,-0.08371050655841827,0.5113890171051025,0.038917262107133865,-0.06308887153863907,-0.09058230370283127,-0.24712935090065002,-0.056575555354356766,0.11012782901525497,-0.21139414608478546,0.13729555904865265,-0.1358199566602707,0.18051888048648834,0.08314438164234161,-0.09704728424549103,-0.19177715480327606,-0.14962582290172577,0.23018357157707214,0.13146725296974182,0.02675466611981392,0.07028317451477051,0.3515501320362091,0.1431504487991333,0.3805193305015564,-0.0630718320608139,0.008018016815185547,-0.30301111936569214,-0.165461927652359,-0.0011559963459149003,-0.5522975325584412,0.13408395648002625,0.26399850845336914,-0.03970009833574295,0.09801526367664337,-0.40629711747169495,0.6805363297462463,0.10594675689935684,0.007460540626198053,-0.09828008711338043,-0.04857369512319565,-0.1375948041677475,-0.6455045938491821,-0.1819642335176468,0.12596395611763,0.05947033315896988,0.20794758200645447,0.00759944599121809,-0.2390706092119217,-0.0600036159157753,-0.0528922863304615,0.14757026731967926,-0.06662671267986298,-0.41953545808792114,0.150785893201828,0.07750682532787323,-0.0031723976135253906,-0.6590582132339478,0.29058223962783813,0.0979173555970192,0.2084290236234665,-8.827298734104261e-05,0.14920631051063538,0.06021595746278763
CID000003365,67,-0.019428253173828125,-0.01307288371026516,-0.1552109569311142,-0.09724576771259308,0.25880688428878784,0.3455917239189148,-0.06994453817605972,-0.07579419761896133,-0.2263728678226471,-0.1866661012172699,0.11536242812871933,-0.32107651233673096,0.09479284286499023,-0.1663113832473755,-0.0518876388669014,-0.14084836840629578,-0.08142209053039551,0.1759370118379593,0.10659881681203842,0.021237606182694435,-0.2174009382724762,0.12920279800891876,0.03538024425506592,-0.026463603600859642,0.14043864607810974,-0.21254685521125793,0.10647140443325043,-0.07436936348676682,0.08609858900308609,0.2885344624519348,0.04933520406484604,-0.2294197827577591,-0.11121151596307755,0.001613810658454895,-0.46164169907569885,-0.011685931123793125,-0.09294731169939041,-0.32398107647895813,-0.10638564825057983,-0.2127695530653,0.040658462792634964,0.06754856556653976,-0.18165592849254608,-0.09850753843784332,0.3149614930152893,-0.005647218320518732,0.04395188018679619,0.10369396209716797,-0.0731176882982254,-0.12029019743204117,-0.2956849932670593,0.14207367599010468,0.022434275597333908,0.0018913119565695524,0.06729623675346375,-0.06075263023376465,-0.034342169761657715,-0.16303272545337677,0.1422712504863739,0.07286258041858673,-0.948919951915741,-0.13200996816158295,-0.3375471830368042,0.09016089886426926,0.023816604167222977,0.20926180481910706,-0.13110315799713135,0.0907038003206253,0.057278454303741455,0.007148708216845989,-0.195687398314476,0.047589629888534546,-0.07735967636108398,-0.14878877997398376,0.12082205712795258,-0.05639716237783432,-0.004882097244262695,0.12061512470245361,0.11380738019943237,0.043147601187229156,-0.11481209099292755,-0.0009418725967407227,-0.17409411072731018,-0.011236749589443207,-0.12930956482887268,-0.015564873814582825,-0.18028874695301056,-0.05731037259101868,0.19723790884017944,-0.1553993672132492,-0.0068041859194636345,-0.12756243348121643,-0.08685098588466644,-0.01199166476726532,-0.4011806845664978,0.05508596822619438,-0.12881460785865784,0.258360892534256,0.23579683899879456,-0.2523614466190338,0.22075927257537842,0.17341528832912445,-0.1834363490343094,-0.019503604620695114,-0.26245611906051636,0.10974569618701935,-0.39857009053230286,0.25559744238853455,0.01538076438009739,0.12238961458206177,0.22989077866077423,-0.11728272587060928,0.2265913039445877,0.05037050321698189,-0.012229534797370434,-0.0012444674503058195,0.07505737245082855,-0.1545306146144867,0.21446135640144348,-0.0036676391027867794,-0.10140727460384369,-0.6406205892562866,0.12563036382198334,-0.1830521821975708,-0.47889289259910583,0.11181658506393433,0.08071227371692657,0.3056386709213257,0.14405596256256104,0.02819647826254368,-0.2560562193393707,0.036832958459854126,-0.49842047691345215,-0.25068166851997375,-0.11487694084644318,-0.03853977471590042,0.1795736849308014,-0.3728102743625641,0.04611071199178696,0.13080193102359772,-0.002784189535304904,0.15723858773708344,-0.03703037649393082,-0.06830710172653198,-0.13718663156032562,0.11151562631130219,0.03817080333828926,-0.055032216012477875,-0.25808295607566833,0.17524531483650208,-0.008042259141802788,0.12748730182647705,0.0017615488031879067,0.1136855036020279,-0.0878765732049942,0.006874275393784046,-0.22373399138450623,-0.33287519216537476,0.16597701609134674,-0.0791056677699089,0.2592741847038269,-0.039223767817020416,-0.7794591784477234,0.05087596923112869,0.31651654839515686,0.30803778767585754,-0.16708071529865265,-0.07420068979263306,0.10306443274021149,0.07776898145675659,-0.057918090373277664,-0.18585221469402313,0.27657073736190796,-0.09702818095684052,-0.02038734033703804,0.12444405257701874,0.052471864968538284,0.0962829515337944,-0.5031837821006775,-0.206274151802063,0.28981515765190125,0.35020551085472107,0.06464451551437378,-0.012166177853941917,0.09226572513580322,-0.00798830296844244,-0.19464382529258728,0.05058250576257706,0.42218106985092163,-0.2675875425338745,0.3124831020832062,-0.2358037531375885,-0.0415760800242424,-0.12166900932788849,-0.18603596091270447,0.37963446974754333,-0.009788068942725658,-0.06590596586465836,-0.014299029484391212,-0.017580782994627953,-0.0652087852358818,-0.051464758813381195,-0.13188974559307098,0.09397836774587631,-0.05995094031095505,0.09163190424442291,-0.06417139619588852,-0.18539445102214813,-0.09974358975887299,0.12789104878902435,0.11599133163690567,0.17644384503364563,0.010584419593214989,-0.07492230087518692,0.031193047761917114,0.054231591522693634,0.3675307631492615,-0.025550255551934242,0.0652894526720047,-0.2668694257736206,0.014395381323993206,-0.13892251253128052,-0.3673841953277588,0.25418439507484436,0.23166954517364502,-0.10906174033880234,0.11177363246679306,-0.2230510264635086,0.487565815448761,0.06025328114628792,-0.11453916877508163,-0.18438544869422913,-0.034412186592817307,-0.027546903118491173,-0.5407838821411133,-0.28345221281051636,-0.10919586569070816,0.15705940127372742,0.40264692902565,-0.30747875571250916,-0.2017047107219696,0.12277974933385849,0.06316634267568588,-0.1409706026315689,-0.1116926446557045,-0.08064936101436615,0.13439644873142242,-0.07055020332336426,0.18983833491802216,-0.5554885864257812,0.11881045997142792,0.12896661460399628,0.1539793312549591,-0.028361082077026367,-0.06778289377689362,-0.0839206874370575
CID000000942,68,0.03016095794737339,0.11394207179546356,-0.17915837466716766,-0.2120428830385208,0.385297954082489,0.33180752396583557,0.127964586019516,-0.12057449668645859,-0.29892203211784363,-0.19491401314735413,-0.07683853805065155,-0.38251060247421265,0.013186085037887096,-0.2384938895702362,-0.08694770187139511,0.09782351553440094,-0.04222849756479263,-0.04625629633665085,-0.0063429237343370914,-0.04691082984209061,0.12383843958377838,0.14657394587993622,-0.1082121878862381,0.12423495948314667,-0.22596487402915955,0.03377293795347214,-0.07088939845561981,0.04238191992044449,-0.09088975936174393,0.17948633432388306,-0.11922965198755264,-0.21696718037128448,-0.0878019705414772,-0.043408654630184174,-0.5517765283584595,0.0901750922203064,-0.3683133125305176,-0.2980201840400696,-0.03185182437300682,-0.10514099895954132,-0.03924376890063286,-0.014034385792911053,-0.2815808653831482,-0.19020850956439972,0.15506944060325623,0.23496107757091522,-0.13447806239128113,-0.09755273163318634,0.0009073287365026772,-0.09935450553894043,-0.1444120854139328,0.09279394149780273,-0.05831233412027359,-0.07949885725975037,0.060744285583496094,0.0034439624287188053,-0.10577956587076187,-0.018755722790956497,0.15044823288917542,-0.1053023561835289,-0.9756081700325012,-0.23897802829742432,-0.1818135529756546,0.46364307403564453,0.10788621753454208,0.12886500358581543,0.029032927006483078,0.20894941687583923,0.06134059280157089,0.1516491323709488,-0.22788579761981964,0.20548994839191437,-0.06397683918476105,-0.23376312851905823,0.1836051642894745,-0.08711893111467361,-0.17737209796905518,0.10034359991550446,0.07504837960004807,-0.010076737031340599,-0.13791275024414062,-0.06763674318790436,-0.1451827585697174,-0.048911914229393005,-0.0728679895401001,-0.05883900448679924,-0.16152825951576233,-0.4207921028137207,0.45372462272644043,-0.06788256019353867,-0.13277438282966614,-0.07444398105144501,-0.0039601936005055904,0.05508631467819214,-0.46226292848587036,0.10733412206172943,-0.2279055118560791,0.618984580039978,0.015266438946127892,-0.2844175398349762,0.36798354983329773,0.3087722957134247,-0.13758349418640137,-0.14355209469795227,-0.1384306252002716,0.01734287664294243,-0.463153600692749,0.32206064462661743,-0.049161236733198166,0.12032264471054077,-0.13783763349056244,0.062082093209028244,0.21888723969459534,-0.05805186554789543,0.2374722957611084,0.29943031072616577,-0.0685143768787384,-0.19214129447937012,0.2787567973136902,0.0512077733874321,-0.02695789374411106,-0.6875790357589722,0.08057822287082672,-0.14260289072990417,-0.3007517457008362,0.12617400288581848,-0.16797880828380585,0.24951966106891632,0.08480384200811386,-0.11474938690662384,-0.048287343233823776,0.12141157686710358,-0.5056976675987244,-0.3575441837310791,-0.0206544641405344,0.05819734185934067,0.04181906208395958,-0.040869444608688354,-0.1257789582014084,-0.007461041212081909,0.016607467085123062,0.17153599858283997,-0.11054384708404541,0.056000493466854095,0.1328660249710083,-0.12713748216629028,0.10094448179006577,-0.07892563939094543,0.015834003686904907,0.28495198488235474,-0.13425156474113464,-0.13555273413658142,0.21460947394371033,-0.04745212569832802,0.1389380246400833,-0.053732264786958694,0.07078276574611664,-0.22335800528526306,0.06852645426988602,0.1610032469034195,0.11621174961328506,-0.07361389696598053,-0.999742865562439,-0.014227991923689842,0.17631995677947998,0.22657182812690735,-0.23640811443328857,-0.1266828328371048,0.13534791767597198,0.03191661462187767,-0.22244445979595184,-0.06837771832942963,0.4745202958583832,-0.2805613577365875,-0.15709033608436584,-0.11661005020141602,0.05624840408563614,0.09422634541988373,-0.3798794150352478,-0.059155236929655075,0.2214205265045166,0.2326173335313797,0.021554071456193924,0.013192147016525269,-0.002247065305709839,-0.02003779448568821,-0.12748892605304718,0.2048567235469818,0.6399518251419067,-0.2796943187713623,0.034538526087999344,0.0363326221704483,0.09033200144767761,-0.08311989158391953,-0.18357153236865997,0.3824460506439209,0.06533045321702957,-0.038636185228824615,-0.15479090809822083,-0.22628769278526306,-0.09104820340871811,0.04768883436918259,-0.1125563532114029,0.07924972474575043,-0.1847706288099289,0.261252224445343,0.15073923766613007,-0.04737033694982529,-0.2058926522731781,-0.013831257820129395,0.12190482765436172,0.17305360734462738,-0.11018184572458267,-0.003211525036022067,0.23253464698791504,0.21474993228912354,0.40189775824546814,0.21157796680927277,-0.20010575652122498,-0.24306054413318634,0.020435864105820656,-0.01436171866953373,-0.4985659718513489,0.13700862228870392,0.33804088830947876,0.013066294603049755,-0.008409512229263783,-0.19797652959823608,0.7385114431381226,0.08919510990381241,-0.06407231837511063,-0.08514919131994247,-0.09381197392940521,-0.007886560633778572,-0.5628609657287598,-0.13351288437843323,-0.008813882246613503,0.09691967815160751,0.037315405905246735,-0.12546221911907196,-0.16361761093139648,-0.1868402659893036,-0.05746207386255264,0.18988709151744843,-0.0041450499556958675,-0.37075546383857727,0.09777955710887909,-0.1726498156785965,-0.0013059616321697831,-0.7688663601875305,0.028898190706968307,0.16090770065784454,0.34625566005706787,-0.04292888566851616,0.07632043957710266,0.24746468663215637
CID000062924,69,-0.21701574325561523,-0.12335071712732315,-0.10547979176044464,-0.34832870960235596,0.07223118841648102,0.5515848994255066,-0.05465181916952133,-0.12722209095954895,-0.4466830790042877,-0.28618934750556946,0.009876957163214684,-0.342326819896698,0.25528696179389954,-0.2457159459590912,0.025590475648641586,-0.0019112728768959641,-0.21230323612689972,0.024109691381454468,-0.04782829433679581,-0.18919675052165985,-0.15639403462409973,0.1403033435344696,0.14355634152889252,0.20888955891132355,-0.0459718331694603,0.17651322484016418,-0.17712706327438354,-0.23586034774780273,-0.1314096599817276,0.2808755040168762,0.19429010152816772,-0.1487278789281845,-0.5120466351509094,-0.039553094655275345,-0.2717982232570648,0.11450006812810898,-0.2588866353034973,-0.268372505903244,-0.035330891609191895,0.027584686875343323,0.16836948692798615,0.0412108451128006,-0.14055310189723969,0.1818368136882782,0.41579288244247437,0.2673201262950897,-0.14221295714378357,0.23800906538963318,-0.08324237912893295,-0.0006728052976541221,-0.32701098918914795,-0.13440780341625214,-0.2563428282737732,-0.27470099925994873,0.04078463837504387,-0.33605819940567017,0.00854886882007122,-0.14618706703186035,0.7834351658821106,-0.05075604468584061,-0.7927073836326599,-0.024566296488046646,-0.05769442394375801,0.5168060660362244,-0.13355746865272522,-0.3490847051143646,-0.03325939178466797,0.10588313639163971,0.5499371290206909,-0.031440749764442444,-0.5577899217605591,-0.18148553371429443,-0.03244932368397713,-0.151152566075325,0.579177975654602,0.21474480628967285,0.04687357321381569,0.3250095248222351,-0.04318282753229141,-0.04060368239879608,-0.036748845130205154,-0.00964768510311842,0.0842176228761673,0.10576248168945312,0.09635086357593536,-0.37740853428840637,-0.6279878616333008,0.05710079148411751,0.46735161542892456,0.06224136799573898,0.005321282893419266,-0.31508082151412964,-0.10438250005245209,-0.05209776759147644,-0.6422290802001953,0.006083844695240259,-0.11303091049194336,0.32043513655662537,0.1960030049085617,-0.14920274913311005,0.4706701338291168,0.23049874603748322,0.0024660914205014706,-0.056183356791734695,-0.30593982338905334,0.07786033302545547,-0.07948268949985504,0.16280773282051086,-0.045727506279945374,0.22032582759857178,0.21925747394561768,-0.0466901957988739,0.2963140606880188,-0.14380931854248047,0.07275611162185669,-0.0980740413069725,-0.38216376304626465,-0.1318114697933197,0.2899901270866394,-0.23468616604804993,0.0941544771194458,-0.6136005520820618,-0.02810836210846901,-0.00038736072019673884,-0.57646644115448,0.114925816655159,-0.1019429937005043,0.5233926177024841,0.40619349479675293,-0.10757491737604141,-0.10985646396875381,0.3694005608558655,-0.7774941921234131,-0.536840558052063,0.01768752932548523,0.08080587536096573,0.20986489951610565,-0.2855824828147888,0.09473215043544769,-0.1841336041688919,0.16292379796504974,0.15360215306282043,0.08061323314905167,-0.0957585945725441,-0.2623521387577057,0.07463196665048599,-0.04240673407912254,0.009444350376725197,-0.10506387799978256,0.2879616618156433,0.005175009369850159,-0.1518690437078476,0.033713795244693756,-0.03959996625781059,-0.11663147062063217,0.01948700100183487,0.00286771054379642,-0.25725623965263367,0.25909560918807983,-0.08304023742675781,0.5262603759765625,-0.24064230918884277,-0.9191842079162598,-0.1451343595981598,0.4400928020477295,0.2718716263771057,-0.1769128143787384,0.19575141370296478,0.1964201033115387,-0.027397489175200462,-0.07017379999160767,0.015033218078315258,0.5133603811264038,-0.06269731372594833,0.02681344747543335,0.0733758956193924,0.09859667718410492,0.11874108016490936,-0.42007550597190857,0.0431518591940403,0.21951404213905334,0.40222853422164917,-0.10559873282909393,-0.33960580825805664,0.17999336123466492,-0.07370039075613022,0.05977937579154968,-0.1357956975698471,0.6568456888198853,-0.07127902656793594,0.08120735734701157,0.013018990866839886,-0.04330289363861084,0.4035918712615967,-0.1602422595024109,0.4095189571380615,0.34780073165893555,-0.07062264531850815,-0.07776038348674774,0.16108742356300354,-0.11378322541713715,-0.021989598870277405,-0.04504203051328659,0.24239471554756165,-0.04792811721563339,0.31596532464027405,0.244810551404953,0.014308402314782143,-0.37687739729881287,0.20130042731761932,0.16077308356761932,-0.013304809108376503,0.13403460383415222,0.4010874330997467,0.022205915302038193,-0.11181262880563736,0.44355344772338867,0.13569197058677673,0.10425033420324326,-0.15316851437091827,0.30268293619155884,-0.24617838859558105,-0.5041984915733337,0.06331314146518707,0.35804277658462524,-0.09545852243900299,0.23805084824562073,-0.36616528034210205,0.52784264087677,0.13501223921775818,-0.06489212065935135,-0.24703951179981232,0.027436217293143272,0.1525745838880539,-0.30978432297706604,-0.2110106199979782,-0.0016920000780373812,0.4364408850669861,0.5139172673225403,-0.15237286686897278,-0.03199991211295128,0.26261138916015625,0.10430804640054703,0.05234276503324509,0.31050121784210205,-0.4026962220668793,0.12067482620477676,0.21268780529499054,0.042977284640073776,-0.4992985129356384,0.0737735778093338,0.4372105002403259,0.04509908705949783,-0.04021567851305008,0.061847198754549026,-0.12026838213205338
CID000001065,70,0.07882820069789886,-0.09448415040969849,0.05362630635499954,-0.19266089797019958,0.555813193321228,0.42228707671165466,0.09073539078235626,-0.21449165046215057,-0.3722502887248993,-0.17484384775161743,0.0618564710021019,-0.4304408133029938,0.1726960390806198,-0.07672057300806046,0.30866000056266785,-0.005595277063548565,0.16790442168712616,0.3927809000015259,-0.12045098841190338,-0.06047113984823227,-0.15710021555423737,0.08050521463155746,-0.03626096993684769,-0.12151186168193817,0.22678832709789276,0.09798362106084824,0.10469994693994522,0.08845154196023941,0.020459072664380074,0.4108715057373047,-0.2334943562746048,0.17952802777290344,-0.14275209605693817,-0.015140620060265064,-0.43433746695518494,0.011264684610068798,-0.7938835024833679,-0.41734546422958374,-0.025510597974061966,0.09673326462507248,0.14694949984550476,0.18099169433116913,-0.25362449884414673,-0.15587785840034485,0.17503836750984192,-0.17339353263378143,0.19613659381866455,-0.05649128556251526,-0.24934954941272736,0.10092365741729736,-0.3563677966594696,0.13092654943466187,-0.17014963924884796,-0.4706043601036072,-0.06912609189748764,-0.23934054374694824,-0.09380125999450684,-0.31024259328842163,-0.008395192213356495,0.018773168325424194,-1.0973650217056274,0.14065802097320557,-0.1650618016719818,0.22739139199256897,0.14623956382274628,-0.0018724106485024095,-0.3253061771392822,0.3573153614997864,-0.020636137574911118,-0.03868343308568001,-0.233754962682724,0.005251014139503241,0.05030826851725578,-0.0908670499920845,0.43884533643722534,-0.2975185215473175,-0.022765539586544037,0.27923452854156494,-0.10704390704631805,-0.15445177257061005,-0.20203690230846405,0.05356934666633606,-0.0009007930639199913,-0.3074840009212494,0.06602362543344498,-0.07195178419351578,-0.004049474839121103,0.3334123492240906,0.7585923671722412,0.07480814307928085,-0.020471768453717232,-0.26113906502723694,-0.08458016812801361,-0.0676717683672905,-0.8075805902481079,-0.005362266208976507,-0.2576081156730652,0.5372189283370972,-0.04730946198105812,-0.20745031535625458,0.6625778675079346,0.14050228893756866,0.08190705627202988,0.5535740852355957,-0.1867971569299698,0.10935106128454208,-0.28019919991493225,0.09294679015874863,0.10478055477142334,0.29207709431648254,-0.4954553544521332,0.06680773198604584,0.8904576301574707,0.030846744775772095,0.14981286227703094,0.06778476387262344,-0.17972850799560547,-0.4301893711090088,0.17458322644233704,-0.05136184021830559,0.0449824333190918,-0.846214771270752,-0.17950525879859924,-0.4445066452026367,-0.48298805952072144,-0.09333513677120209,-0.1907433569431305,0.259963721036911,0.07598449289798737,-0.02014647237956524,-0.02681114338338375,-0.0963139683008194,-0.43429702520370483,-0.25195661187171936,0.011386195197701454,0.07192821800708771,0.6312292814254761,-0.2583863437175751,0.01277355570346117,0.18651780486106873,-0.02584979496896267,0.09589064121246338,-0.16936960816383362,-0.06148741766810417,0.21585440635681152,0.017160871997475624,0.14952781796455383,-0.042004264891147614,-0.30515241622924805,-0.037621669471263885,-0.10430324077606201,0.22231554985046387,-0.018875420093536377,0.004636040423065424,0.03284819796681404,0.07568972557783127,0.030875489115715027,-0.4036239683628082,-0.012646046467125416,0.16291630268096924,0.2591680884361267,0.17780892550945282,-1.079738736152649,0.10113616287708282,0.17062926292419434,0.3795120120048523,-0.17294809222221375,-0.23420104384422302,0.2411300390958786,-0.04616808518767357,0.09499908983707428,-0.4098421037197113,0.41131845116615295,0.13093996047973633,0.018510501831769943,0.05306660383939743,-0.14497140049934387,-0.014307642355561256,-0.3197673261165619,0.033678509294986725,0.4294699728488922,0.18118984997272491,0.12395589053630829,-0.2852407991886139,0.21044616401195526,-0.05730196088552475,-0.7676059007644653,0.03904769569635391,0.4462863802909851,-0.08476947247982025,-0.09228643029928207,-0.34436285495758057,0.030007313936948776,0.04833585023880005,-0.22621595859527588,0.3409951329231262,0.11576671898365021,-0.0844334214925766,-0.4148026406764984,-0.09768696129322052,0.06961888074874878,0.06845702975988388,-0.18692366778850555,-0.151680588722229,-0.0266038179397583,0.3387342393398285,0.21777990460395813,-0.16097992658615112,-0.011781608685851097,0.05489755794405937,0.2674168348312378,0.24210040271282196,-0.11796792596578598,-0.0047550201416015625,0.4027804434299469,-0.44315004348754883,0.40241605043411255,0.3030744194984436,0.15828152000904083,-0.027648847550153732,-0.1342877745628357,-0.008043509908020496,-0.5858407020568848,0.16202865540981293,0.5197210311889648,0.25369447469711304,0.13691231608390808,-0.45237255096435547,0.6474838852882385,0.018693381920456886,0.021388644352555275,-0.016719091683626175,-0.05713529512286186,-0.010850265622138977,-0.20342478156089783,-0.1524418443441391,-0.10442058742046356,0.10272110998630524,-0.04267358407378197,-0.07493214309215546,0.017174456268548965,-0.05529773235321045,0.04982583224773407,0.10818938910961151,0.12278051674365997,-0.5366721749305725,0.24949967861175537,0.1712174266576767,-0.007807160262018442,-0.7149795293807983,-0.1732708215713501,0.23617534339427948,0.33939963579177856,0.24579386413097382,-0.027425700798630714,0.050658512860536575
CID000005512,71,-0.18526123464107513,-0.1255733221769333,0.0019668221939355135,-0.002555695129558444,0.31726258993148804,0.38697248697280884,-0.05229649692773819,-0.22634172439575195,-0.17429588735103607,-0.1518321931362152,0.016708556562662125,-0.2857004702091217,0.20921310782432556,-0.21153219044208527,-0.33564502000808716,-0.018197808414697647,-0.09508898854255676,-0.044905997812747955,-0.2097119390964508,-0.4535697102546692,0.040689367800951004,-0.020358998328447342,0.041154585778713226,0.020518774166703224,-0.0734022855758667,-0.1342802196741104,0.19908146560192108,-0.0872153639793396,0.028292637318372726,0.3781712055206299,-0.07347328960895538,-0.19070346653461456,-0.037606190890073776,-0.09128586947917938,-0.405160516500473,0.013782477006316185,-0.35100382566452026,-0.37723973393440247,0.02505560591816902,-0.11774134635925293,0.13132815062999725,-0.026328038424253464,-0.14669136703014374,-0.02919480763375759,0.4441221356391907,0.07429478317499161,-0.20589730143547058,-0.059690553694963455,-0.016072053462266922,0.0712297111749649,-0.5636473894119263,0.2564983665943146,-0.08297790586948395,-0.050304848700761795,0.02538817562162876,0.055727291852235794,-0.03634355217218399,-0.2824551463127136,0.14948895573616028,0.026082005351781845,-0.9422033429145813,0.06415435671806335,-0.05266193673014641,0.26466700434684753,-0.036353886127471924,0.12258663028478622,0.0007951438310556114,-0.0041263531893491745,0.23032908141613007,0.05223005264997482,-0.2249956578016281,-0.04471227154135704,-0.184749037027359,-0.3101320266723633,0.13005754351615906,-0.07181550562381744,-0.07500871270895004,0.26711127161979675,0.03344805911183357,-0.11414451897144318,-0.11666925251483917,-0.16894041001796722,-0.09221583604812622,-0.05012642592191696,-0.03165918588638306,-0.03964828699827194,-0.11686011403799057,0.13327619433403015,0.5808832049369812,-0.3524142801761627,-0.06856150925159454,-0.05622715502977371,0.023936688899993896,0.18427041172981262,-0.6437975168228149,-0.006996903568506241,-0.12936283648014069,0.4450569152832031,0.2719157636165619,-0.13391199707984924,0.42579764127731323,0.1733894944190979,-0.06642600148916245,0.006743381731212139,-0.22150984406471252,0.045279450714588165,-0.4801473021507263,0.24993889033794403,0.014127343893051147,0.12276415526866913,-0.01729062758386135,-0.04375068098306656,0.48382121324539185,-0.10248001664876938,0.05503727123141289,-0.037690095603466034,-0.05755187198519707,-0.10791879892349243,0.3776896893978119,-0.06313614547252655,0.1492956429719925,-0.7691432237625122,0.17737822234630585,-0.2715822160243988,-0.3374311327934265,-0.06561728566884995,-0.10062260925769806,0.26196005940437317,0.18785113096237183,-0.14219698309898376,-0.11820998042821884,-0.26969781517982483,-0.38044801354408264,-0.17819292843341827,-0.00320699205622077,-0.004526460077613592,0.2650647461414337,-0.37601763010025024,0.05991918966174126,-0.08455388247966766,0.10327577590942383,0.11332905292510986,0.12892760336399078,-0.031301818788051605,0.06933502852916718,-0.06679080426692963,0.1005355566740036,-0.2687002718448639,-0.019844625145196915,-0.01643313840031624,-0.19080360233783722,-0.045201726257801056,0.10769405215978622,0.0659029632806778,0.059664350003004074,0.20466461777687073,-0.11102025210857391,-0.35664892196655273,0.15766815841197968,0.20153073966503143,0.08606956899166107,0.021046984940767288,-0.8073920011520386,0.03141666576266289,0.06531061977148056,0.3356192409992218,-0.11689348518848419,-0.0416187085211277,0.4053875505924225,0.13310746848583221,-0.1254817694425583,-0.20541906356811523,0.3243754804134369,-0.05461558699607849,-0.13736625015735626,-0.043833643198013306,0.006403693463653326,0.04000020772218704,-0.35539481043815613,-0.012347226962447166,0.27559709548950195,0.2698552906513214,-0.015536503866314888,-0.05512958765029907,-0.02246495708823204,-0.0780034065246582,-0.3422783613204956,-0.13974006474018097,0.630013108253479,0.040491387248039246,0.07813496887683868,-0.1639641970396042,-0.03681334853172302,-0.11182620376348495,-0.24892091751098633,0.5455344915390015,0.049141205847263336,-0.12185116112232208,-0.24127808213233948,0.025566861033439636,-0.17258182168006897,0.03099663183093071,-0.21725161373615265,0.13463056087493896,0.10061435401439667,0.2663700580596924,0.1916625052690506,0.07927871495485306,-0.24880290031433105,-0.127431720495224,0.15899735689163208,0.22657887637615204,0.042784787714481354,-0.012932568788528442,0.08160723745822906,-0.3658371865749359,0.46586957573890686,-0.15153194963932037,-0.11335965245962143,-0.18696586787700653,0.0868145078420639,-0.13261613249778748,-0.4224577844142914,-0.051476262509822845,0.25924912095069885,-0.08427128940820694,0.17380835115909576,-0.13901923596858978,0.5209325551986694,0.18327245116233826,0.1246248111128807,-0.03744923323392868,0.03364332765340805,-0.009980343282222748,-0.5058262944221497,-0.1988181173801422,-0.010057921521365643,0.15213358402252197,0.2828872799873352,-0.01688220538198948,-0.0455203540623188,0.03199617192149162,0.06152014806866646,-0.13389644026756287,-0.0012438297271728516,-0.5691035985946655,0.11501678079366684,-0.0010491296416148543,0.14664039015769958,-0.6687856912612915,0.11221909523010254,0.08117446303367615,0.21652159094810486,0.21702638268470764,0.08825989812612534,0.17335791885852814
CID000041781,74,-0.11352372169494629,-0.03692835941910744,-0.05840889364480972,-0.12687668204307556,0.31788915395736694,0.2574020326137543,0.04413938522338867,-0.08496655523777008,-0.19312962889671326,-0.16235770285129547,-0.09283880144357681,-0.3497154414653778,0.029748883098363876,-0.12377011775970459,0.14764001965522766,-0.03867894411087036,-0.1294955313205719,0.17658308148384094,0.06021510437130928,0.023850949481129646,-0.16328676044940948,0.10431230068206787,0.0684371218085289,-0.02266819402575493,0.022763008251786232,-0.07228418439626694,-0.13619324564933777,-0.015937844291329384,0.007094717118889093,0.19444704055786133,-0.03147768974304199,-0.23066174983978271,-0.1000869870185852,-0.01563364826142788,-0.4884069859981537,-0.07912924885749817,-0.26627805829048157,-0.23493213951587677,-0.14082381129264832,-0.13296815752983093,0.0019507259130477905,0.09198461472988129,-0.24969816207885742,-0.28518006205558777,0.0831252783536911,-0.01618705689907074,-0.062126945704221725,0.08798621594905853,-0.1841937154531479,-0.0864730179309845,-0.10918919742107391,0.13093701004981995,0.022963304072618484,-0.0841950997710228,0.06702403724193573,-0.050735749304294586,-0.0837298184633255,-0.024977287277579308,0.010391759686172009,-0.03714471310377121,-1.0248830318450928,0.02377953752875328,-0.33199116587638855,0.23153725266456604,0.060075245797634125,0.12011592090129852,-0.06447681039571762,0.2002965658903122,-0.011532535776495934,0.05324133485555649,-0.09005703777074814,0.08289679139852524,-0.013443115167319775,-0.08749862760305405,0.11812295019626617,-0.10676989704370499,0.004507082514464855,0.006663175765424967,0.18405774235725403,0.10419543832540512,-0.16937892138957977,0.010135019198060036,-0.27316612005233765,-0.061244893819093704,-0.197469100356102,-0.05187223479151726,-0.1750246286392212,-0.120158851146698,0.26588475704193115,-0.012946081347763538,-0.04451094567775726,-0.06736382097005844,-0.14897210896015167,0.03247881308197975,-0.5090280771255493,0.039898715913295746,-0.20096878707408905,0.3128996789455414,0.042442791163921356,-0.26543712615966797,0.2560575604438782,0.17011669278144836,-0.21042771637439728,0.05017409846186638,-0.09716015309095383,0.06314189732074738,-0.41575294733047485,0.20731839537620544,0.06810785830020905,0.15430983901023865,0.09795103222131729,-0.16556191444396973,0.32183822989463806,0.006649221293628216,0.06657056510448456,0.29175201058387756,-0.09452337771654129,-0.14593291282653809,0.03394876420497894,0.042575981467962265,-0.21486954391002655,-0.7008095979690552,-0.16069883108139038,-0.25569385290145874,-0.38824695348739624,0.09493814408779144,-0.046739477664232254,0.23426583409309387,0.135224387049675,0.05439751595258713,-0.05244896560907364,0.08174886554479599,-0.5145300030708313,-0.3332158625125885,0.07409980893135071,-0.055662550032138824,0.26430946588516235,-0.025447094812989235,-0.10977138578891754,0.10447949171066284,-0.03198907524347305,0.16141670942306519,-0.19339163601398468,-0.10870318114757538,-0.030449677258729935,-0.10770972073078156,0.013309434056282043,-0.017605112865567207,-0.2093077003955841,0.10566101223230362,-0.08775441348552704,0.05728275328874588,0.05398672819137573,0.021173778921365738,-0.1564033329486847,-0.0037429393269121647,-0.21443644165992737,-0.2932247221469879,0.009725319221615791,-0.016337454319000244,0.17291668057441711,-0.0633801817893982,-0.9968177080154419,0.06472308188676834,0.1251448094844818,0.2874137759208679,-0.199003666639328,-0.1234990581870079,0.11809315532445908,0.04359787702560425,-0.1747853308916092,-0.162624791264534,0.227303147315979,-0.0614396333694458,-0.18568389117717743,0.026561761274933815,0.021396931260824203,0.16821113228797913,-0.4942654073238373,-0.09796680510044098,0.19506701827049255,0.2718619406223297,0.04458962753415108,-0.06791060417890549,0.08051630109548569,0.01165299117565155,-0.2932492792606354,0.09423510730266571,0.4541117250919342,-0.132980078458786,0.1592256724834442,-0.008674253709614277,-0.15472367405891418,-0.1057630181312561,-0.08420500159263611,0.35104435682296753,0.05656055361032486,-0.0758654996752739,-0.007856952957808971,0.060449182987213135,-0.018526604399085045,-0.24892516434192657,-0.12591540813446045,0.1310204267501831,-0.09429870545864105,0.20329096913337708,-0.031497787684202194,-0.21538932621479034,0.07390184700489044,0.043989501893520355,-0.0012463718885555863,0.1864158809185028,-0.058485470712184906,0.014604655094444752,0.24025967717170715,0.09619662910699844,0.3066699206829071,0.13023251295089722,-0.09153275191783905,-0.3213232755661011,0.0065317959524691105,-0.07135464251041412,-0.4233110845088959,0.1497129499912262,0.4082269072532654,-0.16156315803527832,0.044412046670913696,-0.286422997713089,0.6345755457878113,-0.02619856595993042,-0.20281243324279785,-0.17550933361053467,-0.115168496966362,-0.07034824788570404,-0.5876604914665222,-0.13006062805652618,-0.06181114912033081,0.08945919573307037,0.19835366308689117,-0.3132975995540619,-0.06897374987602234,0.023686226457357407,0.044400107115507126,0.20925836265087128,0.03988721966743469,-0.09992110729217529,0.1121378168463707,-0.06388760358095169,-0.13373436033725739,-0.6802651882171631,-0.16573217511177063,-0.01235392689704895,0.18954941630363464,-0.15111252665519714,0.09030599147081375,0.06643594056367874
CID000005039,75,-0.054680436849594116,-0.07003586739301682,-0.23638853430747986,-0.11428868770599365,0.5148381590843201,0.1462455689907074,-0.05270400643348694,-0.003748172428458929,-0.1778724193572998,-0.04772578552365303,0.10790131986141205,-0.43757161498069763,-0.0753040611743927,-0.14037367701530457,0.17323438823223114,-0.13670678436756134,0.04390764981508255,-0.017873872071504593,0.07363934069871902,-0.032358039170503616,-0.004194438457489014,0.012298032641410828,0.1108105331659317,0.2910676598548889,0.03814307600259781,-0.0415191724896431,-0.029188182204961777,0.012623916380107403,-0.014784390106797218,0.2539710998535156,0.06104767322540283,-0.36182069778442383,-0.049023788422346115,0.008751836605370045,-0.6980230212211609,0.14326967298984528,-0.17430807650089264,-0.21066756546497345,-0.16374054551124573,-0.03463856130838394,-0.04290887340903282,-0.20621323585510254,0.006672483868896961,-0.15524393320083618,0.24349483847618103,0.021495677530765533,0.189088374376297,0.12466176599264145,-0.13673463463783264,-0.12428875267505646,-0.11514472961425781,-0.02257850393652916,-0.0006056457641534507,-0.1730189472436905,0.1672441065311432,-0.055195629596710205,-0.18940266966819763,0.17467932403087616,0.31592386960983276,0.03541422262787819,-0.8979614973068237,0.11188073456287384,-0.23088546097278595,0.2641901969909668,0.11776027828454971,0.13436415791511536,0.0024036832619458437,0.28961408138275146,-0.17104953527450562,0.10488736629486084,-0.07854302227497101,0.17549966275691986,-0.09956079721450806,-0.1631021797657013,0.18503251671791077,0.013598864898085594,-0.09061697870492935,0.1132742390036583,0.14206603169441223,-0.21339520812034607,-0.17761869728565216,0.009797178208827972,-0.040668025612831116,-0.032007526606321335,-0.13723641633987427,0.045233502984046936,-0.0723358541727066,-0.023863013833761215,0.3860343098640442,-0.12545472383499146,-0.010513586923480034,0.05235928297042847,0.06054660677909851,0.08249713480472565,-0.4515916705131531,-0.010068755596876144,-0.04897915571928024,0.25194448232650757,0.024891182780265808,-0.07266887277364731,0.2015148401260376,0.21544981002807617,-0.2790129482746124,0.1333412379026413,-0.10081466287374496,0.17573866248130798,-0.6570068597793579,0.13178251683712006,-0.05914648249745369,-0.05314993858337402,0.0965159684419632,0.1269529163837433,0.07732300460338593,0.17134234309196472,0.037050094455480576,0.03189491108059883,-0.003521981881931424,-0.22886963188648224,0.161824032664299,0.14364682137966156,-0.3270537853240967,-0.6787163615226746,0.27087095379829407,0.05215507000684738,-0.42795276641845703,0.00858655571937561,-0.006979942321777344,0.29956692457199097,-0.061160117387771606,-0.06582462042570114,-0.39643484354019165,0.06181894615292549,-0.45609980821609497,-0.2828395962715149,-0.1139892116189003,-0.1663525402545929,0.269278347492218,-0.24912765622138977,-0.12791410088539124,0.00434537511318922,0.02858107164502144,0.0782625824213028,-0.38786816596984863,-0.07224332541227341,0.09037578105926514,-0.21083207428455353,0.12315573543310165,0.04894925281405449,0.10796204954385757,-0.017240190878510475,-0.033910199999809265,-0.15861736238002777,-0.012430381961166859,0.05215716361999512,0.056640952825546265,-0.11885174363851547,-0.03058044984936714,-0.22224116325378418,-0.04976208135485649,0.09375270456075668,0.10226913541555405,0.0677923634648323,-0.9530129432678223,-0.02925494872033596,0.3555906414985657,0.18836812674999237,-0.1219525933265686,-0.14881648123264313,-0.0557175874710083,0.08227457106113434,-0.08216596394777298,-0.13983434438705444,0.19247815012931824,-0.05586407706141472,0.09373383224010468,0.08008990436792374,-0.01444997824728489,0.12989382445812225,-0.5273290872573853,-0.1115269884467125,0.27456241846084595,0.11592821031808853,-0.0026627040933817625,0.060046762228012085,-0.1675855815410614,-0.11073656380176544,-0.025981957092881203,-0.061284322291612625,0.5996527075767517,-0.050351209938526154,0.2624415457248688,-0.24607053399085999,-0.08075980097055435,-0.06355071067810059,-0.1420132964849472,0.38084179162979126,-0.10031747817993164,0.006222990341484547,-0.1443774700164795,-0.3194921612739563,-0.15286469459533691,-0.11779799312353134,-0.15118825435638428,0.2453090250492096,-0.2691291868686676,0.1488802134990692,0.07675353437662125,0.011294802650809288,-0.15276870131492615,-0.01724499836564064,0.21834270656108856,0.01032017171382904,0.019306017085909843,-0.15739203989505768,0.23186075687408447,0.03004913590848446,0.41352686285972595,-0.12948212027549744,-0.07863384485244751,-0.3860841691493988,-0.13241341710090637,-0.07090136408805847,-0.5224432349205017,0.08874712139368057,0.2427639663219452,-0.23589643836021423,0.10928890854120255,-0.21148863434791565,0.8965495228767395,0.0789092630147934,-0.2770884335041046,-0.015231609344482422,-0.012880280613899231,-0.20450547337532043,-0.6639407873153687,-0.22542481124401093,-0.17535880208015442,0.2099165916442871,0.06097641587257385,-0.09143853187561035,-0.08822087198495865,-0.08631018549203873,0.050679147243499756,0.08438032120466232,0.01721850410103798,-0.12332216650247574,0.1403188407421112,-0.09047491103410721,-0.09117533266544342,-0.6955639123916626,0.1630600392818451,0.14344282448291779,0.2110491693019867,-0.1448666751384735,0.04731104150414467,0.10882701724767685
CID000004679,76,-0.22848334908485413,-0.19322213530540466,-0.18410174548625946,-0.19241924583911896,0.12004002183675766,0.3950101137161255,-0.10299202054738998,0.060639750212430954,-0.31667983531951904,-0.29572805762290955,0.010323697701096535,-0.45162445306777954,0.12872619926929474,-0.45762380957603455,0.13737519085407257,0.14219462871551514,0.019897419959306717,0.18986542522907257,-0.028361674398183823,-0.07441805303096771,0.06867677718400955,0.0011400580406188965,0.1266535520553589,0.08159325271844864,0.027508646249771118,-0.11172141134738922,0.1411890983581543,0.0007208362221717834,-0.19274605810642242,0.30820244550704956,0.06319981068372726,-0.13249480724334717,-0.16439442336559296,0.05723409727215767,-0.2759011387825012,-0.010202581994235516,-0.17725668847560883,-0.2807473838329315,-0.05110198259353638,-0.04663020372390747,0.22005045413970947,0.130698099732399,-0.07942434400320053,-0.14476168155670166,0.018921364098787308,0.0557238943874836,0.13300153613090515,-0.03255598992109299,-0.15884755551815033,-0.05303586646914482,-0.08018829673528671,0.05696060135960579,-0.08855170011520386,0.06162531301379204,0.2549344003200531,-0.04089606553316116,-0.0648999735713005,-0.06594039499759674,-0.048228293657302856,0.0058824121952056885,-0.8532470464706421,-0.02102012187242508,-0.3418363332748413,0.249771386384964,0.12875275313854218,0.1343473643064499,-0.13034911453723907,0.08817372471094131,-0.05075804144144058,0.028781939297914505,-0.0038458979688584805,0.15852515399456024,0.0632380023598671,-0.1390887349843979,0.049995001405477524,-0.10449150949716568,-0.07179449498653412,0.10678176581859589,0.07001467794179916,0.08415482938289642,-0.3567134439945221,0.05943842604756355,-0.3242693841457367,-0.13753096759319305,-0.08425755798816681,-0.02490791119635105,-0.3210434019565582,-0.26356595754623413,0.16161872446537018,0.043351054191589355,-0.0670434981584549,-0.2461821734905243,-0.2466670274734497,0.010576623491942883,-0.3059912323951721,-0.07752366364002228,-0.2867116928100586,0.3321684002876282,0.2386227399110794,-0.5035221576690674,0.07350174337625504,0.32697242498397827,-0.2124481201171875,-0.20657503604888916,-0.21612080931663513,-0.013515232130885124,-0.33539527654647827,0.2602050006389618,-0.1643725484609604,0.2880852222442627,0.0010051846038550138,0.13972385227680206,0.2632412314414978,0.016566947102546692,0.00048108695773407817,0.13125567138195038,-0.19677600264549255,-0.05719829350709915,0.20587654411792755,0.08111654222011566,-0.25826841592788696,-0.4199564456939697,0.08978895843029022,-0.28381696343421936,-0.30542030930519104,0.14030109345912933,-0.05004655569791794,0.3764137029647827,0.18330273032188416,-0.13741907477378845,-0.10378396511077881,0.16985461115837097,-0.5069054365158081,-0.33333131670951843,-0.08496997505426407,-0.16276168823242188,-0.08995654433965683,0.07495271414518356,-0.0889807790517807,-0.04518616199493408,-0.17665140330791473,0.09490849077701569,-0.15159788727760315,0.041169602423906326,0.033681295812129974,-0.056545089930295944,0.07501228153705597,-0.035395801067352295,-0.01922788843512535,-0.006553268525749445,-0.05742686986923218,-0.051624201238155365,-0.026302579790353775,0.10900020599365234,0.19595010578632355,0.017831480130553246,-0.032162684947252274,-0.3211219012737274,0.2100333720445633,0.1498066782951355,0.18978825211524963,-0.1153939738869667,-0.7382000088691711,0.03772107511758804,0.015990519896149635,0.2948494851589203,-0.0824354887008667,-0.09012844413518906,0.3129076659679413,-0.06416954100131989,-0.025716429576277733,-0.020542170852422714,0.37298911809921265,-0.12821459770202637,0.06145564466714859,-0.11793942749500275,0.03689911216497421,0.04063931480050087,-0.4908980429172516,-0.14013069868087769,0.27375876903533936,0.45862212777137756,0.1642131507396698,-0.051398713141679764,-0.0037858865689486265,-0.003062322735786438,-0.16653358936309814,-0.09061088413000107,0.177818164229393,-0.09796426445245743,0.12762579321861267,0.06524814665317535,-0.09339401870965958,-0.14993301033973694,-0.33026301860809326,0.28397896885871887,0.06915998458862305,0.014999466016888618,-0.08250730484724045,-0.040752850472927094,0.054533667862415314,-0.011759346351027489,0.009920882061123848,0.11187511682510376,-0.1927415132522583,0.3955624997615814,0.01231094915419817,-0.18637259304523468,0.06249741464853287,0.03542083501815796,-0.16383036971092224,0.17044071853160858,0.029640773311257362,-0.037620894610881805,-0.04111890122294426,0.22642648220062256,0.22523105144500732,0.16964177787303925,-0.1641530841588974,-0.3349241018295288,0.10121291875839233,-0.15707740187644958,-0.26626667380332947,0.040246184915304184,0.23387858271598816,0.012905105948448181,0.3246825635433197,-0.12320146709680557,0.5438298583030701,0.1261385828256607,-0.28271037340164185,-0.271715372800827,-0.11888919025659561,-0.05127861350774765,-0.45942553877830505,-0.22779802978038788,-0.24332980811595917,0.26274335384368896,0.2101093828678131,-0.07349585741758347,-0.033194493502378464,-0.10752414166927338,0.012647280469536781,0.1294625699520111,0.13125184178352356,-0.022046411409974098,0.3324126601219177,-0.13354292511940002,0.2108052521944046,-0.4639526307582855,0.07416994124650955,-0.030100321397185326,0.021941957995295525,-0.12380854785442352,0.049587432295084,-0.04874024540185928
CID000005523,77,-0.4747891426086426,0.23609676957130432,0.24174726009368896,-0.09297041594982147,0.33733582496643066,0.4794541895389557,-0.07925085723400116,-0.1898832619190216,-0.22959963977336884,-0.32480117678642273,0.05835552141070366,-0.32328060269355774,0.12712597846984863,-0.40223026275634766,0.21870402991771698,0.09597049653530121,0.038779303431510925,0.41126760840415955,-0.03904932737350464,0.3378247618675232,-0.1921985000371933,-0.1870751529932022,-0.12162001430988312,-0.06461821496486664,0.2482808381319046,-0.05148300528526306,0.0780305564403534,-0.12480171024799347,0.16945584118366241,0.4162730574607849,0.09174365550279617,-0.1907649040222168,-0.1172170639038086,-0.12490618228912354,-0.10678096860647202,0.018808512017130852,-0.5155459642410278,-0.5022624731063843,-0.11892682313919067,-0.07842377573251724,0.216734379529953,0.21999593079090118,-0.21344363689422607,-0.11141383647918701,0.48894113302230835,-0.20472776889801025,-0.04638873413205147,0.06772635132074356,-0.1803102195262909,-0.06561338901519775,-0.03852475434541702,0.19120138883590698,0.14221611618995667,-0.23638394474983215,-0.03884928673505783,0.0284428633749485,0.027108242735266685,-0.2711283564567566,-0.024329010397195816,0.14477276802062988,-0.8744734525680542,-0.012887813150882721,-0.026736218482255936,0.43942517042160034,-0.015746120363473892,0.29204532504081726,-0.2936721742153168,0.07919023185968399,0.2424958050251007,0.13159111142158508,-0.10648659616708755,-0.21491345763206482,-0.025639643892645836,-0.4257031977176666,0.035940710455179214,0.01841413788497448,0.0003058403672184795,0.4980143904685974,0.12278199195861816,0.0056497156620025635,-0.17450498044490814,0.2201773226261139,-0.19863437116146088,-0.1854890137910843,-0.09863203018903732,0.1497727632522583,-0.1582641303539276,-0.17256568372249603,0.36592739820480347,-0.1999608725309372,0.002097883727401495,-0.15368244051933289,-0.13729682564735413,-0.11925945430994034,-0.5499469637870789,-0.13526692986488342,-0.474925696849823,0.6646731495857239,0.3124796748161316,-0.3980225622653961,0.3548336625099182,0.22479572892189026,-0.12226680666208267,0.16696754097938538,-0.2516455054283142,0.007507962174713612,0.13513106107711792,0.3677355647087097,0.1720491498708725,0.3479014039039612,0.01325575727969408,-0.21569672226905823,0.6375330686569214,-0.05997934937477112,-0.07702633738517761,-0.16352292895317078,0.020568782463669777,-0.017279069870710373,0.429271399974823,-0.16540661454200745,-0.2780899405479431,-0.42273974418640137,-0.2270216941833496,-0.5503264665603638,-0.4331234395503998,-0.03273768723011017,0.04510533809661865,0.3490358293056488,0.46035727858543396,0.2866107225418091,0.25198113918304443,0.055920325219631195,-0.5077911615371704,-0.3412255644798279,-0.018121380358934402,0.04267279803752899,0.34095725417137146,-0.09484159201383591,0.06704088300466537,-0.12018033117055893,-0.2913777828216553,0.44873422384262085,-0.18307219445705414,0.04092087969183922,0.10271038860082626,0.37237274646759033,-0.030475467443466187,0.3830314874649048,-0.1255042552947998,-0.12809552252292633,0.025313416495919228,-0.07734082639217377,-0.17745822668075562,0.12260834872722626,0.00493271928280592,0.053980182856321335,-0.22002895176410675,-0.4412878155708313,0.18278680741786957,-0.1031724214553833,0.1955184042453766,0.014432122930884361,-0.8902292251586914,0.02063927799463272,0.10085280239582062,0.4859214425086975,-0.10626645386219025,-0.013956541195511818,0.22415940463542938,-0.1588020622730255,-0.1276731789112091,-0.2533821165561676,0.4424808919429779,0.1306305080652237,-0.16257445514202118,0.24002797901630402,0.002943028463050723,0.17572236061096191,-0.5066441297531128,-0.10184280574321747,0.27482128143310547,0.5018231868743896,0.05177807807922363,0.1445334255695343,0.029428938403725624,0.1316009908914566,-0.6331701874732971,-0.05661192536354065,0.0465729646384716,-0.061692219227552414,0.04845385253429413,-0.02674959972500801,-0.14912757277488708,-0.2957994043827057,-0.37468457221984863,0.5414485931396484,0.09140024334192276,0.030125414952635765,-0.37249118089675903,0.15750786662101746,-0.06208743527531624,0.3574962019920349,-0.5581791996955872,0.1309482902288437,-0.06351974606513977,0.326465904712677,-0.14932362735271454,-0.2026917040348053,-0.42698216438293457,0.2013307809829712,0.06554629653692245,0.29783108830451965,0.03707754984498024,-0.027335697785019875,0.2783408761024475,0.05434812977910042,0.33927950263023376,-0.04491128772497177,0.017578650265932083,-0.35646435618400574,0.003004038240760565,-0.12769797444343567,-0.35271936655044556,-0.014840197749435902,0.6149364709854126,0.2836107611656189,0.2503725588321686,-0.36884474754333496,0.37641090154647827,0.04252203553915024,-0.008049627766013145,-0.2547619044780731,-0.16378328204154968,0.07140282541513443,-0.17490696907043457,-0.48490244150161743,0.20852628350257874,0.31988272070884705,0.17161916196346283,-0.17743036150932312,-0.13598647713661194,0.2014714777469635,0.12498550117015839,-0.2710038721561432,-0.03762057423591614,-0.5046355724334717,0.16991856694221497,0.11257188022136688,-0.12324656546115875,-0.42745766043663025,-0.07726184278726578,-0.26344507932662964,0.08304067701101303,-0.043924760073423386,-0.03560126572847366,-0.14346756041049957
CID000002520,78,0.10486702620983124,0.2790597379207611,0.38598793745040894,-0.021874889731407166,0.4291871190071106,0.4009885787963867,0.10621602833271027,-0.02601996436715126,-0.22227664291858673,-0.21934452652931213,0.02696409448981285,-0.28338316082954407,0.31584101915359497,-0.17476829886436462,0.05057000368833542,0.04111231863498688,-0.09389249980449677,0.033468201756477356,-0.35914045572280884,-0.02133927121758461,-0.022692199796438217,-0.2212134301662445,-0.05436328053474426,-0.044125862419605255,-0.1445017158985138,-0.1722170114517212,0.07657080143690109,-0.1646660715341568,0.333393394947052,0.3452388644218445,-0.01327204704284668,-0.010375685058534145,-0.06912121921777725,-0.015225676819682121,-0.6535850763320923,-0.26181143522262573,-0.4598832130432129,-0.3529495298862457,-0.1716933399438858,-0.17261125147342682,-0.04064745455980301,0.32838207483291626,-0.0021304606925696135,-0.36122727394104004,0.4548998475074768,-0.32045939564704895,-0.07574804872274399,0.1573658138513565,-0.2126196324825287,0.25107455253601074,-0.7038165330886841,0.03939918801188469,-0.0025163553655147552,-0.4188203811645508,0.13699176907539368,-0.07297465205192566,-0.0898049920797348,-0.03252670541405678,0.5811887979507446,0.1013282984495163,-1.0283138751983643,0.32207879424095154,-0.14748398959636688,0.33082833886146545,-0.08589768409729004,0.1268751621246338,-0.026719069108366966,0.2176738977432251,0.10075908899307251,-0.21718434989452362,-0.45866018533706665,-0.17540857195854187,0.15278005599975586,0.3012844920158386,0.4680298864841461,-0.15524432063102722,0.01745009794831276,0.40960806608200073,-0.27826258540153503,-0.04001166298985481,-0.007052245549857616,-0.12067060172557831,-0.1839115470647812,0.04191984981298447,-0.13624362647533417,0.32595089077949524,-0.09599721431732178,0.19314785301685333,0.6468325853347778,-0.25879812240600586,0.2554447054862976,0.01622948609292507,-0.07976054400205612,-0.16996099054813385,-0.7807543873786926,-0.19177278876304626,-0.2726399302482605,0.6278972029685974,0.06046874448657036,0.0029200061690062284,0.5606040358543396,0.020337853580713272,0.23149466514587402,0.2548459470272064,-0.1738499402999878,0.011588986031711102,-0.2852341830730438,0.4039125442504883,0.2898924648761749,0.04630754142999649,-0.1223229169845581,-0.1938515603542328,0.9442092180252075,-0.4003841280937195,-0.05772845819592476,0.05944406986236572,-0.1833581030368805,-0.17728456854820251,0.2648877799510956,-0.30388396978378296,0.29121774435043335,-0.7242284417152405,0.1641065627336502,-0.7966881990432739,-0.41425400972366333,-0.132596954703331,0.041710324585437775,0.3145771622657776,-0.09284372627735138,-0.004686340689659119,0.19487310945987701,-0.10263516753911972,-0.5864931344985962,-0.3178754150867462,0.12875083088874817,-0.11443023383617401,0.7568973302841187,-0.22412109375,0.09404713660478592,0.0038507520221173763,-0.14793172478675842,0.03404202312231064,-0.10119044780731201,-0.21074335277080536,-0.1200629472732544,0.09507200866937637,0.19985400140285492,0.2300616055727005,0.005891059059649706,-0.43756264448165894,0.13519838452339172,0.3089483380317688,-0.17490118741989136,-0.15602651238441467,0.1385987102985382,-0.04129772633314133,-0.40125030279159546,-0.49587830901145935,0.14335885643959045,-0.23027077317237854,0.3099587857723236,0.062084294855594635,-1.0230633020401,0.1928761750459671,0.27758556604385376,0.4562736451625824,-0.08360139280557632,0.33015525341033936,0.1721402108669281,-0.3307194113731384,-0.15463611483573914,0.1849832683801651,0.6341051459312439,0.2801724076271057,-0.28511178493499756,0.00954738724976778,-0.08978036046028137,-0.17089739441871643,-0.3251711428165436,-0.04519381746649742,-0.0830983966588974,0.21948249638080597,0.3055703938007355,-0.23554706573486328,0.09492926299571991,-0.27958256006240845,-0.4605378210544586,-0.09118107706308365,0.6588383316993713,0.22839947044849396,-0.3195705711841583,-0.5403522253036499,-0.12213108688592911,-0.3277566730976105,-0.236415833234787,0.6624133586883545,-0.061578474938869476,-0.07415088266134262,-0.3997427225112915,0.04915579780936241,0.01949988678097725,-0.32584404945373535,-0.7260364294052124,0.15844279527664185,0.18761460483074188,0.24240005016326904,0.35969847440719604,-0.14233295619487762,-0.39689892530441284,-7.405234646284953e-05,0.09406296163797379,0.010978734120726585,0.003775960300117731,-0.29783183336257935,0.18866868317127228,-0.13139790296554565,0.677699625492096,-0.16718152165412903,0.26487433910369873,-0.029440987855196,-0.07337881624698639,0.025025606155395508,-0.5978974103927612,0.08565432578325272,0.23126399517059326,-0.04491029307246208,0.05598430708050728,-0.2025759518146515,0.6672569513320923,0.08785015344619751,0.18760758638381958,-0.23740732669830322,0.1878662407398224,0.020754441618919373,-0.3978760242462158,-0.34097734093666077,0.2035047709941864,0.015181636437773705,-0.06328031420707703,-0.09171821177005768,-0.2451414167881012,0.311456561088562,0.2229589968919754,0.0701225996017456,0.015560825355350971,-1.2273153066635132,0.2299385517835617,0.15442122519016266,-0.1844775229692459,-0.7847908735275269,0.21795780956745148,0.06639420241117477,0.3277784585952759,0.3290597200393677,-0.10395361483097076,-0.13001291453838348
CID000005038,79,-0.05998140573501587,-0.11102932691574097,-0.17307285964488983,0.03985535353422165,0.11683948338031769,0.3899778723716736,-0.10624714940786362,0.04129300266504288,-0.04587981477379799,-0.10535252094268799,0.20845119655132294,-0.14510729908943176,0.2592390179634094,-0.2409851998090744,-0.27770957350730896,0.09293141216039658,0.0466463677585125,0.19172422587871552,9.941458847606555e-05,-0.2424854040145874,0.2187671959400177,-0.07764265686273575,-0.0427853949368,-0.27284008264541626,0.16406729817390442,0.12913790345191956,-0.05991581082344055,-0.21245750784873962,-0.02118789218366146,0.5338823795318604,0.016731541603803635,0.131062850356102,0.005688875913619995,-0.0004553496837615967,-0.4840417504310608,-0.19885191321372986,-0.1659417599439621,-0.4270229935646057,-0.026097271591424942,0.1298568993806839,0.16447125375270844,-0.18945810198783875,-0.2644596993923187,-0.3151998817920685,0.34686803817749023,0.023346085101366043,0.30557915568351746,-0.08777306973934174,0.04070461541414261,0.03785141557455063,-0.6404913663864136,0.14258070290088654,-0.24993571639060974,-0.14583298563957214,0.030370309948921204,-0.018843039870262146,0.005869406275451183,0.05092627927660942,0.1588376760482788,0.2117217779159546,-0.7877703905105591,-0.2981671690940857,-0.16608908772468567,0.2533559501171112,0.27015507221221924,-0.14041706919670105,-0.20563849806785583,0.035423748195171356,-0.1022944301366806,0.0023227869533002377,-0.37572336196899414,-0.22924712300300598,-0.04186370223760605,-0.103641077876091,0.14000704884529114,-0.17856033146381378,-0.027223503217101097,0.29638993740081787,0.11046469211578369,0.062039025127887726,-0.3223249018192291,0.025430548936128616,-0.32587307691574097,-0.12608566880226135,-0.005015510134398937,0.10952768474817276,-0.3232998251914978,0.11251993477344513,0.4817373752593994,0.13519389927387238,-0.07784219086170197,-0.21829576790332794,0.16759812831878662,0.0059661418199539185,-0.4927580952644348,-0.0456523671746254,-0.3709566295146942,0.25496357679367065,0.04485991969704628,-0.2604450583457947,0.2946189045906067,0.14521358907222748,-0.05071014165878296,-0.056357841938734055,-0.27012166380882263,-0.13037341833114624,-0.5208926200866699,0.33850589394569397,-0.27607017755508423,0.13166098296642303,-0.008424009196460247,-0.010759425349533558,0.46067914366722107,0.11741460859775543,-0.021029897034168243,0.07193531095981598,-0.1767192780971527,-0.5250646471977234,0.23799371719360352,0.08261559903621674,0.13023585081100464,-0.56061851978302,-0.08940361440181732,-0.5376404523849487,-0.3003773093223572,0.2320713996887207,0.22829866409301758,0.5501055717468262,0.18545088171958923,0.02223414182662964,-0.25920698046684265,-0.07268675416707993,-0.5840998888015747,-0.3649558126926422,-0.1633998453617096,-0.24012374877929688,0.5638673901557922,-0.3735583424568176,0.23073188960552216,0.05093752220273018,-0.15664660930633545,0.07244770973920822,0.26606160402297974,0.15154162049293518,0.034645095467567444,0.08919401466846466,-0.07294271141290665,-0.012342704460024834,0.10601875931024551,-0.1737193763256073,-0.028097957372665405,0.16327202320098877,-0.19946563243865967,-0.09238670766353607,0.04969704896211624,0.1427478939294815,-0.01506648026406765,-0.45825132727622986,0.01972544565796852,0.17184442281723022,0.08493877947330475,-0.09474773705005646,-0.8131129145622253,0.1287345141172409,0.3488897681236267,0.37424302101135254,-0.14654812216758728,-0.031087953597307205,0.3309958577156067,0.20459672808647156,-0.059895239770412445,-0.018886137753725052,0.5171194076538086,-0.011628317646682262,0.352506548166275,0.027173852548003197,0.08378312736749649,0.23063430190086365,-0.3803943991661072,0.009541148319840431,0.25204047560691833,0.36581745743751526,0.05122089385986328,-0.11248894035816193,-0.14385703206062317,-0.2791830003261566,-0.5238813757896423,-0.23408523201942444,0.31536877155303955,-0.29814207553863525,0.029360905289649963,-0.36395859718322754,0.2178107053041458,-0.013872170820832253,-0.043390728533267975,0.4871370196342468,-0.10892969369888306,0.06048167869448662,-0.13008049130439758,0.266231507062912,0.08733592927455902,0.2339554727077484,-0.5694469213485718,-0.21234969794750214,-0.048944175243377686,0.30676427483558655,0.008163392543792725,-0.17926684021949768,-0.16633713245391846,-0.08332250267267227,-0.14115628600120544,0.23454701900482178,0.005686117801815271,-0.0352749302983284,0.08995281159877777,-0.02244921401143074,0.42684921622276306,0.07514172047376633,-0.056247465312480927,0.015461456961929798,-0.25522488355636597,0.03965790197253227,-0.5404290556907654,0.10758807510137558,0.338701456785202,0.1575070321559906,0.22030901908874512,-0.20814695954322815,0.5318063497543335,0.17938394844532013,0.07897932827472687,-0.29197806119918823,-0.024313945323228836,-0.12071555852890015,-0.26702162623405457,-0.3884996175765991,-0.3593234121799469,0.3249005377292633,0.014157953672111034,-0.21651890873908997,-0.29635095596313477,-0.0052235545590519905,0.09342289716005325,0.0553087517619133,0.2665395140647888,-0.31880253553390503,0.12698069214820862,-0.0977211445569992,0.45665961503982544,-0.5574348568916321,-0.10045063495635986,-0.025119882076978683,0.19882532954216003,-0.037538569420576096,-0.1206301674246788,-0.2665391266345978
CID000005035,80,-0.11624477803707123,-0.0010234892833977938,0.11288271844387054,-0.09468112885951996,0.12034410238265991,0.22919420897960663,-0.0017231106758117676,-0.056803010404109955,-0.17479223012924194,-0.30023637413978577,0.021280605345964432,-0.3416889011859894,0.2647533416748047,-0.19517269730567932,-0.10390318930149078,-0.02764604613184929,0.02055424638092518,0.2086474448442459,0.22319607436656952,0.12928298115730286,-0.12366272509098053,0.09916021674871445,0.04863138124346733,-0.1283036768436432,0.05615971237421036,-0.09531452506780624,0.17643426358699799,0.04324309155344963,-0.08331003040075302,0.20352737605571747,-0.1403735727071762,0.11068924516439438,-0.06363065540790558,-0.0402635894715786,-0.4876156747341156,0.018750105053186417,-0.0690266489982605,-0.2084933966398239,-0.23271754384040833,-0.14623825252056122,0.20477136969566345,0.2023824155330658,-0.2874416410923004,-0.15445348620414734,0.2121722251176834,-0.06003548949956894,-0.10568710416555405,0.034141670912504196,-0.09047308564186096,-0.21914377808570862,-0.3698994815349579,0.17399898171424866,-0.09188178181648254,0.03151797503232956,0.14355604350566864,-0.08909665048122406,0.02455749548971653,-0.08629067242145538,0.04019965976476669,-0.007778093218803406,-0.8665793538093567,0.2483569085597992,-0.4364144802093506,0.10800687223672867,-0.02010236494243145,0.19498629868030548,-0.020227625966072083,0.2725333571434021,0.08043741434812546,0.08212632685899734,0.013114397414028645,0.043468620628118515,-0.059857696294784546,-0.09905483573675156,0.08808796107769012,0.060395412147045135,-0.06906874477863312,0.2185548096895218,0.06056978553533554,0.040774859488010406,-0.14380189776420593,-0.09867565333843231,-0.2299509048461914,-0.15277034044265747,-0.17861774563789368,0.017666708678007126,-0.2468796670436859,-0.2888323664665222,0.22240331768989563,-0.0779961496591568,0.1146857738494873,-0.172672837972641,-0.12891918420791626,-0.04148360341787338,-0.38398727774620056,-0.04953441768884659,-0.16126534342765808,0.18577662110328674,0.2060357630252838,-0.32414400577545166,0.18754765391349792,0.2459002286195755,-0.07962965220212936,-0.13724404573440552,-0.1939101666212082,0.13238203525543213,-0.34442299604415894,0.2565544545650482,0.02158498577773571,0.1264108270406723,0.23182010650634766,0.08478343486785889,0.26445046067237854,0.06173974275588989,-0.02054465562105179,0.014935880899429321,0.1646551787853241,-0.18365246057510376,0.1806161105632782,0.11943137645721436,0.02838287688791752,-0.601081907749176,-0.20128527283668518,-0.16601252555847168,-0.3815345764160156,0.051241565495729446,-0.02682003751397133,0.2777896523475647,0.22777073085308075,0.02144043520092964,0.11001543700695038,-0.019089529290795326,-0.5550664067268372,-0.22009524703025818,-0.012300437316298485,-0.06574608385562897,0.10536954551935196,-0.1487455666065216,-0.09464172273874283,0.04958384484052658,-0.0760774314403534,0.04939062148332596,0.0794684886932373,-0.05845378711819649,-0.00875444058328867,0.02150058187544346,-0.11517675966024399,0.025922143831849098,-0.13455577194690704,0.05627161264419556,-0.020805951207876205,0.16170096397399902,-0.04941340535879135,0.11493384838104248,0.030764073133468628,0.017783116549253464,-0.1562345325946808,-0.30288225412368774,0.07356433570384979,-0.03080723248422146,0.2038380205631256,0.04957745596766472,-0.8096326589584351,-0.08030141890048981,0.22963492572307587,0.1819465160369873,-0.25339704751968384,-0.1217736154794693,0.08191563189029694,-0.13116605579853058,0.003129130695015192,-0.04914570599794388,0.2925470471382141,-0.003375306725502014,-0.27422142028808594,-0.05122639983892441,-0.006020098924636841,0.16875942051410675,-0.49771708250045776,-0.15006306767463684,0.21395930647850037,0.26278337836265564,0.12080162763595581,-0.02987869642674923,-0.0187389999628067,-0.008922209963202477,-0.18021805584430695,-0.12001011520624161,0.4803951382637024,0.11379554122686386,0.13416194915771484,-0.2093810737133026,-0.21475353837013245,-0.12837496399879456,-0.13631251454353333,0.23722848296165466,0.015917669981718063,0.03131559491157532,-0.12001702934503555,0.07162279635667801,0.07278712093830109,-0.04264618456363678,-0.04803798347711563,0.21875396370887756,-0.04771210253238678,0.18195752799510956,-0.00704651465639472,-0.19279226660728455,-0.05320030450820923,-0.16715338826179504,0.1352737993001938,0.17430725693702698,-0.14974702894687653,0.015826892107725143,-0.011584484949707985,0.22048811614513397,0.32757481932640076,0.19267638027668,0.0531095489859581,-0.21192307770252228,-0.0014108836185187101,-0.05851905792951584,-0.3818630576133728,0.07570786029100418,0.214193195104599,-0.0576135627925396,0.22765322029590607,-0.1850912868976593,0.6167483925819397,0.15576453506946564,-0.13277903199195862,-0.20234231650829315,-0.1230071410536766,-0.017312541604042053,-0.5008748769760132,-0.1636008322238922,-0.07431565225124359,0.07040461152791977,0.23948082327842712,-0.06853312999010086,-0.08055106550455093,-0.07021455466747284,0.08870108425617218,0.003872969653457403,-0.06872313469648361,0.01051523257046938,0.1503838747739792,-0.118600033223629,0.1542622596025467,-0.6324523687362671,-0.0159697774797678,0.166330948472023,0.1289275586605072,-0.07486192882061005,0.006866148207336664,-0.13960950076580048
CID000005426,83,-0.0328352265059948,-0.2448030412197113,-0.08332057297229767,-0.06902258098125458,0.18964171409606934,0.25392386317253113,-0.19598953425884247,0.1420842558145523,-0.3549451529979706,-0.1032252311706543,0.030611742287874222,-0.3722212016582489,0.08826066553592682,-0.325758159160614,0.18124185502529144,0.03478715568780899,-0.06173067167401314,0.033762186765670776,-0.09956290572881699,0.01615082286298275,-0.02731744386255741,0.10349458456039429,0.025758061558008194,0.11737759411334991,-0.12011004984378815,-0.002279139356687665,0.04826492443680763,-0.06131843477487564,-0.07173466682434082,0.3263269364833832,-0.06838788092136383,-0.24709174036979675,0.07461967319250107,-0.09371095150709152,-0.45752841234207153,0.08847955614328384,-0.2034451961517334,-0.2095375806093216,-0.10367520153522491,0.02756921947002411,0.03907348960638046,0.05798003822565079,-0.17417694628238678,-0.0638551265001297,0.38937726616859436,0.11811860650777817,0.04689330607652664,0.032549627125263214,-0.13443709909915924,-0.004180841613560915,-0.5687669515609741,0.20657940208911896,0.10437329858541489,0.03229845315217972,0.07918121665716171,-0.15074753761291504,0.054290831089019775,0.0076774717308580875,0.15070034563541412,-0.015942532569169998,-0.866168200969696,-0.25843414664268494,-0.3810197710990906,0.1846173107624054,0.07523983716964722,0.09053404629230499,-0.10026351362466812,0.07985954731702805,-0.010069461539387703,0.02733837440609932,-0.10968117415904999,0.18950003385543823,-0.0979943498969078,-0.2829245626926422,0.21372075378894806,-0.2083476036787033,-0.08212591707706451,0.10851365327835083,0.2901526987552643,0.03598621115088463,-0.16196830570697784,-0.16543535888195038,-0.013233554549515247,-0.16216298937797546,-0.018540656194090843,0.07843225449323654,-0.24475125968456268,-0.15272387862205505,0.2835007309913635,0.03409108892083168,-0.06190763786435127,-0.12362299114465714,-0.021238554269075394,-0.02396952174603939,-0.3813583552837372,-0.018989743664860725,-0.060435812920331955,0.23938751220703125,0.30349522829055786,-0.3496778905391693,0.12158827483654022,0.18341752886772156,-0.20965275168418884,-0.1817486584186554,-0.060639701783657074,0.10178406536579132,-0.505291759967804,0.2747552990913391,0.010715718381106853,0.08737224340438843,0.11439275741577148,0.034673869609832764,0.1688746213912964,0.11889837682247162,0.047109365463256836,0.40602928400039673,-0.20726914703845978,-0.3375818431377411,0.23049838840961456,0.11922557651996613,-0.12763366103172302,-0.6352188587188721,0.050286244601011276,-0.06216300278902054,-0.3193137049674988,0.17049546539783478,-0.025918692350387573,0.38872507214546204,0.15214531123638153,-0.16556423902511597,-0.03275763988494873,0.08757538348436356,-0.524104654788971,-0.3222624361515045,-0.17755407094955444,-0.30002373456954956,0.04148313030600548,-0.22640475630760193,-0.0772373303771019,-0.024354958906769753,-0.030527278780937195,-0.048071760684251785,-0.2330683022737503,-0.07395957410335541,-0.051496364176273346,-0.15403568744659424,0.006994889583438635,-0.005449922289699316,0.005621456541121006,0.1425328552722931,-0.022600704804062843,-0.18344643712043762,0.11823804676532745,-0.06292551755905151,0.15614579617977142,0.041945680975914,-0.05374991148710251,-0.2704719007015228,0.15238289535045624,0.29935869574546814,0.09177450090646744,-0.1526375114917755,-0.8387325406074524,-0.012269173748791218,0.3133460581302643,0.23572957515716553,-0.234880730509758,-0.057001203298568726,0.09513554722070694,0.036845408380031586,-0.11277828365564346,-0.12302844226360321,0.1867770254611969,-0.21779465675354004,0.08359600603580475,-0.1659606397151947,-0.08871423453092575,0.19147881865501404,-0.419071763753891,-0.21078887581825256,0.21409109234809875,0.38362351059913635,-0.02602042630314827,-0.1149933934211731,-0.1898333877325058,-0.01589074917137623,-0.15684261918067932,-0.12890739738941193,0.4309866428375244,-0.3026602864265442,0.32504236698150635,-0.19257065653800964,-0.07684823125600815,-0.1910722553730011,-0.23930954933166504,0.3143327832221985,0.002908483147621155,-0.052286915481090546,-0.2598438858985901,-0.11959228664636612,-0.11361998319625854,-0.09579441696405411,-0.1542484015226364,0.013041195459663868,-0.1439027190208435,0.21984753012657166,-0.10781214386224747,0.009979605674743652,-0.17117205262184143,-0.14107465744018555,0.09061017632484436,0.26959750056266785,-0.0862637311220169,-0.04051932692527771,-0.007313340902328491,0.06719154864549637,0.35495808720588684,0.14380289614200592,-0.2244766652584076,-0.26130416989326477,0.10986535251140594,-0.11222678422927856,-0.4430493712425232,0.07327109575271606,0.10141082853078842,-0.2435687780380249,0.28822165727615356,-0.059256769716739655,0.6520649194717407,0.17330165207386017,-0.2601906955242157,-0.1455431878566742,-0.00187674758490175,-0.08656860888004303,-0.5430864095687866,-0.19833767414093018,0.061986785382032394,0.35766011476516724,0.22855082154273987,-0.028576016426086426,-0.16379554569721222,-0.024835295975208282,-0.06451183557510376,0.2582269012928009,0.1903257668018341,-0.15935301780700684,0.13363862037658691,-0.18434759974479675,0.15606120228767395,-0.6110191941261292,-0.05887211486697197,0.13879214227199554,0.15774698555469513,-0.18797273933887482,0.04558328911662102,0.011664384976029396
CID000002662,84,-0.1417572796344757,-0.03036750853061676,-0.04744302108883858,-0.12340530008077621,0.55876225233078,0.3041546940803528,0.06234694644808769,0.052889127284288406,-0.24729308485984802,-0.2263481318950653,-0.026298945769667625,-0.3311499059200287,0.11286189407110214,-0.10579149425029755,0.11349177360534668,0.0730874240398407,-0.06537517160177231,0.2306073158979416,0.10277602821588516,0.027826720848679543,-0.04181889444589615,0.06489637494087219,0.11337824165821075,0.006331850774586201,0.027948176488280296,-0.12539054453372955,0.05836651846766472,-0.0002972736838273704,-0.11781802028417587,0.2506876289844513,0.054574303328990936,-0.2233741283416748,-0.19696412980556488,0.026192734017968178,-0.343505322933197,-0.022721167653799057,-0.17845973372459412,-0.30758681893348694,-0.07279900461435318,-0.12663023173809052,0.1554451733827591,0.1402207911014557,-0.193751260638237,-0.182901069521904,0.018362578004598618,-0.14288845658302307,0.0672697201371193,0.11514183133840561,-0.1465509831905365,-0.13907429575920105,-0.12584665417671204,0.14095553755760193,0.0035476922057569027,-0.22550153732299805,0.027231940999627113,0.03660358861088753,-0.053186167031526566,-0.08899122476577759,0.0482909269630909,-0.052104007452726364,-0.9783629179000854,-0.010361090302467346,-0.34308376908302307,0.2816276252269745,0.059035349637269974,0.12112327665090561,-0.1119111031293869,0.1852187216281891,0.021391764283180237,0.08102753013372421,-0.037804536521434784,0.054872382432222366,0.028902018442749977,-0.18772980570793152,0.04523053392767906,-0.058625172823667526,-0.01502488274127245,-0.0119988564401865,0.17004045844078064,-0.255957692861557,-0.1734187752008438,0.14919933676719666,-0.29361018538475037,-0.18389610946178436,-0.11486843973398209,-0.11321451514959335,-0.1515105664730072,-0.24798603355884552,0.1900664120912552,-0.03649605065584183,0.0780848041176796,-0.027188092470169067,-0.14364106953144073,-0.0898735299706459,-0.38507866859436035,-0.029251044616103172,-0.2503165900707245,0.3839358389377594,0.13998594880104065,-0.24696800112724304,0.1411903202533722,0.17895086109638214,-0.1365194171667099,0.12372641265392303,-0.16475315392017365,0.07643679529428482,-0.3254393935203552,0.3330090045928955,-0.22397735714912415,0.23288007080554962,0.06003021076321602,0.00032526551513001323,0.35229361057281494,-0.06986482441425323,-0.07997535169124603,0.11611440032720566,-0.10495860874652863,-0.03854062408208847,0.009993666782975197,0.05051437020301819,-0.14785607159137726,-0.5448577404022217,-0.026624519377946854,-0.28371962904930115,-0.3897359371185303,0.09065025299787521,-0.041155971586704254,0.3420082926750183,0.12620271742343903,-0.02307313121855259,-0.013844612054526806,0.10045864433050156,-0.4854655861854553,-0.26890408992767334,0.14385828375816345,-0.15721635520458221,0.07515310496091843,0.0639047920703888,-0.08674271404743195,0.0894118994474411,-0.18156734108924866,0.18577906489372253,-0.18752995133399963,-0.08262443542480469,0.003345019416883588,-0.10411517322063446,-0.02637965977191925,-0.076707623898983,-0.06785287708044052,0.07648909091949463,-0.03225776553153992,0.07015462219715118,-0.023456742987036705,0.1367962807416916,0.01916183903813362,0.04184809699654579,-0.13781675696372986,-0.3318101465702057,0.1139388307929039,0.07829291373491287,0.2615376114845276,-0.04377488046884537,-0.8470278978347778,0.020122777670621872,0.09080470353364944,0.3085910379886627,-0.11792930215597153,-0.13704915344715118,0.2030273675918579,-0.11148235946893692,-0.08667672425508499,-0.040610965341329575,0.3467104434967041,-0.02443310059607029,-0.020738573744893074,0.07382936775684357,-0.009216520003974438,0.08266047388315201,-0.4852997362613678,-0.09372435510158539,0.20999817550182343,0.2589941620826721,-0.011233476921916008,0.06068430095911026,-0.020649459213018417,-0.0008321218192577362,-0.24632342159748077,0.02677210047841072,0.28669512271881104,-0.11186505854129791,0.10321255028247833,0.06229618191719055,-0.14096465706825256,-0.11175992339849472,-0.09267086535692215,0.23609144985675812,0.07432490587234497,0.02511906623840332,-0.03662125766277313,0.10352154076099396,0.013861745595932007,0.01061300653964281,-0.11798164993524551,0.2524956166744232,-0.1751687228679657,0.22934246063232422,0.034910477697849274,-0.20224836468696594,0.09686625748872757,0.10653135925531387,-0.055685847997665405,0.18536154925823212,0.02209324575960636,0.06702443957328796,0.3331121504306793,0.15748590230941772,0.2633112072944641,0.14695072174072266,-0.03412019461393356,-0.3906157910823822,-0.018694784492254257,-0.04450096935033798,-0.30169230699539185,0.03613382205367088,0.2374330312013626,-0.03346354514360428,0.14682483673095703,-0.3546667695045471,0.6219765543937683,0.0797034502029419,-0.17329639196395874,-0.1742102950811386,-0.15760774910449982,-0.1254650056362152,-0.4368063509464264,-0.23101957142353058,-0.2878641188144684,0.03168796747922897,0.1899915635585785,-0.16077497601509094,-0.0028135597240179777,0.01725994423031807,0.07755734026432037,0.11817655712366104,0.01975456438958645,-0.1117476373910904,0.16595888137817383,-0.13218052685260773,0.05853395536541939,-0.559798538684845,0.018859129399061203,-0.04386645555496216,0.11162421852350235,-0.1251099556684494,-0.007037200033664703,-0.06881458312273026
CID000004873,85,0.0948440283536911,-0.13328564167022705,0.019815972074866295,-0.021104011684656143,0.2542189657688141,0.3404426872730255,0.15724116563796997,0.11306469142436981,-0.42492908239364624,-0.5318235158920288,-0.05780716985464096,-0.38891512155532837,0.0321548730134964,-0.5588523149490356,-0.06581120938062668,0.028642702847719193,0.11115147173404694,-0.2213195562362671,0.08001886308193207,0.15666791796684265,-0.22745713591575623,0.019735727459192276,-0.12827955186367035,-0.003946936689317226,0.1746520698070526,0.0914609357714653,0.10514624416828156,-0.01025673933327198,-0.0868556872010231,0.8537787199020386,-0.04283667355775833,0.10626959800720215,-0.08874797821044922,0.061475515365600586,-0.3911000192165375,0.14306685328483582,-0.6374838948249817,-0.3088248372077942,-0.47369709610939026,0.037692733108997345,0.3160824775695801,0.08652681112289429,-0.1920839548110962,0.1789674013853073,0.5551742315292358,0.266615629196167,-0.10745451599359512,-0.1621900051832199,-0.1862834244966507,0.1675330102443695,-0.1662110537290573,0.24618041515350342,-0.05500277131795883,-0.1921534240245819,-0.1108882799744606,0.20097021758556366,0.03042728267610073,0.09167633950710297,0.35777711868286133,0.10984662920236588,-0.5324358344078064,-0.07746030390262604,-0.4073856472969055,0.2632814049720764,-0.18009081482887268,-0.02375880815088749,-0.2423737794160843,0.010644769296050072,0.1046142429113388,0.06900745630264282,-0.5637337565422058,0.13650405406951904,0.2125634402036667,0.02046472392976284,0.35543766617774963,0.2167760580778122,0.15690124034881592,0.6378894448280334,0.003989004995673895,0.07814035564661026,-0.49921002984046936,0.30109459161758423,-0.038936663419008255,-0.20445995032787323,0.014040997251868248,0.07390814274549484,-0.3845243453979492,0.047875262796878815,0.6647363305091858,0.03769414871931076,-0.20904657244682312,-0.24182507395744324,-0.20806030929088593,-0.009252074174582958,-0.42916637659072876,0.08360065519809723,-0.11951182782649994,0.25800150632858276,0.1307094693183899,-0.2287539690732956,0.24177992343902588,-0.14347131550312042,-0.3296927809715271,0.20894937217235565,-0.5135377645492554,-0.030317429453134537,-0.5730297565460205,0.36034122109413147,0.02511337399482727,0.2055978775024414,-0.14621897041797638,-0.20319470763206482,0.2927604913711548,0.033306606113910675,0.20710837841033936,-0.11003391444683075,0.005849570035934448,-0.6169438362121582,0.579110860824585,-0.012758398428559303,0.09313026070594788,-0.591036319732666,-0.1226654052734375,-0.381804883480072,-0.5968504548072815,0.12447067350149155,-0.025823155418038368,0.46949225664138794,-0.027339819818735123,-0.2601113021373749,-0.27115851640701294,-0.2084973156452179,-0.41244015097618103,-0.36444130539894104,0.3125225603580475,-0.21408137679100037,0.45862889289855957,-0.3185664117336273,0.01636960543692112,-0.1775946021080017,-0.06941323727369308,0.015429658815264702,0.2416776716709137,-0.012738560326397419,0.05374840646982193,-0.13912175595760345,-0.0007210552575998008,0.36660823225975037,-0.27737700939178467,0.004507112316787243,0.012797469273209572,0.03913168981671333,-0.3219704031944275,-0.030927976593375206,0.03488767892122269,0.13032576441764832,-0.22072339057922363,-0.683395504951477,-0.18404045701026917,0.14416339993476868,0.14593449234962463,0.017459852620959282,-0.6437492370605469,-0.12825460731983185,0.4099271297454834,0.44728556275367737,-0.3509148061275482,0.3268796503543854,0.16567681729793549,-0.18060147762298584,-0.12427987158298492,-0.49805784225463867,0.43372559547424316,-0.11018972098827362,-0.02448360249400139,-0.18661363422870636,-0.046132463961839676,-0.020587993785738945,-0.21292364597320557,-0.2663406729698181,0.07116516679525375,0.32252514362335205,-0.044868871569633484,0.19633500277996063,0.1627121865749359,0.031903788447380066,-0.6444408297538757,-0.06306427717208862,0.20138387382030487,-0.10721328109502792,0.35398444533348083,-0.8275211453437805,0.1640101820230484,-0.12627127766609192,-0.5773407220840454,0.4404138922691345,-0.07064826786518097,0.045333292335271835,-0.631801187992096,-0.04632940888404846,-0.006580948829650879,-0.18509924411773682,-0.6893081665039062,0.07870562374591827,0.0006324201822280884,0.3445184826850891,-0.33201727271080017,-0.06553976982831955,-0.6491340398788452,0.3243303894996643,-0.04804101586341858,0.22411561012268066,-0.20940454304218292,-0.13759316504001617,0.13233394920825958,-0.017117461189627647,0.5482173562049866,-0.05670101195573807,-0.19296954572200775,-0.06654404103755951,0.4129781723022461,-0.10172078758478165,-0.6765753030776978,-0.20689614117145538,0.08018602430820465,-0.15612921118736267,0.2569846510887146,-0.14770035445690155,0.6821850538253784,-0.01791362836956978,-0.37825825810432434,-0.34922558069229126,-0.3198515772819519,-0.08277849107980728,-0.427555650472641,-0.33135706186294556,-0.06306745111942291,0.36482030153274536,-0.06647898256778717,-0.08785812556743622,-0.5542229413986206,0.08640720695257187,-0.12906154990196228,-0.016911514103412628,-0.028869450092315674,-0.5298829078674316,0.18902352452278137,-0.24778060615062714,0.017520219087600708,-0.7755085229873657,-0.25207120180130005,-0.03026406839489937,0.27021461725234985,-0.06573605537414551,-0.18650908768177032,-0.25580161809921265
CID000005556,86,-0.06781278550624847,-0.15930591523647308,-0.017493272200226784,-0.04924175515770912,0.47324538230895996,0.3601455092430115,0.03662260249257088,0.017893893644213676,-0.24874158203601837,-0.20539066195487976,0.049312133342027664,-0.36349210143089294,-0.00229489803314209,-0.1558900624513626,-0.017474409192800522,0.16233877837657928,-0.05696295574307442,0.1675311177968979,0.15096180140972137,-0.0789635181427002,-0.10935002565383911,-0.018652986735105515,0.08470721542835236,0.27780500054359436,0.0814315527677536,-0.029275262728333473,-0.1861458718776703,-0.014665283262729645,-0.043119776993989944,0.27132901549339294,-0.03868471458554268,-0.07877934724092484,-0.19752216339111328,-0.005156785249710083,-0.39082804322242737,-0.21328938007354736,-0.45672744512557983,-0.2525966465473175,-0.19863632321357727,-0.0905204564332962,0.0679154321551323,-0.038308463990688324,-0.17970965802669525,-0.3321026861667633,0.04286973923444748,0.021547768265008926,0.12822863459587097,0.09350219368934631,-0.1584288328886032,-0.16564206779003143,-0.2686575949192047,0.14181315898895264,-0.020404696464538574,-0.28519192337989807,-0.00994920451194048,-0.1082281619310379,0.07887418568134308,-0.053229331970214844,0.19066324830055237,-0.09734245389699936,-0.9305611848831177,-0.10269515216350555,-0.3229983448982239,0.3735177516937256,0.10165895521640778,0.055721066892147064,-0.23131990432739258,0.11308413743972778,0.11251749843358994,0.07843498140573502,-0.058872632682323456,-0.04663236811757088,0.1197294220328331,-0.11245603859424591,0.23589058220386505,0.0020805648528039455,-0.04503753036260605,0.02780596911907196,-0.08029180765151978,-0.06870903074741364,-0.11735203117132187,-0.10184101015329361,-0.2534869313240051,-0.05720049887895584,-0.10309065878391266,0.1299276202917099,-0.2017868459224701,-0.26312583684921265,0.4293576180934906,0.06684069335460663,-0.04188298434019089,-0.11370046436786652,-0.06782623380422592,-0.014732358045876026,-0.44228482246398926,-0.009975318796932697,-0.2783990204334259,0.3564465045928955,-0.039887189865112305,-0.2659103274345398,0.28274452686309814,0.30877718329429626,-0.33570224046707153,0.03228780999779701,-0.09833069145679474,0.16924318671226501,-0.37431347370147705,0.38071227073669434,-0.1638803780078888,0.21082814037799835,-0.053465165197849274,0.07447134703397751,0.18885350227355957,0.057459644973278046,0.006930029485374689,0.01382589340209961,0.061405252665281296,-0.05880405753850937,-0.14618220925331116,-0.021828655153512955,-0.02645883336663246,-0.6211925745010376,-0.11002495139837265,-0.4144252836704254,-0.4427661895751953,-0.000742432486731559,0.06311602890491486,0.2596900761127472,0.15608422458171844,-0.09387464076280594,0.0030001818668097258,0.11400113254785538,-0.5274307727813721,-0.32758110761642456,0.08976098150014877,-0.20065991580486298,0.2939841151237488,0.06034870073199272,-0.017678722739219666,0.13268695771694183,-0.03109155222773552,0.26577672362327576,-0.025675242766737938,-0.07337882369756699,-0.034814413636922836,-0.09009529650211334,-0.09462320059537888,-0.11024646461009979,-0.26811355352401733,-0.07680343836545944,-0.03247515484690666,-0.2354404181241989,-0.1286744773387909,0.15889453887939453,-0.12127523124217987,-0.08199822157621384,-0.2400701493024826,-0.3211171329021454,0.0910489410161972,0.09269504249095917,0.18127694725990295,-0.008669734001159668,-0.8638933897018433,0.16651825606822968,0.024768199771642685,0.2997613847255707,-0.20753273367881775,0.011849048547446728,0.1741497814655304,0.034069351851940155,-0.2321847677230835,-0.0384715273976326,0.4069736897945404,-0.1562620848417282,0.02527097426354885,-0.010154813528060913,0.14209935069084167,0.17023088037967682,-0.4212912619113922,-0.1581147015094757,0.2961542308330536,0.3120841383934021,0.054080892354249954,-0.17708173394203186,-0.17335590720176697,-0.06219194084405899,-0.2813233733177185,0.18346135318279266,0.3860056400299072,-0.20179522037506104,0.03389241173863411,-0.05583389848470688,0.018687784671783447,-0.0312229935079813,-0.07717633247375488,0.40751633048057556,0.1750308871269226,0.026468873023986816,-0.12718725204467773,0.14350727200508118,0.0327829048037529,-0.007628268096596003,-0.09186170995235443,0.11461009830236435,-0.08519336581230164,0.27756690979003906,0.12706312537193298,-0.17040209472179413,0.08446149528026581,0.03648761659860611,-0.051703739911317825,0.1114998608827591,0.07487364113330841,0.004529453814029694,0.17867831885814667,0.19747433066368103,0.3073064684867859,0.14606937766075134,-0.09166254103183746,-0.3711051046848297,-0.006465992424637079,-0.06976234167814255,-0.2900030016899109,0.08523430675268173,0.28473395109176636,-0.08911962062120438,0.04764505848288536,-0.3955609202384949,0.6551178097724915,0.16782094538211823,-0.42046529054641724,-0.1952170878648758,-0.10437341034412384,-0.05542648956179619,-0.4663360118865967,-0.3318270146846771,-0.3061566650867462,0.1635383516550064,0.144492506980896,-0.10872359573841095,-0.3229941725730896,-0.16770832240581512,0.1050613522529602,0.08584089577198029,-0.17710578441619873,-0.2991017699241638,0.23152656853199005,-0.04969627410173416,-0.13003483414649963,-0.6220676302909851,-0.13175266981124878,-0.06452280282974243,0.17035456001758575,0.029588699340820312,0.009057627990841866,0.04052760452032089
CID000006691,87,0.0057424320839345455,-0.0825069397687912,-0.0036001005209982395,-0.10144595056772232,0.318998247385025,0.33276358246803284,0.06681489944458008,-0.024286698549985886,-0.262508749961853,-0.27655333280563354,-0.0361592061817646,-0.3267984688282013,0.076697938144207,-0.14940588176250458,0.1015782579779625,0.1640625149011612,-0.08557954430580139,0.17908403277397156,0.2472304105758667,0.08404030650854111,-0.03688182309269905,0.16587068140506744,0.08613404631614685,-0.05933847278356552,0.03829677775502205,-0.05118171125650406,0.0456133708357811,0.008433027192950249,-0.125452920794487,0.3182547390460968,-0.04842571169137955,-0.18875178694725037,-0.16793391108512878,-0.02407815493643284,-0.45168986916542053,-0.03258746117353439,-0.2238984853029251,-0.2996337413787842,-0.06919841468334198,-0.13231375813484192,0.052222706377506256,0.11693444103002548,-0.2126299887895584,-0.1473720520734787,0.20756764709949493,-0.045578859746456146,0.12161201238632202,0.13946810364723206,-0.2498655766248703,-0.054782260209321976,-0.12815262377262115,0.11340371519327164,-0.08594463765621185,-0.12298735231161118,0.020160187035799026,0.023989882320165634,-0.06742479652166367,-0.10336945205926895,0.015600253827869892,0.056509364396333694,-0.9676825404167175,-0.02757452055811882,-0.3746914267539978,0.23224282264709473,-0.05161498114466667,0.06282635778188705,-0.05046261101961136,0.24043352901935577,-0.04162575677037239,0.121123768389225,-0.17731815576553345,0.005675157066434622,-0.07076077908277512,-0.04931611567735672,0.11313986778259277,-0.06560323387384415,0.03282741457223892,0.13051937520503998,0.0700676441192627,-0.07501320540904999,-0.12291643768548965,0.14737384021282196,-0.24294856190681458,-0.05111798644065857,-0.12366703897714615,-0.14067012071609497,-0.19685500860214233,-0.2872096002101898,0.2535853683948517,0.019529463723301888,0.16182498633861542,0.011022199876606464,-0.18356601893901825,-0.07111922651529312,-0.4295521378517151,-0.03522362560033798,-0.25124281644821167,0.3116888105869293,0.09108529984951019,-0.2633677124977112,0.20227046310901642,0.11212360858917236,-0.10606970638036728,-0.014014244079589844,-0.20659630000591278,0.07429610192775726,-0.42521506547927856,0.21994931995868683,-0.22192606329917908,0.14260832965373993,0.01028529740869999,0.08530867844820023,0.3846752941608429,-0.00401928648352623,-0.04633089527487755,0.1821656972169876,-0.08879125118255615,-0.2499484121799469,0.13663311302661896,0.09680990874767303,-0.10962073504924774,-0.6149206161499023,-0.08013585954904556,-0.3103477954864502,-0.36824846267700195,0.11283252388238907,-0.021422231569886208,0.3185737729072571,0.03666958957910538,0.06726589053869247,-0.06818871200084686,0.09145320951938629,-0.5128180980682373,-0.3087575435638428,0.048614975064992905,-0.10262954235076904,0.16728077828884125,-0.10959810018539429,-0.09563084691762924,0.12335536628961563,-0.13139377534389496,0.15718360245227814,-0.24049372971057892,0.01739387959241867,-0.03306211903691292,-0.025926237925887108,-0.10858102142810822,-0.022505953907966614,-0.14834769070148468,0.1490180492401123,-0.09793824702501297,0.10641257464885712,-0.13480207324028015,0.05286901071667671,0.04635077714920044,0.020505085587501526,-0.17789243161678314,-0.4268408417701721,0.10037519782781601,0.08769074827432632,0.22610898315906525,-0.12994061410427094,-0.8694806098937988,0.01361801940947771,0.12222814559936523,0.3207334280014038,-0.14338204264640808,-0.20036789774894714,0.13674919307231903,-0.09000834077596664,-0.09509575366973877,-0.03662193939089775,0.31140264868736267,-0.07354012876749039,0.0178835429251194,0.08093931525945663,-0.02720683254301548,0.08338017761707306,-0.47680363059043884,-0.10732392966747284,0.24725762009620667,0.2732304334640503,0.0008395366603508592,0.05165242403745651,0.010311668738722801,0.044134970754384995,-0.42571455240249634,-0.023816604167222977,0.33787938952445984,-0.08074457943439484,0.18978795409202576,-0.1626371443271637,-0.2301378697156906,-0.14790713787078857,-0.18519502878189087,0.24037103354930878,0.09162072837352753,0.010484179481863976,-0.06268753856420517,0.07561443746089935,-0.09945369511842728,-0.1151442900300026,-0.15889772772789001,0.26949238777160645,-0.23799319565296173,0.18812152743339539,0.013452306389808655,-0.12023887783288956,-0.09669085592031479,0.20008869469165802,0.04114871472120285,0.10871164500713348,-0.01827608235180378,0.027423102408647537,0.27225834131240845,0.2544192671775818,0.3784409463405609,0.19465908408164978,0.011466717347502708,-0.28116029500961304,0.028888896107673645,-0.10765422880649567,-0.3271673321723938,0.02093971148133278,0.2349305897951126,-0.1431175172328949,0.07108649611473083,-0.29305213689804077,0.6315536499023438,0.04824588820338249,-0.20403936505317688,-0.19369807839393616,-0.2098698616027832,-0.12407428026199341,-0.5504812002182007,-0.18893921375274658,-0.34214189648628235,0.09642575681209564,0.12611277401447296,-0.10014990717172623,-0.09952850639820099,0.059352148324251175,0.09531339257955551,0.2159057855606079,0.004687541630119085,-0.1257728487253189,0.11015434563159943,-0.15570315718650818,0.06544987112283707,-0.6415437459945679,-0.07613876461982727,-0.05008634179830551,0.15598982572555542,-0.09079479426145554,0.020771795883774757,-0.03494961932301521
CID000002666,90,-0.04194597154855728,-0.3251253664493561,-0.03046918474137783,-0.5501685738563538,0.8578376770019531,0.39143386483192444,0.19703523814678192,0.0718141719698906,-0.3726802468299866,-0.05574904754757881,0.08946235477924347,-0.30916792154312134,-0.016066957265138626,-0.050408802926540375,-0.029060503467917442,-0.03838949650526047,0.09013059735298157,0.260547399520874,-0.4589061141014099,-0.16725265979766846,0.23659276962280273,-0.06033705547451973,0.05746038630604744,-0.25273051857948303,0.15593385696411133,-0.3102753758430481,0.28336817026138306,-0.3485017418861389,0.03358111530542374,0.24979491531848907,-0.28587040305137634,0.2307475507259369,-0.4196593165397644,0.004521608352661133,-0.3920564651489258,0.16946549713611603,-0.5537563562393188,-0.3343459963798523,-0.21900102496147156,-0.06895938515663147,-0.08246029168367386,-0.18909026682376862,-0.15896353125572205,-0.01954067125916481,0.3308107256889343,-0.017414182424545288,-0.17724740505218506,-0.16948488354682922,0.044371746480464935,-0.002115996088832617,-0.6616097688674927,-0.14268024265766144,0.011830568313598633,-1.1701176166534424,-0.029450450092554092,-0.27392706274986267,0.10934390872716904,0.03850249946117401,1.120849609375,-0.15886521339416504,-1.0563313961029053,0.08310674875974655,-0.04356567561626434,0.5052939653396606,-0.018283748999238014,-0.5255398750305176,-0.5755699276924133,0.37197762727737427,0.3036574721336365,-0.19866248965263367,-0.7156009674072266,0.2582632303237915,-0.02021661400794983,-0.10412558168172836,0.5947127938270569,-0.15991762280464172,0.16433076560497284,0.024161096662282944,-0.12556591629981995,0.40705054998397827,-0.11753867566585541,0.20518746972084045,0.15637297928333282,0.016645895317196846,0.033660534769296646,0.10504189878702164,0.13378849625587463,0.06766756623983383,0.7246589660644531,0.2525094747543335,-0.07662088423967361,0.20996573567390442,-0.1445106565952301,0.013624546118080616,-0.7986540794372559,0.1223955973982811,-0.044091690331697464,0.4022310674190521,-0.30786579847335815,-0.0021640777122229338,0.27825599908828735,0.5410208106040955,0.14282900094985962,0.48105621337890625,0.08758082985877991,-0.041002146899700165,-0.5057467222213745,0.06671451777219772,-0.2804815471172333,0.5966729521751404,-0.4405488967895508,-0.15295995771884918,0.3183007836341858,-0.24395060539245605,-0.005907049868255854,0.03214104101061821,-0.13588131964206696,-0.13135984539985657,0.0030066072940826416,-0.02953062392771244,0.20891061425209045,-1.0536071062088013,0.16881978511810303,-0.35408392548561096,-0.4876740574836731,0.25160980224609375,-0.017364317551255226,0.37520572543144226,0.02019106224179268,-0.24049346148967743,0.14496681094169617,0.5072911977767944,-0.6729629635810852,-0.33936282992362976,0.08304573595523834,-0.190495103597641,0.52885901927948,-0.2807270586490631,0.0851290300488472,0.026067769154906273,0.18117761611938477,0.5676474571228027,-0.023498088121414185,-0.011430677026510239,0.12371261417865753,0.13302695751190186,0.20647931098937988,-0.08975017070770264,0.1767340451478958,0.025285392999649048,-0.08956261724233627,0.16536234319210052,-0.08938876539468765,0.11535384505987167,0.2017027586698532,0.08051453530788422,0.005219882819801569,-0.073389932513237,-0.15078869462013245,-0.1438281536102295,0.5958832502365112,0.0026718496810644865,-1.1465851068496704,0.004838764667510986,0.42752474546432495,0.2635447084903717,-0.12951597571372986,0.42313283681869507,0.07936446368694305,-0.04527769237756729,-0.24979236721992493,-0.2979917526245117,0.6503863334655762,0.2513650059700012,0.02208005264401436,-0.1393488645553589,0.1055697426199913,-0.09109103679656982,-0.06338004767894745,0.009209543466567993,-0.07050640881061554,0.09594125300645828,-0.056987881660461426,-0.44330087304115295,-0.045729607343673706,-0.0986984446644783,-0.07215851545333862,0.16940012574195862,0.6671949028968811,-0.1690719872713089,0.1425434798002243,-0.29270467162132263,-0.03189500421285629,0.2294021099805832,-0.10659048706293106,0.5300419926643372,0.34429121017456055,0.0019170850282534957,-0.3593164086341858,-0.3697177767753601,-0.1634683459997177,-0.21608898043632507,-0.38163453340530396,0.0078505864366889,-0.14783713221549988,0.14084100723266602,0.0959521159529686,-0.5137040019035339,-0.15357011556625366,0.2017892599105835,0.2771686315536499,0.0981462150812149,0.047498397529125214,-0.023646293208003044,1.5786625146865845,-0.07154930382966995,0.8077812194824219,0.19110341370105743,-0.021828899160027504,0.15375548601150513,0.19045023620128632,0.10643458366394043,-0.8739307522773743,0.13419854640960693,0.20017704367637634,0.2694489061832428,-0.20568755269050598,-0.7948758602142334,1.0483945608139038,0.40774717926979065,-0.09081044048070908,-0.7884252071380615,0.16379836201667786,0.007704451680183411,-0.46182718873023987,-0.1280900537967682,-0.25909313559532166,0.020912906154990196,-0.30251574516296387,-0.028666788712143898,-0.3310055136680603,0.192732572555542,0.26923155784606934,0.013672813773155212,0.13253486156463623,-1.018761396408081,0.19637392461299896,0.09922138601541519,-0.16053955256938934,-0.8198137283325195,0.10323752462863922,0.18248966336250305,0.4164330065250397,-0.18965274095535278,0.009445843286812305,0.13788482546806335
CID000002749,91,0.06926734745502472,0.03819089010357857,-0.003270718501880765,0.0754563957452774,0.24982872605323792,0.2240087240934372,0.30834898352622986,-0.158336341381073,-0.22992563247680664,-0.1676068902015686,0.08923173695802689,-0.4215061068534851,0.04725154489278793,-0.20637734234333038,-0.12821389734745026,0.027296077460050583,0.050136249512434006,-0.13418981432914734,0.29682403802871704,0.16535905003547668,0.31022900342941284,-0.2004692256450653,0.08498207479715347,-0.22690832614898682,-0.21889618039131165,-0.02956479787826538,0.11995150148868561,0.053149640560150146,-0.09059218317270279,0.3899347186088562,-0.2680021822452545,0.0247962586581707,0.06980539858341217,-0.028340065851807594,-0.6962174773216248,0.006715136580169201,-0.2114531695842743,-0.308576762676239,-0.30585068464279175,0.0002390444278717041,0.1939045637845993,0.02631315588951111,-0.18455305695533752,-0.16358855366706848,0.36436301469802856,0.18068544566631317,0.1798866093158722,0.1424112170934677,-0.07503575086593628,-0.12751635909080505,-0.5554103851318359,0.01092423778027296,-0.10455042123794556,-0.049779318273067474,0.04502703621983528,-0.14377234876155853,-0.06971244513988495,0.0647972971200943,0.35003072023391724,-0.12243238836526871,-0.9033992886543274,0.0581953302025795,-0.4439554214477539,0.12873846292495728,-0.004989905748516321,0.01448463462293148,-0.03710164874792099,0.2223879098892212,0.002601873828098178,-0.013187745586037636,-0.14256969094276428,0.12953010201454163,0.00330734858289361,0.136001855134964,0.27860063314437866,0.10159152746200562,-0.09984234720468521,0.12926256656646729,0.035170525312423706,-0.07608864456415176,-0.11856319010257721,-0.22168877720832825,-0.16634705662727356,-0.06652756035327911,-0.26802948117256165,0.13093404471874237,-0.17412889003753662,-0.2634187340736389,0.3673366904258728,0.08042360842227936,0.1974659115076065,-0.08629953861236572,-0.05194421857595444,0.08084358274936676,-0.43536680936813354,-0.12253687530755997,-0.17275279760360718,0.12672704458236694,0.0979524478316307,-0.29741930961608887,0.2632398307323456,0.2793882489204407,-0.2018413096666336,-0.1457599252462387,-0.05761532112956047,0.1604936569929123,-0.4742448329925537,0.22249722480773926,0.06373578310012817,-0.0030008808244019747,-0.10611214488744736,0.31219005584716797,0.12606371939182281,0.14968788623809814,0.0721878781914711,0.22368338704109192,-0.181425541639328,-0.2935069799423218,0.16733768582344055,0.20704829692840576,-0.017703711986541748,-0.7082265019416809,-0.05715137720108032,0.010366374626755714,-0.3488815426826477,-0.0035888731945306063,0.17900881171226501,0.3931286036968231,0.18255750834941864,0.0004908025148324668,-0.05518979951739311,-0.09376024454832077,-0.6256104111671448,-0.3106149137020111,0.06199974566698074,-0.015638332813978195,-0.026406222954392433,-0.34702929854393005,-0.21355530619621277,0.09765449166297913,-0.007324022240936756,-0.08161774277687073,0.00035203396691940725,-0.03556106239557266,0.023812275379896164,-0.2793603539466858,-0.27143973112106323,0.10728298127651215,0.2895059585571289,-0.17488783597946167,-0.011077684350311756,0.17351996898651123,0.15324139595031738,-0.0014349520206451416,0.22660371661186218,-0.11635863780975342,-0.02639182284474373,-0.3097284734249115,-0.04399385303258896,0.12171496450901031,0.023580536246299744,0.008846829645335674,-0.8787896037101746,-0.053541071712970734,0.24320431053638458,0.12174272537231445,-0.3857417702674866,-0.06039922311902046,0.17595763504505157,-0.13120964169502258,0.005487036891281605,-0.05397249013185501,0.28619685769081116,-0.215984508395195,0.04960847645998001,-0.05655992031097412,-0.0013485491508617997,0.10837600380182266,-0.4942680895328522,0.1980751007795334,0.18660511076450348,0.20296356081962585,0.08467000722885132,-0.014328278601169586,0.022681016474962234,-0.26730191707611084,-0.10209617763757706,-0.0799427255988121,0.563562273979187,0.11751415580511093,0.07483937591314316,-0.33132296800613403,-0.018394190818071365,0.02701013721525669,-0.15554024279117584,0.38990306854248047,-0.030663788318634033,-0.0566883310675621,-0.19772735238075256,-0.06232597306370735,0.025831695646047592,-0.29509133100509644,-0.05187433212995529,0.1641034334897995,-0.10371752828359604,0.2075650691986084,0.11013835668563843,-0.07652948796749115,-0.23035618662834167,-0.23278944194316864,0.07178889214992523,-0.005234000273048878,-0.25667351484298706,0.033578041940927505,0.09399277716875076,0.17511171102523804,0.36905941367149353,0.4184616208076477,0.07683154195547104,-0.13478371500968933,-0.04203665629029274,-0.002522015478461981,-0.44769078493118286,0.08262704312801361,0.16812828183174133,-0.16522106528282166,0.20087604224681854,-0.09716375172138214,0.9474684596061707,0.013800340704619884,-0.27103185653686523,-0.16445040702819824,-0.12618660926818848,-0.09749007225036621,-0.45639967918395996,-0.15893717110157013,0.056435346603393555,0.17939940094947815,-0.05966956540942192,0.17459647357463837,-0.21512719988822937,-0.23555973172187805,0.1745227873325348,0.30845907330513,0.20167319476604462,-0.054129309952259064,0.17647700011730194,-0.20331034064292908,0.10908661037683487,-0.7620527744293213,0.05849264934659004,0.3162904381752014,0.3078916668891907,-0.014819604344666004,0.1636875420808792,-0.0076663135550916195
CID000004411,92,-0.06512295454740524,0.17215891182422638,0.1859385222196579,0.3806687891483307,0.43667441606521606,0.4084436297416687,0.2143302857875824,0.01019537728279829,-0.24021205306053162,-0.25722354650497437,-0.06916029751300812,-0.494884729385376,0.3584108352661133,-0.2884870171546936,0.1531251221895218,0.09332916140556335,0.1391615867614746,0.19190926849842072,0.1388898342847824,-0.36292368173599243,-0.2516508400440216,-0.061919890344142914,0.1390378177165985,0.14170598983764648,0.0033470368944108486,-0.1843567192554474,-0.17580124735832214,0.04109710454940796,0.060710348188877106,0.31516367197036743,-0.35253992676734924,0.1341564655303955,-0.18274477124214172,0.07373683899641037,-0.5108016729354858,-0.057777177542448044,-0.438731849193573,-0.4933902621269226,0.1389310359954834,-0.4210701584815979,0.031980961561203,0.06648726761341095,-0.2656661868095398,-0.2974699139595032,0.14454133808612823,-0.25277650356292725,-0.19635352492332458,-0.17017075419425964,-0.13033334910869598,-0.053353212773799896,-0.5247288346290588,-0.11330236494541168,-0.17807850241661072,-0.21234679222106934,-0.02953583560883999,-0.2707902491092682,-0.000261220324318856,-0.33485740423202515,0.005480804946273565,-0.11767023801803589,-1.0025370121002197,0.061099838465452194,-0.24805569648742676,0.17867788672447205,-0.1392478197813034,0.07712884247303009,-0.4482112526893616,0.4196375012397766,0.07075069844722748,0.04829888418316841,-0.6842349171638489,-0.02195281907916069,0.06988265365362167,0.06003843620419502,0.27949291467666626,0.017451461404561996,0.4341220259666443,0.4625999927520752,0.09242021292448044,0.026710161939263344,-0.3238000273704529,0.026722252368927002,-0.05166143178939819,-0.025653641670942307,-0.04630565270781517,0.14271292090415955,0.030923742800951004,0.3082801103591919,0.650762677192688,-0.06314844638109207,0.00044715404510498047,-0.11462561786174774,-0.3897802531719208,0.10970990359783173,-0.7032515406608582,0.06849487870931625,-0.20608799159526825,0.29289159178733826,-0.15826398134231567,-0.3683090806007385,0.470745325088501,-0.08573837578296661,0.3370139002799988,0.6197246313095093,-0.2185353934764862,0.18008767068386078,-0.3168019652366638,0.09661461412906647,0.026328211650252342,0.2189798355102539,-0.4229033887386322,0.21794529259204865,0.697668731212616,-0.09070709347724915,0.16675399243831635,0.5587858557701111,-0.0006939053419046104,-0.5270972847938538,0.05265014246106148,-0.1916991025209427,0.014420163817703724,-0.8984968066215515,0.02961965836584568,-0.4407886564731598,-0.5673483610153198,-0.22806306183338165,-0.08983509242534637,0.3718790113925934,0.02085549756884575,0.07718642055988312,0.1150713711977005,-0.3351421356201172,-0.4391254782676697,-0.3517764210700989,0.22543339431285858,-0.23505449295043945,0.8553692102432251,-0.5579699873924255,0.059119343757629395,-0.016649246215820312,-0.2955504059791565,0.1427268087863922,-0.12893152236938477,-0.026497775688767433,0.18382269144058228,0.009871569462120533,-0.19495424628257751,-0.22559025883674622,-0.09890387207269669,-0.2776786684989929,-0.017086457461118698,0.03693719953298569,-0.011396288871765137,0.32369357347488403,-0.3609887361526489,-0.09451097249984741,-0.1919632852077484,-0.46427956223487854,-0.07108718156814575,0.2814980745315552,0.17413416504859924,0.06133735179901123,-1.0835860967636108,0.07924404740333557,0.3771527409553528,0.41028720140457153,0.048681847751140594,0.4293223023414612,0.31108468770980835,-0.04488441348075867,-0.10414116084575653,-0.3311920166015625,0.4577251374721527,0.38900312781333923,-0.1955757886171341,-0.2336386889219284,0.052793074399232864,0.12711116671562195,-0.3936709761619568,0.20246846973896027,0.17068514227867126,0.2510601878166199,-0.041296619921922684,-0.28957587480545044,0.10847346484661102,-0.04619418829679489,-0.7528433799743652,-0.03597652167081833,0.4529854655265808,-0.07440553605556488,0.1306169480085373,-0.18427225947380066,-0.23075532913208008,-0.10921891033649445,-0.25631052255630493,0.48579081892967224,0.15752267837524414,0.13743184506893158,-0.08756084740161896,-0.0023982226848602295,-0.09774558246135712,-0.2958320081233978,-0.5867873430252075,0.07138039916753769,-0.2427685558795929,0.4194677770137787,-0.1135992780327797,-0.22233691811561584,-0.1173546090722084,-0.1784500628709793,0.2512699067592621,0.06007508188486099,0.03892747685313225,-0.08159651607275009,0.3241977393627167,-0.3132193982601166,0.45200785994529724,-0.006078783422708511,0.17299965023994446,-0.14934422075748444,0.303824245929718,-0.015411886386573315,-0.8263294100761414,0.0357070229947567,0.7809473872184753,-0.11244739592075348,-0.05690734460949898,-0.29410046339035034,0.8801660537719727,-0.02104252763092518,0.13398973643779755,-0.07111680507659912,0.02203541435301304,0.2556516230106354,-0.32545971870422363,-0.1711331158876419,0.003921163268387318,0.2664906084537506,-0.06333117187023163,0.02173314057290554,-0.17194202542304993,0.09372220933437347,0.004190447740256786,0.4359837472438812,-0.05903518199920654,-0.44695910811424255,0.2550426721572876,0.21954166889190674,-0.04699287563562393,-0.7386687994003296,0.09858498722314835,0.13657575845718384,0.31875354051589966,0.4508182108402252,0.14797349274158478,-0.22080358862876892
CID000004748,93,-0.08536578714847565,-0.1648629605770111,0.2610936462879181,-0.29187315702438354,0.381872296333313,0.3088393211364746,-0.23818400502204895,0.16353553533554077,-0.3015120327472687,-0.1594756841659546,0.03600964695215225,-0.32994240522384644,0.08124023675918579,-0.2595764994621277,0.060245025902986526,0.06861599534749985,0.013943096622824669,-0.05090644955635071,0.06450784206390381,0.0323830172419548,0.19323450326919556,-0.026224259287118912,0.09039513766765594,0.022029314190149307,0.27755996584892273,-0.07866300642490387,-0.07110618054866791,0.0098490659147501,-0.27600881457328796,0.4825724959373474,0.06640312075614929,0.047827284783124924,-0.047458820044994354,-0.046751320362091064,-0.29886919260025024,0.170677050948143,-0.32821646332740784,-0.33388814330101013,-0.004467320628464222,0.006773316767066717,0.018774589523673058,0.09083952009677887,-0.1722656786441803,-0.0887378677725792,0.0009096007561311126,0.1383236050605774,-0.05710339546203613,-0.015477269887924194,0.003714621067047119,0.00970405898988247,-0.1495182067155838,0.1925939917564392,-0.09445355832576752,-0.11837355047464371,0.10077862441539764,-0.012043344788253307,-0.031066328287124634,0.06567877531051636,0.20144975185394287,-0.09689339250326157,-0.7212335467338562,-0.13409987092018127,-0.41504234075546265,0.17564933001995087,0.035800136625766754,0.29929691553115845,-0.1814713031053543,-0.06778229773044586,0.0696788802742958,-0.038723062723875046,0.08410482108592987,-0.029238736256957054,-0.05813036113977432,-0.41981807351112366,-0.06660948693752289,0.04726257175207138,-0.12758806347846985,0.112963005900383,0.3039224445819855,-0.11098728328943253,-0.5331568717956543,-0.1457207202911377,-0.11274870485067368,-0.21236391365528107,-0.014738982543349266,-0.1619674414396286,-0.34337955713272095,-0.2272355556488037,0.4087066650390625,0.055816829204559326,-0.11328370869159698,-0.2673955261707306,0.003734803292900324,-0.06698574125766754,-0.29954153299331665,-0.07298950105905533,-0.21502473950386047,0.5029892325401306,0.2973440885543823,-0.30110788345336914,0.27755314111709595,0.22667355835437775,-0.07940448075532913,-0.07252426445484161,-0.10551740229129791,-0.10877861827611923,-0.4639127254486084,0.4258863031864166,-0.20524124801158905,0.124314084649086,-0.012315687723457813,-0.04219871759414673,0.189569890499115,0.09584592282772064,-0.15328195691108704,0.011886137537658215,-0.16798794269561768,-0.0947081595659256,0.40868598222732544,-0.1964775025844574,-0.13892361521720886,-0.5710929036140442,0.16531935334205627,-0.2971794605255127,-0.32397693395614624,0.00659102201461792,0.0164830032736063,0.3620959222316742,0.042606253176927567,-0.08214669674634933,0.17857447266578674,0.04701586812734604,-0.5436840057373047,-0.221698597073555,-0.23821742832660675,-0.17453214526176453,0.21072599291801453,-0.013890611939132214,-0.030188709497451782,-0.14170432090759277,-0.010883420705795288,0.27690452337265015,-0.08303894847631454,-0.0022073020227253437,0.032739005982875824,-0.011744469404220581,0.028592538088560104,-0.01784536987543106,0.2484406977891922,0.1274336874485016,0.0894090011715889,0.01973998174071312,-0.2957342565059662,-0.023015368729829788,-0.10490477085113525,0.0005116522079333663,0.06892405450344086,-0.4467400908470154,0.14740276336669922,0.14835602045059204,0.20230939984321594,-0.037828486412763596,-0.5963236689567566,-0.20632585883140564,0.05583076924085617,0.25625380873680115,-0.05522706359624863,-0.10300730168819427,0.14996053278446198,-0.0164109505712986,-0.10662044584751129,-0.040731318295001984,0.6530267596244812,-0.22219128906726837,-0.11608092486858368,-0.08118630200624466,0.003910057246685028,-0.07344227284193039,-0.34211915731430054,-0.17234554886817932,0.1172121912240982,0.3576546311378479,0.17151755094528198,0.01706639491021633,-0.020056072622537613,-0.033089157193899155,-0.2962462902069092,-0.02309710904955864,0.28876957297325134,-0.04729519784450531,0.11901061236858368,-0.1323578804731369,0.12559527158737183,-0.2351672649383545,-0.38391512632369995,0.5434054732322693,0.1305403858423233,-0.03775620460510254,-0.6967324614524841,-0.10505213588476181,-0.03508437052369118,0.430891215801239,-0.3514050841331482,0.18524016439914703,-0.058798037469387054,0.5247112512588501,-0.16030848026275635,-0.187068909406662,0.14067181944847107,-0.03597274422645569,0.13393768668174744,0.16633646190166473,-0.11659254133701324,0.06664226949214935,0.10806785523891449,0.12740764021873474,0.2710086405277252,0.200234055519104,-0.07872326672077179,-0.2809143364429474,-0.019420932978391647,-0.07688043266534805,-0.40562954545021057,0.000778946268837899,0.1437651365995407,0.18184694647789001,0.23389796912670135,-0.23824627697467804,0.36336010694503784,0.07344324886798859,-0.08241419494152069,-0.3455319106578827,-0.1714942902326584,-0.00036031901254318655,-0.4817732274532318,-0.4434550702571869,-0.2720838189125061,0.11192010343074799,0.17517922818660736,-0.011181994341313839,-0.22513394057750702,-0.09099475294351578,0.2509137988090515,-0.039157312363386154,0.027215629816055298,-0.2524830400943756,0.1039624959230423,0.08643987029790878,0.2517492175102234,-0.5108906030654907,0.17178617417812347,-0.025413403287529945,0.053107284009456635,-0.034747835248708725,-0.09435863792896271,-0.22791635990142822
CID000005533,94,-0.13115373253822327,0.00556086003780365,0.08288270980119705,-0.21400944888591766,0.2006980925798416,0.30974704027175903,0.11910947412252426,0.0464383140206337,-0.26740676164627075,-0.21516302227973938,-0.054034940898418427,-0.33917036652565,0.03582268953323364,-0.35087665915489197,0.17381168901920319,0.09087818115949631,-0.07372521609067917,0.2045821249485016,0.07929776608943939,0.031468041241168976,-0.05492013692855835,0.11174218356609344,0.05344134569168091,0.07641337811946869,0.000154183799168095,-0.0425015464425087,0.020948361605405807,-0.04313289374113083,-0.04966463893651962,0.22429266571998596,-0.04587884247303009,-0.14304906129837036,-0.13951298594474792,0.08900593221187592,-0.3477870523929596,-0.001041883253492415,-0.2935323715209961,-0.23651067912578583,-0.20073719322681427,-0.07477046549320221,0.06693337857723236,0.2018166035413742,-0.3034088611602783,-0.2553097605705261,0.05845844745635986,-0.0924304649233818,0.07211454957723618,0.17284831404685974,-0.2481462061405182,-0.08170028030872345,-0.17855939269065857,0.20618119835853577,0.010825226083397865,-0.013183334842324257,0.02507382072508335,0.01534208096563816,-0.022819126024842262,0.056634463369846344,0.10812397301197052,-0.06989233940839767,-0.9111032485961914,0.028269702568650246,-0.30589213967323303,0.28942054510116577,0.059380851686000824,0.16620759665966034,-0.16202570497989655,0.12660887837409973,0.004090028814971447,-0.013449916616082191,-0.06412196159362793,0.1399448662996292,-0.11281205713748932,-0.15711843967437744,0.06375356763601303,-0.0494675412774086,-0.015322327613830566,-0.030303454026579857,0.1959870308637619,0.06311224400997162,-0.1498255431652069,0.10360084474086761,-0.24996881186962128,-0.1973443329334259,-0.19061139225959778,-0.0029083832632750273,-0.2731946110725403,-0.2341751605272293,0.3216257691383362,0.024278592318296432,-0.043373674154281616,-0.143037810921669,-0.18761944770812988,-0.03560411185026169,-0.44134521484375,-0.0030399144161492586,-0.3099514842033386,0.3994723856449127,0.1663750857114792,-0.4428856372833252,0.20134954154491425,0.25303319096565247,-0.09354813396930695,-0.15328601002693176,-0.17136690020561218,0.11049243062734604,-0.22439534962177277,0.29706451296806335,-0.20429769158363342,0.1725950688123703,-0.03580903261899948,-0.0903603583574295,0.40071502327919006,-0.019088562577962875,-0.024309106171131134,0.14438065886497498,-0.0947766900062561,-0.025750424712896347,0.06867550313472748,0.051989685744047165,-0.09529213607311249,-0.5849100351333618,-0.17839595675468445,-0.3124871850013733,-0.4536551535129547,0.08169247210025787,-0.0638100653886795,0.2626590430736542,0.16918444633483887,0.06934349238872528,0.103920578956604,0.1382422298192978,-0.5424391031265259,-0.2583538293838501,0.16874997317790985,-0.14339594542980194,0.09658189117908478,0.059661615639925,-0.08503158390522003,0.07389185577630997,-0.11333568394184113,0.1983935385942459,-0.2375599592924118,-0.07521387934684753,-0.03425326198339462,-0.11091263592243195,0.030681997537612915,-0.04795209690928459,-0.03730886057019234,0.11329294741153717,-0.04755685478448868,-0.02692733332514763,-0.012769216671586037,0.09719721227884293,-0.022919226437807083,0.04318929463624954,-0.21017257869243622,-0.23068669438362122,0.05344955995678902,0.07047552615404129,0.24777927994728088,0.007444093935191631,-0.8328255414962769,-0.02212112955749035,0.08844180405139923,0.2785419225692749,-0.19604316353797913,-0.03512578457593918,0.20093408226966858,-0.14428332448005676,-0.18202178180217743,-0.06509461998939514,0.30895936489105225,-0.049077145755290985,-0.03163757547736168,0.07738001644611359,-0.002425670623779297,0.14539167284965515,-0.4070393145084381,-0.1748509556055069,0.19533422589302063,0.397009938955307,0.03752816468477249,-0.0005530156195163727,0.017846709117293358,0.07654769718647003,-0.3027711510658264,0.03337160497903824,0.3023681938648224,-0.0024220882914960384,0.06985718011856079,0.01798192784190178,-0.0824623554944992,-0.17427346110343933,-0.25261005759239197,0.3661336302757263,0.12361542880535126,0.045063700526952744,-0.192959263920784,0.05831533670425415,-0.06469694525003433,-0.028035258874297142,-0.17380967736244202,0.21002726256847382,-0.16324742138385773,0.3156959116458893,-0.024077370762825012,-0.1774154156446457,0.06951285153627396,0.1464858204126358,0.04656117036938667,0.1916997730731964,0.07092749327421188,0.019466590136289597,0.08468635380268097,0.13904109597206116,0.2698434591293335,0.22021250426769257,-0.17533719539642334,-0.3681570887565613,0.04269083961844444,-0.06186642497777939,-0.3277737498283386,0.0986066609621048,0.34635424613952637,-0.014801502227783203,0.17641420662403107,-0.18655195832252502,0.5782009363174438,0.192703977227211,-0.15812471508979797,-0.23513135313987732,-0.16922040283679962,-0.15289168059825897,-0.3588371276855469,-0.23512133955955505,-0.2668147683143616,0.17647354304790497,0.14072120189666748,-0.2245451658964157,-0.04486333951354027,0.03428412973880768,0.14885994791984558,0.12300865352153778,0.022287867963314056,-0.30451148748397827,0.22528700530529022,-0.13220269978046417,0.02284228429198265,-0.6118016839027405,-0.030950140208005905,-0.04274113103747368,0.1731443852186203,-0.07915759086608887,0.058426715433597565,0.04957819730043411
CID004475485,95,-0.040293823927640915,-0.0880676880478859,0.050103895366191864,-0.21081241965293884,0.22007842361927032,0.21755580604076385,0.0062146298587322235,0.1881927251815796,-0.19939686357975006,-0.2888970971107483,0.08404567092657089,-0.4646891951560974,0.28688082098960876,-0.19366338849067688,-0.34741196036338806,0.01282143872231245,0.021780651062726974,-0.06493805348873138,0.09659184515476227,-0.14302830398082733,0.15585270524024963,-0.01901644840836525,0.06568054109811783,-0.006152743007987738,0.14671386778354645,-0.21704614162445068,0.14619067311286926,0.03311602771282196,-0.08928216993808746,0.36477959156036377,-0.22815576195716858,0.23076942563056946,0.014817528426647186,0.0024017810355871916,-0.5835707187652588,-0.04189940541982651,-0.08596578985452652,-0.30762961506843567,-0.2490295171737671,-0.1519557684659958,0.14303188025951385,0.12528784573078156,-0.32436829805374146,0.14397329092025757,0.4087564945220947,0.15425264835357666,0.20344474911689758,0.06042714789509773,0.19011732935905457,-0.07744459807872772,-0.5697125196456909,0.1256197988986969,-0.21251675486564636,0.018480123952031136,0.33389943838119507,-0.10179989039897919,-0.03749309107661247,0.04077664762735367,0.24486573040485382,-0.05158703401684761,-0.8035807609558105,0.17579960823059082,-0.5165920853614807,-0.061468422412872314,-0.008017564192414284,0.2005944699048996,-0.07260926067829132,0.24719007313251495,0.09424517303705215,-0.10702566057443619,0.06060383468866348,-0.11427021026611328,0.12621143460273743,0.014476148411631584,0.14306047558784485,0.06417571008205414,-0.07988087832927704,0.30774348974227905,-0.04645958170294762,-0.059329815208911896,-0.1395682692527771,-0.10171252489089966,-0.07267459481954575,-0.21613073348999023,-0.03734409436583519,0.17487624287605286,-0.23147180676460266,-0.053784798830747604,0.24068060517311096,0.13228276371955872,-0.023574627935886383,-0.2995275557041168,0.10324536263942719,-0.13977603614330292,-0.3626164495944977,-0.07859092950820923,-0.07119789719581604,0.05818925052881241,0.18538039922714233,-0.2185823917388916,0.14615289866924286,0.19263538718223572,-0.36471250653266907,0.07036729156970978,-0.2168724089860916,0.01824461854994297,-0.5327881574630737,0.26271384954452515,-0.03171949461102486,0.06527110934257507,0.2764221131801605,0.18415126204490662,0.09014832973480225,0.21175868809223175,0.09169726818799973,-0.15575996041297913,-0.022930029779672623,-0.3126203417778015,0.21077418327331543,0.019311372190713882,0.06856630742549896,-0.627773642539978,0.015061709098517895,-0.11762867122888565,-0.24995513260364532,0.25239261984825134,0.055757664144039154,0.20726342499256134,0.23004531860351562,-0.13818182051181793,0.08975885808467865,0.010887345299124718,-0.518408477306366,-0.23959028720855713,-0.2103537768125534,-0.09314071387052536,-0.0226804967969656,-0.2629997134208679,-0.0781090036034584,-0.15701991319656372,-0.004140219185501337,-0.042414698749780655,0.24459251761436462,-0.016932418569922447,-0.12253977358341217,0.01504494808614254,-0.08444167673587799,-0.14224949479103088,0.12920057773590088,-0.07086043059825897,-0.057246387004852295,0.1992693692445755,-0.18230386078357697,0.06764104962348938,0.045374222099781036,0.0023447065614163876,-0.023529043421149254,-0.34453511238098145,0.02788102999329567,0.05237365886569023,-0.001714709447696805,-0.007263760082423687,-0.7167017459869385,0.033790040761232376,0.32147204875946045,0.10873536765575409,-0.12666437029838562,0.0848824605345726,-0.03877059370279312,0.033697206526994705,-0.051744796335697174,-0.17257706820964813,0.26730066537857056,-0.11794153600931168,0.16059879958629608,-0.06709078699350357,0.11763502657413483,-0.07692013680934906,-0.4514794945716858,-0.052206218242645264,0.30052870512008667,0.14009180665016174,0.21201685070991516,-0.023896316066384315,-0.06212168186903,-0.1141512393951416,-0.06567320972681046,-0.11365391314029694,0.5264252424240112,0.0674702450633049,0.16602566838264465,-0.28272467851638794,0.06169099360704422,-0.12493006139993668,-0.10190589725971222,0.20276686549186707,-0.030590400099754333,-0.1287573128938675,-0.2793986201286316,0.11614193767309189,0.13605369627475739,0.027043605223298073,-0.09016261994838715,-4.8077105020638555e-05,0.08175044506788254,0.1070186048746109,-0.007290099747478962,-0.19667968153953552,-0.34586581587791443,-0.08114070445299149,0.14739303290843964,0.23286232352256775,-0.06874631345272064,-0.05613446235656738,-0.003668540623039007,-0.05028662830591202,0.408787339925766,0.20134058594703674,0.0712684839963913,-0.0450485497713089,-0.16385573148727417,-0.024325376376509666,-0.4016496539115906,-0.039229076355695724,0.17633861303329468,-0.08964278548955917,0.2639063596725464,-0.08454132825136185,0.827997088432312,0.22321879863739014,-0.23808662593364716,-0.08173531293869019,-0.11672081053256989,0.00880623422563076,-0.5701113939285278,-0.2570488154888153,-0.09609143435955048,0.13821133971214294,0.33031344413757324,0.14111241698265076,-0.32493436336517334,-0.12930351495742798,0.053313516080379486,-0.08467388898134232,0.02316010743379593,-0.0005048081511631608,0.10698771476745605,0.061405785381793976,0.4041013717651367,-0.694701075553894,0.09403099864721298,0.41702190041542053,0.1453227549791336,-0.17814786732196808,-0.045008182525634766,-0.08295279741287231
CID000003016,96,-0.23031572997570038,-0.28897517919540405,-0.19127702713012695,-0.13093194365501404,0.07478098571300507,0.3819009065628052,-0.02343067154288292,-0.04343189671635628,-0.18039394915103912,-0.32193222641944885,0.16340294480323792,-0.38568398356437683,0.05445461720228195,-0.49034005403518677,-0.0015589178074151278,-0.05868411064147949,0.013491434045135975,-0.07005771994590759,-0.07264050096273422,0.02573699876666069,-0.027045059949159622,0.06747831404209137,0.006079074926674366,0.1912361979484558,0.4544144570827484,0.04191064089536667,0.030270498245954514,0.1126391664147377,0.11150479316711426,0.5321123003959656,0.09321226924657822,0.0003591477870941162,0.005734500475227833,0.03591752052307129,-0.18222317099571228,0.04719221219420433,-0.44127053022384644,-0.408641517162323,-0.008124527521431446,0.08203159272670746,0.16721057891845703,0.30126020312309265,-0.10240049660205841,-0.08546100556850433,0.1268775761127472,0.28453943133354187,0.10311685502529144,-0.14901183545589447,-0.008037267252802849,0.07578675448894501,-0.10995741188526154,0.164176344871521,-0.06563722342252731,-0.02295384369790554,-0.041578032076358795,-0.07501985877752304,0.03667180985212326,-0.0029621124267578125,0.1365063488483429,0.11067621409893036,-0.7097316980361938,0.0039667291566729546,-0.22875389456748962,0.24317006766796112,0.20668081939220428,0.2191811352968216,-0.37950941920280457,-0.14531579613685608,0.20812349021434784,-0.05955446511507034,0.060223501175642014,0.22287607192993164,0.12523634731769562,-0.36836808919906616,0.12533137202262878,0.08001072704792023,0.015346193686127663,0.047270070761442184,0.11113639175891876,0.17101632058620453,-0.3461773097515106,0.022646358236670494,-0.25580763816833496,-0.26118534803390503,-0.034022409468889236,-0.24361512064933777,-0.4496147632598877,0.12041346728801727,0.5444311499595642,0.03708476573228836,0.17114593088626862,-0.23339314758777618,-0.07132409512996674,0.03222000226378441,-0.40609875321388245,-0.05408834293484688,-0.15153712034225464,0.378936767578125,0.0808405727148056,-0.40251070261001587,0.28504225611686707,0.1710015833377838,-0.2979702353477478,-0.23100674152374268,-0.09217696636915207,-0.06825719028711319,-0.3176305592060089,0.39145627617836,-0.03168519586324692,0.2730376720428467,-0.01275932788848877,0.20158341526985168,0.23168721795082092,-0.21412086486816406,-0.12549225986003876,0.01268692035228014,0.05335646867752075,-0.05317946523427963,0.205603688955307,-0.01768707111477852,-0.12179865688085556,-0.5551797151565552,0.08159340173006058,-0.34804365038871765,-0.38834214210510254,-0.03322390839457512,-0.09482695907354355,0.33048686385154724,0.2435687780380249,-0.21052484214305878,-0.17611943185329437,0.1287180781364441,-0.5812647342681885,-0.27040377259254456,-0.050450555980205536,-0.009838956408202648,0.2880432903766632,0.1247621551156044,0.029904674738645554,-0.0426715724170208,-0.021921595558524132,0.1726410686969757,-0.05991705507040024,0.11713127791881561,0.12376822531223297,-0.008291332982480526,0.16261161863803864,0.07568766176700592,0.03229537606239319,0.0714411735534668,0.030217597261071205,-0.2134944498538971,-0.4117244780063629,0.01706620864570141,-0.04471307247877121,-0.0970788523554802,-0.08995947986841202,-0.4017627239227295,0.13850247859954834,0.07296109199523926,0.01978469081223011,-0.1253862977027893,-0.6174946427345276,-0.05299496650695801,-0.1016075611114502,0.2979072034358978,-0.09673972427845001,-0.0032276748679578304,0.1577242910861969,-0.2378236949443817,-0.053488053381443024,-0.0038646250031888485,0.591927170753479,-0.25500383973121643,0.0883244127035141,-0.19754351675510406,0.021154306828975677,0.08691036701202393,-0.25244948267936707,-0.15637074410915375,0.07777184247970581,0.23954053223133087,0.07923262566328049,-0.09505175799131393,0.002752888249233365,-0.060824908316135406,-0.4122619032859802,-0.07670210301876068,0.2845592498779297,0.0051971375942230225,0.03416702523827553,-0.2233273983001709,0.45763903856277466,-0.20307965576648712,-0.24670246243476868,0.5075131058692932,0.27535244822502136,-0.07217384874820709,-0.5161678791046143,-0.2622476816177368,0.13632705807685852,0.3009442389011383,-0.29853129386901855,0.18305087089538574,-0.14105962216854095,0.45622530579566956,-0.06962320953607559,-0.053446222096681595,-0.16060666739940643,0.04498080536723137,-0.20831212401390076,0.09548147022724152,-0.15630421042442322,0.28459984064102173,0.03472229093313217,-0.184931680560112,0.17849911749362946,0.1402963548898697,0.1894538551568985,-0.2653789818286896,0.009290824644267559,0.02494051121175289,-0.3326311707496643,0.06900931894779205,0.3099454939365387,0.2863301634788513,0.2996991276741028,-0.195561021566391,0.3948286473751068,0.2368609607219696,-0.20068681240081787,-0.4038495123386383,-0.08851178735494614,0.017764966934919357,-0.21749579906463623,-0.4168015122413635,-0.15414376556873322,0.2476811408996582,-0.022293156012892723,0.19460363686084747,-0.28953322768211365,0.002000384032726288,0.3562517464160919,-0.02764252945780754,0.017225954681634903,-0.3606252372264862,0.3853611946105957,0.09362079948186874,0.28610533475875854,-0.5299755334854126,0.15086814761161804,-0.12326757609844208,0.13922616839408875,0.009632539935410023,-0.05792390555143356,0.11839094012975693
CID000003379,97,-0.04694211483001709,0.04202720895409584,0.004815578460693359,-0.3113081157207489,0.21921689808368683,0.6767512559890747,0.15159092843532562,-0.39228934049606323,-0.4456861615180969,-0.12092189490795135,0.028770944103598595,-0.4178515076637268,0.47240573167800903,-0.23020271956920624,0.19819889962673187,-0.1269998997449875,0.011210608296096325,-0.2800636887550354,0.058295585215091705,0.14171917736530304,-0.1724483072757721,0.12383528798818588,-0.160804882645607,0.15600143373012543,0.050237614661455154,0.2810274362564087,0.10762884467840195,-0.25372233986854553,-0.05389484018087387,0.26974400877952576,0.0006884813192300498,0.13221369683742523,-0.4707140028476715,-0.176299586892128,-0.2818177342414856,0.038108594715595245,-0.20860019326210022,-0.4785839915275574,0.22962239384651184,0.03401526063680649,0.028379768133163452,-0.1292506456375122,-0.3138113021850586,0.06985876709222794,0.6245065927505493,0.37895092368125916,-0.11950421333312988,-0.14287534356117249,-0.06807863712310791,-0.031786952167749405,-0.5524000525474548,-0.05207158252596855,-0.16611525416374207,-0.2513585388660431,0.40508049726486206,0.01225125603377819,0.15553000569343567,-0.07103978097438812,0.7174774408340454,-0.15155355632305145,-0.967401385307312,0.15414293110370636,0.13583429157733917,0.7867363095283508,-0.14846482872962952,-0.3064313530921936,-0.21923789381980896,0.3975621461868286,0.41788989305496216,-0.06219762563705444,-1.017702341079712,-0.2913268208503723,0.10980285704135895,0.018297353759407997,0.49495530128479004,-0.13832715153694153,0.24154254794120789,0.26833581924438477,-0.06112726777791977,-0.0002621471940074116,-0.11369404941797256,0.07732436805963516,0.2764435410499573,0.046912696212530136,0.1051555722951889,-0.23255649209022522,-0.3407828211784363,0.11843381822109222,0.8630696535110474,-0.04465372487902641,0.10521025955677032,-0.3021720051765442,0.07226960361003876,0.058996379375457764,-0.6198132634162903,0.13657769560813904,-0.2542618215084076,0.3355167508125305,0.06073618680238724,-0.049705542623996735,0.7516003847122192,0.22412626445293427,0.38325780630111694,0.21601872146129608,-0.3055027425289154,-0.2609238028526306,-0.04986856132745743,0.19373510777950287,0.14610782265663147,0.43004244565963745,-0.1259010136127472,-0.2158280909061432,0.4019356369972229,-0.20991086959838867,0.27853158116340637,0.20074120163917542,-0.10975043475627899,-0.27432164549827576,0.1909227818250656,0.004868939518928528,0.30417725443840027,-0.7693501710891724,0.1777932196855545,-0.10805372893810272,-0.7199206948280334,0.12488297373056412,0.035402435809373856,0.46705713868141174,0.1146271601319313,0.01932661607861519,0.0058204918168485165,0.26279711723327637,-0.9025592803955078,-0.5412830710411072,0.09110786020755768,0.332433819770813,0.4241510331630707,-0.7366744875907898,0.04304637014865875,0.01600709557533264,-0.032219596207141876,0.2781049907207489,-0.1182822734117508,-0.14409081637859344,-0.05754905939102173,0.07447585463523865,-0.0435250923037529,0.43716946244239807,-0.10480518639087677,0.24586784839630127,-0.3231655955314636,-0.22148580849170685,0.020491262897849083,-0.10635294765233994,0.1759152114391327,0.09468500316143036,0.008985796943306923,-0.2170790433883667,0.08885698020458221,-0.1154061108827591,0.5690977573394775,-0.17836922407150269,-1.285441279411316,-0.06000803783535957,0.581466794013977,0.32023486495018005,-0.013917377218604088,0.16727057099342346,0.1619013249874115,0.19312599301338196,-0.17468073964118958,-0.2967997193336487,0.5234605669975281,-0.4855923056602478,0.0762961283326149,-0.1216001957654953,-0.06649158895015717,-0.013013670220971107,-0.4320283830165863,0.148734912276268,0.05781323462724686,0.22993962466716766,0.2990385890007019,-0.06166937202215195,0.12082590907812119,-0.4140206277370453,-0.2667674422264099,0.11728230863809586,0.6988857984542847,0.17133986949920654,-0.09921836107969284,-0.005405632313340902,0.1908908188343048,0.2871895432472229,-0.0447285994887352,0.3496640622615814,0.17532041668891907,-0.06208331510424614,-0.11220564693212509,0.22198927402496338,0.011652305722236633,-0.049477268010377884,-0.16913309693336487,0.05942549556493759,-0.2325371503829956,0.305073618888855,0.24395108222961426,-0.38865774869918823,-0.5782238245010376,0.2145063430070877,0.5452671647071838,0.12566828727722168,0.012471047230064869,0.23048846423625946,0.2277446687221527,-0.2255450189113617,0.4982823431491852,-0.22767376899719238,0.11139407008886337,-0.026198649778962135,0.09973503649234772,-0.21224400401115417,-0.8774763345718384,-0.09618016332387924,0.4208487868309021,0.04530250281095505,0.15180900692939758,-0.3523795008659363,0.5753265619277954,-0.06486081331968307,0.2551417946815491,-0.08836771547794342,0.10006766021251678,-0.014774663373827934,-0.3579387664794922,-0.25742635130882263,-0.05193611979484558,0.17938902974128723,0.08575472980737686,-0.1376456320285797,-0.10570929199457169,0.2768858075141907,-0.05682305619120598,0.2275276631116867,0.06304202973842621,-0.7144347429275513,0.06608960032463074,0.04596133157610893,0.025998646393418312,-0.6448103189468384,0.16866332292556763,0.31876036524772644,0.34141379594802856,-0.01822773739695549,-0.14720889925956726,-0.0832778662443161
CID000005719,100,-0.11546798050403595,-0.050436098128557205,0.014381763525307178,-0.16511622071266174,0.339865118265152,0.28932833671569824,0.05545176938176155,0.07190482318401337,-0.25476425886154175,-0.2429737150669098,-0.06474332511425018,-0.33344554901123047,0.06584615260362625,-0.21359050273895264,0.12896494567394257,0.08476126194000244,-0.03326208144426346,0.2327556312084198,0.06024058908224106,0.05542566627264023,-0.039686769247055054,0.10626012086868286,0.07842005789279938,0.08790811151266098,0.05521780252456665,-0.0795215591788292,0.13498133420944214,-0.009547834284603596,-0.09041375666856766,0.25645965337753296,0.006913664750754833,-0.19273845851421356,-0.20365262031555176,0.03172078728675842,-0.3440455198287964,-0.0077024162746965885,-0.20599918067455292,-0.2503003478050232,-0.15005561709403992,-0.04810885339975357,0.11459521949291229,0.11580924689769745,-0.19505766034126282,-0.2311820089817047,0.03406665474176407,-0.08675534278154373,0.09497891366481781,0.1667466163635254,-0.19920788705348969,-0.09161879867315292,-0.15108099579811096,0.13422730565071106,0.034401245415210724,-0.11020193248987198,0.0025592639576643705,0.020307499915361404,-0.07433351874351501,0.02260548248887062,0.0707293301820755,-0.006728467531502247,-0.9244972467422485,-0.026557747274637222,-0.35556453466415405,0.20062308013439178,0.08304991573095322,0.14851385354995728,-0.1420823633670807,0.14257869124412537,-0.034672241657972336,0.05700986459851265,-0.03753471374511719,0.12801480293273926,-0.062189191579818726,-0.14717446267604828,0.06162317842245102,-0.0955551490187645,-0.07230828702449799,-0.018027206882834435,0.1820957064628601,-0.0968674048781395,-0.14788199961185455,0.15954585373401642,-0.3157711923122406,-0.14001436531543732,-0.14594274759292603,-0.06283470243215561,-0.2095884531736374,-0.2298586070537567,0.22808034718036652,-0.02604188397526741,0.05669743940234184,-0.07595641911029816,-0.14028744399547577,-0.03704828768968582,-0.3879406750202179,-0.0076125795021653175,-0.2677903175354004,0.34302082657814026,0.14929601550102234,-0.34683912992477417,0.12652519345283508,0.16807150840759277,-0.12622007727622986,-0.012505781836807728,-0.17105677723884583,0.08827207237482071,-0.3488906919956207,0.26913195848464966,-0.2523193955421448,0.24109835922718048,0.0499553307890892,0.014381748624145985,0.2865225076675415,-0.03896337375044823,-0.05632953718304634,0.0931587666273117,-0.095808245241642,-0.010421906597912312,0.020026691257953644,-0.020945053547620773,-0.1632596254348755,-0.5711102485656738,-0.12629778683185577,-0.2774224579334259,-0.3825663626194,0.07267732918262482,-0.04594291374087334,0.3020663857460022,0.12366203963756561,0.00851438008248806,0.02673085406422615,0.06443341076374054,-0.5150657296180725,-0.2400178462266922,0.11953894793987274,-0.17939886450767517,0.0770292803645134,0.06296199560165405,-0.07918590307235718,0.09734690934419632,-0.12049071490764618,0.2662983536720276,-0.2350347936153412,-0.07233220338821411,0.006421423051506281,-0.09844644367694855,0.057614170014858246,-0.06794828176498413,-0.044652268290519714,0.10408513247966766,-0.022853685542941093,-0.015570083633065224,-0.04055515676736832,0.08785907924175262,0.13228252530097961,0.006316334009170532,-0.17832118272781372,-0.2996090352535248,0.09332487732172012,0.10361214727163315,0.27314233779907227,-0.048205506056547165,-0.8488001823425293,-0.03325120732188225,0.07606320083141327,0.3213745355606079,-0.15934160351753235,-0.15931002795696259,0.19137439131736755,-0.07019772380590439,-0.09071512520313263,-0.033092908561229706,0.3412611484527588,-0.0442185178399086,0.013451745733618736,0.10385680198669434,0.025237714871764183,0.09804396331310272,-0.46082839369773865,-0.1113763079047203,0.19272680580615997,0.3203350901603699,-0.0056074149906635284,0.031826093792915344,-0.014458170160651207,0.10374514013528824,-0.2469414919614792,0.04597710445523262,0.2982389032840729,-0.06250320374965668,0.13029488921165466,0.03347251936793327,-0.1015147939324379,-0.1224997267127037,-0.1037992462515831,0.33161336183547974,0.03984593600034714,0.06921710819005966,-0.055257298052310944,0.044046130031347275,-0.06147294119000435,-0.06166353076696396,-0.07264815270900726,0.23014864325523376,-0.14288805425167084,0.22930431365966797,-0.004513528663665056,-0.20239615440368652,0.07855957001447678,0.1869075447320938,-0.01670827530324459,0.15031759440898895,0.08461181819438934,0.027323221787810326,0.19710609316825867,0.12393634021282196,0.25580182671546936,0.19136600196361542,-0.08470095694065094,-0.40763339400291443,-0.0005387455457821488,-0.09002415090799332,-0.2919321656227112,0.06800737231969833,0.23511016368865967,-0.038481175899505615,0.1665416955947876,-0.286322683095932,0.5723686218261719,0.06114598363637924,-0.20303721725940704,-0.18896833062171936,-0.14616432785987854,-0.11703971773386002,-0.4558459222316742,-0.22262470424175262,-0.3136426508426666,0.05387755483388901,0.22082296013832092,-0.15040439367294312,-0.04945714399218559,0.012304387055337429,0.13273055851459503,0.05863575264811516,0.02731478214263916,-0.15080243349075317,0.1679716855287552,-0.06134217977523804,0.04088457301259041,-0.5714101195335388,-0.01931287720799446,-0.06445543467998505,0.1393994241952896,-0.09212292730808258,0.00037937835440970957,-0.022833194583654404
CID000003440,101,-0.1289071887731552,0.018997922539711,-0.037607163190841675,-0.12057165056467056,0.1945038139820099,0.2619697153568268,0.05850028991699219,0.07247088104486465,-0.3049651086330414,-0.21935705840587616,-0.045735377818346024,-0.2786172330379486,0.06663770973682404,-0.2966294586658478,0.07889804244041443,0.1075240820646286,-0.08360063284635544,0.22721824049949646,0.1401013433933258,0.10291483253240585,-0.02649056538939476,0.09468529373407364,0.04249195009469986,0.10263921320438385,0.04853188991546631,-0.0914321094751358,0.10897447168827057,-0.04285449534654617,-0.08741797506809235,0.21517176926136017,-0.04342861473560333,-0.2192506045103073,-0.17487195134162903,0.08599244803190231,-0.3571111559867859,-0.011862745508551598,-0.22216562926769257,-0.22575750946998596,-0.21918857097625732,-0.05386880785226822,0.08715907484292984,0.1462138593196869,-0.28634199500083923,-0.27042096853256226,0.04170868173241615,-0.0974530428647995,0.04368335008621216,0.1280939131975174,-0.18081310391426086,-0.04952714592218399,-0.21526296436786652,0.19225573539733887,-0.05650895833969116,0.019585270434617996,-0.02424544095993042,0.029207047075033188,-0.04690512269735336,0.10994080454111099,0.05282606929540634,0.016356568783521652,-0.9237707853317261,0.009573590941727161,-0.40385884046554565,0.20950885117053986,0.058251284062862396,0.14812429249286652,-0.25141748785972595,0.10426010191440582,0.019444286823272705,0.0860297903418541,-0.1377800852060318,0.10904278606176376,-0.042532119899988174,-0.11643800884485245,0.08138445764780045,-0.11074445396661758,-0.06844542920589447,-0.04152998328208923,0.12143318355083466,0.044506192207336426,-0.21350133419036865,0.1457277238368988,-0.2932867407798767,-0.13009226322174072,-0.20202727615833282,-0.0327034592628479,-0.22655674815177917,-0.2440778762102127,0.24922320246696472,-0.07581786811351776,-0.028021622449159622,-0.10022038221359253,-0.1865084022283554,-0.037915945053100586,-0.3872341513633728,0.027664383873343468,-0.30211499333381653,0.30619004368782043,0.21984067559242249,-0.41947540640830994,0.15642346441745758,0.19659686088562012,-0.07517699152231216,-0.13388380408287048,-0.16272032260894775,0.10108435153961182,-0.3471483588218689,0.2588171660900116,-0.17857572436332703,0.21447710692882538,0.021293049678206444,-0.010537588968873024,0.3578157126903534,-0.0294494591653347,-0.05761082097887993,0.13269345462322235,-0.10156997293233871,-0.03570138290524483,0.036028653383255005,0.009409492835402489,-0.1070951595902443,-0.5971282720565796,-0.23814690113067627,-0.3056391179561615,-0.3971475660800934,0.09259786456823349,-0.08977337181568146,0.3117731213569641,0.14919516444206238,0.06018783897161484,-0.0124836266040802,0.05481192469596863,-0.5486804842948914,-0.2783665657043457,0.13361380994319916,-0.22206516563892365,0.11584887653589249,0.07533581554889679,-0.04971408098936081,0.13650837540626526,-0.16942845284938812,0.1818459928035736,-0.17874932289123535,-0.04091527312994003,-0.010468416847288609,-0.07684512436389923,0.0008701726910658181,0.007368394639343023,-0.05284767597913742,0.04725987836718559,-0.019595559686422348,-0.08753973990678787,-0.060788292437791824,0.10176253318786621,0.11129987239837646,0.0028767497278749943,-0.15373288094997406,-0.26971977949142456,0.055873312056064606,0.12934665381908417,0.27431315183639526,-0.0495021790266037,-0.8331462740898132,-0.023768577724695206,0.13050886988639832,0.2572687268257141,-0.20951321721076965,-0.13684582710266113,0.22346778213977814,-0.08722962439060211,-0.13430076837539673,-0.026034006848931313,0.33307257294654846,-0.04730251431465149,-0.0692574754357338,0.06046689301729202,0.10357649624347687,0.17022356390953064,-0.4134689271450043,-0.16705073416233063,0.24141474068164825,0.39070257544517517,0.04959248751401901,0.02442280575633049,-0.06130175665020943,0.1590590924024582,-0.3256354033946991,-0.0007703009760007262,0.32535791397094727,-0.003804825246334076,0.1549626588821411,-0.04422407224774361,-0.083281971514225,-0.11209149658679962,-0.17102982103824615,0.3950805366039276,0.08912228047847748,0.06606711447238922,-0.05653131753206253,0.10397497564554214,-0.05251569673418999,-0.10068020969629288,-0.1414671242237091,0.17738184332847595,-0.10923700034618378,0.252450168132782,-0.010658776387572289,-0.17931799590587616,0.057259850203990936,0.23686954379081726,0.013054768554866314,0.19688254594802856,0.07049225270748138,0.0010849267710000277,0.0880943089723587,0.14305199682712555,0.26397448778152466,0.11191558837890625,-0.17302480340003967,-0.3717774748802185,0.04180970788002014,-0.0661877766251564,-0.3203338384628296,0.11590500175952911,0.2757052183151245,-0.07781003415584564,0.26526349782943726,-0.16700296103954315,0.5299381613731384,0.12135779857635498,-0.15000250935554504,-0.228311687707901,-0.14188605546951294,-0.12017476558685303,-0.4382312297821045,-0.24584417045116425,-0.23453721404075623,0.1860235035419464,0.1670082062482834,-0.12622888386249542,-0.06883755326271057,0.01411574799567461,0.17194946110248566,0.08142857253551483,0.04801962524652481,-0.17878174781799316,0.23859453201293945,-0.08384741842746735,0.01738044247031212,-0.5541536808013916,-0.09630420058965683,-0.07435888797044754,0.15561887621879578,-0.08873273432254791,-0.03862586244940758,-0.010106828995049
CID000003325,102,-0.1449327915906906,-0.14308634400367737,-0.12846940755844116,-0.1957363784313202,0.5669170618057251,0.2688983082771301,-0.2144365757703781,0.15002784132957458,-0.20467546582221985,-0.12678799033164978,0.09875325113534927,-0.3797368109226227,-0.08323083817958832,-0.07578039914369583,0.05535312369465828,0.05476628988981247,0.01564105600118637,-0.059293556958436966,-0.14036405086517334,0.07866596430540085,0.12628430128097534,-0.06329880654811859,0.08173868805170059,0.031076494604349136,0.04368709772825241,0.05142240971326828,-0.31352290511131287,-0.0322532057762146,-0.06440041214227676,0.2558088004589081,-0.0012440677965059876,-0.4831325113773346,-0.07622252404689789,0.01967836730182171,-0.4924253523349762,-0.04585158824920654,-0.24458321928977966,-0.20189981162548065,-0.14862780272960663,-0.13697752356529236,0.08258537948131561,0.01238087099045515,-0.2467614859342575,-0.11741872876882553,0.05373938009142876,0.029139215126633644,-0.04803881794214249,0.1817045509815216,-0.057746727019548416,-0.09684090316295624,-0.008990375325083733,0.1250697523355484,0.11670253425836563,-0.24905648827552795,0.15660034120082855,-0.03593048080801964,-0.07290171086788177,0.004603654146194458,0.26948341727256775,0.004092328250408173,-0.9063143730163574,0.02501271292567253,-0.20591814815998077,0.1979057341814041,0.20594890415668488,0.00297071342356503,-0.19386263191699982,0.10206381231546402,0.0765097513794899,0.03973577916622162,-0.17994366586208344,0.05944797396659851,0.04468056187033653,-0.16219107806682587,0.09429454058408737,-0.09922335296869278,0.024840760976076126,-0.12911710143089294,0.1520313024520874,-0.15246698260307312,-0.2458624541759491,-0.05009518936276436,-0.07475840300321579,-0.03832375258207321,-0.13130831718444824,-0.15258429944515228,-0.18486765027046204,-0.17302237451076508,0.37958770990371704,-0.1189233809709549,0.017222527414560318,0.046631328761577606,-0.08916185796260834,-0.08779092133045197,-0.5163366198539734,0.03932267799973488,-0.12822626531124115,0.23218512535095215,0.006132978014647961,-0.14389349520206451,0.21052105724811554,0.22871021926403046,-0.36520957946777344,-0.028921175748109818,-0.025016140192747116,0.031338609755039215,-0.5684130191802979,0.24460145831108093,0.09936279058456421,0.14626532793045044,0.12706199288368225,0.10853198915719986,0.18937261402606964,0.026022231206297874,0.05220457911491394,0.241948202252388,-0.09059282392263412,-0.12114298343658447,-0.008053204044699669,0.17764396965503693,-0.2595279812812805,-0.6362369656562805,-0.011977237649261951,-0.200221449136734,-0.37884417176246643,0.1519147753715515,-0.13502076268196106,0.36005619168281555,0.08896709978580475,-0.03327131271362305,-0.20497646927833557,0.15205958485603333,-0.41669827699661255,-0.3287837505340576,-0.23054993152618408,-0.27668654918670654,0.18116727471351624,0.05671665817499161,0.03115827776491642,0.019899962469935417,-0.054574646055698395,0.1749405562877655,-0.11937157064676285,0.055316220968961716,0.06353230774402618,-0.16869090497493744,0.18673400580883026,0.15556983649730682,0.24439385533332825,0.008473033085465431,-0.07289478927850723,-0.04413476586341858,-0.057131439447402954,0.006264543626457453,-0.19359393417835236,-0.029570166021585464,-0.13799193501472473,-0.2311239242553711,-0.010542846284806728,0.0699223130941391,0.10641472041606903,0.0008276272565126419,-0.9342948794364929,0.08903749287128448,0.20764105021953583,0.23370882868766785,-0.19031162559986115,0.009524512104690075,0.18610450625419617,0.05234649032354355,-0.20863325893878937,-0.1343531310558319,0.27821019291877747,-0.06818927079439163,-0.10632188618183136,0.07138720154762268,0.046038348227739334,0.2262496054172516,-0.44568222761154175,-0.17775456607341766,0.2218463122844696,0.17376670241355896,0.04660198837518692,0.010853203944861889,-0.0526331290602684,-0.0381200797855854,-0.13528171181678772,0.0092094074934721,0.5089429616928101,-0.09004532545804977,0.28182756900787354,-0.23315556347370148,0.07040880620479584,0.015311641618609428,0.005222806241363287,0.44909581542015076,0.13983885943889618,-0.01989825814962387,-0.08694776892662048,-0.10883305221796036,-0.09686188399791718,-0.05333209037780762,-0.19705960154533386,0.13370366394519806,-0.24213814735412598,0.2550811171531677,0.06975609809160233,-0.03839940205216408,0.08164558559656143,-0.0018422603607177734,0.05506644397974014,0.03649523854255676,-0.011892994865775108,0.09084703028202057,0.400367796421051,0.15408682823181152,0.32091227173805237,-0.020362000912427902,-0.12614259123802185,-0.2588803172111511,-0.07825712859630585,-0.08396165817975998,-0.5060707330703735,0.055544279515743256,0.18009713292121887,-0.13702160120010376,0.19152824580669403,-0.3096023499965668,0.7900974154472351,0.09874291718006134,-0.22965312004089355,-0.17893528938293457,-0.2389133870601654,-0.10125211626291275,-0.6883718967437744,-0.19986958801746368,0.03139954060316086,0.09200804680585861,0.1463974416255951,-0.0392751581966877,-0.31199389696121216,0.005042993929237127,0.04083671048283577,0.3017759323120117,0.1349792182445526,-0.18460005521774292,0.12613527476787567,-0.14794015884399414,-0.2035311460494995,-0.6157904863357544,-0.09881837666034698,0.00847263727337122,0.0762239545583725,-0.13727697730064392,0.04057798162102699,0.02875819243490696
CID000003403,103,-0.09847392141819,0.0034524500370025635,-0.07881952822208405,0.05219818279147148,0.43261852860450745,0.23001249134540558,-0.00872896146029234,-0.0656173974275589,-0.1767309606075287,-0.09848074615001678,-0.026227395981550217,-0.45934534072875977,0.10833308845758438,-0.11408364772796631,-0.4058085083961487,-0.018009472638368607,0.01532937865704298,-0.08579893410205841,0.2165336310863495,-0.005281621124595404,0.020602677017450333,-0.018039381131529808,-0.104073166847229,-0.013655966147780418,-0.10725004971027374,-0.09576521813869476,0.2018410861492157,0.09133567661046982,-0.14080247282981873,0.30416303873062134,-0.3081790804862976,0.2188619077205658,0.044434864073991776,0.10196004807949066,-0.7314030528068542,-0.1276295781135559,-0.008976156823337078,-0.17306022346019745,-0.143458753824234,-0.027864377945661545,0.07702749967575073,0.058923155069351196,-0.140838623046875,0.031169544905424118,0.2803143560886383,0.19274380803108215,0.23509936034679413,-0.008409070782363415,0.06014756113290787,-0.1734422743320465,-0.7076524496078491,0.07735664397478104,-0.35052600502967834,-0.17528599500656128,0.21135826408863068,0.0017658025026321411,-0.08493819087743759,-0.07527367770671844,0.3138783574104309,0.15597282350063324,-0.9066228866577148,0.030788838863372803,-0.396171510219574,-0.002480059862136841,0.020576750859618187,0.028883224353194237,-0.1382254809141159,0.5088156461715698,0.06601552665233612,-0.05060010403394699,0.07395108789205551,-0.15839433670043945,-0.0182637982070446,0.1335602104663849,0.14051026105880737,0.21070611476898193,0.0816502571105957,0.17646726965904236,-0.05723500996828079,-0.1538735330104828,-0.11922235786914825,0.08377955853939056,-0.009317910298705101,-0.20409071445465088,0.0037474320270121098,0.009620895609259605,-0.1737956702709198,-0.023004969581961632,0.3678046464920044,0.08799272775650024,-0.024637114256620407,-0.16392579674720764,-0.00582002243027091,-0.14014661312103271,-0.38447991013526917,-0.229923814535141,-0.22953610122203827,0.09503745287656784,0.27749666571617126,-0.09047824144363403,0.25892966985702515,0.10354107618331909,-0.18299071490764618,0.25085803866386414,-0.08430960774421692,-0.002146907150745392,-0.4090939164161682,0.296288400888443,0.1118817925453186,0.15577974915504456,0.09411268681287766,0.30323106050491333,0.04765329509973526,0.1832638382911682,0.13255378603935242,0.13154363632202148,0.06771780550479889,-0.43545833230018616,0.025833168998360634,-0.04664000868797302,0.17615915834903717,-0.867887020111084,-0.06538531184196472,0.0016990124713629484,-0.3698541820049286,0.11721678078174591,0.12796667218208313,0.34096479415893555,0.24263229966163635,0.04266635328531265,-0.1204167827963829,-0.1308409422636032,-0.48896875977516174,-0.2592945694923401,-0.2390325516462326,0.15817035734653473,0.2794419527053833,-0.30308297276496887,-0.06133721396327019,-0.06842763721942902,0.05847575142979622,0.07655469328165054,0.3053492307662964,0.09372516721487045,-0.19572754204273224,-0.10940545797348022,-0.1548118144273758,0.053987450897693634,0.031702350825071335,-0.09261932224035263,0.022050073370337486,0.15210512280464172,0.04510921612381935,0.1884407103061676,0.17836058139801025,-0.04937184602022171,-0.015735795721411705,-0.4010578691959381,0.00015122741751838475,0.11791195720434189,-0.0415290929377079,-0.013148573227226734,-0.917235255241394,0.16851845383644104,0.48888111114501953,0.0031239972449839115,-0.07238306850194931,-0.04942234605550766,-0.01236367505043745,0.1231381744146347,-0.004967617802321911,-0.17119860649108887,0.33686918020248413,-0.21996596455574036,0.101925790309906,0.002334511373192072,0.013134765438735485,0.024421731010079384,-0.37031397223472595,0.05902506038546562,0.4552134871482849,0.0858607143163681,0.11224381625652313,0.020385194569826126,0.04763954132795334,-0.11873351037502289,-0.17134742438793182,-0.32276102900505066,0.7241432666778564,-0.10596134513616562,0.12251646816730499,-0.20095054805278778,-0.0384625606238842,-0.10774339735507965,-0.002666085958480835,0.17506465315818787,-0.02404167875647545,-0.2509436011314392,-0.3154742121696472,0.07428489625453949,0.118057981133461,-0.18102197349071503,-0.17289888858795166,0.1375947743654251,-0.014828053303062916,0.059968866407871246,0.08492814004421234,-0.1077936440706253,-0.10461147874593735,-0.06237956881523132,0.1753045618534088,0.17358876764774323,-0.17804741859436035,-0.018089687451720238,0.29925814270973206,-0.15123966336250305,0.49152296781539917,0.05449423938989639,0.06384042650461197,-0.015309428796172142,-0.07853187620639801,-0.20734545588493347,-0.44779056310653687,-0.06721208244562149,0.39473915100097656,-0.012151941657066345,0.2714856266975403,-0.22063954174518585,0.7907239198684692,0.10169718414545059,-0.02468220889568329,-0.0630129724740982,-0.12956896424293518,0.12120668590068817,-0.4348030686378479,-0.21773330867290497,-0.07139386981725693,-0.02237306721508503,0.2219940721988678,0.3392667770385742,-0.21925804018974304,-0.10283394902944565,0.016200345009565353,0.24233198165893555,-0.011333170346915722,0.06700854748487473,0.09619038552045822,0.06101036071777344,0.17833523452281952,-0.8844531774520874,-0.0651978924870491,0.6402391195297241,0.0947265475988388,-0.002643874380737543,0.0878925696015358,-0.05024362727999687
CID000002118,104,-0.021663280203938484,-0.1751520335674286,-0.010091769509017467,-0.1346130669116974,0.23532967269420624,0.3417843282222748,0.07974785566329956,-0.00958452932536602,-0.22505931556224823,-0.2744095027446747,0.0718102902173996,-0.26506179571151733,0.030554521828889847,-0.15734967589378357,0.023158937692642212,0.11431088298559189,-0.04216620326042175,0.11278901994228363,0.1353428065776825,-0.0636877566576004,-0.142015278339386,0.04781090095639229,0.0010692623909562826,0.30129045248031616,0.09603831171989441,-0.05642532557249069,-0.2522711753845215,0.01177388895303011,-0.03264289349317551,0.2227778136730194,-0.1524108201265335,-0.060007255524396896,-0.1235085278749466,0.041200317442417145,-0.3910946249961853,-0.16570590436458588,-0.5307279229164124,-0.23492570221424103,-0.26044243574142456,-0.025221560150384903,0.06711561232805252,-0.037038616836071014,-0.18956133723258972,-0.4200168251991272,0.14836405217647552,0.05104249715805054,0.09217521548271179,0.13648784160614014,-0.09376369416713715,-0.0718853697180748,-0.26287561655044556,0.11744189262390137,-0.05287283658981323,-0.14275899529457092,-0.04010957106947899,-0.15698853135108948,0.057873208075761795,-0.03542708232998848,0.19965152442455292,-0.17951421439647675,-0.9074044227600098,-0.075558140873909,-0.2738640606403351,0.3621346354484558,0.1766330748796463,0.10025700181722641,-0.16450195014476776,0.1475275158882141,0.07817035168409348,0.1351255476474762,-0.04802799969911575,-0.04266882687807083,0.13701781630516052,-0.1316508948802948,0.26425701379776,-0.001546967774629593,0.001971891615539789,0.1525801122188568,-0.11284097284078598,0.03342922776937485,-0.10146801173686981,-0.1140156164765358,-0.26366692781448364,-0.06345775723457336,-0.05083677917718887,0.0723627358675003,-0.23293156921863556,-0.2525542080402374,0.48047369718551636,0.10965721309185028,-0.05333675816655159,-0.11088359355926514,-0.06880233436822891,-0.01258794404566288,-0.47052717208862305,-0.00012977272854186594,-0.25171396136283875,0.3605125844478607,-0.08307774364948273,-0.3356238901615143,0.2665451169013977,0.22939684987068176,-0.4160742163658142,-0.12542153894901276,-0.12231700122356415,0.1498754918575287,-0.401700496673584,0.3075801730155945,-0.24124769866466522,0.15425615012645721,-0.0959247574210167,0.09875801205635071,0.10585544258356094,0.1157820075750351,-0.0010599195957183838,0.03463498502969742,0.11383473873138428,-0.08167699724435806,-0.024641502648591995,0.012729349546134472,0.021560663357377052,-0.6388415694236755,-0.14451925456523895,-0.4582544267177582,-0.45748573541641235,0.029812389984726906,0.07561051845550537,0.2339441031217575,0.14025644958019257,-0.11501987278461456,0.013290071859955788,0.08500306308269501,-0.5667922496795654,-0.3210940957069397,0.03424187749624252,-0.18373170495033264,0.3301481604576111,0.06656376272439957,0.016313761472702026,0.16512364149093628,-0.016965368762612343,0.15453362464904785,-0.0359003022313118,-0.11937876790761948,-0.02577228471636772,-0.07450827211141586,-0.1333412230014801,-0.059275757521390915,-0.23258408904075623,-0.10066690295934677,-0.07907213270664215,-0.24484090507030487,-0.12812328338623047,0.1488780677318573,-0.16759426891803741,-0.0972728431224823,-0.18719953298568726,-0.35661908984184265,0.01661076582968235,0.08395858854055405,0.18806198239326477,0.029606902971863747,-0.8626540303230286,0.19281649589538574,0.06691931188106537,0.2885816693305969,-0.21957695484161377,-0.03365740925073624,0.19962528347969055,0.004382677376270294,-0.3118587136268616,-0.022448528558015823,0.41173672676086426,-0.1880311667919159,0.033061373978853226,-0.03862621262669563,0.0937640443444252,0.17433494329452515,-0.4207148551940918,-0.15513093769550323,0.30870506167411804,0.3757690489292145,0.03855521231889725,-0.20479583740234375,-0.16915664076805115,-0.061503659933805466,-0.2931790053844452,0.20117780566215515,0.37912267446517944,-0.1537419855594635,0.017571216449141502,-0.08496588468551636,0.1024043932557106,-0.047407813370227814,-0.1421000212430954,0.3961779475212097,0.0796479731798172,0.07633015513420105,-0.1721949279308319,0.12701550126075745,0.057660363614559174,-0.0023403584491461515,-0.1330995261669159,0.1259113848209381,-0.10186795890331268,0.22622379660606384,0.16650345921516418,-0.08481478691101074,-0.14640308916568756,-0.022932088002562523,-0.025116223841905594,0.14021572470664978,0.10393891483545303,-0.05734726041555405,0.07122472673654556,0.15994849801063538,0.32004088163375854,0.1728530377149582,-0.1143844872713089,-0.32678985595703125,-0.01561572216451168,-0.040335990488529205,-0.31452062726020813,0.10981615632772446,0.2921338677406311,-0.14516937732696533,0.024727826938033104,-0.2944837510585785,0.6966127157211304,0.09986480325460434,-0.47257256507873535,-0.22651919722557068,-0.11301200091838837,-0.01147680263966322,-0.5140836834907532,-0.276405394077301,-0.3658031225204468,0.2163349837064743,0.12020464241504669,-0.1121397465467453,-0.3526685833930969,-0.1412879228591919,0.1504192054271698,0.08554039150476456,-0.15208366513252258,-0.3585532009601593,0.17942102253437042,-0.08036918938159943,-0.16882221400737762,-0.6433603167533875,-0.1746687889099121,-0.03769904002547264,0.20279066264629364,0.0760151594877243,0.0178914163261652,0.08252309262752533
CID000003382,105,-0.060513030737638474,-0.10470648109912872,0.05627697706222534,-0.3930196762084961,0.2933715581893921,0.5828814506530762,0.04260233789682388,-0.48513007164001465,-0.5221515893936157,-0.0010438188910484314,-0.08598607778549194,-0.1615687906742096,0.45157450437545776,0.05378323793411255,0.09764795005321503,-0.14402912557125092,-0.0028326003812253475,-0.09010273218154907,0.05620194226503372,0.09169784933328629,-0.12288657575845718,0.31579118967056274,0.03667568415403366,0.18241003155708313,0.11248297989368439,0.2629557251930237,-0.04567423462867737,-0.28622138500213623,-0.08459847420454025,0.3540967106819153,0.08004538714885712,0.06265473365783691,-0.250049889087677,0.08987550437450409,-0.46868982911109924,0.03814614564180374,-0.13468435406684875,-0.4195779860019684,0.02732774056494236,0.20583371818065643,0.026324599981307983,-0.10719068348407745,-0.15465183556079865,0.1161956787109375,0.5458143949508667,0.2594289779663086,-0.034474823623895645,0.024241292849183083,-0.037006624042987823,-0.02590543031692505,-0.7937544584274292,-0.03718464449048042,-0.17004527151584625,-0.468675434589386,0.44132286310195923,-0.16190485656261444,0.008977430872619152,-0.14305070042610168,0.5682709813117981,-0.11644526571035385,-1.0829447507858276,0.09000018984079361,0.10823223739862442,0.6801450252532959,-0.1895095556974411,-0.47428789734840393,-0.11564211547374725,0.4604054093360901,0.6367088556289673,-0.15419617295265198,-0.7791678309440613,-0.36098653078079224,0.09710969030857086,0.1857195347547531,0.42150822281837463,0.027830898761749268,0.2379869669675827,0.29131069779396057,-0.1696983426809311,-0.22815506160259247,-0.007385843899101019,0.13438694179058075,0.4189002513885498,-0.07396253943443298,-0.03806536644697189,-0.3315301537513733,-0.4113036096096039,0.10034942626953125,0.8630965352058411,0.028914714232087135,0.2420613318681717,-0.19176167249679565,-0.11687488853931427,0.020319625735282898,-0.5123981237411499,0.05230431631207466,-0.22210541367530823,0.4022449553012848,0.0172645952552557,0.11012865602970123,0.7172871828079224,0.1733030378818512,0.40561723709106445,0.2383638173341751,-0.3313497006893158,0.03583066537976265,-0.1840919554233551,0.20741577446460724,0.09234868735074997,0.3932467997074127,-0.1379202902317047,-0.1294318288564682,0.3973882794380188,-0.16888053715229034,0.09908147901296616,0.09839178621768951,-0.2849387228488922,-0.07325948029756546,0.07376852631568909,-0.0003352880594320595,0.3849823772907257,-0.8938562273979187,0.2239389419555664,-0.2288595736026764,-0.6200961470603943,-0.05787329748272896,-0.11861772835254669,0.4099404215812683,0.08802701532840729,0.023630773648619652,-0.028253698721528053,0.39230772852897644,-0.8383287191390991,-0.4818623661994934,0.0014678776497021317,0.10823547840118408,0.48816269636154175,-0.7008724212646484,0.00010708272748161107,0.16249637305736542,-0.03462076187133789,0.41846054792404175,-0.1386529952287674,-0.05597193166613579,-0.15593329071998596,0.021771853789687157,0.08943656831979752,0.4230659604072571,0.019018834456801414,0.30719685554504395,-0.3253224790096283,-0.3547559380531311,0.015901600942015648,-0.10175447165966034,-0.007098537869751453,0.15170730650424957,0.029488181695342064,-0.3301679790019989,0.09927292168140411,-0.08296477794647217,0.3410772979259491,-0.1889580488204956,-1.3208792209625244,-0.07757406681776047,0.546685516834259,0.34057924151420593,-0.10815344005823135,-0.0672936961054802,0.2325962334871292,0.12948212027549744,-0.06382383406162262,-0.033687423914670944,0.5064734220504761,-0.24164529144763947,0.06335416436195374,0.0415046289563179,-0.0015058442950248718,0.08849901705980301,-0.4134500026702881,0.1796044558286667,0.13686245679855347,0.24787040054798126,0.22945360839366913,-0.2794328033924103,0.10181186348199844,-0.29933345317840576,-0.18891826272010803,0.13742823898792267,0.8801952600479126,0.022299235686659813,-0.1152382344007492,0.014394727535545826,0.06847761571407318,0.26495376229286194,0.0693383514881134,0.43045204877853394,0.3042677938938141,0.018061578273773193,-0.012366612441837788,0.33809179067611694,-0.07816939800977707,0.035773564130067825,-0.22297224402427673,-0.056086957454681396,-0.26684051752090454,0.16691312193870544,0.3080744743347168,-0.18514388799667358,-0.4590049684047699,0.2642630636692047,0.645006000995636,0.09738732129335403,-0.0006234288448467851,0.2946314215660095,0.18656280636787415,-0.15847064554691315,0.5263721942901611,-0.06855408847332001,0.2849697172641754,-0.05408713221549988,0.24298763275146484,-0.18414030969142914,-0.7638580203056335,0.018323153257369995,0.5483477711677551,-0.011281466111540794,0.14087264239788055,-0.5426212549209595,0.5544992685317993,-0.20531101524829865,0.284289687871933,-0.18245291709899902,0.2671876549720764,0.1659265011548996,-0.40033572912216187,-0.14830473065376282,-0.013901871629059315,0.10675881803035736,0.16172799468040466,-0.21573033928871155,-0.032213784754276276,0.2754468619823456,0.045198775827884674,0.22756585478782654,0.17801688611507416,-0.627951443195343,0.03808623552322388,0.018239730969071388,0.04789803549647331,-0.7568442225456238,0.12672272324562073,0.4732453227043152,0.07549882680177689,0.008478504605591297,-0.05334014818072319,-0.08270641416311264
CID000003463,106,-0.13675160706043243,-0.05045277997851372,-0.04758471995592117,0.5443642735481262,0.4610097408294678,0.49069976806640625,-0.06840941309928894,-0.48434051871299744,-0.37906885147094727,-0.11367954313755035,-0.010263967327773571,-0.4254511296749115,0.4898914694786072,-0.41296881437301636,0.14459452033042908,0.22945579886436462,-0.05521678179502487,0.2661997377872467,0.3398989140987396,0.03148641064763069,-0.5388168096542358,0.3101081848144531,-0.03110406920313835,0.08781558275222778,-0.2857196629047394,-0.2713058590888977,0.10437377542257309,0.18642643094062805,0.09102959930896759,0.5715986490249634,-0.2361411303281784,-0.02974262461066246,-0.12705470621585846,-0.07868070155382156,-0.7315093278884888,0.3639295697212219,-0.5601041913032532,-0.29720577597618103,0.049929551780223846,-0.07319678366184235,0.26433154940605164,0.2565329074859619,-0.3045845627784729,-0.34747323393821716,0.6104725003242493,-0.015542661771178246,0.33745986223220825,-0.1959656924009323,0.22364643216133118,-0.19536080956459045,-0.9962356686592102,-0.022760268300771713,-0.25948330760002136,-0.05398832634091377,-0.10034577548503876,-0.06451933830976486,-0.24248790740966797,-0.1497713327407837,0.24046020209789276,0.10466925799846649,-1.0842481851577759,-0.2213362157344818,-0.04474712908267975,0.6362907886505127,-0.13219013810157776,-0.04857040196657181,-0.4806702136993408,0.5501478314399719,-0.16497595608234406,-0.01764827035367489,-1.0478929281234741,-0.09537790715694427,0.2585489749908447,0.2529858648777008,0.5163596272468567,0.16850093007087708,0.38595810532569885,0.05485107749700546,-0.22956819832324982,-0.2806532680988312,-0.21306991577148438,0.03733397275209427,0.10865156352519989,0.2185424268245697,-0.04110041260719299,-0.04619992896914482,-0.033485062420368195,-0.0844523161649704,0.8375943899154663,0.28530001640319824,-0.17701312899589539,0.35246795415878296,-0.14178231358528137,0.25153669714927673,-0.9888580441474915,0.06247265264391899,-0.23424994945526123,0.38139063119888306,-0.25891634821891785,-0.456746906042099,0.6912409663200378,-0.07287601381540298,-0.04820781201124191,0.1018800288438797,-0.006446448154747486,0.010538959875702858,-0.28482064604759216,0.09769096225500107,-0.03668300807476044,0.1987629234790802,-0.318594366312027,0.3095927834510803,0.9145389795303345,-0.16938470304012299,0.21589334309101105,0.21045395731925964,0.07066778838634491,-0.7145156264305115,0.2436109036207199,-0.23968830704689026,0.3329591155052185,-0.9043254852294922,-0.2493191659450531,-0.47068294882774353,-0.6471883654594421,0.16942395269870758,-0.06803125143051147,0.1912018358707428,0.2896329462528229,-0.06150024011731148,-0.20427651703357697,-0.18716184794902802,-0.5991107821464539,-0.6293936967849731,-0.12893250584602356,0.09902508556842804,0.6847180128097534,-0.6241937279701233,0.21628651022911072,-0.044576603919267654,-0.17793574929237366,0.15937674045562744,-0.3384457528591156,0.2886190414428711,-0.120657779276371,0.4573919177055359,-0.27883046865463257,0.06408458948135376,-0.33256012201309204,0.31462860107421875,0.20939238369464874,-0.012549543753266335,0.16835300624370575,0.5966436862945557,-0.052187420427799225,-0.2849104106426239,-0.10314156860113144,-0.6364360451698303,-0.16199597716331482,0.20067444443702698,0.13041366636753082,0.16112858057022095,-1.1740413904190063,-0.0919688269495964,0.6503511071205139,0.11386382579803467,-0.2539459764957428,0.6009293794631958,0.3437857925891876,-0.21057119965553284,-0.14189207553863525,-0.06207514554262161,0.5215717554092407,0.2133065164089203,0.3789367079734802,-0.13588456809520721,0.211990624666214,-0.02714741788804531,-0.22039899230003357,-0.004012969322502613,0.2002299726009369,0.27347660064697266,-0.27758246660232544,0.08555702120065689,-0.039482880383729935,-0.29526078701019287,-1.0783153772354126,-0.003990888595581055,0.5571601390838623,-0.1807096004486084,-0.030412789434194565,-0.2574424743652344,0.0583210214972496,0.09125795215368271,-0.3537781834602356,0.32515326142311096,0.22833140194416046,0.1017163023352623,-0.1305735856294632,-0.06460490077733994,0.008568857796490192,-0.045455705374479294,-0.7278568148612976,-0.06256172060966492,-0.29860812425613403,0.5228186249732971,0.3218194842338562,0.45375022292137146,-0.3621929883956909,0.02790103852748871,0.2428853064775467,-0.26473328471183777,0.06679896265268326,0.15589448809623718,0.052789151668548584,0.2332172393798828,0.6590545177459717,0.06761711835861206,-0.13293984532356262,0.14560092985630035,0.20209002494812012,0.23817670345306396,-0.8505805730819702,0.05352551490068436,0.5158507227897644,-0.11027099937200546,-0.08090511709451675,-0.0809163898229599,0.8683111071586609,0.02555876038968563,-0.06908334791660309,-0.06244567781686783,0.35413384437561035,0.01490812562406063,-0.0693734809756279,-0.03478027507662773,-0.16294193267822266,0.42891010642051697,-0.0011390435975044966,0.2317872941493988,-0.27562564611434937,0.017374102026224136,-0.07156610488891602,0.20527617633342743,0.01733229123055935,-0.6262695789337158,0.5714417695999146,-0.04619359225034714,-0.025575917214155197,-0.9831957817077637,-0.06965523958206177,0.327894926071167,0.5472193360328674,0.13912169635295868,0.043317172676324844,-0.15093491971492767
CID000004510,107,-0.05155615136027336,0.14795884490013123,0.11607229709625244,-0.04240992292761803,0.3723917603492737,0.4229159355163574,-0.08274376392364502,-0.037730615586042404,-0.16717809438705444,-0.10404853522777557,0.16856729984283447,-0.11462364345788956,0.17751656472682953,-0.24558870494365692,-0.023139651864767075,-0.10552117973566055,0.03645286709070206,0.005478356499224901,-0.29614055156707764,-0.10263822972774506,0.03900415450334549,-0.043450869619846344,-0.052081428468227386,0.0207853801548481,0.17464496195316315,-0.05049079656600952,-0.18013770878314972,-0.008773085661232471,0.06990759819746017,0.3006952106952667,0.26870718598365784,-0.29520612955093384,-0.08435602486133575,-0.20274846255779266,-0.543030858039856,-0.14517109096050262,-0.14474539458751678,-0.27787652611732483,0.2435692548751831,-0.07834704965353012,0.20137593150138855,-0.2714694142341614,-0.16907502710819244,-0.30568304657936096,0.1960589587688446,0.23065797984600067,0.12365319579839706,0.1752118468284607,0.318439245223999,-0.004495131783187389,-0.2256029099225998,0.1006338819861412,0.07968834787607193,-0.09542043507099152,0.05567113682627678,0.1171206682920456,0.10771875083446503,0.07134938985109329,0.13265757262706757,0.1906125396490097,-0.7226877808570862,-0.04099702090024948,-0.10606123507022858,0.1103869304060936,0.2582545578479767,0.12006530910730362,-0.3803699016571045,0.04396287724375725,0.18088099360466003,-0.13604721426963806,-0.3200003504753113,-0.049314823001623154,0.022565847262740135,-0.11141196638345718,0.1597931832075119,0.08153825998306274,-0.06924623996019363,0.14846007525920868,-0.008405299857258797,-0.01815817877650261,-0.4389469623565674,-0.08352278172969818,0.04262061417102814,-0.08138293027877808,-0.07009295374155045,-0.048192571848630905,-0.3341003954410553,0.32143735885620117,0.4882371425628662,-0.3732616603374481,-0.1489754170179367,0.040995530784130096,0.11227580159902573,0.0007958054775372148,-0.5712488889694214,-0.0542045459151268,-0.2769666612148285,0.20750005543231964,0.2938902676105499,-0.20838940143585205,0.49078574776649475,0.28873100876808167,-0.018010597676038742,-0.1229775920510292,-0.1916716992855072,-0.03331980109214783,-0.4779950678348541,0.04644738510251045,0.19221678376197815,0.37164345383644104,-0.026242200285196304,-0.016426172107458115,0.15899713337421417,-0.04014801234006882,-0.06017956882715225,-0.2761137783527374,0.14465439319610596,-0.037032485008239746,0.14707474410533905,0.09432171285152435,-0.11833323538303375,-0.5998548865318298,0.2349925935268402,-0.3187539875507355,-0.5370051860809326,-0.025198424234986305,0.04799594357609749,0.30066555738449097,0.1721642166376114,0.04290832206606865,-0.13720004260540009,-0.04234318062663078,-0.5317429900169373,-0.42133885622024536,-0.40297406911849976,-0.0851900726556778,0.4245348870754242,-0.19719652831554413,-0.046927303075790405,0.049914199858903885,-0.07222197949886322,0.3535865247249603,-0.11882920563220978,0.059610020369291306,-0.036420367658138275,0.01019593607634306,0.2064107209444046,-0.03025924600660801,-0.034528061747550964,-0.056372445076704025,-0.17408761382102966,0.08296585083007812,-0.1384657919406891,0.07886473834514618,-0.03245941549539566,-0.12739954888820648,-0.0826401561498642,-0.41696304082870483,0.260505735874176,-0.3276633024215698,0.11506104469299316,-0.07327800244092941,-0.7989203333854675,0.23646540939807892,0.2976161539554596,0.3131074607372284,0.18532463908195496,0.08574068546295166,0.23104839026927948,0.13785336911678314,-0.056559495627880096,-0.010978703387081623,0.3890529274940491,-0.09632030129432678,0.023024028167128563,0.23031334578990936,0.439159631729126,0.0886147990822792,-0.4332614839076996,-0.23201768100261688,0.2524191737174988,0.489330530166626,-0.003194094868376851,0.17799654603004456,-0.18799355626106262,-0.056097812950611115,-0.3460410237312317,-0.0016555741894990206,0.594068169593811,-0.09611077606678009,0.1397772580385208,-0.3467024266719818,0.26368117332458496,0.04436907544732094,-0.08936768025159836,0.5240595936775208,0.1756613403558731,-0.31301242113113403,-0.17392751574516296,-0.07001163065433502,0.014117059297859669,0.11760187149047852,-0.3350699543952942,0.024376947432756424,-0.10409021377563477,0.24639105796813965,0.19099517166614532,0.14787913858890533,-0.20919585227966309,-0.1643071323633194,0.17348065972328186,0.11119282245635986,-0.016801979392766953,0.1345624178647995,0.03871189057826996,-0.2049790918827057,0.4976389408111572,-0.4689144492149353,-0.0618441104888916,-0.19223877787590027,-0.07852740585803986,-0.1333872526884079,-0.4995436668395996,-0.07001499831676483,0.42979660630226135,-0.05393102020025253,0.29805701971054077,-0.4801566004753113,0.5593459606170654,0.23351676762104034,-0.04090022295713425,-0.3767186403274536,-0.18035158514976501,0.10968220233917236,-0.5143289566040039,-0.12562212347984314,0.15617267787456512,0.12550561130046844,0.12652473151683807,-0.008784165605902672,-0.054838769137859344,0.19088733196258545,0.3473963141441345,-0.14692462980747223,-0.11507537215948105,-0.41352343559265137,0.23877081274986267,-0.0452534481883049,0.03286591172218323,-0.5668424367904663,-0.0032142787240445614,-0.060657799243927,0.21424022316932678,0.09312518686056137,-0.0019344508182257414,-0.14597007632255554
CID000004058,108,-0.33514663577079773,-0.06891641020774841,0.06363125145435333,-0.09118442237377167,0.4251505732536316,0.2760736346244812,-0.1358516961336136,0.055214881896972656,-0.33125072717666626,-0.16632553935050964,0.08424157649278641,-0.1994476616382599,0.06578664481639862,-0.2683306932449341,0.13423393666744232,0.13121113181114197,0.15066500008106232,-0.059053801000118256,-0.3910478949546814,-0.05766190215945244,-0.28143179416656494,-0.3233223557472229,-0.07637722790241241,0.17033423483371735,0.251652330160141,-0.09149304777383804,-0.07617943733930588,-0.010941351763904095,-0.018263891339302063,0.4373183846473694,0.17766019701957703,-0.12454207241535187,-0.12541857361793518,-0.00824976246803999,-0.2683015763759613,-0.2655675411224365,-0.30375003814697266,-0.3824978172779083,0.022402523085474968,0.05748886987566948,0.3959316611289978,-0.06973595917224884,-0.29176419973373413,-0.019078917801380157,-0.026656020432710648,-0.002644333988428116,0.2020438015460968,0.08390230685472488,0.294323205947876,-0.0198047012090683,-0.16066327691078186,0.33884575963020325,-0.08361555635929108,-0.17328625917434692,-0.023600894957780838,0.19161003828048706,0.1600191593170166,-0.024662351235747337,0.22964736819267273,-0.07405601441860199,-0.8521049618721008,0.03366873413324356,-0.3085566461086273,0.2009984254837036,0.17318329215049744,0.4171922206878662,-0.5811562538146973,-0.12297868728637695,0.04397830367088318,-0.12374123185873032,-0.188338041305542,-0.27637720108032227,0.06420737504959106,-0.2919129729270935,-0.025334328413009644,0.07974342256784439,-0.10899899899959564,-0.18064002692699432,0.17678606510162354,-0.044108662754297256,-0.3647410273551941,-0.2785463333129883,-0.01712612807750702,-0.3133160471916199,0.11024399846792221,0.13949450850486755,-0.323719322681427,-0.2104518860578537,0.32639676332473755,0.1434403657913208,-0.18739596009254456,-0.39425626397132874,-0.10937335342168808,0.037584975361824036,-0.3816507160663605,0.12849393486976624,-0.27918753027915955,0.16834509372711182,0.21454887092113495,-0.5061855912208557,0.30953389406204224,0.03139428049325943,-0.10631906986236572,0.22607958316802979,-0.046052828431129456,-0.005875729024410248,-0.2419997751712799,0.4484955668449402,0.1756635159254074,0.541282594203949,0.04846561700105667,0.08263657987117767,0.3845237195491791,-0.02694978378713131,0.043597251176834106,-0.23473092913627625,-0.3044735789299011,0.008574468083679676,0.00023658871941734105,-0.022255564108490944,-0.11027070134878159,-0.46615663170814514,0.1904258280992508,-0.4150781035423279,-0.4452829360961914,0.04518779367208481,-0.10545015335083008,0.41298708319664,0.30361565947532654,-0.09080655872821808,0.006887366063892841,0.139699786901474,-0.4688633978366852,-0.3282248079776764,-0.2640048861503601,-0.30093663930892944,0.18264469504356384,-0.07508178055286407,0.0029550562612712383,0.05963412672281265,-0.046760573983192444,0.45215359330177307,-0.24755215644836426,0.14068225026130676,0.1818937510251999,-0.03040476143360138,0.39682650566101074,-0.06737957894802094,-0.052944380789995193,-0.21724720299243927,0.06811115890741348,-0.1823018342256546,-0.3048305809497833,-0.0004934698226861656,-0.06419547647237778,0.029407013207674026,0.10933145135641098,-0.3791099786758423,0.19061963260173798,0.08894449472427368,0.2759987711906433,0.035186491906642914,-0.6080392599105835,0.12171132862567902,0.13619011640548706,0.3056699335575104,-0.11847897619009018,0.06087503582239151,0.3789497911930084,0.09537843614816666,-0.12294505536556244,0.10872630774974823,0.5424100756645203,-0.10299042612314224,0.1717548668384552,0.10577793419361115,0.2872650921344757,0.07990320026874542,-0.3841230571269989,-0.17886745929718018,0.11565431207418442,0.5304352641105652,0.09436251223087311,0.0649636909365654,-0.16244612634181976,0.31458908319473267,-0.22023960947990417,0.028997087851166725,0.3891180753707886,-0.1067470908164978,0.09985233843326569,-0.3304669260978699,0.20605941116809845,-0.35971444845199585,0.01441134326159954,0.5402789115905762,0.10495392233133316,-0.23754934966564178,-0.3481726050376892,0.27764183282852173,0.04135726019740105,0.3603358864784241,-0.27545827627182007,0.1896372139453888,0.05290784686803818,0.5224701762199402,-0.04775911569595337,-0.18975064158439636,0.04307185858488083,-0.3341567814350128,0.06837679445743561,0.33448177576065063,-0.10918406397104263,-0.07624597102403641,0.1751401722431183,0.0463411919772625,0.24519822001457214,0.04455871507525444,-0.1309702843427658,-0.14731211960315704,0.031528718769550323,0.022914335131645203,-0.45474952459335327,-0.1365107297897339,0.3547775149345398,0.034672193229198456,0.3152759373188019,-0.3854084014892578,0.5545035600662231,0.16791987419128418,0.07995552569627762,-0.3324911892414093,-0.17395269870758057,-0.0746624693274498,-0.3071683347225189,-0.3656560778617859,0.05962446331977844,0.20275823771953583,0.2348899394273758,0.15789596736431122,-0.30390241742134094,-0.008891383185982704,-0.03432447463274002,-0.2629640996456146,0.2879672646522522,-0.48623791337013245,0.5695450901985168,0.12502126395702362,0.19521597027778625,-0.3966325521469116,0.27807173132896423,-0.02219260111451149,0.015502837486565113,0.12120883166790009,-0.11534211784601212,-0.1482577621936798
CID000004171,109,-0.09081628918647766,0.09638180583715439,0.4422423839569092,0.20977166295051575,0.6185433268547058,0.26991385221481323,0.2612314820289612,-0.15210524201393127,-0.20978999137878418,-0.3424604535102844,-0.15230347216129303,-0.5979777574539185,0.29080361127853394,-0.2532044053077698,0.2509623169898987,0.07339930534362793,0.2094288319349289,0.1612333208322525,0.09308739751577377,-0.1341812163591385,-0.30360493063926697,-0.07489804923534393,0.034947384148836136,0.019073287025094032,0.14110442996025085,0.04627782106399536,-0.14265002310276031,0.06729411333799362,0.07215476036071777,0.38399189710617065,-0.25238439440727234,-0.13846203684806824,-0.3300565183162689,-0.04733774811029434,-0.25098249316215515,-0.030310172587633133,-0.38181084394454956,-0.45653876662254333,0.049758512526750565,-0.35393479466438293,0.1447925865650177,0.10258448123931885,-0.1811087429523468,-0.15356619656085968,0.10991239547729492,0.16509339213371277,-0.10800318419933319,-0.08816598355770111,0.15247753262519836,-0.15056867897510529,-0.2898856997489929,-0.09438061714172363,-0.23480136692523956,-0.27601224184036255,-0.06751374155282974,-0.24472098052501678,-0.05497633293271065,-0.09551279246807098,0.07147066295146942,-0.11182226985692978,-0.82228022813797,0.05117310211062431,-0.10629630088806152,0.26650094985961914,0.08104763180017471,0.1816023886203766,-0.5875452756881714,0.23923861980438232,0.006537333130836487,0.26203256845474243,-0.49484094977378845,-0.19962835311889648,0.10763509571552277,-0.1050603985786438,0.19709455966949463,0.0987248346209526,0.3985123038291931,0.23450250923633575,0.38941171765327454,-0.031457532197237015,-0.5497878789901733,0.018586566671729088,-0.2722640633583069,-0.17717905342578888,-0.022028103470802307,-0.06009717658162117,-0.058000098913908005,0.131336510181427,0.5397696495056152,0.09366832673549652,-0.03705046698451042,0.005186802241951227,-0.35102179646492004,0.16371293365955353,-0.49394291639328003,0.12065645307302475,-0.4976934492588043,0.5604224801063538,-0.07635077834129333,-0.2962381839752197,0.38823920488357544,-0.03743137791752815,0.011296098120510578,0.44721561670303345,0.03311970829963684,0.01738472282886505,-0.1933593451976776,0.14863349497318268,-0.18772168457508087,0.23405608534812927,-0.15619473159313202,0.057579100131988525,0.449484646320343,-0.05778536945581436,0.05110330134630203,0.2760109007358551,0.2097095549106598,-0.38671061396598816,0.12268882989883423,-0.12167513370513916,-0.11057309806346893,-0.5887753367424011,-0.2570053040981293,-0.40956607460975647,-0.4257623553276062,0.1741284877061844,0.037477701902389526,0.32498419284820557,0.19109290838241577,0.1863938421010971,0.31643736362457275,-0.06593196094036102,-0.5629349946975708,-0.4554298520088196,0.3226329982280731,-0.01713009551167488,0.6136979460716248,-0.045683134347200394,0.0029964696150273085,-0.13195054233074188,-0.26099714636802673,0.25847315788269043,-0.21177645027637482,0.00867028534412384,0.10081546008586884,0.03549622744321823,-0.05972476676106453,0.0029825090896338224,-0.335003525018692,0.07128166407346725,0.08101339638233185,-0.010276486165821552,-0.1505400687456131,0.16419997811317444,-0.3883649706840515,-0.11431422084569931,-0.21308362483978271,-0.46516236662864685,-0.02137359231710434,0.19053755700588226,0.30268386006355286,-0.06695665419101715,-0.9177612066268921,0.11843261867761612,0.31416386365890503,0.33505600690841675,-0.006100833415985107,0.5072667002677917,0.24229970574378967,-0.15676167607307434,-0.1447189748287201,-0.14208243787288666,0.6276640892028809,-0.06341847032308578,-0.12252688407897949,-0.13818003237247467,0.1991567462682724,0.01009889505803585,-0.42287206649780273,0.17053759098052979,0.17219510674476624,0.2548839747905731,-0.06247653812170029,-0.15188124775886536,-0.003184779081493616,0.03674276918172836,-0.625558078289032,-0.03911583498120308,0.22893640398979187,-0.2219693958759308,0.03733719512820244,-0.002495537744835019,0.01861625351011753,-0.41387277841567993,-0.2701846957206726,0.39015498757362366,0.15977135300636292,0.07950777560472488,-0.23168949782848358,0.2202095091342926,-0.019429849460721016,-0.01726146973669529,-0.5800839066505432,0.18648448586463928,-0.2784739136695862,0.49219512939453125,-0.25105997920036316,-0.3277727961540222,-0.027258824557065964,0.027292903512716293,-0.09290102869272232,0.24470706284046173,-0.013841742649674416,0.2029302418231964,0.40854987502098083,0.05036104843020439,0.41961345076560974,0.20741641521453857,-0.09418438374996185,-0.24057984352111816,0.2064182311296463,0.0426410511136055,-0.6071255803108215,-0.07281868159770966,0.6679646372795105,0.10163924843072891,-0.07381904125213623,-0.3771333694458008,0.655239462852478,0.012941030785441399,-0.05972597748041153,-0.2100118100643158,-0.15518100559711456,0.034476522356271744,-0.26248782873153687,-0.20003564655780792,-0.24730631709098816,0.291362464427948,0.07106539607048035,-0.0074104489758610725,-0.04227348044514656,0.05819452553987503,-0.0090403500944376,0.22025029361248016,-0.20857501029968262,-0.4692095220088959,0.4888094365596771,0.15328364074230194,-0.10779782384634018,-0.6986921429634094,-0.12692900002002716,0.0258377306163311,0.3046535551548004,-0.07092386484146118,-0.09673410654067993,-0.1383124738931656
CID000005647,110,-0.007587161846458912,0.11411035060882568,-0.10308516025543213,0.04742461442947388,0.31896114349365234,0.48821181058883667,0.36261966824531555,0.22145120799541473,-0.5705615282058716,-0.29638755321502686,0.30384498834609985,-0.49828076362609863,0.04463426396250725,-0.1533961147069931,-0.04258793592453003,0.17702026665210724,0.10569360107183456,0.16478297114372253,0.16455721855163574,-0.05253641679883003,-0.11127474159002304,0.15542152523994446,0.12082107365131378,0.07718421518802643,-0.3494373857975006,0.06024188920855522,-0.09873718023300171,-0.02812514826655388,-0.26283350586891174,0.5284733176231384,-0.17494893074035645,0.18750187754631042,0.09232287108898163,-0.1965721994638443,-0.6937009692192078,-0.024998143315315247,-0.3763039708137512,-0.23717054724693298,-0.17655670642852783,-0.05740560218691826,-0.02324662357568741,0.09227941930294037,-0.4234488010406494,-0.2886546552181244,0.31281501054763794,0.233030766248703,0.17302334308624268,-0.05771953985095024,-0.006892976351082325,0.07045440375804901,-0.4141680598258972,0.06655384600162506,0.09362296760082245,-0.32166582345962524,0.06890282034873962,-0.2150198221206665,-0.06843900680541992,0.06974756717681885,0.6736222505569458,0.0513886921107769,-0.8949663043022156,0.2657991051673889,-0.4187065660953522,0.39746934175491333,0.3012683093547821,-0.26206153631210327,-0.24321933090686798,0.1896970421075821,-0.11408563703298569,0.1065424457192421,-0.26153096556663513,-0.06894765794277191,0.09222756326198578,-0.0953495055437088,0.7154731750488281,-0.08461571484804153,-0.16909027099609375,0.14040036499500275,0.2128918170928955,-0.1054123193025589,-0.12025755643844604,-0.20280444622039795,-0.40518850088119507,-0.2322981357574463,0.11571012437343597,-0.2504602074623108,-0.24729935824871063,-0.07450046390295029,0.35583028197288513,-0.0021396218799054623,-0.06334112584590912,-0.12074389308691025,0.07501360774040222,-0.03752560541033745,-0.5569689869880676,-0.3056163191795349,0.08865296095609665,0.07825704663991928,-0.013300987891852856,-0.16513694822788239,0.33104053139686584,0.07973133772611618,-0.28034505248069763,0.0045708296820521355,-0.2598898410797119,0.05115722864866257,-0.633185863494873,0.33027034997940063,-0.39572659134864807,0.4615982174873352,0.02177685871720314,0.35180848836898804,0.07036025077104568,-0.0609772689640522,0.09107482433319092,-0.053308404982089996,0.04546798765659332,-0.9353542327880859,0.06523565948009491,0.14431743323802948,0.10433944314718246,-0.6107321977615356,0.09311272948980331,-0.39122578501701355,-0.0304781012237072,0.46318644285202026,0.1291479468345642,0.2515951991081238,-0.07244962453842163,0.08990289270877838,-0.028158102184534073,-0.03327525407075882,-0.4917204976081848,-0.41637057065963745,0.01520694512873888,-0.3124083876609802,0.020243003964424133,-0.37509340047836304,0.03349873423576355,0.0675995945930481,0.05681275576353073,0.31731918454170227,0.0719541534781456,-0.0770050436258316,0.0239674411714077,0.15603649616241455,-0.22322514653205872,0.03105109930038452,-0.15709657967090607,0.09144355356693268,0.1681690812110901,-0.11678609997034073,0.1852724403142929,-0.1776147186756134,0.04294974356889725,-0.05163303762674332,0.03601469099521637,-0.34570273756980896,-0.18265242874622345,0.18720468878746033,-0.0037797079421579838,0.1411692351102829,-0.6919091939926147,-0.07724273204803467,0.27798914909362793,0.22060354053974152,-0.24434256553649902,0.15828602015972137,-0.07145719230175018,0.11503931134939194,-0.37485170364379883,0.0684942826628685,0.4105195999145508,-0.11559136211872101,0.12649819254875183,-0.0883287638425827,0.11329825222492218,-0.010128842666745186,-0.40372735261917114,-0.06972275674343109,0.0462530180811882,0.2723592519760132,-0.11898954957723618,-0.08531175553798676,-0.1444208323955536,-0.25398164987564087,-0.08961054682731628,-0.2182074338197708,0.3770759701728821,0.16309697926044464,0.03562202304601669,-0.1886262446641922,0.3462347388267517,0.25709056854248047,-0.059164129197597504,0.47555437684059143,0.006141460034996271,0.028904225677251816,-0.38699468970298767,0.11493641138076782,0.09983620047569275,-0.06545618921518326,-0.04951397702097893,0.13434378802776337,0.0005909263854846358,0.21669495105743408,-0.1704578548669815,0.024870917201042175,-0.1045909970998764,-0.3763755261898041,-0.08914948999881744,0.006578606553375721,-0.04903894662857056,0.3560113310813904,0.06563866138458252,0.1315837949514389,0.7042516469955444,0.09836173057556152,-0.11785433441400528,-0.26333102583885193,-0.22233662009239197,-0.10598286241292953,-0.4986252784729004,0.09845316410064697,0.08543004095554352,-0.2995937466621399,0.0695795863866806,-0.3906361162662506,0.8927756547927856,0.08097352087497711,-0.34269410371780396,-0.13313975930213928,-0.027828967198729515,-0.31553059816360474,-0.6663646697998047,-0.2567853033542633,-0.3328494429588318,0.12392787635326385,0.028464579954743385,0.16864819824695587,-0.8776699900627136,0.33683180809020996,0.05001406744122505,0.11737696081399918,0.15870140492916107,-0.08664169162511826,0.12184302508831024,-0.21717417240142822,0.07242470979690552,-0.7074416279792786,0.04414624720811844,0.23890647292137146,0.5146260261535645,-0.2692013382911682,0.1414775848388672,0.1095210537314415
CID000003308,111,0.19853506982326508,0.3086218237876892,0.08069606125354767,-0.24573883414268494,0.40366873145103455,0.24302682280540466,0.1901751309633255,-0.5947871208190918,-0.3894330859184265,0.02033967897295952,0.2531030774116516,-0.4210212230682373,0.04271934553980827,-0.21324995160102844,-0.35748291015625,-0.15191586315631866,-0.1133776307106018,0.09218309819698334,0.10445098578929901,0.3584178686141968,0.16821523010730743,0.2705792486667633,-0.21387681365013123,-0.23635753989219666,-0.0979088693857193,-0.10282216221094131,0.12399568408727646,0.07748008519411087,0.2224326878786087,0.26783519983291626,-0.24872715771198273,0.05475457385182381,0.08698707073926926,-0.0751093253493309,-0.9929296374320984,-0.028143858537077904,-0.42368918657302856,-0.2341025173664093,-0.29712870717048645,0.041349660605192184,-0.01149274967610836,0.08960806578397751,-0.312006413936615,-0.2728383541107178,0.5087563991546631,-0.22141607105731964,0.1573922038078308,0.1601375788450241,0.07718401402235031,-0.40389934182167053,-0.85548335313797,0.17988142371177673,-0.24742691218852997,-0.004113182425498962,0.09806032478809357,-0.0608876533806324,-0.2177138328552246,0.2371688336133957,0.4812891483306885,-0.02983153983950615,-1.127142071723938,-0.2817729711532593,-0.30195948481559753,0.40194863080978394,-0.2684268057346344,-0.09557773917913437,-0.49289894104003906,1.0336273908615112,-0.0549495592713356,-0.02738242782652378,-0.4998045861721039,0.030887478962540627,-0.2092411071062088,0.29062819480895996,0.5208262205123901,0.1225055679678917,-0.15445800125598907,0.3050529360771179,-0.05199497938156128,-0.24308471381664276,-0.03742974251508713,0.04817962646484375,0.27068501710891724,-0.176494762301445,-0.16117998957633972,-0.020009491592645645,-0.09589073807001114,0.21786144375801086,0.8064365386962891,0.3238842487335205,0.005657303147017956,0.15725967288017273,-0.008298294618725777,0.20661866664886475,-0.8234769701957703,-0.231593057513237,-0.19533555209636688,0.332147479057312,0.005676150321960449,-0.1835239678621292,0.7533801794052124,-0.15120543539524078,-0.4137759804725647,0.10230781883001328,0.04711455851793289,0.19273242354393005,-0.13977649807929993,0.12484170496463776,0.06951799243688583,0.16751441359519958,-0.038087211549282074,0.14534232020378113,0.5245930552482605,-0.07493827491998672,0.3331034779548645,0.10811924934387207,0.16052941977977753,-0.5614615082740784,0.3658755123615265,-0.08904243260622025,0.37434014678001404,-1.2176249027252197,-0.13481375575065613,-0.006314975209534168,-0.5753082036972046,-0.09056831896305084,-0.12386195361614227,0.3146936297416687,0.22080440819263458,0.38123950362205505,0.03993135690689087,0.047899164259433746,-0.6682302951812744,-0.2816702723503113,0.015176266431808472,0.2477554827928543,0.6852160692214966,-0.3867131769657135,0.03444855287671089,0.2785041034221649,0.05798087641596794,0.11548557132482529,0.24505190551280975,-0.2168826162815094,-0.15999345481395721,0.02856939472258091,-0.1829954981803894,0.20167379081249237,0.2080753743648529,0.2514660954475403,-0.04164871573448181,0.1627291738986969,0.1205049529671669,0.12471524626016617,0.3563888967037201,-0.09893834590911865,-0.08617482334375381,-0.25838983058929443,-0.24136817455291748,0.10582069307565689,0.17490234971046448,-0.09587784111499786,-1.1530905961990356,-0.11866290867328644,0.9221380352973938,0.08588103950023651,-0.3131704330444336,-0.11223733425140381,-0.23495833575725555,-0.13153265416622162,-0.11369089782238007,-0.164480060338974,0.5988634824752808,0.2121257334947586,-0.02338760532438755,0.048118315637111664,0.21310123801231384,0.3071233630180359,-0.3417646288871765,0.190036341547966,0.07804460823535919,0.20913271605968475,0.17706547677516937,0.03012664243578911,0.039492376148700714,-0.25171878933906555,-0.49688276648521423,-0.041472338140010834,0.9372738003730774,-0.10141579806804657,-0.30459070205688477,-0.46124210953712463,-0.017623189836740494,-0.09110204130411148,-0.16982419788837433,0.2296837866306305,-0.10548318922519684,-0.06350265443325043,-0.5430690050125122,-0.07578922808170319,0.1832253783941269,-0.4179766774177551,-0.5826274156570435,-0.1763603836297989,0.06409300863742828,0.16079767048358917,-0.06264009326696396,0.16923215985298157,-0.40928202867507935,-0.32739824056625366,0.4528784155845642,0.05604763701558113,-0.19622960686683655,0.11195552349090576,0.12010719627141953,-0.23935945332050323,0.9210454821586609,0.5618465542793274,-0.04518119618296623,0.06240520998835564,0.1390327662229538,-0.30388036370277405,-0.8652992248535156,0.1451348513364792,0.3304171562194824,-0.02154133841395378,0.07622168213129044,-0.1588324010372162,1.0501377582550049,-0.01705874130129814,-0.22321459650993347,-0.10522941499948502,0.1489967703819275,-0.10670628398656845,-0.3215259611606598,-0.29043543338775635,0.07567138969898224,0.11877582967281342,0.11781928688287735,0.10473346710205078,-0.084088996052742,-0.22861668467521667,-0.016018705442547798,0.07478265464305878,-0.19690194725990295,-0.5226312875747681,0.2414046972990036,0.03560442849993706,-0.10454313457012177,-1.2290979623794556,-0.2390792816877365,0.8086985349655151,0.24867498874664307,0.30959245562553406,-0.010304589755833149,-0.19528451561927795
CID000004173,112,-0.1437256932258606,-0.15364448726177216,-0.11886580288410187,-0.20192208886146545,0.714243471622467,0.26828092336654663,-0.2228015959262848,0.12387460470199585,-0.19822272658348083,-0.15013697743415833,0.14631009101867676,-0.39511603116989136,-0.09706173837184906,-0.0491584911942482,0.10120215266942978,-0.005885430611670017,0.04848293960094452,-0.09009973704814911,-0.1368875503540039,0.06077248975634575,0.15739762783050537,0.060689426958560944,0.07700352370738983,0.016735127195715904,0.07393687963485718,0.0052074552513659,-0.19943802058696747,0.02941550686955452,-0.011482147499918938,0.2901085615158081,0.04838758334517479,-0.4266253113746643,-0.09063361585140228,0.025394126772880554,-0.47434473037719727,-0.03629105165600777,-0.25882765650749207,-0.21275904774665833,-0.052569855004549026,-0.13696439564228058,0.10592399537563324,-0.07422173023223877,-0.17550592124462128,-0.17391212284564972,0.037037443369627,0.015559698455035686,-0.023269614204764366,0.1703103482723236,-0.07846103608608246,-0.01990870200097561,0.01721900887787342,0.08975522220134735,0.09784497320652008,-0.22830012440681458,0.1523546427488327,-0.035444777458906174,-0.1111392006278038,0.008092519827187061,0.21219930052757263,0.04263186827301979,-0.90901118516922,-0.07936806976795197,-0.21166539192199707,0.18397893011569977,0.15261787176132202,0.050359874963760376,-0.16909709572792053,0.05398637056350708,-0.045928675681352615,0.10985319316387177,-0.17955520749092102,0.12213809788227081,0.060578636825084686,-0.1293303668498993,0.06747617572546005,-0.10490135103464127,-0.15065285563468933,-0.13372577726840973,0.14450979232788086,-0.31441575288772583,-0.23365846276283264,-0.11516542732715607,-0.21565255522727966,-0.06661049276590347,-0.06756360828876495,-0.1657344549894333,-0.14329120516777039,-0.18272948265075684,0.32365682721138,-0.06594490259885788,0.04847697168588638,0.06173719838261604,-0.03905625268816948,-0.014850273728370667,-0.4583817422389984,0.04945041984319687,-0.14188185334205627,0.26605328917503357,0.04259563237428665,-0.1548173874616623,0.2083263397216797,0.18116232752799988,-0.2978442907333374,0.09036187827587128,-0.10488145053386688,0.049824848771095276,-0.5724424719810486,0.255699098110199,0.056249164044857025,0.07606255263090134,0.1855107843875885,0.06620471924543381,0.09118731319904327,-0.009224220179021358,-0.004926470573991537,0.22627389430999756,-0.1288817822933197,-0.07939524948596954,0.0063611045479774475,0.07602574676275253,-0.27488675713539124,-0.6193639039993286,0.06813378632068634,-0.16248032450675964,-0.2957789897918701,0.12016959488391876,-0.10600744187831879,0.38730672001838684,0.07767545431852341,-0.06785315275192261,-0.26357465982437134,0.12974990904331207,-0.3445613980293274,-0.30053597688674927,-0.22528962790966034,-0.29364699125289917,0.12781116366386414,0.08608072996139526,0.02956525608897209,-0.014934015460312366,0.01274128444492817,0.1350771188735962,-0.22347235679626465,0.036786437034606934,0.10519800335168839,-0.2369883507490158,0.21705782413482666,0.04296409711241722,0.2218989133834839,0.0954105406999588,-0.0969967320561409,-0.013305041007697582,-0.04411456733942032,0.03701502084732056,-0.046593666076660156,-0.02625350095331669,-0.11279137432575226,-0.3176572024822235,0.040016092360019684,0.09907107055187225,0.08106428384780884,0.0017562158172950149,-0.9210776090621948,0.09909303486347198,0.13763760030269623,0.2862017750740051,-0.15420576930046082,-0.05889661982655525,0.13833023607730865,0.08086680620908737,-0.14985407888889313,-0.10014079511165619,0.2942047417163849,0.010483342222869396,-0.054741907864809036,0.08578595519065857,0.030896225944161415,0.10541842877864838,-0.45314669609069824,-0.151258185505867,0.2160523682832718,0.17231518030166626,0.06162527948617935,-0.008988549932837486,-0.09665262699127197,-0.040214866399765015,-0.11905132234096527,0.013826072216033936,0.48645204305648804,-0.14384865760803223,0.3164304792881012,-0.19381006062030792,0.0011763781076297164,-0.010612905025482178,-0.010700972750782967,0.4352295994758606,-0.020392421633005142,-0.018892820924520493,-0.0428793765604496,-0.17948010563850403,-0.11102700233459473,-0.07039551436901093,-0.1104053482413292,0.1494642049074173,-0.12423086166381836,0.23659729957580566,0.08305497467517853,-0.04455474019050598,0.07412166893482208,-0.07874874025583267,0.004137188196182251,0.02836744114756584,-0.018409375101327896,0.08671218156814575,0.25894302129745483,0.13723747432231903,0.3027675151824951,0.013815048150718212,-0.09493140876293182,-0.35536837577819824,-0.06254468113183975,-0.15241487324237823,-0.45488983392715454,0.020870093256235123,0.1441478431224823,-0.12221412360668182,0.13627409934997559,-0.2739141583442688,0.6945365071296692,0.0556676909327507,-0.1858784258365631,-0.07690352946519852,-0.25476735830307007,-0.09133322536945343,-0.6948289275169373,-0.18396510183811188,-0.005790534429252148,0.08836030960083008,0.16193564236164093,-0.10124915838241577,-0.2957760989665985,-0.0117116030305624,0.048740603029727936,0.288829505443573,0.1500016748905182,-0.17330045998096466,0.15464922785758972,-0.07161010801792145,-0.1170957088470459,-0.5764671564102173,-0.024134809151291847,-0.015464693307876587,0.10418055951595306,-0.12075395882129669,0.07471899688243866,0.027079317718744278
CID000000450,113,-0.02568264864385128,0.1913503110408783,0.013050863519310951,0.028315162286162376,0.4819590449333191,0.3721664845943451,-0.16407382488250732,-0.018330907449126244,-0.7230234742164612,-0.22184951603412628,-0.41003450751304626,-0.3633868098258972,0.37872564792633057,-0.09467468410730362,0.09564552456140518,0.2167854756116867,-0.021915869787335396,-0.00033523738966323435,-0.060602735728025436,0.17418763041496277,0.13479134440422058,0.10719852149486542,0.07521168887615204,0.1511828601360321,-0.500825822353363,-0.4386822283267975,0.6912765502929688,-0.13697651028633118,0.06555109471082687,0.25906431674957275,-0.12170763313770294,-0.11994034051895142,-0.06455735862255096,-0.0898846685886383,-0.8315315246582031,-0.42140311002731323,-0.562747061252594,-0.156904935836792,0.16756336390972137,0.0822657123208046,-0.048125941306352615,0.3413292169570923,0.031037574633955956,-0.5489643216133118,0.30290958285331726,-0.04852696508169174,-0.02558385767042637,0.03719595819711685,-0.18496541678905487,-0.08884106576442719,-0.5079005360603333,-0.06801049411296844,-0.14493079483509064,-0.3939058184623718,0.20010893046855927,0.10819265991449356,-0.08963468670845032,-0.28724756836891174,0.631655216217041,0.01735936477780342,-1.109924077987671,0.29216426610946655,-0.24615833163261414,0.46319371461868286,-0.14153866469860077,0.16478091478347778,-0.09021909534931183,0.5153588652610779,0.16670331358909607,-0.08982577174901962,-0.07007680833339691,0.22583416104316711,0.14369627833366394,0.2207762449979782,0.20654740929603577,0.09299129992723465,-0.03429880738258362,0.3444311022758484,0.00843560416251421,-0.16205613315105438,-0.2245703935623169,0.025507265701889992,0.1174686998128891,0.049265194684267044,0.137865349650383,0.005395400337874889,-0.16325464844703674,0.0815187320113182,0.7784698605537415,0.11356727033853531,-0.3578484356403351,-0.010363554581999779,0.092983178794384,-0.028334904462099075,-0.9250513911247253,-0.13851098716259003,-0.12472288310527802,0.48815733194351196,-0.018356209620833397,-0.1529914289712906,0.5743330717086792,0.17457889020442963,0.173763245344162,0.09457746893167496,-0.27343007922172546,-0.0030420389957726,-0.08769425004720688,0.3295873701572418,0.18118880689144135,-0.00566839287057519,-0.49441996216773987,0.2887159287929535,0.8476552963256836,-0.06266601383686066,0.21257615089416504,0.08665253967046738,-0.4511684477329254,-0.37918272614479065,0.46749329566955566,-0.13861434161663055,0.2429039031267166,-0.8031953573226929,0.009014785289764404,-0.18804527819156647,-0.6232538223266602,-0.31261005997657776,-0.06810601055622101,0.4150976538658142,0.21534042060375214,-0.14764857292175293,-0.17405319213867188,-0.1113431304693222,-0.358776330947876,-0.32941049337387085,-0.102109894156456,-0.1618029773235321,0.10815558582544327,-0.3026006817817688,-0.15320825576782227,-0.14047008752822876,-0.15404252707958221,0.2980659306049347,-0.004229108337312937,0.05776527523994446,-0.014691534452140331,0.07896940410137177,-0.041789811104536057,0.3261457681655884,0.24839548766613007,-0.0644468441605568,0.2099646031856537,-0.05999801680445671,0.18613861501216888,0.07520697265863419,0.6327794194221497,-0.13907018303871155,-0.06858660280704498,-0.42513102293014526,-0.08125272393226624,0.004793885163962841,0.01016497053205967,0.13612471520900726,-0.9693788290023804,0.17890629172325134,0.42332735657691956,0.3075753450393677,0.07342500239610672,0.2277691811323166,0.002276489045470953,-0.13408420979976654,-0.0935102328658104,-0.013693481683731079,0.5908719301223755,0.09633755683898926,-0.071506068110466,-0.09743374586105347,-0.004485802259296179,0.12890979647636414,-0.4271414279937744,0.018867716193199158,0.14902126789093018,0.20173223316669464,0.08765600621700287,-0.09483323246240616,-0.06558478623628616,-0.025919372215867043,-0.49516230821609497,0.018231762573122978,0.6506474614143372,0.13642500340938568,-0.03730791062116623,-0.07276630401611328,-0.3121774196624756,-0.2015499621629715,-0.21568723022937775,0.5810627937316895,0.4660617411136627,0.1818871796131134,-0.8818957209587097,-0.2824767231941223,-0.0013595707714557648,-0.21566490828990936,-0.8281407356262207,-0.0243196040391922,0.11248861253261566,0.37692007422447205,0.07047442346811295,0.25824031233787537,-0.37013599276542664,0.2669714689254761,0.11444856971502304,-0.043659668415784836,0.06522513926029205,-0.19102635979652405,-0.033462829887866974,0.08354414999485016,0.6288810968399048,-0.021425258368253708,-0.11360251903533936,-0.18718507885932922,0.12020546197891235,-0.05468520522117615,-0.6137090921401978,0.10603256523609161,0.27620357275009155,0.07678349316120148,0.32262954115867615,-0.35190799832344055,0.8365683555603027,0.24378561973571777,0.46267032623291016,-0.10239265859127045,0.3196844458580017,-0.08019737154245377,-0.08424662053585052,-0.27058809995651245,0.2526358962059021,0.05625319480895996,-0.09448828548192978,0.11107728630304337,-0.11359598487615585,0.013214108534157276,0.020476141944527626,0.026883024722337723,0.36553511023521423,-0.7028895616531372,0.2597895860671997,0.12612071633338928,-0.328304648399353,-0.8212010264396667,-0.046644292771816254,0.4974030554294586,0.3999248147010803,0.4449869990348816,0.22493498027324677,-0.24270179867744446
CID000060854,114,-0.1906575858592987,-0.03415404260158539,0.20370133221149445,-0.05287362262606621,0.3029368221759796,0.20318441092967987,0.1724933236837387,0.11942191421985626,-0.2199360430240631,-0.2606599032878876,-0.03421461209654808,-0.34887856245040894,0.05410928651690483,-0.26045116782188416,0.14175918698310852,0.12862597405910492,-0.09363313019275665,0.3689337372779846,-0.029783552512526512,0.1562652736902237,-0.12655046582221985,0.05689861625432968,0.07135335355997086,0.23156587779521942,0.05586118623614311,0.023863717913627625,0.030585598200559616,0.05577368661761284,-0.10860180854797363,0.3275536596775055,-0.15636324882507324,-0.19403891265392303,-0.1913405805826187,-0.04566854238510132,-0.30859023332595825,-0.19935168325901031,-0.27347368001937866,-0.2699800729751587,-0.027206119149923325,0.004188115708529949,0.19430021941661835,0.08718927204608917,-0.17351055145263672,-0.2692203223705292,0.05668672174215317,-0.022053079679608345,0.21434149146080017,0.2686777114868164,-0.19797146320343018,-0.04861114174127579,-0.24226374924182892,0.18546046316623688,0.07100368291139603,-0.12615661323070526,-0.035909224301576614,-0.0083309356123209,0.020001394674181938,0.03699687123298645,0.05371353030204773,-0.02612762711942196,-0.8878847360610962,-0.028428608551621437,-0.29853731393814087,0.21369151771068573,0.14308106899261475,0.16427236795425415,-0.12160694599151611,0.10866238176822662,0.1010894775390625,0.04767543822526932,-0.09300361573696136,0.1252138465642929,-0.0038066976703703403,-0.12325087934732437,0.12929478287696838,-0.06002373248338699,-0.03217901661992073,0.17298489809036255,0.16061334311962128,-0.018265552818775177,-0.21695855259895325,0.0698985755443573,-0.22220063209533691,-0.17466089129447937,-0.17674963176250458,0.1118093952536583,-0.16363804042339325,-0.11199215799570084,0.2580583095550537,0.022830884903669357,0.037883512675762177,-0.12900272011756897,-0.13609644770622253,-0.04304474964737892,-0.4444531798362732,-0.12947888672351837,-0.3939116299152374,0.39023739099502563,0.2572195529937744,-0.36308789253234863,0.2551238238811493,0.17381419241428375,-0.05741740018129349,0.0896250456571579,-0.16434916853904724,0.09716737270355225,-0.21284933388233185,0.21751229465007782,-0.24487300217151642,0.2306400090456009,-0.05687277391552925,0.045555658638477325,0.37768617272377014,-0.06396392732858658,0.005422541406005621,-0.0015752911567687988,-0.04741216078400612,-0.032477203756570816,0.03471972793340683,0.0074274418875575066,-0.14936573803424835,-0.574566662311554,-0.13808958232402802,-0.33203086256980896,-0.3886609375476837,0.09021858125925064,-0.08898969739675522,0.20564934611320496,0.22456789016723633,0.04172134771943092,0.29885417222976685,0.0029801949858665466,-0.5121399164199829,-0.2856736481189728,0.22046010196208954,-0.1755664199590683,0.0965769812464714,0.06866788864135742,0.01686902344226837,0.0841001644730568,-0.08134479075670242,0.2466145008802414,-0.2408381998538971,0.05032862350344658,-0.0353606715798378,-0.03364945575594902,0.06500732153654099,0.093532495200634,-0.040830664336681366,0.03826794773340225,-0.005868447013199329,-0.12916328012943268,0.00511187594383955,0.05671282485127449,0.021420681849122047,-0.09804026037454605,-0.16746744513511658,-0.27519482374191284,0.12578828632831573,0.16891756653785706,0.26285281777381897,-0.012558293528854847,-0.8184449076652527,0.11746366322040558,0.027952367439866066,0.29650017619132996,-0.039511874318122864,-0.1589706838130951,0.3449714183807373,-0.045881159603595734,-0.05693991854786873,-0.07929598540067673,0.35244137048721313,-0.11080731451511383,0.1361350566148758,0.16312524676322937,0.04108386114239693,0.11245117336511612,-0.4604383111000061,-0.13364852964878082,0.15017130970954895,0.3339725434780121,-0.04412548989057541,0.04729602485895157,-0.04591068997979164,0.1464819610118866,-0.37293869256973267,0.018511557951569557,0.2884284555912018,-0.14014703035354614,0.030037585645914078,0.09584569931030273,0.009643432684242725,-0.12199494987726212,-0.06463568657636642,0.4086265563964844,0.20550337433815002,0.050363171845674515,-0.03359932452440262,0.07449083030223846,-0.09073824435472488,-0.05475936084985733,-0.06813141703605652,0.11435383558273315,-0.10040245950222015,0.17460177838802338,0.01059536449611187,-0.19298696517944336,-0.057866036891937256,0.1704942286014557,0.002313998294994235,0.2917890250682831,0.02607502043247223,-0.014623314142227173,0.21985682845115662,0.06261137872934341,0.2458513230085373,0.23913605511188507,-0.03679358959197998,-0.32830506563186646,0.00486616650596261,-0.15654316544532776,-0.30239272117614746,0.09296344220638275,0.4684847295284271,0.03195078670978546,0.28561386466026306,-0.284729540348053,0.5860779881477356,0.10781039297580719,-0.2257063388824463,-0.17015041410923004,-0.21216824650764465,-0.14611901342868805,-0.3403714895248413,-0.2730681002140045,-0.30737125873565674,0.06293164193630219,0.08607661724090576,-0.0852530226111412,-0.009098321199417114,0.0401410236954689,0.15369874238967896,-0.003935790155082941,-0.038662929087877274,-0.14043085277080536,0.06838834285736084,-0.10091874748468399,-0.0773511603474617,-0.5397902727127075,-0.08841651678085327,-0.09365280717611313,0.1991082727909088,-0.1216566190123558,0.017281657084822655,0.031453296542167664
CID000002895,117,-0.1863241046667099,-0.010947072878479958,0.22351336479187012,-0.1624988615512848,0.33925580978393555,0.2809363007545471,-0.16824939846992493,0.06324561685323715,-0.4150678217411041,-0.09957195818424225,0.16061124205589294,-0.26132261753082275,0.07638930529356003,-0.14364847540855408,0.08612071722745895,0.029706526547670364,0.027895620092749596,-0.12803952395915985,-0.16464951634407043,-0.11458762735128403,-0.20047803223133087,0.15100567042827606,0.02239403687417507,-0.08262910693883896,0.019927039742469788,-0.05237830430269241,0.033299773931503296,-0.1856832057237625,-0.054662980139255524,0.16980627179145813,0.02365902066230774,-0.27944430708885193,-0.1528448760509491,-0.09665335714817047,-0.47467222809791565,0.037650905549526215,-0.3304070830345154,-0.2531893849372864,-0.21791796386241913,-0.07919545471668243,0.2518680691719055,0.0017061412800103426,-0.3055317997932434,-0.3319862484931946,0.20893946290016174,0.07351258397102356,-0.11670895665884018,0.15903937816619873,0.1712806224822998,-0.01892612874507904,-0.12519025802612305,0.2292795479297638,-0.029394611716270447,-0.17050854861736298,0.16635379195213318,-0.043381594121456146,-0.12733682990074158,0.004827159456908703,0.31893712282180786,0.16369566321372986,-0.8089174032211304,0.038263462483882904,-0.05914421007037163,0.5391064882278442,0.21552595496177673,0.16859641671180725,-0.16095784306526184,-0.00919274426996708,0.11624866724014282,0.046181779354810715,-0.18088160455226898,0.008143633604049683,0.05084342882037163,-0.2976781129837036,0.05624387413263321,-0.13372132182121277,-0.17734554409980774,-0.05252089351415634,0.13581418991088867,0.0437595471739769,-0.3096701502799988,-0.062334369868040085,-0.1973283588886261,-0.1392514556646347,-0.034108083695173264,-0.07969991862773895,-0.27135947346687317,-0.017445553094148636,0.383064866065979,-0.0018044114112854004,9.379089169669896e-05,-0.04790089279413223,0.08346264064311981,0.017764296382665634,-0.42903217673301697,0.11961670219898224,-0.22006003558635712,0.44739073514938354,0.20549137890338898,-0.15726789832115173,0.32371240854263306,0.24251385033130646,-0.07877516746520996,0.03155181556940079,-0.10768495500087738,0.03552788123488426,-0.33338838815689087,0.26401442289352417,0.100522980093956,0.19382433593273163,0.19973301887512207,-0.10154765844345093,0.4355352520942688,-0.1466086059808731,-0.05293213203549385,0.21650834381580353,0.04851231724023819,-0.03815682604908943,0.118515744805336,0.08057476580142975,-0.09740447998046875,-0.569538950920105,0.23353223502635956,-0.13268990814685822,-0.41281628608703613,0.15917076170444489,-0.1486535370349884,0.40016573667526245,0.2592307925224304,-0.07583414763212204,0.030483145266771317,0.09564809501171112,-0.43564844131469727,-0.33059805631637573,-0.2797871530056,-0.19012443721294403,0.08123619854450226,-0.2321159839630127,0.06133962422609329,0.04239632189273834,-0.031207168474793434,0.16520509123802185,-0.16825011372566223,0.14096644520759583,0.004278221633285284,-0.25444138050079346,0.1819802224636078,-0.06285355240106583,-0.14686354994773865,0.1448504477739334,-0.0686827152967453,0.03593509644269943,-0.12018613517284393,0.16095945239067078,0.021720539778470993,0.14952826499938965,-0.1658644676208496,-0.21857662498950958,-0.012593050487339497,0.1046052798628807,0.1670893430709839,0.005128520540893078,-0.9011313319206238,-0.07505087554454803,0.1690877377986908,0.2397250235080719,-0.32869499921798706,0.10342749208211899,0.20578627288341522,0.09724579006433487,-0.2405279129743576,-0.1304796040058136,0.2838894724845886,-0.0009483933681622148,-0.13469381630420685,0.052977751940488815,0.2966765761375427,0.08264134079217911,-0.43218111991882324,-0.30154526233673096,0.14292660355567932,0.24482759833335876,0.1243308037519455,-0.05472172424197197,-0.0236981101334095,0.0422106496989727,-0.2466742992401123,-0.20109355449676514,0.4282774329185486,-0.045148152858018875,0.09185738861560822,-0.18529757857322693,-0.05471872165799141,-0.0761369913816452,-0.20716607570648193,0.49537596106529236,0.1630692481994629,-0.21779033541679382,-0.12894290685653687,-0.18777333199977875,-0.05284598469734192,0.13647112250328064,-0.3753816485404968,0.04181259125471115,-0.11833897978067398,0.29709723591804504,0.034932222217321396,-0.13502562046051025,-0.08683006465435028,-0.10091634094715118,0.09641703963279724,0.07960779964923859,0.06973150372505188,0.013021236285567284,0.07585032284259796,-0.023719478398561478,0.30186906456947327,0.02717442438006401,0.033146683126688004,-0.25159531831741333,-0.09283280372619629,-0.10483843088150024,-0.5171687006950378,0.08746324479579926,0.2463718205690384,0.07739564031362534,0.2679840922355652,-0.2261842042207718,0.6269439458847046,0.2727068066596985,0.0002768344711512327,-0.2088768184185028,-0.0848037451505661,0.008657388389110565,-0.5050092935562134,-0.2250978946685791,0.015596061944961548,0.18195737898349762,0.18359552323818207,-0.19560036063194275,-0.14057670533657074,0.208633691072464,0.19342951476573944,0.1565626859664917,-0.06305570900440216,-0.47618070244789124,0.3023814558982849,0.059041548520326614,-0.08952181041240692,-0.4790782034397125,0.13333168625831604,0.023266134783625603,0.17408160865306854,-0.07505784928798676,0.0029167314060032368,-0.12496650218963623
CID000005650,118,-0.10009406507015228,-0.010687229223549366,-0.005079460330307484,-0.07536342740058899,0.35127025842666626,0.2920193374156952,-0.05841948837041855,0.051885753870010376,-0.2435719519853592,-0.2847880721092224,-0.14999347925186157,-0.3394177556037903,0.09388013184070587,-0.18634727597236633,-0.18498015403747559,0.14835067093372345,-0.03512692078948021,0.25483405590057373,0.27571040391921997,-0.0014648943906649947,0.033292293548583984,0.07369823753833771,0.05463840812444687,0.07773085683584213,0.028606122359633446,-0.07791371643543243,0.040290284901857376,-0.061514079570770264,-0.06311111897230148,0.2844533324241638,-0.10479047149419785,-0.30000200867652893,-0.1883043348789215,0.14683327078819275,-0.461412250995636,-0.1834087371826172,-0.10528559982776642,-0.3052855432033539,0.04881978780031204,0.01947503723204136,0.053725309669971466,0.14603105187416077,-0.11785179376602173,-0.27236753702163696,0.13981357216835022,-0.08671867847442627,0.20348818600177765,0.25671881437301636,-0.15851281583309174,-0.020793497562408447,-0.22688814997673035,0.017388999462127686,-0.057265184819698334,-0.12231072038412094,0.07825177162885666,0.02636059559881687,-0.0364227332174778,-0.131239652633667,0.04247669130563736,-0.06568498909473419,-0.9562075734138489,0.05678815394639969,-0.4735170900821686,0.17790034413337708,-0.05076361820101738,0.09482620656490326,-0.12664327025413513,0.34969478845596313,0.10308990627527237,-0.09104259312152863,0.006660924758762121,-0.050585996359586716,0.05900891497731209,-0.074488565325737,0.11846093088388443,-0.04542041942477226,0.05439165234565735,0.024182375520467758,0.23234760761260986,-0.10147373378276825,-0.17335674166679382,0.17419245839118958,-0.17267000675201416,-0.09391389787197113,-0.09307022392749786,-0.15316073596477509,-0.12600268423557281,-0.19338099658489227,0.24614563584327698,0.10528278350830078,0.038020528852939606,-0.12395534664392471,-0.0867956206202507,-0.036361489444971085,-0.4811391830444336,-0.08756808191537857,-0.3540622591972351,0.33542120456695557,0.21936194598674774,-0.3005048334598541,0.22889336943626404,0.16744832694530487,9.019822027767077e-05,0.07431479543447495,-0.16937127709388733,0.009935864247381687,-0.2094903439283371,0.20847442746162415,-0.02296658419072628,0.2026963233947754,-0.11517393589019775,-0.05983404070138931,0.3289131224155426,-0.07403136789798737,-0.03460555896162987,0.06412424147129059,-0.11404864490032196,-0.1454954892396927,0.1107756644487381,0.28395217657089233,-0.009920904412865639,-0.639060378074646,0.014835188165307045,-0.23614804446697235,-0.46619248390197754,0.09960644692182541,-0.04222816228866577,0.30069926381111145,0.17471647262573242,0.05089189484715462,0.009546798653900623,0.09752844274044037,-0.4699340760707855,-0.290240079164505,0.09970416128635406,-0.16833055019378662,0.07867976278066635,0.07600916922092438,-0.09177185595035553,0.2310200184583664,-0.13071197271347046,0.15349557995796204,0.19584527611732483,-0.041097696870565414,-0.041943587362766266,0.12613816559314728,-0.11568178236484528,-0.04239188879728317,0.0889606922864914,0.058543287217617035,-0.039920322597026825,0.08173058927059174,0.040209367871284485,0.049202628433704376,-0.08476085960865021,0.0831979513168335,-0.2497871369123459,-0.31722909212112427,0.10261373221874237,0.04393980652093887,0.2642694115638733,0.009234304539859295,-0.8354285359382629,0.14260658621788025,0.13428635895252228,0.22504277527332306,-0.01689077541232109,-0.08572423458099365,0.17626550793647766,-0.033157892525196075,0.05581425875425339,-0.02734888158738613,0.34002676606178284,-0.0510304793715477,0.06968260556459427,0.24786463379859924,0.06706847250461578,0.1399708092212677,-0.5683249831199646,-0.030916482210159302,0.3177363872528076,0.3084694743156433,0.007600580342113972,-0.03306367248296738,0.08759148418903351,0.025910314172506332,-0.31076329946517944,0.015935886651277542,0.370683491230011,-0.10761936008930206,0.12940461933612823,0.07492624223232269,-0.18386992812156677,-0.11724507808685303,-0.14222624897956848,0.21302530169487,0.24449272453784943,-0.05158187076449394,-0.053151022642850876,0.0719221830368042,0.016220983117818832,-0.023695847019553185,-0.1600072681903839,0.13692419230937958,-0.08262097835540771,0.1130506843328476,-0.06410117447376251,-0.23416967689990997,-0.0331721194088459,0.2643016576766968,-0.042835794389247894,0.12643977999687195,-0.07337170839309692,-0.041687700897455215,0.15613877773284912,0.16364090144634247,0.3332316279411316,0.23731008172035217,-0.0315093994140625,-0.20851421356201172,0.0514095239341259,-0.024882782250642776,-0.28585273027420044,0.02370430901646614,0.33614611625671387,-0.036085326224565506,0.20611926913261414,-0.3177279531955719,0.5274930596351624,0.08353142440319061,-0.08916129171848297,-0.10696259886026382,-0.12127172946929932,-0.0931980162858963,-0.44403547048568726,-0.19210579991340637,-0.20207592844963074,0.08458869904279709,0.22094754874706268,-0.1690095067024231,0.006445360369980335,0.06273230165243149,0.11157289892435074,0.05768902227282524,-0.0766243189573288,-0.035751037299633026,0.17775599658489227,-0.22036322951316833,-0.03179386258125305,-0.6455346345901489,0.04726563021540642,0.08856011927127838,0.2170780599117279,-0.052524633705616,-0.17446674406528473,-0.1477707177400589
CID000028112,119,-0.03253070265054703,-0.08258946239948273,-0.09124698489904404,-0.06275933980941772,0.36245059967041016,0.38091933727264404,-0.030100639909505844,0.3641416132450104,-0.38866284489631653,-0.5328587293624878,0.1111379861831665,-0.3825511038303375,0.330292284488678,-0.46147727966308594,-0.1614242047071457,0.06710489839315414,-0.04745554178953171,-0.37729987502098083,0.19415369629859924,0.16876909136772156,-0.20388710498809814,-0.15798771381378174,-0.022971127182245255,0.019611012190580368,0.17883311212062836,-0.024385888129472733,0.020976614207029343,0.05861971899867058,0.1220516562461853,0.692829966545105,-0.16521915793418884,-0.16281968355178833,-0.039495471864938736,-0.1572841852903366,-0.18442702293395996,0.13193310797214508,-0.5751093626022339,-0.387187659740448,-0.22014975547790527,-0.13388150930404663,0.4305953085422516,0.15615904331207275,-0.14706937968730927,0.01239804457873106,0.7255517244338989,0.061017297208309174,0.05730602890253067,0.19577515125274658,0.03087090328335762,-0.13900180160999298,-0.257452130317688,0.15516814589500427,-0.12114217132329941,-0.10511563718318939,0.012306049466133118,0.18733681738376617,0.08076213300228119,-0.025455713272094727,0.14388006925582886,0.2974075675010681,-0.4979233145713806,-0.10103312879800797,-0.4235568940639496,0.18416282534599304,0.08500562608242035,0.1110711321234703,-0.16166849434375763,-0.161542147397995,-0.005331046879291534,-0.13143929839134216,-0.4837990403175354,0.3296268582344055,0.13007524609565735,-0.48780909180641174,0.10634006559848785,0.09745042771100998,0.1313975602388382,0.6946190595626831,0.3150978684425354,-0.10093774646520615,-0.32426053285598755,-0.01229276042431593,-0.13355982303619385,-0.30043458938598633,-0.09556813538074493,0.13209035992622375,-0.22954890131950378,0.2081739455461502,0.35911646485328674,0.11027468740940094,-0.14275558292865753,-0.41432255506515503,-0.20656165480613708,-0.04097834974527359,-0.3622138500213623,0.03783373162150383,-0.20814040303230286,0.2596127688884735,0.3234294056892395,-0.34195342659950256,0.1871606409549713,0.09087873995304108,-0.045463476330041885,0.3615449368953705,-0.451343834400177,-0.005919856019318104,-0.4403318762779236,0.353407621383667,0.08459563553333282,0.22035172581672668,-0.08210892975330353,-0.1126566156744957,0.18727080523967743,-0.15516842901706696,0.1806202232837677,0.047127217054367065,-0.032124169170856476,-0.3581088185310364,0.4810023903846741,0.05565611645579338,-0.09422846138477325,-0.4665553569793701,-0.0707995593547821,-0.48012930154800415,-0.3539571762084961,0.17051450908184052,0.07889894396066666,0.37995535135269165,0.1228579431772232,-0.10740698873996735,-0.2050035297870636,0.03342393785715103,-0.4286545217037201,-0.2948247790336609,0.17774590849876404,-0.4033574163913727,0.3332172930240631,-0.307736337184906,-0.0398075245320797,-0.19962500035762787,-0.3318740129470825,0.1935379058122635,0.24305562674999237,-0.030921965837478638,0.1181010752916336,-0.2787410616874695,-0.13151946663856506,0.2894016206264496,-0.12662971019744873,-0.09415025264024734,-0.00403542211279273,-0.0791187435388565,-0.1978738009929657,0.027696996927261353,-0.0542684905230999,-0.059918008744716644,-0.16270744800567627,-0.43047022819519043,0.21286757290363312,0.24315357208251953,0.12774033844470978,0.01864537037909031,-0.43378400802612305,-0.01848428323864937,0.3139570951461792,0.4603955149650574,-0.2502390742301941,0.14261730015277863,0.22729432582855225,-0.09547828137874603,-0.016048777848482132,-0.38980263471603394,0.42624545097351074,-0.07233935594558716,0.15913349390029907,0.10764104127883911,0.14440104365348816,0.03660469502210617,-0.3898833394050598,-0.14690257608890533,0.04479888826608658,0.2812808156013489,0.11266922950744629,-0.1514517217874527,0.08585701137781143,-0.11535190045833588,-0.45249295234680176,-0.47743290662765503,0.11890115588903427,-0.11193003505468369,0.43199166655540466,-0.5090233087539673,-0.07561442255973816,-0.09176881611347198,-0.5255029797554016,0.7511332631111145,-0.012311967089772224,0.1673295646905899,-0.4218143820762634,-0.29551249742507935,0.015589538030326366,0.12172327190637589,-0.7018605470657349,-0.011464240960776806,-0.17607381939888,0.27176421880722046,-0.33433300256729126,-0.12324043363332748,-0.6174747347831726,0.22815927863121033,-0.049508046358823776,0.25880175828933716,-0.13972432911396027,-0.1797727793455124,0.15460367500782013,-0.2325977087020874,0.5248781442642212,0.1263248175382614,-0.06366254389286041,-0.17181506752967834,0.46978849172592163,-0.12254054844379425,-0.568447470664978,0.06075908616185188,0.368818461894989,0.02963578701019287,0.4171382784843445,-0.1499113142490387,0.7042348980903625,0.2350364625453949,0.008363666944205761,-0.0783771350979805,-0.40185704827308655,0.08322983980178833,-0.343214213848114,-0.36886829137802124,0.03780437260866165,0.37875232100486755,-0.0018160343170166016,-0.19195881485939026,-0.35292285680770874,0.09376738965511322,-0.08883340656757355,0.12602852284908295,-0.05438936874270439,-0.43410634994506836,0.18375171720981598,-0.1886289417743683,0.24206414818763733,-0.5460980534553528,-0.07123707234859467,0.09717847406864166,0.21471185982227325,0.007896697148680687,0.06531694531440735,-0.3084183633327484
CID000004927,122,-0.21896596252918243,-0.1626359075307846,0.34630799293518066,-0.24620488286018372,0.3973732590675354,0.3717065155506134,-0.18446452915668488,0.18993587791919708,-0.268077552318573,-0.14935502409934998,0.07284866273403168,-0.330949604511261,0.05221381038427353,-0.3100569546222687,-0.028498724102973938,0.04226802662014961,-0.0064775533974170685,0.1079639345407486,0.11684640496969223,0.011521776206791401,0.11627018451690674,-0.03399112820625305,0.09823167324066162,0.06037411838769913,0.28258568048477173,-0.04988589882850647,-0.23158712685108185,-0.02784040942788124,-0.2788707911968231,0.4980320930480957,-0.09605112671852112,0.02544473484158516,-0.05416981130838394,0.034508977085351944,-0.26056429743766785,0.17551471292972565,-0.47627705335617065,-0.34902167320251465,-0.024441346526145935,0.000303545588394627,0.01749381422996521,-0.08102909475564957,-0.25139206647872925,-0.18120726943016052,0.04348374530673027,0.19129678606987,-0.020896682515740395,-0.035421572625637054,0.03657551854848862,0.012478223070502281,-0.20370487868785858,0.19939476251602173,-0.15890057384967804,-0.1807439774274826,0.027440166100859642,-0.0659191682934761,-0.05081476643681526,0.05419039726257324,0.19809620082378387,-0.13844817876815796,-0.7187949419021606,-0.1823180764913559,-0.2980623245239258,0.27299243211746216,0.04681006819009781,0.2324916571378708,-0.3314398229122162,-0.14723816514015198,-0.008000398054718971,-0.060038208961486816,0.01386211533099413,-0.05496663972735405,-0.034130897372961044,-0.35831737518310547,-0.04249553754925728,0.1715601086616516,-0.10621730983257294,0.005772104952484369,0.18569894134998322,-0.1622748076915741,-0.5375514626502991,-0.19433550536632538,-0.05972716957330704,-0.2049982100725174,-0.0503009632229805,-0.06486009806394577,-0.2934785783290863,-0.17428728938102722,0.46052780747413635,0.15919364988803864,-0.08088060468435287,-0.17606960237026215,0.12457387149333954,-0.06866041570901871,-0.35874778032302856,-0.11216337978839874,-0.25490403175354004,0.5265519022941589,0.297273725271225,-0.3807033896446228,0.4342915415763855,0.18496672809123993,-0.03401283174753189,-0.04551989957690239,-0.18637046217918396,-0.1466348022222519,-0.46336737275123596,0.40352970361709595,-0.2456718385219574,0.1368280053138733,-0.2035767287015915,-0.030798152089118958,0.1840660125017166,0.10197727382183075,-0.06901415437459946,-0.032815564423799515,-0.20775537192821503,-0.09601522982120514,0.3640764355659485,-0.2688417434692383,-0.15135495364665985,-0.6260975003242493,0.17133764922618866,-0.48152971267700195,-0.2125251293182373,0.0681254044175148,0.01620357856154442,0.3104613721370697,0.15260715782642365,-0.009438404813408852,0.2826225161552429,0.05907973647117615,-0.5196912884712219,-0.23869898915290833,-0.23636993765830994,-0.11888549476861954,0.2163546085357666,-0.04194619506597519,-0.05242050811648369,-0.14551225304603577,0.0889061987400055,0.33868271112442017,-0.06665277481079102,-0.019790345802903175,-0.021819306537508965,0.08486951887607574,0.03398844599723816,-0.05815444514155388,0.25843286514282227,0.07607030123472214,0.09550435096025467,0.0028167502023279667,-0.26696595549583435,-0.10651688277721405,-0.08641332387924194,-0.0049032187089324,0.034185998141765594,-0.4783994257450104,0.058973945677280426,0.14152885973453522,0.20364756882190704,0.035962872207164764,-0.5885106325149536,-0.21325644850730896,0.07374478876590729,0.27230390906333923,-0.06578923761844635,-0.03340460732579231,0.18425270915031433,0.048203013837337494,-0.20303161442279816,-0.13286367058753967,0.7091699838638306,-0.2884120047092438,-0.06262509524822235,-0.02216174080967903,0.04795486479997635,-0.027521517127752304,-0.2738766074180603,-0.07383323460817337,0.2440635710954666,0.3477288484573364,0.1223217248916626,-0.05053931474685669,-0.025411788374185562,-0.15723368525505066,-0.4258674085140228,0.036087214946746826,0.33021119236946106,-0.05603105574846268,0.051514316350221634,-0.13520918786525726,0.08640659600496292,-0.14511559903621674,-0.4294400215148926,0.6288126707077026,0.12170551717281342,-0.03220260888338089,-0.8692121505737305,0.004194578621536493,-0.07285942882299423,0.38739827275276184,-0.4998995363712311,0.1838105022907257,-0.05374869704246521,0.6304264664649963,-0.14813503623008728,-0.12469740211963654,0.1250545084476471,-0.12246279418468475,0.20560845732688904,0.24712905287742615,-0.11364667117595673,0.1036672592163086,0.10265026986598969,0.11493813991546631,0.34569787979125977,0.252821683883667,-0.036769330501556396,-0.36806806921958923,-0.09926071763038635,-0.14138108491897583,-0.4990965723991394,0.05787374824285507,0.23286502063274384,0.21727588772773743,0.2540128827095032,-0.2145508974790573,0.38385701179504395,-0.038048647344112396,0.04126610979437828,-0.3593195974826813,-0.2219831943511963,-0.007963144220411777,-0.47113552689552307,-0.4224475920200348,-0.16190075874328613,0.2558104395866394,0.05735517293214798,0.041268039494752884,-0.3147738575935364,-0.08809283375740051,0.21712246537208557,-0.018332507461309433,0.1175270676612854,-0.4537807106971741,0.17492377758026123,0.1692170649766922,0.18061862885951996,-0.5261191129684448,0.22062194347381592,-0.06643042713403702,0.20928291976451874,-0.03436286002397537,-0.03783761337399483,-0.1529664546251297
CID000003784,123,0.0963340774178505,0.017905663698911667,-0.06905871629714966,-0.09612445533275604,0.15844668447971344,0.3439132571220398,-0.11800873279571533,0.17025819420814514,0.03870466724038124,-0.329272985458374,0.3071642220020294,-0.5035110712051392,0.32253262400627136,-0.15583336353302002,-0.07347413152456284,-0.09772138297557831,-0.11841796338558197,-0.2095276415348053,0.22187009453773499,0.004741779062896967,0.13050667941570282,-0.10210250318050385,-0.03345165401697159,-0.2041919231414795,-0.03560716658830643,-0.20406751334667206,-0.18528801202774048,0.04621564596891403,-0.037937603890895844,0.5295764207839966,-0.2476056069135666,0.08850639313459396,0.12357038259506226,-0.030062919482588768,-0.5146010518074036,0.04747788980603218,-0.36434412002563477,-0.2439132183790207,-0.21504858136177063,0.026488060131669044,0.42398881912231445,0.14941097795963287,-0.2592136561870575,0.11981983482837677,0.3274156451225281,0.05361972376704216,-0.1787036657333374,0.0002977285475935787,-0.18401814997196198,-0.18785889446735382,-0.5388032793998718,0.11954768747091293,-0.1997830718755722,-0.19440974295139313,0.2659897208213806,-0.11513431370258331,0.050389695912599564,0.054098330438137054,0.15231552720069885,-0.07822714745998383,-0.7026618123054504,0.49258607625961304,-0.1381206214427948,0.18798363208770752,0.15328708291053772,-0.12145056575536728,-0.4452822804450989,0.3936545252799988,-0.18257899582386017,0.11949492990970612,-0.6193022727966309,0.09913904964923859,-0.14190569519996643,-0.015997935086488724,0.46118149161338806,0.2015952616930008,0.2938080132007599,0.12229027599096298,0.34000784158706665,-0.012284318916499615,-0.42833399772644043,-0.1728707253932953,-0.2792072892189026,-0.08151964843273163,-0.2804153859615326,-0.03376133367419243,-0.29283565282821655,0.24501070380210876,0.3842880427837372,-0.0662771612405777,0.06941433250904083,-0.2194473296403885,0.1245940700173378,0.05884178355336189,-0.5990303754806519,0.04458560422062874,-0.11134488880634308,0.04013641178607941,-0.059442926198244095,-0.31575915217399597,0.16923773288726807,0.19853194057941437,-0.37486645579338074,0.28654512763023376,-0.32091814279556274,0.12467799335718155,-0.5422241687774658,0.3051695227622986,0.25825071334838867,0.05917847156524658,0.057569462805986404,0.0895007774233818,0.28755560517311096,0.015599524602293968,0.25668808817863464,-0.06394445896148682,0.25224119424819946,-0.5570718050003052,0.07197289913892746,0.1642053872346878,0.19153089821338654,-0.6744839549064636,-0.2680289149284363,-0.6395907998085022,-0.266643226146698,0.12241983413696289,-0.19901247322559357,0.3392658233642578,0.02622086927294731,0.03998635336756706,-0.15214860439300537,-0.04834467172622681,-0.6173229217529297,-0.368064820766449,-0.1429215967655182,-0.30736321210861206,0.678462028503418,-0.16920281946659088,0.2883062958717346,-0.2511424124240875,-0.0918368250131607,0.13579373061656952,-0.0006672263261862099,-0.026731472462415695,-0.07624015212059021,-0.07522521167993546,-0.10904411226511002,0.0841372162103653,0.05912739038467407,-0.19151194393634796,-0.08406052738428116,0.08941154181957245,-0.09979627281427383,0.3304234445095062,-0.3022676408290863,-0.08141342550516129,-0.19591373205184937,-0.44746047258377075,-0.04687107354402542,0.20176272094249725,0.07551150023937225,0.14904913306236267,-0.7265751957893372,0.004595601465553045,0.47104769945144653,0.23117193579673767,-0.11633317172527313,0.014413334429264069,0.13220858573913574,-0.002718985080718994,-0.22652550041675568,-0.16316646337509155,0.49177998304367065,0.11729075759649277,-0.08182189613580704,-0.16509945690631866,-0.04114963486790657,0.07591569423675537,-0.36134040355682373,-0.21654483675956726,0.4102722704410553,0.22998805344104767,0.2130628526210785,-0.07200275361537933,-0.10331176221370697,0.07266838848590851,-0.42356976866722107,-0.09014622122049332,0.5179768204689026,0.4760844111442566,0.027346592396497726,-0.27130377292633057,0.08106358349323273,0.09259617328643799,-0.38633495569229126,0.36354610323905945,-0.1329205185174942,-0.03431092947721481,-0.14742735028266907,-0.003934323787689209,0.12865741550922394,-0.07898500561714172,-0.3056054711341858,0.09741619974374771,-0.2147342413663864,0.558430016040802,-0.4183877110481262,-0.2772810161113739,-0.22589516639709473,-0.09969545155763626,-0.02891642227768898,0.008306926116347313,-0.017273541539907455,0.13959094882011414,0.11471004784107208,-0.2632801830768585,0.5017708539962769,-0.025933831930160522,-0.01288344245404005,-0.05977262184023857,0.045682769268751144,0.06019826978445053,-0.4551338255405426,0.130754292011261,0.3227599859237671,-0.012506362982094288,0.010568523779511452,-0.3207032084465027,0.9654882550239563,0.1603868305683136,-0.381832480430603,0.04604453966021538,-0.08161197602748871,0.12834329903125763,-0.6456784605979919,-0.25789815187454224,0.16959354281425476,0.3708345293998718,0.20708052814006805,-0.03794631361961365,-0.3815484642982483,-0.08211972564458847,0.030574461445212364,0.017990965396165848,-0.14203621447086334,-0.16441936790943146,0.774239182472229,-0.22187158465385437,0.1426357924938202,-0.6800335645675659,-0.20666344463825226,-0.01010333001613617,0.15109802782535553,-0.057083237916231155,-0.021353239193558693,-0.2380625456571579
CID000005402,124,0.06360048055648804,-0.2569449543952942,0.1609361469745636,-0.013938134536147118,0.21658949553966522,0.4092085361480713,-0.27039432525634766,-0.22178049385547638,-0.5179558396339417,-0.22530865669250488,0.049098074436187744,-0.4755973219871521,-0.13197270035743713,-0.1778724640607834,-0.10074318945407867,0.020503884181380272,-0.02383360266685486,-0.07136841863393784,-0.05708550661802292,-0.15007884800434113,-0.24518851935863495,0.02436312660574913,-0.20009474456310272,0.011744147166609764,-0.3923627734184265,0.03186560422182083,0.12759074568748474,0.06261835992336273,-0.05584217980504036,0.36662495136260986,0.028463412076234818,-0.0627918615937233,-0.01726098358631134,0.05296605825424194,-0.38810059428215027,0.12506872415542603,-0.2571362257003784,-0.1725938618183136,-0.056481242179870605,-0.12810461223125458,0.3067304491996765,0.17880386114120483,-0.2530284821987152,-0.406413733959198,0.48897138237953186,0.08062157034873962,-0.1562410145998001,0.06277342885732651,0.2768564820289612,-0.09740878641605377,-0.6450873017311096,0.21313969790935516,-0.32649725675582886,0.005563316401094198,0.3011091351509094,-0.0856882706284523,0.06939296424388885,0.08729089051485062,0.28012287616729736,0.37100163102149963,-0.740505576133728,-0.19928357005119324,-0.16400757431983948,0.34940001368522644,0.04224918410181999,0.2146681845188141,-0.002473765518516302,0.1383419632911682,0.011018147692084312,-0.16668453812599182,-0.2618195712566376,0.0556148886680603,-0.015168512240052223,-0.2114398181438446,0.2712584137916565,-0.04468622803688049,-0.05992560833692551,0.5426254868507385,0.09796959161758423,-0.07317526638507843,-0.20873968303203583,-0.13045407831668854,-0.19682247936725616,-0.07954295724630356,0.050677590072155,-0.07802309095859528,-0.2029699832201004,-0.09808257222175598,0.5937764048576355,-0.024670245125889778,-0.2592330574989319,-0.20451641082763672,0.1370106190443039,0.0024617849849164486,-0.5540913343429565,-0.09124968945980072,-0.13827721774578094,0.35632652044296265,0.3492271602153778,-0.27390867471694946,0.7106581330299377,0.2174343317747116,-0.13815852999687195,-0.19836944341659546,-0.08684363961219788,0.17047254741191864,-0.22018751502037048,0.26324665546417236,0.08160916715860367,0.012727523222565651,0.07142876088619232,-0.07266061007976532,0.49983900785446167,0.07790446281433105,0.03728630393743515,0.16176286339759827,-0.04532821848988533,-0.13720713555812836,0.5850710272789001,0.1263497769832611,0.030718058347702026,-0.6594443917274475,0.27655938267707825,-0.0813085064291954,-0.5896381735801697,-0.0034803361631929874,-0.12066402286291122,0.3980235159397125,0.22482331097126007,0.09981199353933334,-0.022520702332258224,-0.040407903492450714,-0.4940878748893738,-0.34417402744293213,-0.39491206407546997,0.0964929461479187,0.09555491805076599,-0.18567781150341034,0.126449316740036,0.06805887073278427,0.1500682383775711,-0.0008101940038613975,0.19036276638507843,0.1581323742866516,-0.043838899582624435,-0.17369624972343445,0.1037677526473999,0.16194270551204681,-0.2743230164051056,-0.06417879462242126,-0.19812488555908203,0.0012796319788321853,0.37727004289627075,0.06828004121780396,0.010628201998770237,0.014192844741046429,-0.06719102710485458,-0.27136707305908203,0.08273113518953323,0.17110435664653778,0.10632755607366562,-0.18664750456809998,-0.8900983929634094,-0.10955403000116348,0.23712603747844696,0.18542928993701935,-0.2422780990600586,0.279041051864624,0.21161630749702454,0.18769916892051697,-0.26212525367736816,0.06846112012863159,0.3856012225151062,-0.07101882249116898,-0.10109835863113403,0.028614182025194168,0.34023791551589966,0.2675769329071045,-0.451791375875473,-0.0443243682384491,0.11901645362377167,0.36645078659057617,0.3958435654640198,-0.18165503442287445,-0.18341082334518433,-0.11448979377746582,-0.25249117612838745,-0.39233723282814026,0.5063137412071228,-0.1476222574710846,0.07924339920282364,-0.21332669258117676,0.22818055748939514,-0.17200122773647308,-0.33677908778190613,0.5189845561981201,-0.10251379013061523,-0.39842361211776733,-0.20796558260917664,-0.23554249107837677,-0.023147575557231903,0.2033519297838211,-0.03760460764169693,-0.09371910989284515,0.08569552004337311,0.13793274760246277,0.12858115136623383,0.009574159979820251,-0.5505579710006714,-0.10218346118927002,0.20185136795043945,-0.12606780230998993,0.028741538524627686,-0.07641185820102692,-0.01373937726020813,0.13281886279582977,0.2902009189128876,0.08908996731042862,-0.12248261272907257,-0.1005125641822815,-0.03423624113202095,-0.0866432711482048,-0.5090976357460022,0.04611801728606224,0.20948147773742676,0.12661324441432953,0.3290480077266693,-0.04781371355056763,0.4248918890953064,0.046954166144132614,-0.05607933551073074,-0.18654325604438782,0.09395942091941833,0.009966662153601646,-0.35176581144332886,-0.26012131571769714,0.14135180413722992,0.2580336332321167,0.07239244878292084,-0.04929892718791962,-0.06895095854997635,0.02318161353468895,0.11362671852111816,0.15718510746955872,0.03506719321012497,-0.652514636516571,0.1944265067577362,-0.09121083468198776,0.08090244233608246,-0.7574669718742371,0.31990933418273926,0.277118057012558,0.0037924586795270443,0.13758455216884613,0.0275038480758667,-0.045149341225624084
CID000005732,125,-0.11546798050403595,-0.0504361093044281,0.014381763525307178,-0.16511623561382294,0.339865118265152,0.28932833671569824,0.055451758205890656,0.07190482318401337,-0.25476425886154175,-0.2429737150669098,-0.06474332511425018,-0.3334455192089081,0.06584615260362625,-0.21359053254127502,0.12896497547626495,0.08476126194000244,-0.03326208144426346,0.2327556312084198,0.06024058908224106,0.05542566627264023,-0.03968678042292595,0.10626012086868286,0.07842005789279938,0.08790811151266098,0.05521780252456665,-0.0795215591788292,0.13498133420944214,-0.009547834284603596,-0.09041375666856766,0.25645968317985535,0.006913674063980579,-0.19273845851421356,-0.20365262031555176,0.03172079101204872,-0.3440455198287964,-0.007702414877712727,-0.20599918067455292,-0.2503003478050232,-0.1500556319952011,-0.04810886085033417,0.11459523439407349,0.11580924689769745,-0.195057675242424,-0.2311820089817047,0.03406665474176407,-0.08675534278154373,0.094978928565979,0.1667466163635254,-0.19920788705348969,-0.09161879867315292,-0.15108098089694977,0.13422730565071106,0.03440124914050102,-0.11020193248987198,0.0025592639576643705,0.020307501778006554,-0.07433351874351501,0.02260548248887062,0.0707293301820755,-0.006728467531502247,-0.9244972467422485,-0.026557762175798416,-0.35556453466415405,0.20062308013439178,0.08304990828037262,0.14851385354995728,-0.1420823633670807,0.14257869124412537,-0.034672241657972336,0.057009875774383545,-0.03753471374511719,0.12801480293273926,-0.06218918412923813,-0.14717446267604828,0.06162317842245102,-0.0955551490187645,-0.07230828702449799,-0.018027206882834435,0.1820957213640213,-0.0968674048781395,-0.14788201451301575,0.15954583883285522,-0.315771222114563,-0.1400143802165985,-0.14594274759292603,-0.06283470243215561,-0.2095884531736374,-0.22985856235027313,0.22808031737804413,-0.026041876524686813,0.05669743940234184,-0.07595641911029816,-0.14028744399547577,-0.03704828396439552,-0.3879407048225403,-0.0076125808991491795,-0.267790287733078,0.34302085638046265,0.14929601550102234,-0.34683912992477417,0.12652519345283508,0.16807150840759277,-0.12622007727622986,-0.012505793944001198,-0.17105677723884583,0.08827207237482071,-0.3488906919956207,0.26913195848464966,-0.2523193955421448,0.24109835922718048,0.0499553345143795,0.014381748624145985,0.2865225076675415,-0.038963381201028824,-0.056329529732465744,0.09315875917673111,-0.0958082303404808,-0.010421904735267162,0.020026691257953644,-0.020945047959685326,-0.1632596254348755,-0.5711101293563843,-0.12629778683185577,-0.2774224579334259,-0.3825663626194,0.07267732918262482,-0.04594291374087334,0.3020663857460022,0.12366203963756561,0.008514374494552612,0.026730846613645554,0.06443341076374054,-0.5150657892227173,-0.2400178462266922,0.11953894048929214,-0.17939886450767517,0.0770292803645134,0.06296199560165405,-0.07918588817119598,0.09734688699245453,-0.12049071490764618,0.2662983536720276,-0.2350347936153412,-0.07233220338821411,0.006421423051506281,-0.09844643622636795,0.05761415883898735,-0.06794828176498413,-0.044652268290519714,0.10408513247966766,-0.022853685542941093,-0.015570083633065224,-0.04055515676736832,0.08785907924175262,0.13228252530097961,0.006316335406154394,-0.17832118272781372,-0.2996090352535248,0.09332487732172012,0.10361213982105255,0.27314233779907227,-0.04820549488067627,-0.8488001823425293,-0.03325120732188225,0.07606320828199387,0.3213745355606079,-0.15934160351753235,-0.15931005775928497,0.19137442111968994,-0.07019771635532379,-0.09071512520313263,-0.0330929160118103,0.3412611186504364,-0.04421849176287651,0.013451734557747841,0.10385680198669434,0.025237727910280228,0.09804396331310272,-0.46082839369773865,-0.1113763302564621,0.19272682070732117,0.3203350901603699,-0.0056074149906635284,0.031826093792915344,-0.01445816457271576,0.10374514013528824,-0.24694152176380157,0.04597710445523262,0.29823893308639526,-0.06250321120023727,0.13029490411281586,0.03347251936793327,-0.1015147715806961,-0.1224997267127037,-0.1037992462515831,0.33161336183547974,0.03984593600034714,0.06921710819005966,-0.055257298052310944,0.044046126306056976,-0.061472952365875244,-0.06166351959109306,-0.07264815270900726,0.23014864325523376,-0.14288803935050964,0.22930431365966797,-0.004513522610068321,-0.20239615440368652,0.07855957001447678,0.186907559633255,-0.016708269715309143,0.15031759440898895,0.08461182564496994,0.027323221787810326,0.19710609316825867,0.12393634021282196,0.25580182671546936,0.19136600196361542,-0.08470095694065094,-0.40763339400291443,-0.0005387455457821488,-0.09002415835857391,-0.2919321656227112,0.06800737231969833,0.23511013388633728,-0.038481175899505615,0.1665416657924652,-0.286322683095932,0.5723686218261719,0.061145979911088943,-0.20303721725940704,-0.18896833062171936,-0.14616434276103973,-0.11703970283269882,-0.4558459222316742,-0.22262470424175262,-0.31364262104034424,0.05387755483388901,0.22082296013832092,-0.15040439367294312,-0.04945714399218559,0.012304399162530899,0.13273055851459503,0.05863575264811516,0.02731478214263916,-0.15080243349075317,0.1679716855287552,-0.06134216859936714,0.04088457673788071,-0.5714101195335388,-0.019312893971800804,-0.06445542722940445,0.13939939439296722,-0.09212290495634079,0.00037937238812446594,-0.022833194583654404
CID000003958,126,-0.20662586390972137,-0.23640021681785583,0.024887409061193466,-0.14125975966453552,0.15499421954154968,0.3812698721885681,0.09709019213914871,-0.15354761481285095,-0.165191650390625,-0.3679538369178772,0.13145752251148224,-0.3641608953475952,0.10735990107059479,-0.35516175627708435,-0.04175607115030289,-0.09306414425373077,-0.05226690322160721,-0.03824160620570183,0.02395523525774479,0.06394217908382416,-0.15169575810432434,0.16403871774673462,-0.03569226711988449,0.19919729232788086,0.49249085783958435,0.08804581314325333,-0.013276306912302971,0.08815602958202362,0.17629292607307434,0.46283817291259766,0.14732810854911804,-0.12605220079421997,-0.07622287422418594,0.028166983276605606,-0.22404757142066956,0.014514869078993797,-0.40419334173202515,-0.43202048540115356,-0.0028950751293450594,-0.013176764361560345,0.0892617404460907,0.21947288513183594,-0.16248443722724915,-0.06979133188724518,0.11122395098209381,0.11980967223644257,0.08707637339830399,-0.017311787232756615,-0.06390832364559174,0.07800756394863129,-0.010886594653129578,0.08588500320911407,0.022476784884929657,-0.283267080783844,-0.07315832376480103,-0.10026733577251434,0.056600771844387054,0.009163254871964455,0.20573678612709045,-0.09644006937742233,-0.766806960105896,0.029375141486525536,-0.13781890273094177,0.2706599533557892,0.11887206882238388,0.2736431956291199,-0.33998510241508484,0.011866802349686623,0.24093003571033478,0.021778538823127747,0.05945324897766113,0.1122981533408165,0.15693490207195282,-0.25822630524635315,0.2006693333387375,0.1123669296503067,0.11210550367832184,0.08407839387655258,0.1876281052827835,0.20173808932304382,-0.3129580616950989,0.13668164610862732,-0.22831542789936066,-0.2746365964412689,-0.06834468990564346,-0.16020342707633972,-0.47224706411361694,0.20249393582344055,0.577010452747345,-0.10205473750829697,0.32168805599212646,-0.09732450544834137,-0.14003458619117737,0.03355252742767334,-0.45867031812667847,-0.05825201794505119,-0.2124302089214325,0.47932377457618713,-0.056500017642974854,-0.24473845958709717,0.3555220663547516,0.1489146202802658,-0.153556689620018,-0.12809865176677704,-0.07549361884593964,0.013653052970767021,-0.23282627761363983,0.3773115575313568,-0.022919977083802223,0.23037758469581604,0.07942180335521698,0.0999872162938118,0.23739464581012726,-0.27343541383743286,-0.1465248316526413,0.05096600204706192,0.1382763534784317,-0.05554472282528877,0.21004530787467957,-0.02902963198721409,-0.13007326424121857,-0.5828116536140442,-0.13713566958904266,-0.3953905701637268,-0.36795610189437866,-0.16786745190620422,-0.056674372404813766,0.2389359027147293,0.23774845898151398,-0.1811797171831131,0.025102853775024414,0.10588830709457397,-0.6211045980453491,-0.2504693269729614,0.14587850868701935,0.04606359452009201,0.4170880913734436,0.16233275830745697,0.13611654937267303,0.00031703710556030273,-0.11183549463748932,0.2855924665927887,-0.03847140818834305,0.035225432366132736,0.12050957977771759,-0.03805871680378914,0.1262129247188568,0.04297272115945816,-0.1034013032913208,0.15550801157951355,0.08120506256818771,-0.117623470723629,-0.44012030959129333,-0.029512029141187668,-0.1465723067522049,-0.02878558076918125,-0.16538114845752716,-0.3990969955921173,0.06293675303459167,-0.00885320920497179,0.137783020734787,-0.11385969817638397,-0.6839321851730347,-0.046259455382823944,-0.03900863975286484,0.3528599739074707,-0.033729515969753265,0.13940325379371643,0.12204794585704803,-0.22911712527275085,-0.09384562075138092,-0.008202975615859032,0.624801754951477,-0.10218876600265503,0.00919641274958849,-0.0519304983317852,0.0150380190461874,0.08346692472696304,-0.2531760632991791,-0.027323763817548752,0.07131393253803253,0.19395610690116882,0.0052496762946248055,-0.07346370071172714,0.026654597371816635,0.015886161476373672,-0.3738108277320862,0.21612362563610077,0.3029847741127014,0.026887083426117897,-0.001123860478401184,-0.17923538386821747,0.40285882353782654,-0.212784081697464,-0.2559890151023865,0.4804357886314392,0.26826632022857666,-0.03275521472096443,-0.48730921745300293,-0.11978243291378021,0.14560739696025848,0.1561942994594574,-0.39100873470306396,0.21294358372688293,-0.09115372598171234,0.4324151575565338,-0.15376988053321838,-0.06108488887548447,-0.12884405255317688,0.17378631234169006,-0.10064826905727386,0.0635153204202652,-0.19711655378341675,0.287029504776001,0.18015697598457336,-0.2930908501148224,0.20944850146770477,0.0348169282078743,0.2576391100883484,-0.28375598788261414,-0.04438995197415352,0.09126147627830505,-0.39450040459632874,0.1344592571258545,0.4146842062473297,0.28990083932876587,0.09535815566778183,-0.3786197900772095,0.4449085295200348,0.19112130999565125,-0.18786373734474182,-0.4664037823677063,-0.13117432594299316,-0.03725596144795418,-0.2408410757780075,-0.4150848984718323,-0.1493566483259201,0.14764529466629028,0.044161926954984665,0.08143427222967148,-0.29360443353652954,0.12142999470233917,0.40987473726272583,0.023280436173081398,-0.10118377208709717,-0.4394311010837555,0.3674549460411072,0.02622581645846367,0.056822068989276886,-0.5479165315628052,0.018955707550048828,-0.07171161472797394,0.206337571144104,0.14044733345508575,-0.15062204003334045,0.17806586623191833
CID000005487,127,-0.1910572350025177,-0.18646058440208435,-0.11580386012792587,-0.2065584361553192,0.19059021770954132,0.2893964946269989,-0.1850966364145279,0.08198871463537216,-0.2016785889863968,-0.22841835021972656,-0.028305048123002052,-0.3214527368545532,-0.01442041713744402,-0.20569637417793274,0.13565227389335632,-0.018273651599884033,-0.08636955171823502,0.14470747113227844,-0.10392770916223526,-0.02678927406668663,0.03268914669752121,0.12673072516918182,0.07445408403873444,0.14559440314769745,-0.06372946500778198,-0.06535941362380981,0.11411819607019424,0.00533584039658308,-0.02742791175842285,0.26502394676208496,0.02982110157608986,-0.2972094416618347,-0.08975116163492203,0.045237161219120026,-0.4209543764591217,-0.06400485336780548,-0.2928292155265808,-0.20250336825847626,-0.08030062168836594,-0.03014603815972805,0.06691242754459381,0.15581876039505005,-0.21583351492881775,-0.31108400225639343,0.047198761254549026,0.07184676080942154,0.07063599675893784,0.05954396724700928,-0.0839964747428894,-0.009749501943588257,-0.05485920235514641,0.2699875235557556,0.07523344457149506,-0.14440982043743134,0.04775959998369217,-0.01238611526787281,-0.014392152428627014,-0.0009087517973966897,0.05858135223388672,0.016801536083221436,-0.9312989115715027,-0.11579728126525879,-0.34441742300987244,0.1997753530740738,0.20019550621509552,0.18275214731693268,-0.18630249798297882,0.03584926575422287,-0.0440848208963871,0.03215605393052101,-0.06393702328205109,0.3157617747783661,-0.14794568717479706,-0.23931214213371277,0.05541478469967842,-0.1085299700498581,-0.07330109924077988,-0.08645352721214294,0.13918806612491608,0.07465703785419464,-0.1917492151260376,-0.07399476319551468,-0.2354239970445633,-0.10103540122509003,-0.18907573819160461,-0.03585326671600342,-0.35182538628578186,-0.23120908439159393,0.26954078674316406,-0.028414666652679443,-0.1386372596025467,-0.1694490760564804,-0.0039556147530674934,0.004083472304046154,-0.4397813379764557,0.023046256974339485,-0.2773669362068176,0.34189313650131226,0.23928944766521454,-0.3752715587615967,0.1622505486011505,0.27479106187820435,-0.1932677924633026,-0.21835987269878387,-0.11835642158985138,-0.03428158909082413,-0.4102541506290436,0.2789812386035919,-0.056683529168367386,0.32696276903152466,0.05666856840252876,-0.005182004068046808,0.250332236289978,0.05644654482603073,0.04401493817567825,0.22746236622333527,-0.14232556521892548,-0.015997933223843575,0.010433809831738472,-0.014924831688404083,-0.2389194220304489,-0.6174589991569519,-0.05327274277806282,-0.21752865612506866,-0.33830082416534424,0.08437426388263702,-0.11308209598064423,0.2858377695083618,0.19284553825855255,-0.009027661755681038,-0.11087580025196075,0.07839785516262054,-0.48407110571861267,-0.31153520941734314,-0.16645851731300354,-0.20331652462482452,0.08934712409973145,0.07195903360843658,-0.03932000324130058,0.05773579329252243,0.0130488695576787,0.3522632122039795,-0.22665250301361084,-0.08248437196016312,-0.02467661164700985,-0.15271420776844025,0.22511987388134003,-0.07014674693346024,0.07244347035884857,0.11941628158092499,-0.05191230773925781,-0.10856349766254425,0.07161665707826614,0.05696060508489609,0.16051740944385529,-0.03921348601579666,-0.16752292215824127,-0.23419320583343506,0.1053091287612915,-0.020985877141356468,0.1062455028295517,-0.039025332778692245,-0.8828137516975403,0.10086679458618164,0.04542623832821846,0.2594027817249298,-0.1581847369670868,-0.12840847671031952,0.20242664217948914,0.018942857161164284,-0.12174401432275772,-0.11756809055805206,0.29431647062301636,-0.10811150074005127,-0.006334826350212097,-0.015322135761380196,0.13663949072360992,0.2041124403476715,-0.4977814257144928,-0.21851710975170135,0.18272042274475098,0.35634109377861023,0.03684503585100174,-0.053306203335523605,-0.09625221788883209,0.12819531559944153,-0.2581602931022644,-0.017175931483507156,0.37908855080604553,-0.24895699322223663,0.15972186625003815,-0.004455037415027618,0.05668605491518974,-0.14777421951293945,-0.06811010837554932,0.4176807403564453,0.08470484614372253,0.07386873662471771,-0.049585990607738495,-0.16305997967720032,-0.02400744892656803,-0.0870528370141983,-0.0926467776298523,0.06949715316295624,-0.12873734533786774,0.27101150155067444,-0.02940920926630497,-0.13145098090171814,0.061757661402225494,-0.028525829315185547,-0.054778505116701126,0.21094341576099396,0.11418874561786652,0.030137594789266586,0.10825731605291367,0.20844857394695282,0.2509748935699463,0.12922941148281097,-0.20357592403888702,-0.3630915880203247,0.017225343734025955,-0.15340064465999603,-0.32655173540115356,0.12229718267917633,0.3265838623046875,-0.05270180106163025,0.23708577454090118,-0.2892865538597107,0.5705363750457764,0.0870278999209404,-0.16665451228618622,-0.22474081814289093,-0.18757519125938416,-0.04255472496151924,-0.5088925361633301,-0.21633455157279968,-0.007747662253677845,0.08637724816799164,0.21035785973072052,-0.13420972228050232,-0.09829745441675186,-0.10447411239147186,-0.02664003148674965,0.15179331600666046,0.1699584424495697,-0.1280631124973297,0.16679775714874268,-0.07450927048921585,-0.015261304564774036,-0.5860787034034729,-0.09756463766098022,-0.08277031779289246,0.11820795387029648,-0.13018235564231873,0.07653478533029556,0.04194915294647217
CID000002022,128,0.08639796078205109,0.13334789872169495,-0.09310516715049744,0.06323490291833878,0.4754079282283783,0.5352059602737427,0.22668063640594482,0.18872308731079102,-0.5283023118972778,-0.3409368693828583,0.5239713191986084,-0.4903397560119629,0.0761941447854042,-0.14282986521720886,-0.1348138302564621,0.0281198862940073,0.09261129796504974,0.1461932361125946,0.12167041003704071,-0.02983793243765831,-0.015637550503015518,0.3200077414512634,0.017699934542179108,0.23537170886993408,-0.08077681809663773,0.06217760965228081,-0.05177844688296318,-0.09724563360214233,-0.14490169286727905,0.5917345285415649,-0.2879555821418762,0.26832693815231323,0.12377309799194336,-0.15938054025173187,-0.7026218175888062,0.039374325424432755,-0.5062342882156372,-0.24302640557289124,-0.27603834867477417,0.11423053592443466,-0.04934316873550415,0.11997594684362411,-0.4451993405818939,-0.16827146708965302,0.4929136633872986,0.30656886100769043,-0.004086657427251339,-0.12936954200267792,0.23817181587219238,0.08421583473682404,-0.6284353137016296,0.019600579515099525,-0.03784623369574547,-0.3336622416973114,-0.028034090995788574,-0.2583858370780945,-0.06327001750469208,-0.0018208802212029696,0.7586154341697693,0.2687695324420929,-0.8889177441596985,0.18751160800457,-0.3902561664581299,0.4387884736061096,0.1873074173927307,-0.3554970920085907,-0.3274584710597992,0.030221957713365555,-0.07886257767677307,-0.14697988331317902,-0.4305879473686218,-0.17317917943000793,-0.024976173415780067,-0.13007912039756775,0.735440731048584,-0.016249533742666245,-0.0932760238647461,0.21475490927696228,0.11745427548885345,-0.15348763763904572,-0.09875210374593735,-0.08393099159002304,-0.3957473635673523,-0.1836622655391693,0.180447518825531,-0.42913976311683655,-0.1502912938594818,0.05219273641705513,0.41070303320884705,-0.014178553596138954,-0.31554919481277466,-0.29231181740760803,0.156050443649292,-0.19910773634910583,-0.5575448274612427,-0.2609001100063324,0.037111856043338776,0.13968853652477264,0.11597803980112076,-0.17614515125751495,0.3763696551322937,0.06841976940631866,-0.2372700423002243,0.2734108567237854,-0.21536409854888916,0.0005891009932383895,-0.6040856242179871,0.44579869508743286,-0.41241735219955444,0.43535560369491577,0.017854252830147743,0.3194010853767395,0.08493558317422867,-0.019523750990629196,0.18572083115577698,-0.16141749918460846,0.10386507213115692,-1.0221301317214966,0.16296713054180145,0.03876262530684471,0.14458313584327698,-0.8013025522232056,0.027567392215132713,-0.40716418623924255,-0.12733450531959534,0.49925604462623596,0.19501879811286926,0.31660085916519165,-0.06868065893650055,0.11785106360912323,-0.1305968463420868,-0.12538376450538635,-0.4095163941383362,-0.4304371774196625,-0.06445615738630295,-0.3485349118709564,0.1962490826845169,-0.39656949043273926,0.14696618914604187,-0.09633238613605499,-0.03979060798883438,0.43448343873023987,0.10277210175991058,-0.018062591552734375,-0.0016192048788070679,0.20531439781188965,-0.17314282059669495,-0.06571898609399796,-0.24135634303092957,0.24849072098731995,-0.0009325594874098897,-0.30698466300964355,0.029399994760751724,-0.20995107293128967,0.011684387922286987,-0.113514743745327,0.09223222732543945,-0.5143344402313232,-0.11250722408294678,0.21896250545978546,-0.06135527417063713,0.17316877841949463,-0.6149731278419495,-0.12352442741394043,0.45499682426452637,0.2445855587720871,-0.3252315819263458,0.2536982297897339,0.10034875571727753,-0.04613671079277992,-0.5506733655929565,-0.06971510499715805,0.4633394181728363,-0.08551935106515884,0.06465372443199158,-0.10821668803691864,0.41403764486312866,-0.10746712982654572,-0.3339869976043701,-0.11800123751163483,-0.038819946348667145,0.28703078627586365,-0.042591676115989685,-0.11627373844385147,-0.07319524884223938,-0.16625601053237915,-0.10198768228292465,-0.35369259119033813,0.4898599684238434,0.29478293657302856,0.015595147386193275,-0.31015172600746155,0.24032752215862274,0.3249288499355316,-0.15689857304096222,0.723776638507843,-0.046214859932661057,-0.08411060273647308,-0.3821098506450653,0.253177672624588,-0.04261177033185959,-0.10313209146261215,-0.2799377143383026,0.10917086899280548,-0.027427544817328453,0.27206116914749146,-0.2234375774860382,-0.13840653002262115,-0.28952544927597046,-0.32076165080070496,-0.05792421102523804,0.06548730283975601,-0.059830449521541595,0.6049798130989075,0.14805622398853302,0.11553160846233368,1.0044887065887451,-0.0864204615354538,-0.25682318210601807,-0.21167531609535217,-0.2546555697917938,-0.07907183468341827,-0.6653485894203186,0.10030277818441391,0.25170132517814636,-0.25434383749961853,0.1106574684381485,-0.3678106367588043,0.9988142251968384,0.014630225487053394,-0.41406553983688354,-0.10336394608020782,0.07978329062461853,-0.4289052486419678,-0.6119613647460938,-0.25497135519981384,-0.3272799551486969,0.16745607554912567,0.2014937400817871,0.24495120346546173,-0.9411846399307251,0.3084763288497925,-0.07299183309078217,0.02710827626287937,0.17729957401752472,-0.2717556059360504,0.019456610083580017,-0.1337810456752777,-0.019591091200709343,-0.8377137184143066,-0.0755220577120781,0.3935128450393677,0.6354488730430603,-0.21921248733997345,0.07616423070430756,-0.016560474410653114
CID000003345,129,0.2020021229982376,-0.02315233275294304,0.24494001269340515,-0.2275122106075287,0.6052998304367065,0.36017045378685,-0.011036085896193981,0.1364169418811798,-0.1032446026802063,-0.023115014657378197,0.12908050417900085,-0.03825176879763603,-0.02363688126206398,-0.01909361407160759,-0.06697037070989609,0.15536196529865265,0.12842246890068054,0.22145433723926544,-0.11701454222202301,-0.07467224448919296,-0.06449095904827118,0.1093093529343605,-0.01890631951391697,0.005736261606216431,0.10174520313739777,-0.21662156283855438,-0.010635847225785255,-0.0244169719517231,-0.013239361345767975,0.44441691040992737,0.0038489787839353085,0.15294823050498962,0.20934298634529114,0.03801458701491356,-0.7987784147262573,-0.09736969321966171,-0.15055815875530243,-0.27774617075920105,-0.14219418168067932,0.10262887179851532,-0.048238303512334824,0.22960920631885529,0.026746321469545364,-0.330638587474823,0.3398633599281311,-0.17834682762622833,-0.024946454912424088,0.028938502073287964,0.008438856340944767,0.13973426818847656,-0.8167418241500854,-0.032592616975307465,0.11608181148767471,-0.07006881386041641,0.06646452844142914,0.04720522463321686,-0.15374663472175598,-0.05339179188013077,0.8001570701599121,-0.10606592893600464,-0.8487780690193176,-0.04527730867266655,-0.4448179304599762,-0.05575324222445488,0.01253294013440609,0.10400192439556122,-0.06668853759765625,0.09886084496974945,-0.07271403074264526,-0.01846013404428959,-0.2878091335296631,0.10828451812267303,0.06021227687597275,0.11810348927974701,0.5813941359519958,-0.09650920331478119,-0.06450864672660828,0.17905274033546448,-0.2660643756389618,-0.39668041467666626,-0.20557312667369843,-0.029855992645025253,0.03935573622584343,0.03640837222337723,-0.27880364656448364,-0.17168433964252472,-0.19832685589790344,-0.27711769938468933,0.5801790952682495,-0.10029403120279312,0.05261952430009842,-0.03629884123802185,-0.005959515459835529,0.20887431502342224,-0.5837231278419495,-0.03947943449020386,-0.24999675154685974,0.38376498222351074,0.025501325726509094,-0.231532484292984,0.27985355257987976,-0.07842995971441269,0.01583482138812542,0.13339969515800476,-0.2657945454120636,0.04131539911031723,-0.8782858848571777,0.15089824795722961,-0.23131930828094482,0.32974356412887573,-0.3099695146083832,0.008379345759749413,0.1664966493844986,-0.33718910813331604,-0.20701225101947784,-0.140689879655838,0.07141833007335663,-0.09785661101341248,0.14961089193820953,0.04102930426597595,0.2580760717391968,-0.7538431286811829,0.012738305144011974,-0.4237208366394043,-0.34236225485801697,-0.18043096363544464,-0.11060906946659088,0.3305223882198334,-0.39366060495376587,-0.21389079093933105,0.1813656985759735,-0.2802518606185913,-0.5672499537467957,-0.3224247992038727,0.06564468145370483,-0.11700119823217392,0.7769457101821899,-0.5579477548599243,0.1801895946264267,-0.004833036568015814,0.1482771337032318,0.28632885217666626,-0.12031225860118866,-0.020336991176009178,0.14567133784294128,-0.008614783175289631,0.25121480226516724,-0.01921430043876171,0.10917683690786362,-0.041675060987472534,-0.034721750766038895,0.1336984783411026,-0.1694796085357666,0.10854804515838623,-0.1891639530658722,0.08553953468799591,-0.08787600696086884,-0.44706445932388306,0.26784056425094604,-0.171658456325531,0.11718176305294037,-0.18820291757583618,-0.9063075184822083,-0.07813034951686859,0.27246591448783875,0.13434426486492157,-0.101127028465271,0.04725255072116852,0.02087625488638878,-0.048133667558431625,0.13676688075065613,0.12888780236244202,0.5377344489097595,0.13935697078704834,0.026339367032051086,-0.170569509267807,0.0734543427824974,0.04314244166016579,-0.22753164172172546,0.09904750436544418,0.20980241894721985,0.558409571647644,-0.07150419056415558,-0.04506848007440567,-0.07987583428621292,-0.49153146147727966,-0.19806596636772156,-0.19700665771961212,1.0617640018463135,0.08715356886386871,0.13283954560756683,-0.777739942073822,0.036091726273298264,-0.0035098909866064787,-0.09728934615850449,0.6836588978767395,0.01661320962011814,-0.08003683388233185,-0.29471495747566223,-0.2358756959438324,-0.026905670762062073,-0.08982857316732407,-0.21659889817237854,0.3134152293205261,0.04077070951461792,0.19430117309093475,0.25153735280036926,-0.003166183829307556,-0.33146414160728455,-0.03555990755558014,0.2796252369880676,-0.17826011776924133,0.15356653928756714,0.2460286170244217,0.23322415351867676,0.0261051245033741,0.4953373968601227,0.12917956709861755,0.10156198590993881,-0.26435232162475586,-0.0045026689767837524,0.01749313250184059,-0.566225528717041,-0.0913136750459671,0.026180541142821312,-0.2808319628238678,-0.04570075124502182,-0.26843249797821045,0.7636776566505432,-0.11473754793405533,-0.07574593275785446,-0.17526762187480927,0.05672510340809822,0.0578094944357872,-0.7392135858535767,-0.22768017649650574,-0.14166085422039032,0.0702538713812828,0.05213332176208496,-0.08478225767612457,-0.7110810279846191,0.4480082094669342,0.4477880597114563,-0.12661278247833252,-0.11750507354736328,-0.773465096950531,0.31818148493766785,-0.013562935404479504,0.2779606878757477,-0.6666156649589539,0.1401098072528839,0.1552559733390808,0.34733301401138306,0.3986870050430298,-0.010576892644166946,0.0898815169930458
CID000003878,130,-0.06962577998638153,-0.09299609810113907,-0.18177422881126404,-0.17362158000469208,0.29537782073020935,0.2998736500740051,-0.08503159135580063,-0.14181028306484222,-0.29932960867881775,-0.028379198163747787,0.19014675915241241,-0.40918678045272827,-0.04269050806760788,-0.14631976187229156,0.10048039257526398,-0.04398363083600998,-0.0840979665517807,0.08087500929832458,-0.10887002944946289,0.11331218481063843,0.1620698869228363,0.015883583575487137,0.17965218424797058,0.057862769812345505,-0.044173240661621094,-0.08074530214071274,0.03761383891105652,0.07879122346639633,-0.03430815041065216,0.21887890994548798,-0.0808812826871872,-0.36845701932907104,-0.003338393522426486,0.019615424796938896,-0.6117812395095825,-0.03209296613931656,-0.24150219559669495,-0.22236314415931702,-0.15765945613384247,-0.07522468268871307,0.0729815736413002,-0.043151576071977615,-0.13352645933628082,-0.059130143374204636,0.23005330562591553,0.02802768349647522,0.12089639902114868,0.002459114883095026,-0.1170007735490799,-0.10276372730731964,-0.19013819098472595,-0.004533818457275629,0.1407819539308548,-0.08599909394979477,0.06418899446725845,0.029744410887360573,-0.2117721140384674,0.03965654969215393,0.05411107465624809,0.09970314800739288,-1.0722620487213135,-0.10803697258234024,-0.2854749858379364,0.28516247868537903,0.16357651352882385,0.0711960420012474,-0.1185944452881813,0.15049612522125244,-0.024292942136526108,0.010936873964965343,-0.18813031911849976,0.1421751230955124,0.006935763172805309,-0.14639294147491455,0.09666764736175537,-0.18685422837734222,0.0028342357836663723,0.00357608194462955,0.20235773921012878,-0.05223965644836426,-0.2215501070022583,0.03566030040383339,0.01728639006614685,0.05214884132146835,-0.07844603061676025,-0.06731431186199188,-0.15401318669319153,-0.0654633417725563,0.4090842306613922,-0.1663280427455902,-0.12469246238470078,-0.07948748022317886,-0.2055019587278366,-0.04565158113837242,-0.5002375245094299,-0.1392098218202591,-0.08210115134716034,0.25886139273643494,0.08237813413143158,-0.2965500056743622,0.3743792176246643,0.19909337162971497,-0.05872271582484245,-0.1116025447845459,-0.030584564432501793,0.09825430810451508,-0.5399367213249207,0.27309662103652954,0.06357480585575104,0.10764002799987793,0.05891196057200432,0.11175570636987686,0.3817232549190521,-0.11820775270462036,0.0945831686258316,0.012936997227370739,0.09178804606199265,-0.16729244589805603,0.007065673358738422,0.18658432364463806,-0.09919639676809311,-0.7236515879631042,-0.04591807723045349,-0.1883966475725174,-0.3625871241092682,-0.01779775880277157,-0.1306895762681961,0.3206148147583008,0.10032868385314941,-0.10250313580036163,-0.23162142932415009,0.01911885477602482,-0.5209851264953613,-0.36040419340133667,-0.22259767353534698,-0.22541649639606476,0.15359100699424744,-0.07675158977508545,0.09372212737798691,0.015192344784736633,0.006253914441913366,0.16804398596286774,-0.19608435034751892,-0.07561269402503967,-0.04129408299922943,-0.14406722784042358,0.18489642441272736,0.09006110578775406,0.3210000991821289,0.10228655487298965,0.019130704924464226,-0.06129506975412369,0.07805828005075455,0.17217032611370087,0.088841512799263,-0.07564990967512131,-0.22372226417064667,-0.23380744457244873,0.046779584139585495,-0.05820707604289055,-0.06078093498945236,-0.0023696483112871647,-1.0530860424041748,0.16667094826698303,0.2037993222475052,0.23385007679462433,-0.1459914594888687,-0.08317390829324722,0.13811221718788147,0.04738224297761917,-0.1461624801158905,-0.1823725402355194,0.17940226197242737,-0.07358298450708389,0.1383584886789322,-0.07314394414424896,0.08014976978302002,0.3047800660133362,-0.4757236838340759,-0.1433318704366684,0.15859593451023102,0.3368454873561859,0.14034244418144226,-0.013778796419501305,-0.050269223749637604,-0.13162150979042053,-0.4365749955177307,-0.028453340753912926,0.5294309854507446,-0.2704808712005615,0.1716347187757492,-0.24107325077056885,-0.02449553832411766,-0.02732696570456028,-0.04191688448190689,0.44920825958251953,0.10773073136806488,-0.1396443396806717,-0.1389096975326538,-0.14739462733268738,-0.04149623587727547,-0.08696858584880829,-0.14189179241657257,0.14070838689804077,-0.16354134678840637,0.13313956558704376,0.04742502421140671,0.02434253692626953,-0.009013566188514233,-0.06448151171207428,0.11529538780450821,-0.0464351661503315,0.009184804745018482,-0.05408352613449097,0.08592203259468079,0.18971815705299377,0.36459919810295105,-0.09024225175380707,-0.21016207337379456,-0.2551732659339905,0.1214706301689148,-0.11947603523731232,-0.7312284708023071,0.08873480558395386,0.27450957894325256,-0.23437829315662384,0.20841804146766663,-0.28734520077705383,0.7238032221794128,0.08872620761394501,-0.11107627302408218,-0.15897917747497559,-0.04729067161679268,-0.12035512924194336,-0.6081682443618774,-0.21352700889110565,0.09110127389431,0.05535130575299263,0.0809670016169548,-0.0725693553686142,-0.3197144865989685,0.0177154541015625,0.016558058559894562,0.10051651298999786,0.014505311846733093,-0.22813117504119873,0.08934065699577332,-0.1441308557987213,-0.20596662163734436,-0.7164057493209839,-0.15343919396400452,0.07452785223722458,0.2571612000465393,-0.027542848140001297,0.09477989375591278,0.053135763853788376
CID000005358,131,-0.10240618884563446,0.14082205295562744,0.3241035044193268,-0.18976277112960815,0.29010218381881714,0.34552595019340515,0.18572738766670227,-0.5659853219985962,-0.9764914512634277,-0.3634031414985657,0.04350671544671059,-0.6839896440505981,-0.14270827174186707,-0.6297140121459961,0.40418606996536255,-0.12334668636322021,0.33128541707992554,0.17952755093574524,-0.2995457053184509,-0.060333944857120514,0.35756921768188477,0.13370610773563385,-0.14687517285346985,-0.11212535947561264,-0.5029627680778503,0.07343030720949173,0.03807804733514786,0.05134965106844902,0.16121302545070648,0.3170069754123688,-0.057603247463703156,-0.11761653423309326,0.05985119193792343,0.01565350592136383,-0.26690754294395447,-0.002028852701187134,-0.8164302110671997,-0.3849466145038605,-0.05944101884961128,0.07238636910915375,0.3247813582420349,0.44206148386001587,-0.29164251685142517,-0.43571096658706665,0.7185206413269043,-0.012862843461334705,-0.25394219160079956,0.20660355687141418,-0.19428198039531708,-0.2353154718875885,-0.7347126007080078,0.023461628705263138,-0.38227590918540955,-0.2606506943702698,0.05632064491510391,-0.09801032394170761,0.08220767974853516,-0.09132826328277588,0.879256546497345,0.3684301972389221,-0.8966382741928101,-0.1491934210062027,0.2324719876050949,0.8666694760322571,0.2316025197505951,0.35595694184303284,-0.035958994179964066,0.27193740010261536,-0.13337162137031555,-0.0733134001493454,-0.2720925211906433,0.0015200019115582108,0.1093769520521164,0.10664598643779755,0.7111188769340515,0.22211261093616486,-0.09152517467737198,0.859830379486084,-0.2292809933423996,-0.365867555141449,-0.1674720197916031,-0.10186795145273209,0.037572313100099564,0.1690344363451004,-0.0019639984238892794,-0.10900741815567017,-0.11970607191324234,0.43869009613990784,1.0565104484558105,-0.028394047170877457,-0.15009763836860657,-0.015939932316541672,0.02088453248143196,0.16724619269371033,-0.953502357006073,-0.027820905670523643,-0.5014055967330933,0.9532219171524048,0.23015837371349335,-0.4316751956939697,1.0992255210876465,-0.017093703150749207,-0.08514614403247833,0.036579202860593796,-0.2257540225982666,0.10594043880701065,-0.20216038823127747,0.3580147624015808,0.058907825499773026,0.09778530895709991,-0.29470714926719666,0.09733210504055023,0.8689009547233582,0.17790383100509644,0.3045845627784729,-0.19293543696403503,-0.21924273669719696,-0.042229779064655304,0.8992279171943665,0.11174891144037247,0.241624116897583,-0.7424164414405823,-0.22644463181495667,0.039380993694067,-0.543402910232544,-0.2980624735355377,0.09220264106988907,0.31139299273490906,0.02453005500137806,0.0763951912522316,0.1745373010635376,0.17183350026607513,-0.7511244416236877,-0.3289641737937927,0.09445757418870926,0.3883092701435089,0.23709554970264435,-0.42283540964126587,-0.09136051684617996,-0.3726756274700165,0.16435763239860535,0.053685497492551804,-0.10454901307821274,0.28133639693260193,0.23843379318714142,0.11181734502315521,0.2764837145805359,0.17541766166687012,0.07936690747737885,0.24725231528282166,0.032442040741443634,-0.11350176483392715,0.4322691857814789,-0.11209781467914581,-0.040055401623249054,0.029550600796937943,-0.13093313574790955,-0.1607850193977356,-0.3416336178779602,0.19564887881278992,0.08211852610111237,-0.16739468276500702,-1.211166501045227,-0.14325031638145447,0.5036352872848511,0.30540966987609863,-0.2849564552307129,0.4981781542301178,0.3279949724674225,-0.2926620841026306,-0.3629564344882965,0.009952515363693237,0.4527643322944641,0.019205551594495773,0.02808619663119316,0.12123576551675797,-0.187850683927536,0.21605154871940613,-0.39751172065734863,0.13249708712100983,0.3673630356788635,0.3807762861251831,0.3614751696586609,-0.2889750599861145,-0.05514274910092354,-0.1878681480884552,-0.31205737590789795,-0.6344990730285645,0.54566490650177,-0.038212090730667114,-0.36864784359931946,-0.33152806758880615,0.17714719474315643,-0.4139625132083893,-0.5007731318473816,0.7058682441711426,-0.0692702978849411,-0.45411816239356995,-1.04818856716156,-0.19328673183918,-0.0028755501843988895,0.043841682374477386,-0.27045437693595886,-0.2613371014595032,0.020066654309630394,0.031300030648708344,0.30986589193344116,0.36418041586875916,-0.8025385737419128,0.092873714864254,0.16912510991096497,-0.1801469326019287,-0.16347263753414154,-0.09343874454498291,0.17527790367603302,-0.27105095982551575,0.587700605392456,0.10783066600561142,-0.26287707686424255,0.025716204196214676,-0.12356884777545929,-0.010168063454329967,-0.6868219375610352,0.12317845970392227,0.6792111992835999,0.5865401029586792,0.2297085076570511,-0.030067598447203636,0.5775837898254395,0.1581413447856903,0.0006050765514373779,-0.10412950813770294,0.23567938804626465,0.1255217045545578,-0.24046194553375244,-0.35212916135787964,0.09170021116733551,0.4444611668586731,0.09838581830263138,-0.031275320798158646,-0.1301298588514328,-0.08901086449623108,0.03778517246246338,0.11468414962291718,-0.062374990433454514,-1.8505337238311768,0.1976403146982193,-0.008704039268195629,-0.11198359727859497,-1.0942862033843994,-0.11271307617425919,0.4754716753959656,0.3116745054721832,0.5740682482719421,-0.08711288869380951,-0.12122170627117157
CID000002656,132,0.06389621645212173,0.08450950682163239,-0.002480092691257596,-0.11863386631011963,0.5886255502700806,0.41352754831314087,0.24837398529052734,-0.020028207451105118,-0.38568875193595886,0.020863402634859085,0.2780033051967621,-0.4472271800041199,0.046016521751880646,-0.013678483664989471,-0.15070877969264984,-0.23945626616477966,0.052925754338502884,-0.11866013705730438,-0.4539946913719177,-0.0018240518402308226,0.0364866778254509,-0.16498738527297974,0.09532025456428528,0.10961711406707764,0.048166245222091675,-0.11231637001037598,-0.11625109612941742,0.043888844549655914,-0.09623225033283234,0.4072391092777252,-0.5423898696899414,0.21040432155132294,-0.058107830584049225,-0.1261451691389084,-0.5052321553230286,0.18064555525779724,-0.47564706206321716,-0.2638597786426544,-0.14342308044433594,-0.249721959233284,-0.25497108697891235,-0.0477505624294281,-0.3044254183769226,0.4028747081756592,0.5180729627609253,0.21903732419013977,1.3055652743787505e-05,-0.20421138405799866,-0.146476611495018,-0.09048345685005188,-0.5012878179550171,-0.010143065825104713,-0.002383756684139371,-0.7137453556060791,0.04365099221467972,-0.01975163258612156,0.08643998950719833,-0.05806557461619377,1.0879651308059692,-0.19253960251808167,-0.9413024187088013,0.043232955038547516,-0.39488348364830017,0.13996180891990662,0.2289847880601883,-0.2680709958076477,-0.3132070004940033,0.03598026931285858,0.27754199504852295,-0.05844978243112564,-0.7611808180809021,0.15737590193748474,-0.15297651290893555,-0.09417466819286346,0.5308913588523865,-0.03317850083112717,0.1899419128894806,0.09958330541849136,0.36838191747665405,0.31763261556625366,0.05852707475423813,-0.06400144100189209,0.340890496969223,0.1147112101316452,-0.2074533998966217,0.21725806593894958,0.004530429840087891,-0.10603554546833038,0.34323009848594666,0.3124915063381195,0.2158258855342865,-0.0762939602136612,-0.30110064148902893,-0.30711787939071655,-0.5254440903663635,0.15036529302597046,0.18935441970825195,0.08012907207012177,-0.19308307766914368,-0.036690350621938705,0.2949838638305664,0.4315567910671234,-0.26047807931900024,0.1938980519771576,-0.08016082644462585,0.13870668411254883,-0.6390405893325806,0.3436988890171051,-0.008560987189412117,0.34666454792022705,-0.24356770515441895,0.25186318159103394,0.08167421817779541,0.12528011202812195,0.36846059560775757,0.02035025879740715,-0.23656681180000305,-0.40079745650291443,0.10739068686962128,0.04464786499738693,0.10727471113204956,-0.9011225700378418,-0.26540079712867737,-0.2608474791049957,-0.43274182081222534,0.20110642910003662,-0.07301630079746246,0.32722654938697815,-0.03418051451444626,0.1496782749891281,0.01740899309515953,0.11475665867328644,-0.6572282314300537,-0.42465272545814514,0.06704188883304596,-0.016533752903342247,0.3794668912887573,-0.4921167492866516,0.4136013984680176,-0.2523779273033142,0.1479356735944748,0.30497607588768005,0.07767720520496368,-0.06857459247112274,-0.1398957073688507,-0.16552594304084778,0.1752956658601761,-0.018505163490772247,0.03128037601709366,-0.025452733039855957,-0.10120920091867447,-0.0719660073518753,-0.19585296511650085,0.04332742467522621,-0.21096166968345642,-0.09770407527685165,0.2173830270767212,-0.41763538122177124,-0.2730643153190613,0.06099756807088852,0.21398773789405823,0.12894973158836365,-0.83747398853302,-0.04694916307926178,0.4752078652381897,0.20812352001667023,-0.11482095718383789,0.48112601041793823,-0.051158804446458817,0.035753194242715836,-0.34182170033454895,-0.6414828896522522,0.4922874867916107,-0.06455997377634048,0.03722681105136871,-0.1137009859085083,-0.22263431549072266,0.10228278487920761,-0.3298714756965637,-0.16966219246387482,0.13070784509181976,-0.02178932912647724,-0.10744155943393707,-0.02356833592057228,0.05417020991444588,-0.047446414828300476,0.06195240095257759,-0.2202901393175125,0.570776641368866,0.11619050800800323,0.508698582649231,-0.861709713935852,0.1794622540473938,0.17118723690509796,-0.10825113207101822,0.6735677123069763,0.1343766152858734,0.019809221848845482,-0.25720328092575073,-0.0748073011636734,-0.132175013422966,-0.011888980865478516,-0.24554236233234406,0.23546965420246124,-0.16897042095661163,0.1932079941034317,-0.30081984400749207,-0.3581226170063019,-0.2277568131685257,-0.05172691494226456,0.5037752985954285,-0.20252712070941925,-0.1463099867105484,-0.19087287783622742,1.022127389907837,0.18922755122184753,0.9157010912895203,0.22188766300678253,0.019477054476737976,-0.030816633254289627,0.30772864818573,0.1612662523984909,-0.6814247965812683,0.04367750138044357,0.022965405136346817,-0.0019806683994829655,-0.11258535087108612,-0.4723806381225586,0.9902459979057312,0.49446648359298706,-0.3600864112377167,-0.35754257440567017,-0.05132993310689926,0.2113010585308075,-0.7030172944068909,-0.19331848621368408,-0.08629260957241058,0.13137581944465637,-0.2578773498535156,0.2404484748840332,-0.8995013236999512,-0.14974702894687653,-0.11991578340530396,-0.07664163410663605,0.18496349453926086,-0.5437629222869873,0.2726845145225525,-0.058078743517398834,0.11753593385219574,-0.9273789525032043,-0.24986711144447327,0.14222581684589386,0.3627086579799652,-0.16792187094688416,0.06498382985591888,0.06684287637472153
CID000005391,133,-0.18354037404060364,-0.3288032114505768,-0.14485017955303192,-0.15142647922039032,0.10915901511907578,0.39719799160957336,0.012377497740089893,-0.06657533347606659,-0.15562382340431213,-0.28327202796936035,0.2357552945613861,-0.3838832676410675,0.08959455788135529,-0.4015587866306305,-0.0327119380235672,-0.027965683490037918,0.01839388534426689,-0.06764588505029678,-0.10092413425445557,0.02550976537168026,0.016773318871855736,0.11378435045480728,-0.015705928206443787,0.2538440525531769,0.43009838461875916,0.01636159047484398,0.028250664472579956,0.13407209515571594,0.08478223532438278,0.5025172233581543,0.10518207401037216,-0.03744010254740715,0.019367817789316177,-0.012804508209228516,-0.1821003258228302,0.05287475138902664,-0.443258136510849,-0.3906702399253845,-0.01698424480855465,0.0578346773982048,0.16356034576892853,0.2668825685977936,-0.07971866428852081,-0.06920317560434341,0.05545647814869881,0.268197625875473,0.12265650928020477,-0.13232862949371338,-0.015812015160918236,0.09362579882144928,-0.10466436296701431,0.12902095913887024,-0.014495502226054668,-0.20102038979530334,-0.02041197381913662,-0.11230125278234482,0.03997843712568283,-0.02568110264837742,0.14932289719581604,0.0642959251999855,-0.6805512309074402,-0.005824876017868519,-0.20302779972553253,0.25869041681289673,0.1682339608669281,0.23039913177490234,-0.4954056739807129,-0.14138346910476685,0.13010932505130768,-0.0583505742251873,0.06955324858427048,0.20931749045848846,0.061570268124341965,-0.4024251401424408,0.1670750230550766,0.10623513162136078,0.003693450940772891,-0.06536053121089935,0.06865137070417404,0.17430457472801208,-0.3517138361930847,0.05920474976301193,-0.25273433327674866,-0.26604026556015015,0.001836994313634932,-0.12798477709293365,-0.5478257536888123,0.11112193763256073,0.527032732963562,0.06854775547981262,0.15331172943115234,-0.19776467978954315,-0.06684998422861099,0.005672748200595379,-0.39165711402893066,-0.10560663044452667,-0.16815245151519775,0.4310397505760193,0.10327452421188354,-0.35256391763687134,0.26536330580711365,0.18555253744125366,-0.34706082940101624,-0.24638943374156952,-0.08991546928882599,-0.058497387915849686,-0.3285951614379883,0.39906612038612366,-0.002135157585144043,0.37723520398139954,-0.0150156794115901,0.14512796700000763,0.21585913002490997,-0.1660923957824707,-0.06941839307546616,-0.03338612616062164,0.05130411311984062,-0.056387610733509064,0.12276182323694229,0.0020382285583764315,-0.1356634795665741,-0.5394688844680786,0.06602294743061066,-0.38557904958724976,-0.35941535234451294,-0.10439129173755646,-0.05825008079409599,0.32497912645339966,0.2233944833278656,-0.20132918655872345,-0.18530914187431335,0.12566393613815308,-0.5570198893547058,-0.2571733593940735,-0.04229952022433281,-0.0033938586711883545,0.3298615515232086,0.09999846667051315,0.08828041702508926,-0.05369298532605171,-0.02629474364221096,0.28303930163383484,-0.016807859763503075,0.12198086082935333,0.12617017328739166,-2.2083520889282227e-05,0.19321198761463165,0.06082167476415634,0.05008159950375557,0.06693114340305328,0.029567837715148926,-0.2195093184709549,-0.38618147373199463,0.004296550061553717,-0.024703193455934525,-0.12661445140838623,-0.10081779956817627,-0.44395899772644043,0.1097913533449173,0.04562351107597351,0.055267371237277985,-0.16057834029197693,-0.6213039755821228,-0.07183297723531723,-0.10069979727268219,0.32344287633895874,-0.12169059365987778,-0.005733597092330456,0.19795750081539154,-0.2095300704240799,-0.060303349047899246,-0.004387593362480402,0.5376731157302856,-0.21566680073738098,0.15905161201953888,-0.17685940861701965,-0.02965099737048149,0.103118896484375,-0.23177707195281982,-0.11949525773525238,0.07954957336187363,0.20718729496002197,0.08564168214797974,-0.12879124283790588,-0.03426866978406906,-0.09890586137771606,-0.4075319766998291,-0.05062105506658554,0.27367573976516724,0.011374330148100853,0.014530261978507042,-0.24520330131053925,0.4018920958042145,-0.1623513400554657,-0.13465890288352966,0.5100234150886536,0.22119775414466858,-0.09033320099115372,-0.5164755582809448,-0.21160736680030823,0.13368827104568481,0.26711505651474,-0.3354329466819763,0.1941843032836914,-0.13624520599842072,0.5199181437492371,-0.02629433199763298,-0.0793609768152237,0.013980274088680744,0.05848619341850281,-0.16891488432884216,0.1122012734413147,-0.12475407123565674,0.20191507041454315,0.0839776024222374,-0.1861300766468048,0.15568149089813232,0.1106373518705368,0.15565189719200134,-0.2709069848060608,-0.009418332949280739,0.026351580396294594,-0.3120429217815399,0.09817342460155487,0.2957095503807068,0.2834640145301819,0.29839473962783813,-0.3625485599040985,0.3806680738925934,0.22286227345466614,-0.2091175615787506,-0.4277379512786865,-0.09690307825803757,-0.010429231449961662,-0.23863399028778076,-0.37233904004096985,-0.12056231498718262,0.17019131779670715,-0.033873043954372406,0.1567167043685913,-0.2955675721168518,-0.038441456854343414,0.3781978487968445,-0.054255254566669464,-0.032581716775894165,-0.36959025263786316,0.4688696265220642,0.10760623216629028,0.25183573365211487,-0.5151590704917908,0.18345174193382263,-0.11256541311740875,0.11856599152088165,0.009556335397064686,-0.06801320612430573,0.14501477777957916
CID000004946,136,-0.09769561886787415,0.06032932922244072,0.41088762879371643,0.09874306619167328,0.35292312502861023,0.3394463360309601,0.03118008002638817,0.0014608323108404875,-0.09053649008274078,-0.3151424825191498,-0.19418062269687653,-0.2522523105144501,0.2841198146343231,-0.15966391563415527,0.31128162145614624,0.09046374261379242,-0.022056352347135544,0.20834767818450928,0.09156517684459686,0.003788007888942957,-0.17406220734119415,0.007571473717689514,0.0889512151479721,-0.09130462259054184,0.304762065410614,0.04611077159643173,-0.2779087722301483,-0.048993125557899475,0.19625398516654968,0.5106184482574463,-0.0795356035232544,-0.1060095801949501,-0.1002672091126442,0.0016999810468405485,-0.2272755652666092,-0.05270599201321602,-0.19408652186393738,-0.4481409192085266,0.02079046703875065,0.016805943101644516,0.24899661540985107,0.2483101636171341,-0.2672818899154663,-0.18071414530277252,0.19463348388671875,0.07889655977487564,-0.2006738930940628,-0.020102795213460922,0.0484931580722332,-0.06837107241153717,-0.33389490842819214,-0.01649278961122036,-0.2947593927383423,-0.3237873315811157,0.1333281248807907,-0.027300799265503883,0.052400581538677216,0.08049681037664413,-0.04851356893777847,-0.012206447310745716,-0.7389124631881714,0.1603982150554657,-0.43971237540245056,0.02190033532679081,0.0011879227822646499,0.2376730740070343,-0.3015109896659851,0.18337056040763855,0.2304937094449997,0.04694399982690811,-0.2668350636959076,-0.19105492532253265,-0.0672418624162674,-0.1887672394514084,0.065619558095932,0.05414099618792534,0.011756151914596558,0.26320427656173706,0.3925730884075165,0.19109877943992615,-0.45110321044921875,0.0717243105173111,-0.41661781072616577,-0.17940649390220642,-0.14914311468601227,-0.11043616384267807,-0.11480329185724258,0.11723629385232925,0.3512600064277649,0.1886707842350006,-0.03212009742856026,-0.0745614618062973,-0.2777649462223053,0.057671260088682175,-0.551025390625,0.015728751197457314,-0.262101411819458,0.3633898198604584,0.18986448645591736,-0.13000573217868805,0.29245510697364807,0.05929408222436905,0.001391166471876204,0.37208762764930725,-0.1341235339641571,0.032077256590127945,-0.27952322363853455,0.16634699702262878,-0.06260021775960922,0.03223162516951561,0.16122528910636902,-0.2299274206161499,0.5115360021591187,0.009835338220000267,0.010744499042630196,0.1312272697687149,-0.0399988517165184,-0.3495256304740906,0.3398856520652771,0.011971920728683472,-0.20787140727043152,-0.5667287707328796,-0.024149566888809204,-0.3794805109500885,-0.42958712577819824,0.22648410499095917,-0.07671143859624863,0.5460718870162964,0.062571682035923,0.13250800967216492,0.2694959044456482,-0.08755913376808167,-0.5333555936813354,-0.31517016887664795,-0.016200333833694458,-0.055356405675411224,0.665556788444519,-0.1881936490535736,-0.10877896845340729,0.09595587849617004,-0.23596128821372986,0.0816761702299118,-0.08050785213708878,-0.012354466132819653,0.026551226153969765,0.14223872125148773,-0.09082766622304916,0.2963094413280487,-0.2006550133228302,-0.10497957468032837,-0.13711078464984894,0.0015630871057510376,-0.3529869019985199,-0.12395087629556656,-0.39582785964012146,0.056690018624067307,-0.09183306992053986,-0.5724233984947205,0.15466801822185516,0.25412073731422424,0.22431059181690216,-0.029071876779198647,-0.9717329740524292,-0.02224697172641754,0.33463355898857117,0.3663617968559265,0.0073157488368451595,0.0393766351044178,0.2939549684524536,-0.16544577479362488,-0.16919569671154022,-0.1703680157661438,0.5025068521499634,-0.02775738202035427,-0.17528565227985382,-0.13432732224464417,0.18078362941741943,0.09473325312137604,-0.4529798626899719,0.06769903749227524,0.08174773305654526,0.08535020053386688,0.13876864314079285,-0.16901366412639618,0.014784470200538635,-0.02637023665010929,-0.5015012621879578,-0.14374998211860657,0.310018926858902,-0.07028656452894211,0.30782896280288696,-0.33760443329811096,-0.14149397611618042,-0.32054585218429565,-0.32232072949409485,0.49430838227272034,0.28051504492759705,-0.08222071826457977,-0.16800865530967712,0.2830424904823303,-0.10388076305389404,-0.04761171340942383,-0.5030739903450012,0.14203667640686035,-0.1100214272737503,0.5660969018936157,-0.25517594814300537,-0.598868191242218,-0.02284402586519718,0.08292999863624573,-0.1747238039970398,0.3210206925868988,-0.14912617206573486,0.09358472377061844,0.4698569178581238,-0.12825582921504974,0.31017959117889404,0.1304921656847,-0.08748272806406021,-0.3132019340991974,0.13131970167160034,-0.01615038886666298,-0.4984244704246521,-0.04265454411506653,0.41639167070388794,-0.058938898146152496,0.16670791804790497,-0.2644311487674713,0.6045445799827576,0.0006795242661610246,-0.048940323293209076,-0.24773111939430237,-0.05954768508672714,0.16361099481582642,-0.30586084723472595,-0.31939396262168884,-0.1782628744840622,0.29984980821609497,0.1167832463979721,-0.23317937552928925,-0.07016365975141525,-0.019122201949357986,0.08324652910232544,-0.052173543721437454,-0.0319213941693306,-0.2633429169654846,0.1995650827884674,0.20265063643455505,0.1488877683877945,-0.568050742149353,0.09478519856929779,-0.006554308347404003,0.1141895204782486,-0.09709106385707855,-0.046877551823854446,-0.3725568652153015
CID000060865,137,-0.15416456758975983,0.06917168945074081,0.20800626277923584,-0.22777032852172852,0.24290771782398224,0.36779847741127014,-0.1649794578552246,-0.019582491368055344,-0.36855897307395935,-0.16733844578266144,-0.05008354038000107,-0.3749662935733795,0.2550962567329407,-0.14285169541835785,-0.08552448451519012,0.11514178663492203,0.013332878239452839,0.11078964173793793,0.058498479425907135,-0.08708169311285019,-0.3084582984447479,0.04571513831615448,-0.022978171706199646,-0.06796950101852417,0.12324079126119614,-0.2139614075422287,0.10817357152700424,-0.218931645154953,-0.07281987369060516,0.19508376717567444,0.020513584837317467,-0.05072793364524841,-0.27803343534469604,-0.09361626207828522,-0.24894320964813232,-0.07183791697025299,-0.16267234086990356,-0.3598465621471405,-0.2400209903717041,-0.14845943450927734,0.3629039227962494,0.15080367028713226,-0.2850289046764374,-0.3247331976890564,0.056537188589572906,-0.022317584604024887,0.003478270722553134,0.15453246235847473,0.09823812544345856,-0.13102847337722778,-0.22287814319133759,0.25911393761634827,-0.1225687637925148,-0.32297834753990173,0.14011546969413757,0.017245646566152573,-0.052027881145477295,-0.16217254102230072,0.019336406141519547,0.27384862303733826,-0.7915726900100708,-0.0029021159280091524,-0.21326124668121338,0.40199097990989685,0.11770908534526825,0.33272141218185425,-0.2557362914085388,0.053534578531980515,0.14156286418437958,-0.06838010251522064,-0.062336601316928864,-0.0028001051396131516,-0.008338892832398415,-0.3333757519721985,-0.06600652635097504,-0.13004621863365173,0.007849665358662605,-0.021676896139979362,0.012904216535389423,0.04051435738801956,-0.28644365072250366,0.11389658600091934,-0.23761382699012756,-0.24264493584632874,0.002145133214071393,-0.046652667224407196,-0.3361735939979553,-0.08734942972660065,0.26218530535697937,0.04703029990196228,0.1065860167145729,-0.2242293804883957,-0.16658417880535126,-0.09994906932115555,-0.33861666917800903,0.04295651987195015,-0.3483918309211731,0.5120749473571777,0.29693999886512756,-0.17982374131679535,0.2421921044588089,0.22968342900276184,0.07957644760608673,-0.06282936036586761,-0.1286776065826416,0.023005489259958267,-0.11971360445022583,0.2762596905231476,-0.1347009837627411,0.4685978889465332,0.14941523969173431,-0.2311493158340454,0.5999444127082825,-0.0625104084610939,-0.22194147109985352,0.00794136244803667,0.05844336748123169,0.013712869957089424,0.07729072868824005,0.039398193359375,-0.07429669797420502,-0.4974006712436676,0.15041865408420563,-0.30412718653678894,-0.45365437865257263,0.11014990508556366,-0.02152768149971962,0.441428005695343,0.19609767198562622,0.07155364751815796,0.12978756427764893,0.2702687680721283,-0.46352678537368774,-0.256867378950119,-0.08920342475175858,-0.08880750834941864,0.07009818404912949,0.024173766374588013,-0.020504066720604897,0.12231985479593277,-0.16135141253471375,0.43987733125686646,0.06500665843486786,0.04486626386642456,-0.03812510892748833,-0.08153955638408661,0.05249246209859848,-0.1207248717546463,-0.3801702857017517,0.03950170427560806,-0.09833218157291412,0.09371006488800049,-0.1014472246170044,0.23539552092552185,-0.07689844071865082,0.30551615357398987,-0.2055741250514984,-0.22477507591247559,0.20127801597118378,-0.010193188674747944,0.31922176480293274,-0.09529532492160797,-0.7607567310333252,-0.0738682970404625,0.1282000094652176,0.3413413465023041,-0.20702295005321503,0.03421022742986679,0.2925136685371399,-0.04025726765394211,-0.048278190195560455,-0.02671833336353302,0.39814016222953796,-0.07464071363210678,-0.05802609771490097,0.17495569586753845,0.3216765522956848,0.08116726577281952,-0.38464221358299255,-0.2479000985622406,0.18373370170593262,0.3691200017929077,0.11520533263683319,0.004028253257274628,0.138688325881958,-0.041132017970085144,-0.2925914227962494,-0.28449782729148865,0.27601245045661926,-0.07511649280786514,-0.011252796277403831,-0.0344378799200058,0.0031800984870642424,-0.25869956612586975,-0.21835346519947052,0.433403342962265,0.10355240106582642,-0.1705225259065628,-0.08269273489713669,0.019946778193116188,-0.008830542676150799,0.17608775198459625,-0.40945348143577576,0.060983169823884964,-0.07953214645385742,0.3463664650917053,0.035422034561634064,-0.3280622661113739,0.10318414121866226,0.1460326611995697,-0.008394146338105202,0.18341876566410065,0.04235702008008957,-0.012616547755897045,0.1900009661912918,-0.015311425551772118,0.22470882534980774,0.21576496958732605,0.17351704835891724,-0.2762231230735779,0.05734653398394585,-0.008057388477027416,-0.3465818762779236,0.09220696985721588,0.3147857189178467,0.19291341304779053,0.3311830163002014,-0.5026959776878357,0.40156489610671997,0.17396418750286102,0.030623454600572586,-0.372671902179718,-0.08813183754682541,-0.01765223778784275,-0.23084723949432373,-0.29603785276412964,-0.2522352337837219,0.07597974687814713,0.2558005154132843,-0.25960949063301086,0.0509224459528923,0.16787734627723694,0.36170727014541626,-0.03554092347621918,-0.1376819908618927,-0.3244151175022125,0.42687711119651794,0.03372623771429062,0.11738748848438263,-0.448066383600235,0.13214582204818726,-0.057098884135484695,0.04880397021770477,-0.05617479234933853,-0.17013606429100037,-0.2681921124458313
CID000001302,138,-0.11955193430185318,-0.034868400543928146,0.05055101588368416,-0.25700756907463074,0.19514930248260498,0.4988795816898346,0.02540629543364048,-0.0765891969203949,-0.4514351487159729,-0.3349307179450989,0.2122529298067093,-0.47930222749710083,0.2532619535923004,-0.501203179359436,-0.09625919163227081,0.01582050882279873,0.08821851760149002,-0.10256578773260117,-0.3004230856895447,-0.025000324472784996,0.03432942554354668,0.04972972720861435,0.006720712874084711,0.1258048117160797,0.35397815704345703,-0.17798969149589539,-0.0015488717472180724,0.05745946615934372,-0.0018647968536242843,0.21873310208320618,0.15423649549484253,-0.2134518325328827,-0.31854504346847534,-0.0033318132627755404,-0.2722751498222351,0.007748466916382313,-0.25001809000968933,-0.29210013151168823,-0.06307613849639893,-0.05395743250846863,0.09377425163984299,0.04724238067865372,-0.21812371909618378,-0.06718211621046066,0.284537136554718,-0.20959095656871796,-0.14822693169116974,-0.01935112476348877,0.43201225996017456,-0.08459877967834473,-0.26888126134872437,0.07351449131965637,-0.1800808608531952,-0.014217397198081017,0.23266899585723877,0.1503479778766632,0.020698290318250656,0.18756885826587677,0.5385874509811401,-0.05518382787704468,-0.6079891920089722,-0.34587642550468445,-0.2010088711977005,0.3053954243659973,0.2649180293083191,0.036841560155153275,-0.9095351099967957,0.11647026240825653,-0.003250986337661743,0.031698279082775116,-0.2406504601240158,-0.11558226495981216,0.08134255558252335,-0.2698460519313812,0.11078900098800659,0.019608909264206886,0.09790302813053131,0.05091007426381111,-0.11180269718170166,0.06008176878094673,-0.3364914357662201,-0.3494362235069275,-0.2397804707288742,-0.30344313383102417,-0.04714490473270416,-0.0863196849822998,-0.3460586667060852,-0.2305556833744049,0.382598876953125,-0.10071505606174469,0.09318810701370239,-0.30667975544929504,-0.0021595358848571777,-0.08028993755578995,-0.5148573517799377,-0.07259434461593628,-0.19287648797035217,0.470391184091568,0.17239567637443542,-0.4336267411708832,0.24946288764476776,0.24688097834587097,-0.09745097160339355,-0.11006081104278564,-0.18015539646148682,0.1554218828678131,-0.3598637282848358,0.24226200580596924,0.03879290819168091,0.6976614594459534,0.23622357845306396,0.009632897563278675,0.40759968757629395,-0.23307287693023682,0.13669052720069885,-0.0131602231413126,-0.01795809343457222,0.014201846905052662,0.12713323533535004,-0.13105428218841553,-0.10201103985309601,-0.5414188504219055,0.3168349862098694,-0.36438342928886414,-0.6540218591690063,-0.11043237149715424,0.0613221600651741,0.4016130566596985,0.3313727080821991,-0.03225545957684517,-0.039507679641246796,0.22985534369945526,-0.49703866243362427,-0.4746533930301666,-0.1684761792421341,-0.10346157848834991,0.18238666653633118,-0.19124022126197815,0.08861321210861206,-0.282975435256958,-0.13986508548259735,0.4008265435695648,-0.04740362614393234,-0.05643951892852783,0.18209415674209595,0.09919213503599167,0.3183419406414032,0.091883085668087,0.05672501400113106,0.022668570280075073,0.04607542231678963,0.09877456724643707,-0.22696225345134735,0.10054358094930649,0.10560321807861328,-0.21294912695884705,-0.0011693775886669755,-0.2214655578136444,0.29034224152565,0.03919919580221176,0.33146533370018005,-0.053597498685121536,-0.8581897020339966,-0.04910866171121597,0.05627559497952461,0.32060274481773376,0.008376255631446838,0.27013278007507324,0.2011147439479828,-0.08451645821332932,-0.17065484821796417,-0.09335769712924957,0.6329343914985657,0.07087540626525879,-0.2115897685289383,0.060335271060466766,0.45341992378234863,0.09018329530954361,-0.31350046396255493,-0.10278646647930145,0.24142424762248993,0.5149427652359009,0.16504308581352234,-0.022717177867889404,0.05574486404657364,0.22747310996055603,-0.09003887325525284,0.10443134605884552,0.3329816460609436,-0.19536836445331573,-0.09819014370441437,-0.27594953775405884,0.3255811035633087,-0.1516037881374359,-0.19149194657802582,0.2363724708557129,0.005832126829773188,0.0569583959877491,-0.32174795866012573,0.08092177659273148,0.0947093516588211,0.3265635371208191,-0.41103997826576233,-0.02412090077996254,-0.1324652135372162,0.4995849132537842,0.16021713614463806,0.13155542314052582,-0.29718729853630066,-0.10753247886896133,-0.060122668743133545,0.17795082926750183,0.02576974593102932,0.0886826366186142,0.0508652999997139,0.15309962630271912,0.3769821524620056,-0.10109712928533554,-0.06175464391708374,-0.21677501499652863,-0.10061286389827728,0.12017391622066498,-0.5146932005882263,0.09950895607471466,0.3368348479270935,0.18608702719211578,0.1305476725101471,-0.11936005204916,0.6977108716964722,0.12190209329128265,-0.05724801868200302,-0.16048452258110046,-0.08522991091012955,-0.005604778416454792,-0.3745417594909668,-0.29526641964912415,0.018437301740050316,0.3193344473838806,0.35009950399398804,-0.044139258563518524,-0.25637754797935486,-0.007351823151111603,0.1784895956516266,0.05080443620681763,0.048130638897418976,-0.703501284122467,0.5769630670547485,0.05138302966952324,-0.03229115530848503,-0.48360514640808105,0.18423692882061005,0.1514301747083664,-0.0022501617204397917,0.07547450065612793,-0.33952826261520386,0.04178258776664734
CID000002678,139,-0.04439915344119072,-0.07432844489812851,-0.17038679122924805,-0.19792616367340088,0.4747287631034851,0.25053346157073975,-0.036063291132450104,0.027436047792434692,-0.32241135835647583,-0.06801923364400864,0.14739081263542175,-0.19876106083393097,-0.11961545795202255,-0.2644830644130707,-0.13709422945976257,-0.029917394742369652,0.1788031905889511,-0.16227483749389648,-0.0431576669216156,-0.027459800243377686,0.11673609912395477,0.2287050485610962,0.0012161381309852004,0.04198117554187775,-0.07483384013175964,0.06434237957000732,0.05476880818605423,0.07691992074251175,0.023735394701361656,0.2616223394870758,-0.049053795635700226,-0.13266465067863464,-0.024346888065338135,0.06056462600827217,-0.6068060994148254,-0.04346536472439766,-0.3587794899940491,-0.1572834700345993,-0.11694595962762833,-0.049616433680057526,0.03922698646783829,-0.07597669214010239,-0.2814897894859314,-0.12499143183231354,0.11156046390533447,-0.11277929693460464,-0.08168590068817139,0.05988597124814987,-0.13147929310798645,-0.18316160142421722,-0.20036740601062775,0.028026888146996498,0.10361559689044952,-0.1000709980726242,0.20176395773887634,-0.026386484503746033,-0.047368716448545456,0.2794133722782135,0.23569926619529724,0.0005394726758822799,-0.9240142107009888,-0.09930391609668732,-0.11985261738300323,0.3314109444618225,0.11279501020908356,0.037229929119348526,-0.5624674558639526,0.14361922442913055,-0.03202307969331741,-0.039950642734766006,-0.24588890373706818,0.008017915301024914,0.09698177874088287,-0.07812241464853287,0.14743627607822418,-0.07943323999643326,-0.06710626184940338,-0.1352798044681549,0.2341615855693817,0.032078374177217484,-0.3005785048007965,-0.23790618777275085,0.07887503504753113,0.08057287335395813,0.028940817341208458,-0.1125318631529808,-0.20748257637023926,0.12538054585456848,0.4727824330329895,-0.1924777328968048,0.0355805829167366,0.057889439165592194,0.060145266354084015,0.0699702575802803,-0.4357353746891022,-0.07282485067844391,-0.24734719097614288,0.2564547657966614,0.0486614853143692,-0.2805481255054474,0.3985218107700348,0.32493042945861816,-0.19330309331417084,-0.07843562960624695,-0.016116883605718613,0.05432606860995293,-0.44852346181869507,0.28044217824935913,0.06884260475635529,0.41026848554611206,-0.1344013661146164,-0.11306668817996979,0.22551491856575012,0.008249720558524132,0.11464526504278183,0.18527935445308685,0.047863878309726715,-0.03266472369432449,0.030557746067643166,0.1239919438958168,-0.21501126885414124,-0.7334561944007874,0.1908409595489502,-0.1458216905593872,-0.43850746750831604,0.017400935292243958,-0.06709010154008865,0.5058334469795227,0.13820438086986542,0.09975410997867584,-0.16572988033294678,0.11818628013134003,-0.4601948857307434,-0.34501001238822937,-0.09333264827728271,-0.29241856932640076,0.18002715706825256,0.013584291562438011,0.07701358199119568,0.20805232226848602,0.20556311309337616,0.05829046294093132,-0.019034337252378464,0.05219380930066109,0.20807166397571564,-0.2843281328678131,0.10955943912267685,-0.07183489948511124,0.17728106677532196,0.2582574486732483,-0.13349786400794983,-0.05239839479327202,0.11971696466207504,-0.009729951620101929,0.10454777628183365,-0.09081198275089264,-0.08410882949829102,-0.23535951972007751,0.02076854184269905,-0.04595125466585159,0.15005819499492645,0.03475254029035568,-1.1230180263519287,0.14113739132881165,0.2719894051551819,0.17824117839336395,-0.15993961691856384,0.019311312586069107,0.012303265742957592,0.14299456775188446,-0.15735511481761932,-0.09188689291477203,0.31240153312683105,0.13590005040168762,-0.11539729684591293,0.01654629036784172,-0.022500932216644287,0.20174601674079895,-0.5214459896087646,-0.21966883540153503,0.1776128113269806,0.2496587336063385,0.18447807431221008,-0.06319700181484222,-0.07649552822113037,0.1745889037847519,-0.1947849690914154,-0.0305732823908329,0.7258516550064087,-0.10234846919775009,0.20552773773670197,-0.19023405015468597,0.018609389662742615,-0.018833588808774948,-0.017096424475312233,0.43609172105789185,0.04017336294054985,-0.04801488667726517,-0.15754850208759308,-0.13207556307315826,0.051255155354738235,-0.26615163683891296,-0.3387810289859772,0.07382965087890625,-0.08597654104232788,0.5874715447425842,-0.17456629872322083,0.06424649059772491,0.012926292605698109,-0.22442634403705597,0.20085808634757996,-0.11635413020849228,-0.026890192180871964,0.01952475868165493,0.06970542669296265,-0.07047668099403381,0.4759426712989807,-0.12186402082443237,0.02976960316300392,-0.1881774514913559,-0.07413370162248611,-0.03421222046017647,-0.5557041168212891,-0.034797653555870056,0.27393490076065063,-0.26996463537216187,0.2628970146179199,-0.03709264472126961,0.7765690088272095,0.29562896490097046,-0.05771328881382942,-0.27306219935417175,0.014106214046478271,0.04356194660067558,-0.6138837933540344,-0.20492148399353027,0.1352209597826004,0.21305517852306366,-0.033429116010665894,-0.13611319661140442,-0.28862062096595764,0.0722578912973404,0.1041920930147171,0.23246662318706512,0.02083696983754635,-0.6018876433372498,0.40775084495544434,-0.01410340704023838,-0.00018960237503051758,-0.6600294709205627,0.16072678565979004,0.17337551712989807,0.2829625606536865,0.025478625670075417,0.06751139461994171,0.014006877318024635
CID000004634,140,-0.2655160427093506,0.052596427500247955,0.04828212410211563,-0.014181005768477917,0.4812138080596924,0.28300565481185913,0.017738014459609985,0.07852812111377716,-0.2508351802825928,-0.22657203674316406,-0.061057668179273605,-0.10726319253444672,-0.06391815841197968,-0.24552586674690247,0.049042876809835434,0.057685695588588715,0.0030787065625190735,0.1872691512107849,0.12018749862909317,0.061283551156520844,-0.042224716395139694,-0.2143242359161377,-0.058405570685863495,0.1700517237186432,0.11035232245922089,0.05382624268531799,-0.1653108298778534,-0.0692090317606926,0.06281868368387222,0.3177098333835602,-0.047909777611494064,-0.35288986563682556,-0.0697660967707634,-0.023517584428191185,-0.5975092649459839,-0.14663098752498627,-0.48220252990722656,-0.21722152829170227,0.1431169956922531,0.21298380196094513,0.06860483437776566,-0.11748454719781876,-0.18583017587661743,-0.26049554347991943,0.24785670638084412,-0.2464267462491989,0.2174256294965744,0.356899231672287,0.05472628399729729,0.027430376037955284,-0.2477167844772339,0.0351412296295166,-0.010540890507400036,-0.18360118567943573,0.06345979124307632,0.0994950532913208,-0.1410750448703766,0.05883241444826126,0.3233996033668518,-0.21876248717308044,-0.9241241216659546,-0.02176082134246826,-0.16353926062583923,0.25576674938201904,-0.04406261444091797,0.06394420564174652,-0.2036842405796051,0.2210860252380371,0.04189426451921463,-0.038860924541950226,-0.12538579106330872,-0.4119557738304138,0.0769442692399025,-0.17752978205680847,0.24388495087623596,0.15674087405204773,0.061689190566539764,0.05278293043375015,0.22592392563819885,-0.2280326783657074,-0.1988074779510498,-0.040943682193756104,-0.044317297637462616,-0.1439545601606369,-0.0035209059715270996,0.24758318066596985,-0.1354275345802307,-0.3442481756210327,0.4507138729095459,0.10062894970178604,-0.03424568101763725,-0.1362539678812027,0.03699926659464836,0.04250985011458397,-0.577085018157959,-0.11294915527105331,-0.2756538987159729,0.3658234775066376,0.02595018409192562,-0.3203471302986145,0.4321696162223816,0.12166440486907959,-0.08899997174739838,0.04020724073052406,-0.07782499492168427,-0.040818024426698685,-0.2394503653049469,0.33514100313186646,0.28047576546669006,0.20025520026683807,-0.30007898807525635,-0.16065630316734314,0.2936200201511383,-0.08763732761144638,-0.0342593751847744,-0.1817309558391571,-0.3141154646873474,0.04216471314430237,0.0729818195104599,0.10104791074991226,0.0773429349064827,-0.7457784414291382,-0.04172400385141373,-0.38214167952537537,-0.5366322994232178,-0.10981021076440811,0.03702433034777641,0.3320881724357605,0.17756009101867676,-0.12126952409744263,-0.01022983156144619,0.16882985830307007,-0.5205714702606201,-0.3560464084148407,0.02938227728009224,-0.1984243392944336,0.29078882932662964,-0.08770319819450378,-0.07478372007608414,0.20923355221748352,-0.05415744706988335,0.12281306833028793,-0.14099518954753876,-0.029715657234191895,0.02547001838684082,0.17615854740142822,-0.017295781522989273,0.057099420577287674,0.018877362832427025,-0.27709776163101196,0.19825449585914612,-0.09630583226680756,-0.11668149381875992,0.011775612831115723,-0.0855274647474289,0.15156495571136475,-0.20424747467041016,-0.31656986474990845,-0.01207804400473833,0.07800742238759995,0.21453258395195007,0.04064488410949707,-0.8750277757644653,0.12126524746417999,0.12656570971012115,0.252384215593338,-0.08355875313282013,-0.14178459346294403,0.19179488718509674,0.14694349467754364,0.04600123316049576,0.03791896253824234,0.44579094648361206,0.14611852169036865,0.17677752673625946,0.23499178886413574,0.08549635112285614,0.024166680872440338,-0.42788878083229065,0.16103777289390564,0.2598560154438019,0.3717597723007202,-0.059766460210084915,0.16303345561027527,-0.06301169097423553,0.14746765792369843,-0.23165735602378845,0.18287508189678192,0.5294626355171204,-0.06614498794078827,0.059851814061403275,-0.12273387610912323,-0.0725315660238266,-0.16263601183891296,-0.04975151643157005,0.43991175293922424,0.11625132709741592,-0.05746510624885559,-0.45613235235214233,0.36034905910491943,0.037330761551856995,0.19731080532073975,-0.33458420634269714,0.22787252068519592,-0.03710277006030083,0.26084470748901367,-0.08273841440677643,0.13413791358470917,-0.19885705411434174,0.0970190018415451,0.19354166090488434,0.09845831245183945,-0.12931251525878906,-0.23962309956550598,0.24434900283813477,0.1718120574951172,0.43090835213661194,0.02637081779539585,-0.1406755894422531,-0.35925641655921936,-0.10301221907138824,0.025941070169210434,-0.49979907274246216,0.005465271882712841,0.3213062882423401,0.027986962348222733,0.09898433834314346,-0.20561960339546204,0.6994802355766296,0.08742054551839828,0.010382604785263538,-0.07450226694345474,-0.18598155677318573,-0.1885235756635666,-0.5157819390296936,-0.29180020093917847,0.12051267921924591,0.26452165842056274,0.04297896474599838,-0.2547759711742401,-0.3483361601829529,0.05923309177160263,0.0793614462018013,-0.11645696312189102,0.1756039559841156,-0.6353691220283508,0.2238357961177826,0.047676149755716324,-0.10449006408452988,-0.6302868723869324,-0.06526980549097061,0.09176424890756607,0.2855108380317688,0.11061592400074005,-0.14318490028381348,-0.04670187085866928
CID000125889,141,-0.18625037372112274,-0.19605520367622375,0.05798295885324478,0.1492137759923935,0.47434577345848083,0.4424360692501068,-0.06293632090091705,-0.3026074767112732,-0.47927626967430115,-0.20054535567760468,-0.04697459936141968,-0.4209344983100891,-0.32704871892929077,-0.052899815142154694,-0.20363850891590118,-0.11670447885990143,-0.05223669484257698,0.24196068942546844,-0.10359306633472443,0.04655800387263298,-0.23000726103782654,0.17752303183078766,-0.05412960797548294,-0.12373795360326767,-0.31123238801956177,0.033493272960186005,-0.05191090703010559,-0.12318036705255508,-0.04940790683031082,0.5844334363937378,0.07457160204648972,-0.5003036260604858,0.21208295226097107,-0.15936222672462463,-0.6240015029907227,-0.21778540313243866,-0.6344903111457825,-0.3175477087497711,-0.0050316425040364265,0.2591487467288971,-0.018265431746840477,0.17367565631866455,-0.05327080562710762,0.06528057157993317,0.5160760283470154,0.05203942209482193,0.12882402539253235,0.48145800828933716,-0.38747361302375793,0.10626699775457382,-0.22755852341651917,0.10803738981485367,0.36118799448013306,-0.39039766788482666,-0.01919078826904297,0.22009587287902832,-0.12004125118255615,-0.0972532257437706,0.1440775990486145,0.15114851295948029,-0.9152783155441284,-0.17386369407176971,0.04568656533956528,0.5480932593345642,-0.20188304781913757,0.08596495538949966,-0.19855161011219025,0.40699902176856995,0.1306430846452713,0.043416522443294525,-0.08829107880592346,-0.08672894537448883,-0.07987519353628159,0.10064802318811417,0.27888768911361694,0.18088190257549286,-0.05240539461374283,0.3073223829269409,0.11475745588541031,-0.1936119794845581,8.901879482436925e-05,-0.23547598719596863,-0.019281834363937378,0.1975647211074829,-0.01130481343716383,-0.14683052897453308,-0.430480420589447,-0.09035005420446396,0.4573226571083069,-0.13714241981506348,0.06156054884195328,-0.04163483902812004,0.237925723195076,0.011689454317092896,-0.644771933555603,0.03240184858441353,-0.2926401197910309,0.3553382456302643,0.051838673651218414,-0.32555460929870605,0.5503647923469543,-0.19102329015731812,-0.23940059542655945,0.018025731667876244,-0.05746054649353027,-0.19182932376861572,-0.42312726378440857,0.2944614887237549,0.3442317843437195,0.2250167578458786,0.02667725645005703,-0.0507441982626915,0.14031705260276794,0.19119374454021454,-0.06499989330768585,0.018642496317625046,0.18356266617774963,-0.4975576400756836,0.3076080083847046,0.06927883625030518,0.0198737233877182,-0.7776397466659546,-0.012959766201674938,-0.2493804395198822,-0.4262073040008545,0.1557345688343048,0.007424700073897839,0.27521687746047974,0.1125355213880539,-0.334439754486084,-0.2038007527589798,-0.10624609887599945,-0.5079740285873413,-0.5183752179145813,-0.03353235125541687,-0.12828773260116577,0.2523215711116791,-0.30001839995384216,0.23877647519111633,-0.3141181170940399,0.13959936797618866,0.4036335349082947,0.21449017524719238,-0.07381907105445862,-0.02165134623646736,0.25572046637535095,-0.012837832793593407,-0.10958187282085419,-0.10238276422023773,0.2313496619462967,0.31787192821502686,0.026411021128296852,0.47392815351486206,0.09830288589000702,-0.11752786487340927,0.22088825702667236,-0.044494133442640305,-0.3788352906703949,0.06451366096735,0.06272668391466141,-0.22084836661815643,-0.09905240684747696,-0.9208974838256836,0.03605503961443901,0.27327150106430054,0.25196751952171326,-0.0367397665977478,-0.03604183346033096,-0.0063185603357851505,-0.2733698785305023,0.05240638181567192,-0.36226505041122437,0.2472088783979416,-0.16763807833194733,0.03763192147016525,0.1944788694381714,-0.23048996925354004,0.03476206213235855,-0.4217551648616791,-0.15973851084709167,0.07431253790855408,0.5272045135498047,-0.06285931169986725,-0.1832047402858734,0.10359704494476318,-0.06146439164876938,-0.638903796672821,-0.09233175218105316,0.6182571649551392,-0.21357962489128113,0.15201476216316223,-0.2152758091688156,-0.14165079593658447,-0.14332272112369537,-0.08137986809015274,0.4739479124546051,0.308749258518219,-0.029678110033273697,-0.35462814569473267,-0.007019924931228161,-0.14365427196025848,-0.3333909213542938,-0.32088273763656616,0.07016706466674805,-0.02634323574602604,0.14320069551467896,-0.12914645671844482,-0.06108821555972099,-0.5271424651145935,-0.2879447937011719,0.16626784205436707,-0.28570646047592163,-0.0896165743470192,0.10737915337085724,0.05573362857103348,-0.017213761806488037,0.7027327418327332,-0.029180476441979408,-0.059412043541669846,-0.03450577333569527,0.007326674647629261,-0.04770110547542572,-0.6543749570846558,0.2365022897720337,0.5784482955932617,-0.007401505019515753,0.18599475920200348,-0.5446203947067261,0.8008148074150085,-0.12389478832483292,0.08101005852222443,-0.052542127668857574,-0.1344955563545227,0.000804465264081955,-0.5461115837097168,-0.20675639808177948,0.5228109359741211,0.13022670149803162,0.24734339118003845,-0.039359819144010544,-0.2782188951969147,-0.11638927459716797,0.1337638795375824,0.20846526324748993,-0.10977604240179062,-0.30969753861427307,0.18438491225242615,0.05098167061805725,-0.3182317614555359,-0.8932852745056152,-0.04404757171869278,0.35204312205314636,0.3751346170902252,-0.06105994060635567,0.132852703332901,0.13576416671276093
CID000002771,148,0.007144315633922815,0.1682853400707245,0.13356469571590424,-0.07706668227910995,0.5816575288772583,0.2727002203464508,0.21419274806976318,-0.0840519517660141,-0.2868622839450836,-0.13215193152427673,-0.2115359604358673,-0.3155346214771271,0.08964315801858902,-0.03622213751077652,0.03773186355829239,0.023250099271535873,-0.11879909038543701,0.02017984166741371,0.08152849972248077,0.026830872520804405,0.10366448014974594,-0.0317537747323513,0.08468149602413177,0.029460344463586807,0.026608090847730637,0.08241118490695953,-0.01765843667089939,-0.009825666435062885,-0.12993887066841125,0.2728688418865204,0.117953822016716,-0.12199777364730835,-0.09015663713216782,-0.08323606848716736,-0.5701366066932678,-0.03802613914012909,-0.20173516869544983,-0.3292100429534912,-0.05111581087112427,-0.10147835314273834,0.08310888707637787,-0.022987818345427513,-0.07614225149154663,-0.1971784383058548,0.08375934511423111,0.04921922832727432,-0.022953305393457413,0.02571098506450653,-0.2896009683609009,-0.11866782605648041,-0.29840922355651855,-0.03881741315126419,0.00494751799851656,-0.2371259182691574,0.005922941956669092,-0.00905216857790947,-0.0372847318649292,0.02765580639243126,0.0355459488928318,0.06953565776348114,-0.9260438084602356,-0.03003538027405739,-0.2736627161502838,0.21961645781993866,0.03171588107943535,0.14678744971752167,-0.020899593830108643,0.27029648423194885,0.16946199536323547,0.08214259147644043,-0.09770761430263519,-0.2105119526386261,0.035610686987638474,-0.006791523192077875,0.22202220559120178,-0.019438590854406357,-0.11710572242736816,0.15174999833106995,0.21050310134887695,-0.13621699810028076,-0.3009130358695984,0.05767367035150528,-0.17533917725086212,-0.15191006660461426,-0.09905465692281723,-0.11734358221292496,-0.2328670769929886,0.035910703241825104,0.347446084022522,-0.1045963317155838,0.11981762945652008,0.049104951322078705,-0.17885446548461914,-0.030894290655851364,-0.5185462832450867,0.021855924278497696,-0.22297325730323792,0.37075889110565186,0.0070594302378594875,-0.11250634491443634,0.35078272223472595,0.20894131064414978,0.10630166530609131,0.2260579615831375,-0.13155175745487213,-0.014851817861199379,-0.3987484574317932,0.1639518290758133,-0.06898947805166245,0.036370649933815,-0.09463318437337875,-0.1277383267879486,0.3141392469406128,0.07761456817388535,-0.004490304738283157,-0.024047870188951492,-0.11787828058004379,-0.10966043174266815,0.1455189287662506,-0.07103152573108673,-0.1675272434949875,-0.6009138226509094,-0.09360702335834503,-0.20182743668556213,-0.3683064579963684,0.1421211063861847,0.09881237149238586,0.14022991061210632,0.011203000321984291,0.1390163004398346,0.07579696923494339,0.11267954111099243,-0.6524366140365601,-0.21749253571033478,0.08940797299146652,-0.03979044407606125,0.3333221971988678,-0.04631824791431427,-0.24585513770580292,0.020071346312761307,-0.13177409768104553,0.16393743455410004,-0.1564180999994278,0.0059116557240486145,-0.0437798872590065,-0.0847601369023323,-0.09744404256343842,0.025989040732383728,-0.09182298928499222,-0.09179411083459854,-0.1421370506286621,0.04797768592834473,0.011898252181708813,-0.04459095746278763,0.08221651613712311,0.09518485516309738,-0.05617024749517441,-0.45149940252304077,0.09690612554550171,-0.013172539882361889,0.15742580592632294,-0.17357364296913147,-0.971485435962677,0.07424527406692505,0.11966085433959961,0.31052008271217346,-0.03782350569963455,-0.07371681928634644,0.08508973568677902,-0.10347165912389755,0.01580565795302391,-0.028967559337615967,0.38536807894706726,-0.21412751078605652,-0.16032841801643372,-0.026423856616020203,-0.0348023995757103,0.02338804304599762,-0.40445488691329956,0.07030721008777618,0.20172078907489777,0.1845605969429016,-0.056060969829559326,0.0740581676363945,0.057933300733566284,-0.05229842662811279,-0.19852086901664734,0.033687468618154526,0.5356258153915405,0.035939499735832214,0.09167491644620895,-0.05574171617627144,-0.05560893565416336,-0.09854256361722946,-0.15169143676757812,0.37009212374687195,0.1235484629869461,-0.08002568036317825,-0.1740453690290451,0.21516279876232147,-0.05878903344273567,-0.15179947018623352,-0.142791286110878,0.3018926978111267,-0.07568775117397308,0.24453401565551758,0.015317587181925774,-0.2582862079143524,-0.04155220463871956,0.02752692438662052,0.17093603312969208,0.031280308961868286,-0.03920663520693779,0.03551890328526497,0.4896036684513092,-0.11522410064935684,0.37224093079566956,0.059851545840501785,-0.019189592450857162,-0.3251202702522278,-0.012829815037548542,-0.07707162201404572,-0.437532901763916,-0.0446983203291893,0.24089424312114716,-0.1174154132604599,0.07423803210258484,-0.40689435601234436,0.6789843440055847,-0.0005345634999684989,-0.0575869157910347,-0.28793448209762573,-0.018775854259729385,0.009460208006203175,-0.529004693031311,-0.24651435017585754,-0.1941828578710556,0.14380386471748352,0.09212086349725723,-0.24464590847492218,0.025294894352555275,-0.04958130419254303,0.18455488979816437,0.0019742108415812254,-0.053516190499067307,-0.14075234532356262,0.09935735166072845,-0.05823172256350517,0.02428414486348629,-0.6559441685676575,0.005447393748909235,0.019588645547628403,0.21888673305511475,-0.023346440866589546,0.08073671162128448,-0.0064721060916781425
CID000003640,149,-0.26829200983047485,0.08835714310407639,0.08076922595500946,-0.09433096647262573,0.15451455116271973,0.43748560547828674,0.20928268134593964,0.057302605360746384,-0.48956865072250366,-0.32946935296058655,0.1393488645553589,-0.5966405868530273,0.3181236684322357,-0.4706755578517914,0.09393300861120224,0.02925335243344307,0.0741213709115982,0.19908618927001953,-0.6002103090286255,-0.1414467692375183,-0.06860940158367157,-0.37343746423721313,-0.004718390293419361,0.14600436389446259,0.30624231696128845,0.06194009259343147,0.09028331190347672,0.023102279752492905,0.05122118443250656,0.3491569459438324,0.21903212368488312,-0.07737790048122406,-0.2880592942237854,-0.1497064232826233,-0.08103962242603302,-0.02009374275803566,-0.0582912340760231,-0.42097511887550354,-0.09099934995174408,-0.05811862275004387,0.18731380999088287,0.23078086972236633,-0.1935148537158966,-0.05595480278134346,0.45967617630958557,-0.029970508068799973,-0.10489661991596222,-0.2706012725830078,-0.18298299610614777,-0.1626758724451065,-0.046180810779333115,0.34709855914115906,-0.27027446031570435,-0.26306653022766113,-0.05945823714137077,-0.11858324706554413,-0.06478098034858704,0.13697229325771332,0.2811233401298523,-0.03385575860738754,-0.7188299894332886,0.03654266148805618,-0.21999914944171906,0.4566890299320221,0.053170572966337204,0.14468885958194733,-0.1135147362947464,-0.07019193470478058,0.07187248766422272,-0.12172432988882065,-0.37049400806427,0.18454992771148682,-0.09427236765623093,-0.29054123163223267,0.12852731347084045,0.1166926771402359,0.0667368695139885,0.4848947525024414,0.2698775827884674,0.2871166169643402,-0.182684063911438,0.11327461898326874,-0.3652518391609192,-0.06408537924289703,0.10630760341882706,0.09772513806819916,-0.3655681610107422,-0.05380179360508919,0.18872541189193726,0.018906263634562492,-0.0685676783323288,-0.400141179561615,0.12364031374454498,-0.029560184106230736,-0.1971644014120102,-0.06658818572759628,-0.25409209728240967,0.3599404990673065,0.10586120188236237,-0.38482534885406494,0.015469735488295555,0.13978752493858337,-0.17212577164173126,0.07951513677835464,-0.36212459206581116,0.0035912380553781986,-0.1877739429473877,0.3270626664161682,-0.07706865668296814,0.01553624588996172,0.21379485726356506,0.051196806132793427,0.13449916243553162,-0.015427300706505775,0.024703873321413994,0.047875918447971344,-0.17503012716770172,-0.2133934497833252,0.5517566800117493,-0.37477269768714905,-0.4539242684841156,-0.4030020236968994,-0.1715048998594284,-0.030236175283789635,-0.3497048318386078,0.3665948510169983,0.04300067573785782,0.4640580117702484,0.35676470398902893,0.09910871088504791,-0.12328615039587021,-0.04562653228640556,-0.529423713684082,-0.33871686458587646,0.24369391798973083,-0.0006315737846307456,-0.016319692134857178,-0.16115973889827728,-0.017274782061576843,-0.3795070946216583,-0.08672235906124115,0.04658288136124611,-0.062006544321775436,-0.032875578850507736,-0.0047022015787661076,0.21682289242744446,0.5121965408325195,-0.06208334490656853,-0.09312350302934647,-0.23603248596191406,-0.06635184586048126,-0.26332104206085205,-0.25563645362854004,0.010371813550591469,0.200149267911911,0.14261247217655182,-0.09209823608398438,-0.3470255732536316,0.2370087206363678,-0.14020690321922302,0.38819676637649536,-0.10571509599685669,-0.7146368026733398,-0.25229698419570923,0.29902610182762146,0.3863363265991211,0.020729441195726395,0.13677260279655457,0.1136203408241272,-0.2014189213514328,-0.19633141160011292,-0.04279197007417679,0.48687753081321716,0.07666026055812836,0.021567966789007187,-0.30125564336776733,-0.04045403003692627,0.19392386078834534,-0.500420093536377,-0.24406015872955322,0.14767619967460632,0.38009563088417053,-0.006456287112087011,-0.2136225700378418,0.1102420911192894,0.07674132287502289,-0.15574195981025696,-0.1318701207637787,0.1101735383272171,0.11491284519433975,0.22813780605793,0.011847682297229767,-0.04587501287460327,-0.058445852249860764,-0.382289856672287,0.4862311780452728,-0.08554960042238235,-0.17065513134002686,-0.15197275578975677,-0.29220789670944214,-0.10276336967945099,0.1402343213558197,-0.3010844886302948,0.1955772042274475,-0.062112957239151,0.3330666720867157,-0.09522362053394318,-0.42840760946273804,-0.4830535054206848,0.24118947982788086,-0.22446966171264648,0.05238354206085205,-0.032236501574516296,-0.25654277205467224,0.1029704213142395,-0.022295335307717323,0.41905584931373596,-0.010173514485359192,-0.04586805775761604,-0.28063130378723145,-0.08693624287843704,-0.013754790648818016,-0.5698822140693665,0.023530738428235054,0.18968698382377625,0.06004709005355835,0.18703456223011017,-0.23378805816173553,0.6255327463150024,0.09785892814397812,-0.3303152620792389,-0.14771787822246552,-0.10670407116413116,-0.008242214098572731,-0.27148881554603577,-0.36919787526130676,-0.02480112574994564,0.558307409286499,0.4419547915458679,0.21608395874500275,-0.17253617942333221,0.017245862632989883,0.019339514896273613,0.0950324684381485,0.2633085250854492,-0.17214277386665344,0.01900031417608261,0.30366209149360657,0.32419806718826294,-0.4072133004665375,-0.04487994685769081,0.14212794601917267,-0.0019279152620583773,-0.33149346709251404,-0.03356042504310608,-0.10935509204864502
CID000000444,152,0.023059239611029625,0.13316600024700165,0.05485749989748001,-0.0425027497112751,0.5612472891807556,0.39257946610450745,0.0965685024857521,-0.18484307825565338,-0.3253958821296692,-0.10698505491018295,0.02352682314813137,-0.3942781090736389,0.04010278359055519,-0.1310126930475235,-0.3137604296207428,0.16317811608314514,0.06823471933603287,-0.11438785493373871,-0.127219557762146,-0.04811378940939903,0.06283339858055115,0.06959529221057892,0.05974278599023819,0.07147867232561111,-0.28348881006240845,-0.07595761120319366,-0.014041027054190636,0.08254285901784897,0.030503207817673683,0.28271645307540894,-0.16383735835552216,0.21546223759651184,0.14018508791923523,0.060567498207092285,-0.745611310005188,0.10823279619216919,-0.5919458866119385,-0.3267444670200348,0.11450541019439697,-0.21499237418174744,0.14321111142635345,0.11337222158908844,-0.30929335951805115,-0.012973961420357227,0.20627236366271973,0.1346646100282669,-0.044147152453660965,-0.08268214762210846,0.1883152425289154,0.012343699112534523,-0.47099971771240234,0.08342359960079193,-0.17193332314491272,-0.31768280267715454,0.08681508153676987,0.02697167731821537,0.03924406319856644,-0.08825455605983734,0.1672171801328659,-0.3672606945037842,-1.063476324081421,-0.1365029662847519,-0.06624852120876312,0.38102084398269653,-0.07871551066637039,0.3397282660007477,-0.025836989283561707,0.22375448048114777,0.1497032642364502,0.018617715686559677,-0.1716732680797577,-0.027164166793227196,-0.27089038491249084,-0.3867732882499695,0.34106993675231934,-0.30797842144966125,-0.1854884922504425,0.12344878911972046,0.05466098338365555,-0.11270596086978912,-0.23311395943164825,-0.21195945143699646,-0.027873599901795387,-0.19686369597911835,-0.009051489643752575,-0.05834857374429703,-0.051119256764650345,-0.22856836020946503,0.6802126169204712,-0.0751238614320755,-0.17683300375938416,-0.17019066214561462,-0.1668970286846161,0.1630479246377945,-0.558834433555603,-0.08692462742328644,-0.29443657398223877,0.6385504007339478,0.1802341192960739,-0.0724717229604721,0.6912117004394531,0.0022276700474321842,0.10678938776254654,0.3316599726676941,-0.16726483404636383,-0.017872821539640427,-0.4282061457633972,0.3028477430343628,0.0882849395275116,0.22246916592121124,-0.31594952940940857,-0.15357151627540588,0.3859606385231018,-0.2950989007949829,0.2800818979740143,0.011645657010376453,0.11490213871002197,-0.27086928486824036,0.24801433086395264,0.08136399835348129,0.20637407898902893,-0.8208650350570679,0.07943903654813766,-0.3515816032886505,-0.4148576855659485,-0.21136648952960968,-0.22654840350151062,0.1792856603860855,0.04995172098278999,-0.1960979551076889,-0.04932854324579239,-0.27873462438583374,-0.3651878237724304,-0.21489901840686798,-0.08671751618385315,0.10058315098285675,0.3830122649669647,-0.17998617887496948,-0.029843974858522415,-0.018397454172372818,0.03731807321310043,0.10527049005031586,0.12428393214941025,0.1467987298965454,0.2269287109375,-0.012497144751250744,0.161243736743927,0.02624037303030491,0.11752443015575409,0.07888467609882355,-0.11988578736782074,0.04122651368379593,0.16141608357429504,0.06702673435211182,-0.05509544536471367,-0.05104047805070877,0.05246251821517944,-0.2743249237537384,0.07954712957143784,0.0982324630022049,0.04607308655977249,0.08117729425430298,-0.945941150188446,-0.02317921444773674,0.17139741778373718,0.2462390661239624,-0.11626160144805908,-0.05359501391649246,0.3659016788005829,0.13691136240959167,-0.1329067200422287,-0.1641974151134491,0.4982609748840332,-0.127523273229599,-0.07739122956991196,-0.1502595692873001,0.2632140517234802,0.03441338986158371,-0.2819056212902069,0.17095741629600525,0.1824888288974762,0.13431423902511597,-0.012025156989693642,-0.0897892564535141,-0.05025044083595276,-0.10487246513366699,-0.3350388705730438,0.15373562276363373,0.8304203152656555,-0.12528792023658752,-0.13535849750041962,-0.27308520674705505,0.11346404254436493,-0.20168285071849823,-0.16258122026920319,0.6228090524673462,0.0935598760843277,-0.0887993574142456,-0.447075754404068,-0.041255559772253036,-0.3001384139060974,0.26004359126091003,-0.14176273345947266,-0.01643301546573639,0.18946608901023865,0.23468811810016632,0.05687025189399719,0.07566207647323608,-0.14859172701835632,-0.25851869583129883,0.3456884026527405,0.19652412831783295,-0.08850134909152985,-0.04759753495454788,0.33186015486717224,0.0281777735799551,0.4786377549171448,0.16382399201393127,-0.07045705616474152,-0.09137043356895447,0.03540497645735741,0.01804068125784397,-0.7022730112075806,0.11653566360473633,0.4536784589290619,-0.07624442875385284,0.0206545889377594,-0.23933351039886475,0.654358983039856,-0.10956074297428131,0.216155007481575,-0.03457818180322647,0.05846559256315231,-0.01670474000275135,-0.5826963186264038,-0.12806138396263123,0.1261238306760788,-0.01847304217517376,-0.1193058118224144,-0.1976141631603241,-0.12026028335094452,0.09413105249404907,-0.1686253845691681,-0.09610015153884888,-0.10219164192676544,-0.8037656545639038,0.1405714452266693,-0.038268882781267166,0.060030050575733185,-0.80042564868927,0.047987066209316254,0.2317286729812622,0.4591318964958191,0.33819103240966797,0.09816546738147736,0.2698129415512085
CID000024011,153,-0.04876985400915146,0.0886707529425621,-0.0921001210808754,0.12740333378314972,0.9882535934448242,0.3441893458366394,-0.0010017066961154342,-0.1177971214056015,-0.18003134429454803,0.013043129816651344,-0.14973309636116028,-0.3614208698272705,-0.1484633982181549,-0.16954220831394196,-0.24539336562156677,0.14326387643814087,-0.20235629379749298,0.02696198783814907,-0.29584676027297974,0.09565971046686172,-0.3563764691352844,-0.2846567630767822,-0.08187220245599747,0.10678260028362274,0.1847800463438034,0.16258850693702698,0.25517550110816956,-0.15768510103225708,-0.02017802745103836,0.7002986669540405,-0.07945480197668076,-0.1358407437801361,0.24505050480365753,0.018478810787200928,-0.5459054112434387,0.20853586494922638,-0.6646178960800171,-0.3622625768184662,-0.16293542087078094,0.1756918728351593,0.261963427066803,0.03909119963645935,-0.39032453298568726,-0.07272569090127945,0.46720725297927856,0.06657979637384415,-0.1973392218351364,-0.1551569700241089,0.22795486450195312,0.155276358127594,-0.5864248275756836,0.13195784389972687,-0.21680903434753418,-0.7127676010131836,-0.0746997520327568,0.09987430274486542,-0.16064171493053436,0.224278062582016,0.42751193046569824,-0.13646312057971954,-1.0107307434082031,0.24498946964740753,-0.08903781324625015,0.30496299266815186,-0.1156863197684288,0.24078157544136047,-0.5018547773361206,0.11367221176624298,-0.11781396716833115,0.0705522671341896,-0.25635701417922974,0.24949094653129578,0.19824498891830444,-0.22783437371253967,0.6527944803237915,-0.020677516236901283,0.14078350365161896,-0.007180726621299982,0.22403869032859802,-0.6049196124076843,-0.1670677363872528,-0.0061698793433606625,-0.022694159299135208,-0.16288794577121735,-0.00995495356619358,0.08699451386928558,-0.266656756401062,-0.15713532269001007,0.8009956479072571,-0.17803415656089783,-0.39206424355506897,0.0005455851787701249,-0.1173485517501831,0.14381873607635498,-0.6110844016075134,-0.0665537565946579,-0.23536066710948944,0.41721853613853455,0.29255783557891846,-0.14560040831565857,0.5442435145378113,-0.02683802880346775,0.10222052037715912,0.31751298904418945,0.1430315226316452,-0.10170986503362656,-0.290290892124176,0.3616202175617218,0.15143518149852753,0.4262697100639343,-0.42686229944229126,0.14629621803760529,0.6560213565826416,0.01026728842407465,0.25669944286346436,0.3086828887462616,-0.06460500508546829,-0.4299834370613098,-0.03532061353325844,-0.15449734032154083,-0.020113717764616013,-0.8117639422416687,0.15290924906730652,-0.685207724571228,-0.5590516328811646,-0.25134551525115967,-0.12046400457620621,0.3974294364452362,0.08201168477535248,0.10860592126846313,-0.23165395855903625,-0.1289764940738678,-0.41281574964523315,-0.3453747630119324,-0.04140191525220871,-0.11327101290225983,0.7577083110809326,-0.48998507857322693,0.05098358541727066,-0.021250223740935326,0.25259169936180115,0.4186205267906189,0.08122076839208603,0.07555518299341202,-0.06391163170337677,-0.010330992750823498,0.08147446066141129,0.41692280769348145,-0.28117454051971436,-0.40424028038978577,-0.10402697324752808,-0.1695787012577057,-0.30479735136032104,0.16808469593524933,0.2529050409793854,-0.10616131871938705,0.06450271606445312,-0.5027095079421997,-0.2277076691389084,0.4983248710632324,0.03774260729551315,-0.07614152133464813,-0.7357621788978577,-0.3147239089012146,0.48978549242019653,0.3729841113090515,-0.3997664153575897,0.2307308167219162,0.3127923905849457,-0.000833491503726691,-0.3367769420146942,-0.21884524822235107,0.5148352384567261,-0.08706070482730865,-0.30708247423171997,-0.2658756375312805,0.21553584933280945,-0.2524733543395996,-0.3020756244659424,-0.30533677339553833,0.1903621405363083,0.38906940817832947,-0.11700687557458878,-0.07894690334796906,0.15838101506233215,-0.17713935673236847,-0.6589940190315247,0.1222115308046341,0.40558499097824097,0.31759804487228394,-0.11451878398656845,-0.6752981543540955,0.19135315716266632,-0.23836512863636017,0.008112287148833275,0.5739874839782715,-0.05516965314745903,-0.07660137861967087,-0.6418464779853821,-0.42999306321144104,0.07607576251029968,0.22389797866344452,-0.26579633355140686,-0.11208571493625641,0.0706370621919632,0.22791239619255066,-0.323302686214447,-0.005876994226127863,-0.2118927240371704,-0.18734110891819,0.1947859227657318,0.07161057740449905,-0.14658038318157196,0.2545815706253052,0.3674202263355255,0.0020629167556762695,0.6292495131492615,-0.022567689418792725,-0.2717686891555786,-0.10497753322124481,0.10554375499486923,-0.004674275405704975,-0.8215993642807007,-0.06971313059329987,0.37866485118865967,0.19535812735557556,0.2246370017528534,-0.5399061441421509,0.6183995008468628,-0.04970097914338112,0.0344264917075634,0.05314793437719345,-0.1900169998407364,-0.139678955078125,-0.1985359489917755,-0.3560289144515991,0.2061118185520172,0.16298873722553253,-0.06159154325723648,-0.17700597643852234,-0.5630265474319458,-0.07333430647850037,0.146434023976326,0.48500174283981323,0.06423242390155792,-0.8455807566642761,0.44737523794174194,0.1697094589471817,0.2038765698671341,-0.7684853076934814,0.13406510651111603,0.11190948635339737,0.28104305267333984,0.4952148497104645,0.1492149978876114,-0.1770007461309433
CID000002171,154,0.43157798051834106,-0.13739776611328125,0.09749118983745575,-0.20022058486938477,0.8193397521972656,0.34243491291999817,0.10833810269832611,-0.13072112202644348,-0.48457688093185425,-0.16037820279598236,0.09529832005500793,-0.795038640499115,-0.3003143072128296,-0.26098382472991943,0.0015422001015394926,0.012791141867637634,-0.06497509777545929,-0.13792729377746582,-0.2686598002910614,0.043518126010894775,0.11981759965419769,0.011675369925796986,-0.09978315979242325,0.11040051281452179,0.02106839045882225,-0.11813230812549591,-0.22399716079235077,-0.08387068659067154,0.08337589353322983,0.18896666169166565,-0.04957745969295502,0.09469370543956757,-0.13304904103279114,0.09926700592041016,-0.5000712275505066,-0.35532766580581665,-0.6533681154251099,-0.3663310408592224,-0.4851915240287781,-0.2608538269996643,-0.3112686276435852,0.2578532099723816,-0.14654609560966492,0.20929642021656036,0.11612433195114136,0.5235690474510193,-0.025520438328385353,0.17093853652477264,-0.0471968874335289,-0.15072844922542572,-0.47499117255210876,-0.22402124106884003,-0.1302768886089325,-0.9736143946647644,0.09458813071250916,0.1489187628030777,-0.00743353646248579,-0.03139683976769447,1.3865330219268799,-0.3549213409423828,-1.0620852708816528,0.18874023854732513,-0.08394555747509003,0.677374541759491,-0.0938214659690857,-0.8896096348762512,-0.5676625967025757,0.2559976577758789,-0.19895532727241516,-0.01085903774946928,-0.9398078918457031,0.020438259467482567,-0.07949472963809967,-0.2887064218521118,0.9846463203430176,0.2600806951522827,0.39720678329467773,-0.07457374036312103,-0.3110571801662445,-0.04956942796707153,-0.38119953870773315,0.028179848566651344,0.16490180790424347,-0.15970593690872192,0.14896449446678162,0.10055122524499893,0.14289583265781403,-0.053306061774492264,0.5011391043663025,-0.13685785233974457,-0.5163550972938538,-0.15279093384742737,0.2193596065044403,0.20428040623664856,-0.69001305103302,-0.0668334886431694,-0.31115707755088806,0.1959012746810913,-0.16523726284503937,-0.09180860221385956,0.08668021857738495,-0.2111937552690506,-0.1184866651892662,1.1670554876327515,-0.04041927307844162,0.06107532978057861,-0.4154033064842224,0.39542415738105774,0.02751026675105095,0.5998015403747559,-0.26301148533821106,0.028057962656021118,0.23980769515037537,-0.074893057346344,0.2051078826189041,-0.016146386042237282,-0.4488789141178131,-0.30923992395401,0.25533151626586914,0.08297508955001831,0.07907606661319733,-0.9238297343254089,-0.004583692643791437,-0.30729609727859497,-0.48388129472732544,0.07208070158958435,-0.15767793357372284,0.48388662934303284,-0.15280340611934662,-0.17751440405845642,0.08146379888057709,0.2305559366941452,-0.7016772627830505,-0.45498543977737427,0.09981727600097656,0.01989484205842018,0.40455755591392517,-0.28275105357170105,0.019888177514076233,-0.36873379349708557,0.13773420453071594,0.595924973487854,-0.06046384572982788,0.1680765450000763,0.19086594879627228,-0.08275659382343292,0.30404677987098694,0.2644367814064026,-0.0763510912656784,0.09594402462244034,0.008398061618208885,-0.3033359944820404,-0.027314569801092148,0.19110864400863647,-0.2837764024734497,-0.16648034751415253,-0.13712188601493835,-0.17203818261623383,-0.16441473364830017,0.12544433772563934,0.5117515325546265,0.18312790989875793,-1.1684645414352417,0.5593420267105103,0.6736728549003601,0.33434897661209106,-0.41743868589401245,0.4438455104827881,-0.10290136188268661,-0.4744650721549988,-0.2482181340456009,-0.46247968077659607,0.9695317149162292,-0.48152628540992737,0.09243790805339813,0.2442135363817215,0.07464133948087692,0.16230060160160065,-0.2564513385295868,0.20903997123241425,0.20013627409934998,0.09407509863376617,0.15240058302879333,-0.05879034474492073,-0.011657626368105412,-0.3227706551551819,-0.04421120882034302,0.22746777534484863,0.3702741265296936,-0.09515548497438431,0.2790626883506775,-0.49387985467910767,-0.2199554741382599,0.6274107098579407,-0.1796981692314148,0.5125409960746765,-0.01718146726489067,0.060692060738801956,-0.2858301103115082,-0.04036156088113785,-0.4513549208641052,-0.005909955594688654,-0.46987491846084595,0.10606949031352997,-0.39655056595802307,0.47239160537719727,0.09979671239852905,-0.6073197722434998,-0.21871979534626007,-0.17089471220970154,0.4315566122531891,0.18590891361236572,-0.041769854724407196,-0.0932287871837616,1.2943509817123413,0.07080938667058945,0.9738283157348633,0.02352041006088257,-0.38281822204589844,-0.10814043134450912,-0.11901693046092987,0.1873643845319748,-1.0520942211151123,0.14667825400829315,0.11667845398187637,-0.018573064357042313,-0.18296775221824646,-0.5659154057502747,1.225913166999817,-0.1958860605955124,-0.21423538029193878,-0.09791385382413864,0.19572696089744568,-0.12901343405246735,-0.6115347146987915,-0.3582112789154053,0.07217635214328766,0.0014875024789944291,-0.1439153403043747,0.12944026291370392,-1.3655502796173096,0.09493151307106018,-0.056977204978466034,-0.15820886194705963,0.44187623262405396,-1.135977864265442,0.34865814447402954,-0.052724890410900116,-0.15513721108436584,-0.9928073883056641,-0.12047719955444336,0.18416477739810944,0.3877292573451996,-0.09458993375301361,-0.12496783584356308,0.08525694161653519
CID000054808,155,0.10786738246679306,0.11776471138000488,0.09631078690290451,-0.0666220411658287,0.3102452754974365,0.5417138338088989,0.31744739413261414,-0.5141175985336304,-0.5486449003219604,-0.05102301761507988,-0.027069885283708572,-0.30106955766677856,0.37955302000045776,-0.23243045806884766,0.03717123717069626,-0.06809624284505844,0.32823503017425537,-0.11453776061534882,-0.20779958367347717,0.16617615520954132,-0.25002291798591614,0.09108872711658478,0.008225220255553722,0.2398487776517868,0.2699797749519348,0.289789617061615,0.030419981107115746,-0.16258005797863007,0.009734881110489368,0.4623294770717621,0.07307492196559906,0.04308827966451645,-0.033538974821567535,-0.046020008623600006,-0.3965907692909241,-0.07420480996370316,-0.05106332153081894,-0.4616513252258301,-0.029456621035933495,0.22891667485237122,-0.034137383103370667,0.00018537342839408666,-0.23990043997764587,0.04464750364422798,0.10541520267724991,0.04754841327667236,0.007818692363798618,-0.3848339021205902,-0.14718948304653168,0.005588939879089594,-0.4637945294380188,0.14952127635478973,-0.15761104226112366,-0.27378565073013306,0.4490104615688324,0.07222115993499756,-0.053908515721559525,-0.10806252062320709,0.30624866485595703,-0.13596513867378235,-0.9726874232292175,0.10019340366125107,0.030634116381406784,0.44573983550071716,-0.002750113606452942,-0.32009002566337585,-0.3914850056171417,0.37969303131103516,0.2753024697303772,-0.17179062962532043,-0.7268086671829224,-0.06556175649166107,-0.062304239720106125,0.1357814222574234,0.32365262508392334,-0.05672038346529007,0.13240033388137817,0.2635524570941925,-0.12306080013513565,0.18986520171165466,-0.3723834455013275,0.21209502220153809,0.1356232762336731,-0.07451576739549637,0.007327600382268429,-0.03528008610010147,-0.18541598320007324,-0.017091089859604836,0.7700322270393372,-0.13889816403388977,0.14507457613945007,-0.32340967655181885,0.12315680831670761,-0.07076643407344818,-0.3077608048915863,0.08151372522115707,-0.27495214343070984,0.3870718777179718,-0.04951716214418411,-0.23391452431678772,0.5503777265548706,0.06264568865299225,0.32767170667648315,0.22787995636463165,-0.1939130425453186,-0.002728110644966364,-0.34144389629364014,0.34977391362190247,0.21042749285697937,0.3672086000442505,-0.17168119549751282,0.04022008925676346,0.20129084587097168,-0.14899319410324097,0.14080533385276794,0.17685458064079285,0.14084027707576752,-0.2309081256389618,0.178879514336586,-0.12515172362327576,0.14501634240150452,-0.867612361907959,-0.02402976155281067,-0.07881946861743927,-0.4189818501472473,0.11098704487085342,-0.1692628413438797,0.3300629258155823,-0.08582302927970886,0.30603551864624023,-0.037033893167972565,-0.04348813742399216,-0.7281167507171631,-0.35096830129623413,0.12194738537073135,0.35947713255882263,0.45516151189804077,-0.3271622359752655,-0.14082571864128113,0.014186340384185314,-0.09756413102149963,0.49677029252052307,-0.0007049441337585449,-0.06581617891788483,0.1757095456123352,0.041565462946891785,0.32652539014816284,0.42338889837265015,-0.04328000918030739,0.0640430748462677,-0.24304044246673584,-0.28375306725502014,-0.21693389117717743,-0.19890232384204865,0.2364906370639801,0.14709612727165222,-0.09040571004152298,-0.516385555267334,0.013605332002043724,0.00512374471873045,0.31254419684410095,-0.09413641691207886,-1.1218783855438232,-0.09444976598024368,0.42134252190589905,0.1795467734336853,-0.02142207883298397,-0.040382031351327896,0.08722325414419174,0.14565186202526093,-0.11557543277740479,-0.07418208569288254,0.6278210282325745,-0.08313913643360138,0.20143845677375793,-0.332855761051178,-0.11591184139251709,-0.019380729645490646,-0.43668413162231445,0.08261343091726303,0.09815636277198792,0.33099591732025146,0.3057653307914734,-0.09050808846950531,0.00975262001156807,0.10343756526708603,-0.2656940817832947,0.11789840459823608,0.5661914944648743,0.09884942322969437,0.011561247520148754,-0.11753544956445694,0.005757316946983337,0.17805801331996918,-0.01833665370941162,0.34388384222984314,-0.04096253961324692,-0.07316899299621582,-0.070623479783535,0.027268487960100174,-0.0783800482749939,0.0017383098602294922,-0.26549679040908813,0.13694283366203308,-0.11759926378726959,0.5591062307357788,0.191537544131279,-0.540158212184906,-0.07700081914663315,0.2493375539779663,0.42407649755477905,0.10842590034008026,-0.012541240081191063,-0.1339881718158722,0.24970407783985138,-0.23851731419563293,0.5889896154403687,-0.31755751371383667,0.1887698471546173,-0.13515660166740417,-0.09489607810974121,-0.1580619364976883,-0.7881066203117371,-0.10104292631149292,0.3927031457424164,0.11094141006469727,-0.00662859994918108,-0.4580554962158203,0.5090823769569397,-0.2648063600063324,0.08175542205572128,-0.12256361544132233,0.1826697587966919,0.07156175374984741,-0.5655422806739807,-0.31740596890449524,-0.05086700990796089,0.22001123428344727,0.007753822021186352,0.04304076358675957,-0.18896512687206268,0.2362821400165558,-0.11455893516540527,0.10724963992834091,-0.04298072308301926,-0.4522523880004883,0.12686419486999512,0.2282474935054779,0.12757842242717743,-0.69283527135849,0.000908361398614943,0.2654566764831543,0.11874314397573471,-0.05547612905502319,-0.1308588683605194,0.01632717251777649
CID000005040,158,-0.23373687267303467,-0.084970623254776,0.19582374393939972,0.1394161880016327,0.12095701694488525,0.34826895594596863,-0.014279057271778584,0.04805160313844681,-0.3724892735481262,-0.2813029885292053,0.1768234521150589,-0.5068029165267944,0.13172245025634766,-0.3750172257423401,-0.19159343838691711,-0.0993422269821167,-0.03351854532957077,-0.3904532492160797,0.01040733139961958,-0.21846452355384827,0.27586477994918823,0.06102339178323746,-0.06423541903495789,-0.19895610213279724,-0.2027972936630249,0.020335277542471886,-0.04100067541003227,-0.23648592829704285,-0.11687173694372177,0.29173851013183594,-0.2658002972602844,0.28632110357284546,0.02809695340692997,-0.05115613341331482,-0.6367343664169312,0.2554713189601898,-0.1223464161157608,-0.2235730141401291,-0.08024948090314865,-0.1085352897644043,-0.0467589870095253,0.12610085308551788,-0.3088400363922119,0.2229764759540558,0.5995062589645386,0.034802310168743134,0.13398869335651398,-0.011568847112357616,0.1526879519224167,-0.09704874455928802,-0.9226378202438354,0.09226777404546738,-0.2732330858707428,-0.05172182247042656,0.38267093896865845,-0.04131279140710831,-0.0810161754488945,-0.19605593383312225,0.47918444871902466,0.17811913788318634,-0.7673206925392151,-0.13793590664863586,-0.3477124273777008,0.03609638288617134,-0.09807804971933365,-0.180479496717453,-0.16053001582622528,0.3459220826625824,0.07319991290569305,0.29271209239959717,-0.43881744146347046,-0.12027180194854736,-0.0008564740419387817,0.0853106826543808,0.5439475774765015,0.07139914482831955,0.13629312813282013,0.530384361743927,0.030617738142609596,-0.1524704098701477,-0.2323710173368454,-0.1406209021806717,-0.1959783434867859,-0.03703088313341141,-0.0528348907828331,0.02070450223982334,-0.24334871768951416,0.01552638690918684,0.25821882486343384,-0.1360481083393097,-0.20072641968727112,-0.18071696162223816,-0.052812207490205765,-0.028340697288513184,-0.4440150856971741,-0.02257993258535862,-0.0898694396018982,0.02366011217236519,0.11948754638433456,-0.17318379878997803,0.3409311771392822,-0.07407800853252411,-0.1859120875597,0.13012218475341797,-0.05808107182383537,0.07579360902309418,-0.5085160732269287,0.28999945521354675,-0.11224591732025146,0.08433657884597778,0.33435696363449097,-0.07753906399011612,0.16932590305805206,0.017999794334173203,0.23107334971427917,-0.06918814778327942,0.06176639720797539,-0.5374103784561157,0.25881847739219666,0.22816045582294464,-0.016928862780332565,-0.8654468655586243,-0.4367142617702484,-0.24317923188209534,-0.5116905570030212,0.3795809745788574,-0.025411313399672508,0.2604355812072754,0.35440969467163086,-0.058571040630340576,0.145114928483963,-0.09187176823616028,-0.49035128951072693,-0.49682408571243286,-0.10324715077877045,0.13657146692276,0.22929354012012482,-0.3483033776283264,0.0591510646045208,-0.24684903025627136,-0.023747289553284645,-0.05536634847521782,0.3228971064090729,-0.08682388067245483,-0.15093295276165009,-0.30874255299568176,0.10905368626117706,-0.08732634782791138,0.39581382274627686,0.07039768993854523,0.027466844767332077,0.2714364230632782,0.24315989017486572,0.03336191922426224,0.08692467212677002,0.21985235810279846,0.018847504630684853,-0.40057307481765747,0.22155818343162537,0.3246544599533081,0.003920806106179953,0.042936038225889206,-0.8335050344467163,-0.22105689346790314,0.5339010953903198,0.16904637217521667,-0.1550682634115219,0.05004991963505745,0.011755880899727345,-0.051807183772325516,-0.261383056640625,-0.09959392249584198,0.27820152044296265,0.1304924190044403,-0.055201150476932526,-0.10622574388980865,0.0004092097224202007,-0.009261183440685272,-0.33762145042419434,0.09673212468624115,0.1512334644794464,0.13756507635116577,0.4606175422668457,-0.14331886172294617,0.007277089171111584,-0.02677033841609955,-0.19218415021896362,-0.12479996681213379,0.6109152436256409,-0.23374898731708527,0.12541760504245758,-0.12788079679012299,-0.2738857567310333,-0.03656226396560669,-0.28508058190345764,0.3500575125217438,-0.08976344764232635,-0.041892778128385544,-0.12330863624811172,-0.08247007429599762,0.3005637228488922,-0.13372597098350525,-0.1889662891626358,0.1088152676820755,-0.02285163663327694,0.0013775486731901765,-0.07497434318065643,0.07074964046478271,-0.42687416076660156,-0.3205747902393341,-0.022688696160912514,-0.2563534379005432,-0.056256771087646484,0.20656879246234894,0.010713917203247547,-0.1062408909201622,0.7098810076713562,-0.10258076339960098,-0.09831736981868744,-0.0513564869761467,-0.04199615865945816,-0.15766647458076477,-0.5776768326759338,-0.02155803143978119,0.14793483912944794,-0.25094854831695557,0.23026716709136963,0.02252243086695671,0.8196261525154114,-0.25667357444763184,-0.17739509046077728,-0.03958588093519211,-0.004459594376385212,0.02909718081355095,-0.5178689360618591,-0.11229956150054932,-0.264106810092926,0.21645724773406982,0.36883246898651123,0.051489949226379395,-0.42669159173965454,-0.0004140824021305889,-0.026615208014845848,0.036108970642089844,-0.005229663569480181,-0.1726299226284027,0.08628629893064499,0.0005342125659808517,0.11327799409627914,-0.7584378719329834,-0.34136152267456055,0.4978059232234955,0.15995082259178162,-0.28399670124053955,-0.06219516322016716,-0.024915557354688644
CID000005077,159,-0.14082898199558258,-0.045683301985263824,0.11094383150339127,-0.04969768971204758,0.40003952383995056,0.3532622158527374,-0.0024171192198991776,-0.0318867452442646,-0.18311336636543274,-0.23825757205486298,-0.05895530432462692,-0.22129705548286438,0.12957283854484558,-0.20841579139232635,0.08556188642978668,-0.08193422853946686,-0.08731847256422043,0.23554912209510803,-0.03898737579584122,0.06667357683181763,-0.28879040479660034,0.19659772515296936,0.0931491106748581,-0.08819466829299927,0.09076052159070969,-0.14266380667686462,0.028607774525880814,0.04259800165891647,0.03549771383404732,0.2237819880247116,0.14926227927207947,-0.09243031591176987,-0.15407100319862366,-0.009167849086225033,-0.42600196599960327,-0.04831864312291145,-0.20334383845329285,-0.27428919076919556,-0.09167160093784332,-0.16287073493003845,0.1011093482375145,0.04124557226896286,-0.23773905634880066,-0.2967439591884613,0.04128042981028557,0.002361828926950693,-0.1356821358203888,-0.027986327186226845,-0.04151275381445885,-0.1060638427734375,-0.06719968467950821,0.15334035456180573,-0.04923688620328903,-0.13620762526988983,0.06134387105703354,-0.0622868612408638,-0.020264465361833572,0.03895755857229233,-0.012479950673878193,-0.014156403951346874,-0.945041298866272,0.1340292990207672,-0.3545183539390564,0.15024299919605255,-0.03578972816467285,0.16416488587856293,-0.22585976123809814,0.12842701375484467,0.005867679603397846,0.10643027722835541,-0.11105231195688248,0.0010079705389216542,-0.030361080542206764,-0.16557477414608002,0.044571466743946075,-0.09577705711126328,0.004608231596648693,0.018867969512939453,0.19311001896858215,0.033791303634643555,-0.24298277497291565,-0.08468646556138992,-0.31766825914382935,-0.08175196498632431,-0.13304248452186584,-0.07147987931966782,-0.13550017774105072,-0.06687381118535995,0.2814708352088928,-0.03443358466029167,-0.08765201270580292,-0.08757775276899338,-0.06908219307661057,0.06221845746040344,-0.4391583800315857,0.09585826843976974,-0.17124620079994202,0.308835506439209,0.07705472409725189,-0.1972215473651886,0.23617370426654816,0.06363850086927414,-0.18193337321281433,0.1567254364490509,-0.14893566071987152,0.07613702118396759,-0.39691227674484253,0.18998822569847107,0.07630244642496109,0.12803712487220764,0.21260738372802734,-0.12797382473945618,0.2796024680137634,0.009705393575131893,0.05611526221036911,0.19033296406269073,0.08040759712457657,-0.1156766414642334,0.04021948575973511,-0.07895613461732864,-0.24856367707252502,-0.6248862147331238,-0.0032325536012649536,-0.2950408458709717,-0.40276750922203064,0.0635829046368599,0.022637976333498955,0.26947206258773804,0.18716952204704285,-0.014205202460289001,0.07642226666212082,-0.04670225828886032,-0.4760798513889313,-0.32813096046447754,-0.014447679743170738,-0.0572991669178009,0.28808319568634033,-0.09056980907917023,-0.08782994747161865,0.1014462262392044,-0.016205571591854095,0.11606840789318085,-0.16763633489608765,-0.09971421957015991,-0.02945171669125557,-0.03609512373805046,0.07585817575454712,0.025132223963737488,-0.3585691750049591,0.17217369377613068,-0.07987089455127716,0.15540751814842224,-0.022764790803194046,0.0858018547296524,-0.10130779445171356,-0.015088563784956932,-0.19017291069030762,-0.38074296712875366,0.06380733102560043,-0.007832053117454052,0.21449820697307587,0.020920971408486366,-0.9264074563980103,-0.03482573479413986,0.154628723859787,0.3187331259250641,-0.17407844960689545,-0.12575113773345947,0.11394135653972626,0.11906599998474121,-0.15630093216896057,-0.06096036359667778,0.29628777503967285,0.0038333937991410494,-0.22788509726524353,-0.08462215960025787,0.061689723283052444,0.1377621442079544,-0.49667495489120483,-0.10411713272333145,0.20494890213012695,0.2498530149459839,0.062223028391599655,-0.11844507604837418,0.03688965365290642,0.05691143125295639,-0.29752182960510254,0.09870250523090363,0.4173658788204193,-0.05476722866296768,0.20700082182884216,-0.07573904097080231,-0.1086665615439415,-0.10284452140331268,-0.1162012442946434,0.41862910985946655,0.044915296137332916,-0.05676902085542679,0.03385748714208603,0.04858265817165375,-0.054141052067279816,-0.1273776888847351,-0.1560780107975006,0.10304286330938339,-0.10517831891775131,0.26331400871276855,-0.0693478211760521,-0.2882021963596344,0.11013557016849518,-0.18270274996757507,-0.036942094564437866,0.18514636158943176,0.008291865698993206,0.0011264815693721175,0.1910838782787323,0.017923567444086075,0.2814674973487854,0.06091398000717163,-0.0847032219171524,-0.36114501953125,-0.03360806033015251,-0.026693368330597878,-0.3790017068386078,0.12618494033813477,0.4001675248146057,-0.10153374820947647,0.003354827407747507,-0.24609088897705078,0.563112735748291,-0.0037291180342435837,-0.15413542091846466,-0.18252237141132355,-0.061788298189640045,-0.09810934960842133,-0.5844373106956482,-0.1446848064661026,-0.1088700070977211,0.2140653133392334,0.24686773121356964,-0.2982926666736603,0.004697632044553757,0.07885060459375381,0.0237712599337101,0.04625203087925911,-0.046336304396390915,-0.096065953373909,0.2107764035463333,0.11441230773925781,0.04912318289279938,-0.5803357362747192,-0.04376278445124626,-0.020143253728747368,0.11068787425756454,-0.11217480897903442,0.11879211664199829,-0.04620250314474106
CID000002083,160,-0.00511214742437005,0.07048641890287399,0.39564985036849976,0.0929189994931221,0.6373857259750366,0.40455740690231323,0.36757221817970276,0.11219839751720428,-0.2257336676120758,-0.08286570757627487,0.10620094835758209,-0.2726823091506958,0.32191675901412964,-0.2446540892124176,-0.2880776822566986,0.18833771347999573,-0.022030901163816452,-0.027840200811624527,-0.2747015655040741,-0.1542934626340866,0.4963454306125641,-0.18018878996372223,-0.03895735368132591,0.2934997081756592,-0.019572630524635315,-0.025156592950224876,-0.1758107990026474,0.09933055192232132,-0.20894403755664825,0.25092145800590515,-0.3313998579978943,-0.0009102210169658065,0.060748010873794556,0.0018865943420678377,-0.5414645075798035,-0.06268224865198135,-0.39457517862319946,-0.5082640647888184,0.009407911449670792,-0.15987557172775269,-0.022952044382691383,0.05107712745666504,-0.21296468377113342,-0.1310318112373352,0.2270301878452301,0.06263023614883423,0.022735845297574997,-0.09442395716905594,-0.15736797451972961,0.024558275938034058,-0.6047383546829224,0.0770491510629654,-0.20575276017189026,-0.249199777841568,-0.0774855688214302,0.0796150267124176,0.00328522315248847,-0.07706483453512192,0.33906280994415283,-0.1983075588941574,-0.8094503283500671,0.07676602900028229,-0.15701642632484436,0.22257108986377716,-0.101919986307621,0.15835019946098328,-0.14092567563056946,0.10183797031641006,0.13312044739723206,0.06216670200228691,-0.421985000371933,0.1551763117313385,0.011784019879996777,-0.16617144644260406,0.2772689759731293,0.04714003950357437,-0.03332524001598358,0.37405067682266235,-0.20775094628334045,-0.24502508342266083,-0.21040749549865723,-0.08192945271730423,-0.018902217969298363,-0.03254484385251999,-0.02281939424574375,0.03793898969888687,-0.07740321010351181,0.10930220782756805,0.6301722526550293,-0.08952097594738007,-0.20945394039154053,-0.19767262041568756,-0.047144852578639984,0.17776639759540558,-0.4991271495819092,0.037997208535671234,-0.3162185251712799,0.5403632521629333,0.18658529222011566,-0.10484100878238678,0.5582453012466431,0.08923524618148804,0.27328282594680786,0.23354676365852356,-0.2452813684940338,0.09973353892564774,-0.4056023955345154,0.24471330642700195,-0.03584778681397438,0.2627393305301666,-0.2995378077030182,0.14378222823143005,0.3954029679298401,-0.19799907505512238,0.3287736475467682,-0.07873813062906265,-0.15927329659461975,-0.24525435268878937,0.225438192486763,-0.1118491068482399,0.19341714680194855,-0.7246932983398438,0.38512369990348816,-0.43736448884010315,-0.6153445839881897,0.05280594155192375,-0.14455948770046234,0.28182172775268555,0.14909972250461578,-0.16834454238414764,0.32501107454299927,-0.23652112483978271,-0.3223016560077667,-0.2751529812812805,0.2668458819389343,-0.12217424809932709,0.34912875294685364,-0.2769352197647095,0.12723807990550995,-0.06007351353764534,-0.017121005803346634,0.1955195665359497,0.16039523482322693,0.18243345618247986,0.09252063930034637,-0.048563819378614426,0.21128928661346436,-0.013204777613282204,0.2646710276603699,-0.15154576301574707,-0.2741384208202362,-0.17267103493213654,-0.027286196127533913,0.1040140837430954,-0.21762040257453918,-0.00800093449652195,0.03862477093935013,-0.30099666118621826,0.02664981782436371,0.38463491201400757,0.15704524517059326,0.09632344543933868,-0.7010433077812195,0.02004898153245449,0.12201361358165741,0.22563979029655457,-0.16891434788703918,-0.03000018373131752,0.45456284284591675,0.11730160564184189,-0.22559121251106262,-0.190134659409523,0.5354819297790527,-0.15241658687591553,0.05895589664578438,-0.12523356080055237,-0.08862046897411346,-0.01214626245200634,-0.24455492198467255,-0.022801343351602554,0.21562261879444122,0.1665882170200348,-0.04977484419941902,0.10326671600341797,0.03402256593108177,-0.1088273897767067,-0.37106528878211975,0.00016594529733993113,0.6833721995353699,0.05283737927675247,-0.09543411433696747,-0.15056979656219482,0.018410533666610718,-0.07468447834253311,-0.13435716927051544,0.728065013885498,-0.03780944272875786,-0.022077251225709915,-0.19695639610290527,-0.19847694039344788,-0.10616661608219147,0.2507273852825165,-0.4016188979148865,0.058686263859272,0.017078321427106857,0.320528507232666,0.24597850441932678,-0.03459760546684265,-0.2231733798980713,0.003921306226402521,0.10663889348506927,0.11229801177978516,-0.0954955667257309,-0.009707802906632423,0.21905258297920227,-0.3988862633705139,0.576180636882782,0.1521534025669098,0.1047346219420433,-0.2270096242427826,-0.03475066274404526,-0.05326869338750839,-0.5172551870346069,-0.14184528589248657,0.391528457403183,-0.05411569029092789,0.1332547664642334,-0.14666655659675598,0.6296356320381165,0.021971851587295532,0.2404116839170456,0.02519633248448372,0.0572395846247673,-0.0036506771575659513,-0.5077519416809082,-0.28267964720726013,-0.05876591056585312,-0.029240896925330162,0.008389842696487904,0.24149174988269806,-0.1462119221687317,0.02798730693757534,-0.020298490300774574,0.05491991713643074,0.0337495394051075,-0.5145719647407532,0.14746254682540894,0.01686018519103527,0.19152311980724335,-0.7333106994628906,0.3638755977153778,-0.016528775915503502,0.28007885813713074,0.06207963824272156,0.1512107104063034,0.06579763442277908
CID000002375,161,-0.10447897017002106,-0.05942298099398613,0.052314065396785736,-0.12658151984214783,0.31178873777389526,0.255525678396225,0.06264499574899673,0.08579225838184357,-0.2607499063014984,-0.24054594337940216,-0.09509752690792084,-0.36965858936309814,0.07268936932086945,-0.21614906191825867,0.1581922322511673,0.09798093885183334,-0.08068539202213287,0.26013270020484924,0.0667814239859581,0.08302204310894012,-0.07303823530673981,0.10484176874160767,0.05214076489210129,0.11513485759496689,0.08181361854076385,-0.036895256489515305,0.0768028125166893,-0.010055465623736382,-0.10259787738323212,0.25883153080940247,-0.1069241538643837,-0.21930524706840515,-0.20138728618621826,0.04831194877624512,-0.3566361665725708,-0.04754148796200752,-0.19980427622795105,-0.26552388072013855,-0.11843226104974747,-0.06969539076089859,0.10917332023382187,0.1975623071193695,-0.15585967898368835,-0.22460611164569855,0.05747554451227188,-0.06277013570070267,0.0695275217294693,0.19951231777668,-0.2158416509628296,-0.0846465453505516,-0.206160306930542,0.14660954475402832,-0.017790352925658226,-0.10834753513336182,0.009971769526600838,-0.03607683628797531,-0.011533099226653576,0.01603357121348381,0.06462891399860382,-0.07172028720378876,-0.9243425130844116,0.006961447186768055,-0.41767749190330505,0.16597136855125427,0.119673952460289,0.17536085844039917,-0.13314202427864075,0.16475948691368103,0.04577844589948654,0.028146173804998398,-0.025688448920845985,0.1589938998222351,-0.06939998269081116,-0.14882118999958038,0.06366738677024841,-0.10619340091943741,-0.06206598877906799,-0.005777731537818909,0.21086883544921875,0.014853471890091896,-0.17202946543693542,0.12212321907281876,-0.24826772511005402,-0.13963523507118225,-0.15606792271137238,-0.03768952935934067,-0.21659059822559357,-0.18337568640708923,0.2584683299064636,-0.024774571880698204,-0.006617802195250988,-0.13347789645195007,-0.1898442804813385,-0.029342344030737877,-0.4009063243865967,-0.039439957588911057,-0.3121863603591919,0.3334938585758209,0.1798878014087677,-0.3440660536289215,0.1643684208393097,0.19808676838874817,-0.07392352819442749,0.07556255161762238,-0.1428256332874298,0.07885665446519852,-0.320768803358078,0.2323719710111618,-0.1945088654756546,0.23709118366241455,0.022105980664491653,0.005873490124940872,0.30040687322616577,-0.0655977874994278,-0.017514726147055626,0.09208065271377563,-0.09564150869846344,-0.04441385343670845,0.01963944546878338,0.03469167277216911,-0.15942314267158508,-0.5839700698852539,-0.14172445237636566,-0.26343634724617004,-0.39458921551704407,0.07377411425113678,-0.12119098752737045,0.2942773401737213,0.147636279463768,0.06987492740154266,0.14015047252178192,0.03260499984025955,-0.5237839221954346,-0.24278371036052704,0.1400456726551056,-0.18320265412330627,0.09538742154836655,0.07709058374166489,-0.06202652305364609,0.13961754739284515,-0.13247045874595642,0.2259053885936737,-0.2154407501220703,-0.030978064984083176,-0.010183004662394524,-0.09117572754621506,0.057924848049879074,0.039083100855350494,-0.06642729043960571,0.11439453065395355,-0.03780597448348999,-0.05130653455853462,-0.060771167278289795,0.06380901485681534,0.05658971145749092,-0.015224238857626915,-0.20530064404010773,-0.2500993609428406,0.0840630903840065,0.13401910662651062,0.2940342426300049,-0.04478825256228447,-0.874599277973175,0.02124076522886753,0.05900026485323906,0.2677849531173706,-0.11726405471563339,-0.11161880195140839,0.2347732037305832,-0.11970778554677963,-0.027477484196424484,-0.07786326110363007,0.3094082474708557,-0.1022510752081871,-0.028454327955842018,0.10621745884418488,0.033266887068748474,0.13073453307151794,-0.5022684335708618,-0.11079368740320206,0.19246415793895721,0.3191400170326233,0.009076396934688091,-0.008972418494522572,-0.010729407891631126,0.13881006836891174,-0.28136423230171204,0.02559708058834076,0.2981911599636078,-0.07600860297679901,0.12052170932292938,0.042247671633958817,-0.07562985271215439,-0.12545529007911682,-0.09207552671432495,0.34317508339881897,0.15369465947151184,0.05943881347775459,-0.06162407249212265,0.0432499460875988,-0.08496382087469101,-0.05564770847558975,-0.05126465484499931,0.13839296996593475,-0.1547686755657196,0.21880953013896942,-0.019104797393083572,-0.2871336340904236,0.06239335611462593,0.20638474822044373,-0.008273500017821789,0.2085641622543335,0.01723630726337433,0.04701660946011543,0.2243708372116089,0.085335373878479,0.2408650666475296,0.21556325256824493,-0.10779807716608047,-0.3303946852684021,0.05092505365610123,-0.08348245918750763,-0.30097994208335876,0.07813897728919983,0.32449087500572205,-0.03190096840262413,0.19911174476146698,-0.2514101266860962,0.5764989852905273,0.07588037103414536,-0.20288972556591034,-0.16750091314315796,-0.17972329258918762,-0.0837276503443718,-0.4142514765262604,-0.25064289569854736,-0.30094462633132935,0.04720848798751831,0.19561848044395447,-0.14845500886440277,-0.04056510329246521,0.043157000094652176,0.13345590233802795,0.06689029932022095,0.02099340595304966,-0.13722339272499084,0.14611276984214783,-0.11021677404642105,-0.031212855130434036,-0.5747891664505005,-0.04284193366765976,-0.060169123113155365,0.163964182138443,-0.0923881083726883,-0.003796961857005954,-0.04797174781560898
CID006398525,162,0.09991395473480225,-0.015393706038594246,0.07660184055566788,0.06794600188732147,0.5200728178024292,0.42655858397483826,0.026083016768097878,0.23146991431713104,-0.23807981610298157,-0.12562943994998932,-0.09442861378192902,-0.4216132164001465,-0.01978985033929348,-0.2490919828414917,-0.14475342631340027,0.06193619221448898,0.38097867369651794,0.2885611355304718,-0.09573002904653549,0.03550579771399498,-0.28459206223487854,-0.1213729977607727,0.18239186704158783,0.01913522183895111,0.3154107630252838,-0.014555376954376698,-0.23467674851417542,0.13571849465370178,-0.16303473711013794,0.5602726936340332,-0.12244051694869995,-0.2304973155260086,0.023456865921616554,-0.1827954351902008,-0.5304569005966187,0.01629861257970333,-0.29830729961395264,-0.27866131067276,0.052748311311006546,-0.12180867046117783,-0.007314696907997131,-0.14611868560314178,-0.1369629204273224,-0.17529667913913727,0.4082910418510437,0.1343626230955124,0.1186508759856224,-0.15316881239414215,0.0773683562874794,-0.045611560344696045,-0.5638447999954224,0.3023167848587036,-0.04195225238800049,-0.03386489674448967,0.25075066089630127,-0.14939625561237335,0.12731598317623138,-0.05309492349624634,0.3049936294555664,0.11921609938144684,-0.9405955076217651,0.3340509235858917,-0.3106018900871277,0.08017921447753906,0.22470274567604065,0.15919756889343262,-0.021198388189077377,-0.0821472778916359,-0.13661916553974152,-0.14985239505767822,-0.24221524596214294,-0.33585789799690247,0.1298576444387436,-0.13903763890266418,0.28955039381980896,0.16508808732032776,-0.07055497169494629,0.30254927277565,0.04930655285716057,-0.2862054705619812,-0.07090093195438385,-0.10010556876659393,-0.08972536772489548,-0.014310595579445362,0.02781941369175911,0.20264491438865662,-0.14663708209991455,-0.1325189173221588,0.28095224499702454,0.09451178461313248,-0.14876164495944977,-0.1743336021900177,0.2096535712480545,0.10573820769786835,-0.4402598738670349,0.04533098638057709,-0.229108527302742,0.21455278992652893,0.24852803349494934,-0.16803313791751862,0.259236603975296,0.02866397239267826,-0.20882871747016907,-0.031913332641124725,0.10393530130386353,0.046088505536317825,-0.5763206481933594,0.4249808192253113,-0.025769006460905075,-0.055062152445316315,-0.3275987207889557,0.08718854933977127,0.17444941401481628,-0.04819152504205704,0.09175105392932892,0.20487606525421143,0.10335568338632584,-0.21887318789958954,0.26994824409484863,-0.11093820631504059,-0.035661451518535614,-0.6629089117050171,0.20215651392936707,-0.5858216285705566,-0.255912721157074,-0.10586024820804596,0.037370212376117706,0.4344751238822937,0.039216361939907074,0.029164355248212814,-0.1257193237543106,0.08323460817337036,-0.30482280254364014,-0.4563518464565277,-0.04903154447674751,-0.21448199450969696,0.18864361941814423,-0.27318596839904785,-0.3193387985229492,-0.09420212358236313,0.0951867401599884,0.0009905516635626554,-0.016907960176467896,-0.010501298122107983,0.25749099254608154,0.3164394497871399,0.1220189705491066,0.09810903668403625,-0.29964739084243774,0.01969170942902565,0.049026742577552795,0.07352150976657867,-0.25692692399024963,-0.3446793258190155,-0.21163871884346008,-0.17641256749629974,0.1718105524778366,-0.521752119064331,0.22990763187408447,-0.15690799057483673,0.04289207607507706,-0.08201305568218231,-0.7820134162902832,-0.10260088741779327,0.2028837949037552,0.2754356265068054,0.12703748047351837,-0.06576378643512726,0.08427780866622925,0.014700870029628277,-0.11783730983734131,-0.02174518071115017,0.270358681678772,-0.2036585807800293,0.11517548561096191,-0.09686721116304398,0.24432411789894104,-0.00813255924731493,-0.2486308366060257,-0.2699083685874939,0.22405581176280975,0.16288962960243225,0.2768377661705017,-0.24824674427509308,-0.19481638073921204,-0.06047837808728218,-0.2899537980556488,-0.08428174257278442,0.5394559502601624,0.21094302833080292,0.23010794818401337,-0.4840051233768463,0.2791762948036194,-0.2003764659166336,-0.11316505819559097,0.5891829133033752,-0.08677438646554947,-0.2396388053894043,-0.28100115060806274,0.1345328390598297,0.10249672085046768,0.1402570754289627,-0.08683230727910995,0.21866221725940704,0.03443682938814163,0.07712345570325851,-0.031139496713876724,0.22111447155475616,-0.58903968334198,-0.05619280785322189,0.12534967064857483,-0.0547051802277565,0.09464748203754425,-0.19143445789813995,0.09889563173055649,-0.014537697657942772,0.5767812132835388,0.13857951760292053,0.08506928384304047,-0.2259964644908905,-0.18972337245941162,-0.20005092024803162,-0.502539873123169,0.05317655950784683,0.25459375977516174,0.014040080830454826,0.3421550691127777,-0.2018233984708786,0.6606248617172241,-0.026826322078704834,-0.06958632171154022,-0.10820962488651276,0.041468095034360886,-0.059770334511995316,-0.6474664807319641,-0.2661825120449066,0.03939707577228546,0.1295914649963379,0.052940476685762405,0.06177014857530594,-0.3426015377044678,0.013455763459205627,0.1575673371553421,0.2528901696205139,-0.19867576658725739,-0.4565860629081726,-0.04754076898097992,0.11260052025318146,0.2001408338546753,-0.6722010374069214,0.12818071246147156,0.07588686794042587,0.3361680507659912,0.3080359697341919,0.04822080582380295,-0.02067928947508335
CID000002801,163,-0.14219921827316284,0.04197949916124344,0.2315365970134735,-0.21260491013526917,0.45875540375709534,0.2836100459098816,0.018631331622600555,-0.19936348497867584,-0.21600401401519775,-0.23895537853240967,0.10475790500640869,-0.31602030992507935,-0.0072124795988202095,-0.3215983808040619,0.044171757996082306,0.10622718185186386,0.05108743906021118,0.26095664501190186,0.2234518975019455,-0.12068785727024078,-0.2775876522064209,-0.06014076620340347,0.02397681213915348,-0.10126902163028717,0.19974322617053986,0.07936159521341324,0.0912209153175354,-0.21821901202201843,-0.10996367782354355,0.47318682074546814,-0.15391717851161957,0.06820472329854965,-0.12647846341133118,-0.02950609289109707,-0.3758794367313385,0.004484139382839203,-0.793423593044281,-0.4357333779335022,-0.07595203816890717,-0.09689643979072571,0.06000250577926636,-0.0704946368932724,-0.2819840908050537,-0.2694646120071411,0.16647645831108093,0.06436819583177567,0.02397654950618744,-0.00702150771394372,-0.21803443133831024,0.031072158366441727,-0.2089453637599945,0.014574199914932251,-0.0859142392873764,-0.1907547563314438,-0.006941388361155987,0.017240900546312332,0.07505881786346436,0.11351633071899414,0.17443659901618958,-0.05595120042562485,-0.7473336458206177,0.10145965963602066,0.014719560742378235,0.4486728608608246,0.0791177898645401,0.2929672300815582,-0.21457771956920624,-0.028101105242967606,-0.16732469201087952,0.10289682447910309,-0.06391462683677673,-0.04953412711620331,0.049291957169771194,-0.22515363991260529,0.07792770862579346,0.12347902357578278,-0.1645684540271759,0.14874950051307678,-0.01646794006228447,-0.0032431245781481266,-0.09408552944660187,0.11540546268224716,-0.12919847667217255,-0.2727327048778534,0.05973059684038162,0.23647943139076233,-0.1337953805923462,0.04248041659593582,0.6906198263168335,-0.2152647227048874,0.057352304458618164,-0.07153266668319702,0.02069329284131527,0.0061049931682646275,-0.5357038378715515,-0.013539718464016914,-0.3981536030769348,0.6284319162368774,0.0540844202041626,-0.31550848484039307,0.507832407951355,0.07365314662456512,-0.1251189261674881,0.05360271781682968,-0.054809682071208954,0.06916610896587372,-0.12385650724172592,0.15183618664741516,-0.08117256313562393,0.3838021755218506,0.18722699582576752,0.04895395785570145,0.28264668583869934,-0.27525731921195984,0.08246265351772308,-0.03431059420108795,-0.01195383258163929,-0.17819218337535858,0.05312119051814079,0.07804840803146362,-0.05127640441060066,-0.5911805033683777,-0.11261609941720963,-0.4010685086250305,-0.3624575138092041,0.0503842830657959,0.2315075844526291,0.26565614342689514,0.08752007782459259,0.19725967943668365,0.254112184047699,0.24184653162956238,-0.6404873132705688,-0.19439615309238434,0.16368207335472107,0.22757330536842346,0.35346218943595886,-0.04884384572505951,0.018000107258558273,0.032485879957675934,0.004075567703694105,0.38916832208633423,-0.19286340475082397,0.14276222884655,0.026204824447631836,0.05649851635098457,-0.1904965043067932,-0.09474959224462509,-0.21406812965869904,-0.08970823138952255,0.036796726286411285,0.01800001598894596,-0.02650049328804016,-0.10083448886871338,0.24027888476848602,0.08691304177045822,-0.23072099685668945,-0.47037482261657715,0.023120392113924026,0.042439330369234085,0.16341210901737213,0.043134357780218124,-0.8563615083694458,0.01590026542544365,0.06672345101833344,0.37922337651252747,-0.1890060007572174,-0.04717765375971794,0.24816398322582245,0.11142883449792862,-0.27794119715690613,-0.07428162544965744,0.4818190932273865,-0.12867209315299988,-0.05303039401769638,-0.06638381630182266,0.03472169488668442,0.024699393659830093,-0.2672085165977478,0.022492561489343643,0.18867440521717072,0.38133442401885986,-0.02011311985552311,0.04763372987508774,0.06803935766220093,0.019750099629163742,-0.49360933899879456,0.08735764771699905,0.48669952154159546,0.051554225385189056,-0.0468144528567791,-0.023554643616080284,-0.03591609746217728,-0.17453034222126007,-0.023016013205051422,0.6391803622245789,-0.12513203918933868,0.0191001296043396,-0.4211037755012512,0.02322976291179657,-0.0981120616197586,0.07038034498691559,-0.3779214322566986,0.2771574854850769,-0.09569670259952545,0.2276042401790619,0.0785113051533699,-0.24307751655578613,-0.10616989433765411,0.17071011662483215,0.05568654090166092,0.09346489608287811,0.005891366396099329,-0.060565125197172165,0.23907914757728577,-0.17880494892597198,0.2799775004386902,-0.0864747166633606,-0.06321778893470764,-0.35937729477882385,-0.141117662191391,-0.03828570246696472,-0.4702470898628235,0.17030569911003113,0.37653443217277527,0.3095075488090515,0.13109175860881805,-0.22698800265789032,0.5603724718093872,0.14797410368919373,-0.1086292639374733,-0.3130771517753601,-0.24412378668785095,0.009251016192138195,-0.2520484924316406,-0.20901747047901154,-0.06665660440921783,0.06253966689109802,0.1494380682706833,-0.034370698034763336,-0.21248070895671844,0.22383055090904236,0.024590834975242615,-0.2108972817659378,-0.012754237279295921,-0.42204612493515015,0.13466528058052063,0.00986676849424839,-0.06162736564874649,-0.6882249712944031,0.010043549351394176,0.022223033010959625,0.3029853105545044,-0.017896704375743866,0.019065111875534058,-0.1050667017698288
CID005311297,164,-0.06242559105157852,0.07965569198131561,-0.0550420880317688,-0.209339901804924,0.25557592511177063,0.31789490580558777,0.16322177648544312,-0.20576688647270203,-0.3609548509120941,-0.07669193297624588,-0.03303074091672897,-0.37974169850349426,0.00361196999438107,-0.16949200630187988,0.020634811371564865,0.07760372757911682,-0.04450381547212601,0.1473483145236969,0.03926460072398186,0.1445520967245102,0.01295916922390461,-0.08324238657951355,0.14823134243488312,0.005534851457923651,0.006844411604106426,0.0012416004901751876,0.018467258661985397,0.034302450716495514,-0.12089065462350845,0.270707905292511,-0.11752860248088837,-0.06725805997848511,-0.10423481464385986,0.06741617619991302,-0.519208550453186,0.015027441084384918,-0.2297791987657547,-0.29037410020828247,-0.2559453845024109,-0.06016048789024353,0.16370412707328796,0.047588858753442764,-0.18793588876724243,-0.012376355938613415,0.2061930149793625,-0.014175278134644032,0.1200999766588211,-0.009035861119627953,-0.3225806653499603,-0.10036711394786835,-0.3270738422870636,0.028834909200668335,0.04947244003415108,-0.17590971291065216,0.008335384540259838,0.06552466005086899,-0.11106042563915253,0.04378252476453781,-0.058396853506565094,-0.007490789983421564,-1.0758509635925293,-0.13446566462516785,-0.3586418330669403,0.314399391412735,0.07740998268127441,0.2003363072872162,-0.06955728679895401,0.2672162652015686,0.030022120103240013,-0.029403969645500183,-0.20176701247692108,-0.028932223096489906,-0.029018690809607506,-0.12824101746082306,0.10430103540420532,-0.2066933810710907,0.008343683555722237,0.0599692240357399,0.27598077058792114,0.009149700403213501,-0.16877654194831848,0.19136258959770203,-0.02742893062531948,-0.0930120199918747,-0.049701642245054245,0.02851899340748787,-0.1169830784201622,-0.18211394548416138,0.34080278873443604,-0.048876628279685974,-0.06383006274700165,-0.20893044769763947,-0.40481075644493103,-0.06719417124986649,-0.462615966796875,-0.13195618987083435,-0.19849912822246552,0.3688942790031433,0.1080501452088356,-0.2724517285823822,0.31650659441947937,0.13095922768115997,0.06808941811323166,0.14041171967983246,-0.06324492394924164,0.1267509162425995,-0.357268363237381,0.3102788031101227,-0.18376994132995605,0.1711031049489975,0.06729309260845184,0.021325642243027687,0.5808264017105103,-0.1407294124364853,0.013130886480212212,-0.13770562410354614,0.11768043041229248,-0.15931336581707,0.019493702799081802,0.19796808063983917,-0.026722555980086327,-0.6595062613487244,-0.09733296930789948,-0.3093772530555725,-0.42139536142349243,0.05838009715080261,-0.12758612632751465,0.21784737706184387,0.08240927755832672,0.011124571785330772,-0.03127407282590866,0.09299688041210175,-0.6302813291549683,-0.3103198707103729,0.1370924413204193,-0.16256549954414368,0.13627271354198456,-0.11568264663219452,-0.009364395402371883,0.10317704826593399,-0.14122292399406433,0.18828661739826202,-0.06713444739580154,-0.06474616378545761,0.004047983791679144,-0.07982929050922394,0.08167772740125656,0.03713451698422432,0.09279084950685501,0.041781894862651825,0.030233969911932945,0.02823159471154213,0.018293071538209915,0.10618134588003159,0.02141060307621956,0.03298752009868622,-0.13211753964424133,-0.323494017124176,0.025872528553009033,0.013412417843937874,0.11799976974725723,-0.010585406795144081,-1.0069985389709473,0.08483368903398514,0.20024828612804413,0.25956711173057556,-0.1966114193201065,-0.1126725822687149,0.16443584859371185,-0.05481064319610596,-0.1086878553032875,-0.02516399696469307,0.22270497679710388,-0.18577353656291962,0.1050495058298111,-0.06006307527422905,-0.07488763332366943,0.2188824862241745,-0.4472200274467468,-0.027520108968019485,0.11949987709522247,0.2958006262779236,0.06914021074771881,0.010491001419723034,0.08204606920480728,-0.11130819469690323,-0.4660525918006897,-0.05912667512893677,0.39016351103782654,-0.25682422518730164,-0.012659817934036255,-0.08378488570451736,-0.06429314613342285,-0.14327433705329895,-0.11119544506072998,0.42440804839134216,0.15887710452079773,-0.0734584853053093,-0.18137261271476746,0.1593015044927597,-0.10218121856451035,-0.09064117819070816,-0.14467887580394745,0.25831541419029236,-0.09360211342573166,0.10436294972896576,-0.04142003133893013,-0.17738933861255646,0.015062686987221241,0.07810977846384048,0.09288285672664642,0.0907863900065422,-0.08874459564685822,-0.07517027854919434,0.3403868079185486,0.19327089190483093,0.3714960813522339,0.11826659739017487,-0.2573164701461792,-0.21787290275096893,0.12263955920934677,-0.012686699628829956,-0.6575895547866821,0.04873325675725937,0.29106539487838745,-0.13062278926372528,0.16401143372058868,-0.3906318247318268,0.6630784273147583,0.06838465481996536,-0.1105804443359375,-0.23698194324970245,-0.009129105135798454,-0.1582144796848297,-0.4174240231513977,-0.27564069628715515,-0.17942360043525696,0.034489501267671585,0.1305399388074875,-0.08429010212421417,-0.12603019177913666,0.07234875857830048,0.08607758581638336,-0.029044294729828835,-0.05938231945037842,-0.2623624801635742,0.1079070121049881,-0.2472226619720459,-0.12626560032367706,-0.6999086737632751,-0.016554754227399826,0.08930109441280365,0.30684584379196167,-0.03317631036043167,0.0032231644727289677,0.011918852105736732
CID000005645,165,-0.4610423445701599,-0.32985156774520874,-0.1238974928855896,-0.11823950707912445,0.16461697220802307,0.3885122239589691,-0.05094269663095474,-0.11557453870773315,-0.35810771584510803,-0.2907649278640747,0.12731045484542847,-0.4313742518424988,0.02749946340918541,-0.18805626034736633,-0.32637810707092285,0.02144794538617134,0.05257986858487129,-0.0025239884853363037,0.0090784365311265,-0.06874644756317139,-0.008316198363900185,0.00759512186050415,0.12592150270938873,0.044819653034210205,-0.16545072197914124,-0.014619660563766956,0.35117653012275696,-0.05759381130337715,0.06800772249698639,0.2779802680015564,-0.21872088313102722,-0.4363210201263428,-0.04325835779309273,-0.13943246006965637,-0.3837070167064667,-0.1545616090297699,-0.3597991168498993,-0.2614425718784332,0.06475935876369476,0.22026567161083221,0.20673076808452606,-0.07934927940368652,-0.11587461084127426,-0.2855679392814636,0.4548393785953522,0.1622755229473114,0.13117146492004395,0.3295058310031891,-0.025547688826918602,-0.001127634895965457,-0.3634125590324402,0.033501118421554565,0.07599466294050217,-0.03633718565106392,0.1738574206829071,0.053051650524139404,-0.014953399077057838,-0.1758243292570114,0.07927868515253067,0.18373611569404602,-0.914683997631073,-0.0686340481042862,-0.08272428810596466,0.40205225348472595,0.03598901629447937,0.2317386418581009,-0.12933304905891418,0.16873160004615784,0.09170709550380707,-0.030632585287094116,-0.09156538546085358,-0.032378412783145905,0.025480976328253746,-0.2516680955886841,0.25094082951545715,0.05615030601620674,0.05111388489603996,0.16121403872966766,0.2677110433578491,-0.024473344907164574,-0.1438712179660797,-0.1614309847354889,-0.21367450058460236,0.18099325895309448,-0.020356666296720505,-0.03022167459130287,-0.22706064581871033,-0.12630854547023773,0.3128109574317932,0.06795628368854523,-0.2093847095966339,-0.14391617476940155,0.07009709626436234,0.02882513962686062,-0.5408904552459717,-0.13259434700012207,-0.3811416029930115,0.5063931941986084,0.24039065837860107,-0.31320640444755554,0.4082198143005371,0.24667660892009735,-0.056788694113492966,-0.02336053177714348,-0.0899764895439148,-0.16834594309329987,-0.2832556664943695,0.2806328237056732,0.37644127011299133,0.014691120013594627,-0.31969255208969116,-0.058929193764925,0.2627386450767517,-0.04289696738123894,-0.05008422210812569,0.12707749009132385,-0.0887378454208374,-0.26141971349716187,0.22930912673473358,0.12022092193365097,0.052562762051820755,-0.748534083366394,0.28402382135391235,-0.21439619362354279,-0.2706083655357361,0.10306374728679657,0.01808307133615017,0.2513032555580139,0.49207115173339844,-0.2913762629032135,-0.18514761328697205,0.13010987639427185,-0.5396362543106079,-0.437774121761322,-0.20789852738380432,-0.07700605690479279,-0.019422102719545364,-0.17879512906074524,-0.017526701092720032,-0.12537190318107605,-0.0028324543964117765,0.12190685421228409,0.3778761327266693,0.03930141404271126,0.012254951521754265,0.19559696316719055,0.05007476732134819,-0.01646190881729126,0.17609962821006775,-0.05944357439875603,0.08078119903802872,-0.09849326312541962,0.2720222473144531,-0.042580921202898026,0.23282985389232635,0.07689555734395981,-0.04940766841173172,-0.3495821952819824,0.03302328288555145,0.14436402916908264,0.09169240295886993,-0.12746204435825348,-0.7634142637252808,0.16328926384449005,0.284575879573822,0.21661138534545898,-0.19846150279045105,-0.20997826755046844,0.29809442162513733,0.17267480492591858,-0.14980289340019226,0.12553413212299347,0.3202899098396301,-0.18218889832496643,0.0898609608411789,0.24816875159740448,0.04915531724691391,0.14345058798789978,-0.44990330934524536,-0.11510758101940155,0.43175071477890015,0.3952859044075012,-0.10511515289545059,-0.08439192920923233,-0.024503907188773155,-0.16260448098182678,-0.32387980818748474,-0.12800277769565582,0.5370672941207886,-0.165511816740036,-0.01988353207707405,0.02500171959400177,-0.021679522469639778,-0.26348280906677246,-0.4771457314491272,0.46988430619239807,0.13346464931964874,0.02869088016450405,-0.41719967126846313,-0.1227497011423111,0.0015020512510091066,0.23685622215270996,-0.09969276189804077,-0.04351611062884331,0.008013519458472729,0.07707361876964569,-0.06060067564249039,-0.04077984765172005,-0.4776160717010498,-0.06020190566778183,-0.18384194374084473,0.1517360508441925,-0.08172588050365448,0.07952351868152618,-0.018550559878349304,0.06014671176671982,0.6435344815254211,0.0371059775352478,-0.20232541859149933,-0.12032397836446762,0.05857492610812187,-0.049821801483631134,-0.5636377930641174,-0.030712902545928955,0.6386222243309021,0.18571799993515015,0.21656735241413116,-0.1902833729982376,0.5968555212020874,0.25237998366355896,0.23843705654144287,-0.11582424491643906,-0.1571017950773239,-0.043421316891908646,-0.3785072863101959,-0.27530983090400696,0.316866934299469,0.5273585915565491,-0.10359875857830048,-0.20328886806964874,-0.06936030089855194,0.09477780759334564,0.186880424618721,0.0805099830031395,0.12796451151371002,-0.41137123107910156,0.23848247528076172,-0.03525182604789734,-0.110593780875206,-0.7293570637702942,0.12108661234378815,0.405486524105072,0.43882665038108826,0.008536654524505138,-0.02152872644364834,0.013854669407010078
CID000060831,166,-0.10901053249835968,0.10480739921331406,0.06877721101045609,0.12836086750030518,0.21801920235157013,0.365946888923645,0.056283138692379,0.1275167018175125,-0.1267634779214859,-0.3117826581001282,0.18535059690475464,-0.1845153272151947,0.14241863787174225,-0.3326151371002197,-0.11281771957874298,0.10609104484319687,-0.19407102465629578,0.04886210709810257,-0.030133256688714027,0.09503080695867538,-0.051318734884262085,0.09230850636959076,0.06106995418667793,0.15965688228607178,0.366127073764801,-0.02311292476952076,0.3808317184448242,-0.11816684156656265,-0.17632846534252167,0.4637738764286041,-0.16204532980918884,-0.08844513446092606,-0.0019547552801668644,-0.022310450673103333,-0.48440203070640564,0.026794761419296265,-0.36957234144210815,-0.2975127696990967,-0.3577229380607605,-0.05392942577600479,0.13022823631763458,0.17794910073280334,-0.20330791175365448,-0.18158097565174103,0.3458860516548157,0.07585855573415756,-0.2159755527973175,0.038560785353183746,-0.0012282133102416992,-0.05212587118148804,-0.49657392501831055,0.13704213500022888,-0.07350967079401016,0.05158277601003647,0.10098836570978165,0.2898327112197876,-0.21286627650260925,0.30732443928718567,0.4048660695552826,-0.13296961784362793,-0.7235804796218872,0.027998536825180054,-0.3218989968299866,-0.017896857112646103,-0.11070048809051514,0.11997853219509125,-0.19857831299304962,-0.031126225367188454,0.03096046671271324,-0.17229965329170227,-0.4139992296695709,-0.3203975558280945,0.032874345779418945,0.16539999842643738,0.4028516709804535,-0.011394915170967579,0.010479564778506756,0.3906616270542145,0.33518391847610474,0.161175936460495,-0.27413541078567505,-0.07664774358272552,-0.06947042047977448,0.133784681558609,0.030766140669584274,-0.25315412878990173,-0.16891887784004211,0.14827103912830353,0.3973805010318756,-0.14445847272872925,-0.4356082081794739,-0.0012763186823576689,-0.03331325203180313,0.12468884140253067,-0.6907092332839966,0.0735311359167099,-0.2024676352739334,0.22037331759929657,0.06068439409136772,-0.3328939378261566,0.5445918440818787,-0.061511170119047165,-0.029878024011850357,-0.01339293085038662,-0.4903687536716461,0.1094551533460617,-0.5135246515274048,0.2103310078382492,-0.060613811016082764,0.20257189869880676,-0.02797607146203518,-0.15355396270751953,0.19381313025951385,-0.024396555498242378,0.10587421804666519,-0.129500612616539,-0.2804243266582489,0.0010423734784126282,0.21181707084178925,-0.10163810104131699,0.011092588305473328,-0.7210784554481506,0.15328483283519745,-0.5055080652236938,-0.6458445191383362,-0.11758188903331757,0.08851079642772675,0.315499871969223,0.09641610085964203,0.11046084016561508,0.015755582600831985,-0.15670713782310486,-0.6036187410354614,-0.346640944480896,0.11302809417247772,-0.31854769587516785,0.5463996529579163,-0.1649019420146942,0.21206411719322205,0.33367687463760376,0.04031219333410263,0.258306086063385,0.07477748394012451,-0.051740847527980804,-0.20779116451740265,-0.05949597433209419,0.028330111876130104,0.269714891910553,-0.09042893350124359,0.010200214572250843,-0.0015662253135815263,-0.0942276269197464,-0.34087666869163513,0.08779992163181305,0.10335128009319305,9.130612306762487e-05,0.03843516856431961,-0.3878495395183563,0.12722961604595184,0.13878808915615082,0.29909783601760864,0.027425993233919144,-0.8236573338508606,-0.12372875213623047,0.30087709426879883,0.24040822684764862,-0.17993119359016418,0.10098455101251602,0.16540437936782837,0.05242595076560974,-0.14005455374717712,-0.052112363278865814,0.4261988699436188,0.0009851455688476562,-0.36454877257347107,-0.022963978350162506,0.054921843111515045,0.20347854495048523,-0.3334546983242035,0.09553347527980804,-0.0027783154509961605,0.4937431812286377,0.12377029657363892,0.23324617743492126,0.30159085988998413,-0.015148133039474487,-0.25828152894973755,-0.028724540024995804,0.3749721050262451,0.04877074807882309,0.08661019802093506,-0.5116094350814819,-0.03383530303835869,-0.2680760324001312,-0.2966279983520508,0.5629356503486633,-0.023730123415589333,-0.1343931406736374,-0.07208437472581863,0.30569368600845337,0.14246121048927307,-0.051057714968919754,-0.19212478399276733,0.1301872581243515,-0.02199411205947399,0.25807279348373413,-0.13117067515850067,-0.024008989334106445,-0.2744285464286804,0.009415519423782825,0.217743918299675,-0.08443905413150787,-0.03971303254365921,0.21438856422901154,0.06681931018829346,-0.1807592660188675,0.5493057370185852,-0.11386418342590332,-0.11620090156793594,-0.03542763739824295,-0.10946391522884369,0.0379379466176033,-0.4099918305873871,-0.0257421787828207,0.20138554275035858,-0.19727672636508942,0.04179389774799347,-0.13412544131278992,0.5199946761131287,-0.16951659321784973,0.06247841566801071,-0.2824426293373108,-0.11693815886974335,-0.19414976239204407,-0.7126045227050781,-0.21218618750572205,-0.16248810291290283,0.19796869158744812,0.15507349371910095,-0.17684698104858398,-0.7201880812644958,0.01112954132258892,-0.043018847703933716,-0.0851052850484848,0.19219280779361725,-0.6541435122489929,0.2307330071926117,0.23455658555030823,0.0013965547550469637,-0.6486961841583252,0.29001665115356445,0.02120739221572876,-0.023844584822654724,0.45380306243896484,-0.08674481511116028,-0.1557435542345047
CID000002609,167,0.15361064672470093,-0.33882394433021545,-0.0669466033577919,-0.381152480840683,0.7555721998214722,0.39161282777786255,0.27988946437835693,0.14529353380203247,-0.39280572533607483,-0.14824867248535156,0.14775925874710083,-0.26074790954589844,0.01890740729868412,-0.037394825369119644,-0.08495479077100754,-0.07353907823562622,0.1353028118610382,0.21805055439472198,-0.3988577127456665,-0.09642018377780914,0.30717170238494873,-0.1239565834403038,0.07267911732196808,-0.38423383235931396,0.08705659955739975,-0.3036688566207886,0.19674064218997955,-0.29690271615982056,0.009977469220757484,0.15629254281520844,-0.27091994881629944,0.1795809268951416,-0.41846132278442383,0.05689360946416855,-0.37150996923446655,0.24255356192588806,-0.4032452702522278,-0.33947092294692993,-0.148997500538826,-0.08807899057865143,-0.14651009440422058,-0.20441260933876038,-0.2666788697242737,-0.07857640087604523,0.28697386384010315,-0.04630754515528679,-0.06940798461437225,-0.1933315098285675,0.07497777044773102,-0.006048266775906086,-0.638401210308075,-0.10527373850345612,0.04466532915830612,-1.2123148441314697,-0.016013339161872864,-0.28386780619621277,0.08906817436218262,-0.018711667507886887,1.0109704732894897,-0.1934427171945572,-1.0791432857513428,0.14177975058555603,-0.11893682181835175,0.39380234479904175,-0.016931356862187386,-0.4521966874599457,-0.4958801865577698,0.24482972919940948,0.2717733383178711,-0.22113454341888428,-0.6009558439254761,0.19327935576438904,-0.05541950464248657,-0.15452371537685394,0.4930073320865631,-0.07041823863983154,0.23664958775043488,0.033438414335250854,0.007169663906097412,0.3873785138130188,-0.09780590236186981,0.12226524204015732,0.05501746013760567,-0.07057604193687439,-0.05841725319623947,0.0878806859254837,0.12871131300926208,0.023288298398256302,0.7546930909156799,0.2303883135318756,-0.07650057226419449,0.1417236030101776,-0.1438623070716858,-0.06839432567358017,-0.6253793835639954,0.0647357925772667,-0.0592520534992218,0.36484310030937195,-0.2118065357208252,0.040131617337465286,0.2323521375656128,0.4854515492916107,0.1619883030653,0.4427341818809509,-0.0226433128118515,0.009690922684967518,-0.4311866760253906,0.11710888147354126,-0.3173244297504425,0.7313572764396667,-0.21975567936897278,-0.1317446082830429,0.22835083305835724,-0.25195056200027466,-0.0568489246070385,-0.05540905520319939,-0.16794320940971375,-0.18182618916034698,0.02567482367157936,0.058470286428928375,0.21836721897125244,-0.9257491827011108,0.11702338606119156,-0.35515260696411133,-0.4442487359046936,0.18219393491744995,0.002642124891281128,0.39571359753608704,-0.02360370010137558,-0.2730419337749481,0.16705666482448578,0.46393662691116333,-0.7194531559944153,-0.28106144070625305,0.1360643357038498,-0.20950934290885925,0.4056532382965088,-0.24057528376579285,0.18085721135139465,0.04845808818936348,0.1742890626192093,0.5464577674865723,0.058397699147462845,-0.009220549836754799,0.13814130425453186,0.20115070044994354,0.16874155402183533,-0.09601839631795883,0.17184391617774963,0.07140127569437027,-0.15243744850158691,0.21862244606018066,-0.03990016132593155,0.09882214665412903,0.12266602367162704,0.1660814881324768,-0.0005389712750911713,-0.04628118872642517,-0.15108633041381836,-0.13901165127754211,0.5130665302276611,0.0818745568394661,-1.1446614265441895,-0.05031090974807739,0.39746764302253723,0.3145908713340759,-0.09743309020996094,0.5056809186935425,0.07855314016342163,0.023848263546824455,-0.25459322333335876,-0.3109540343284607,0.6348671913146973,0.35721316933631897,-0.027053281664848328,-0.05105327442288399,0.08788294345140457,-0.021433990448713303,-0.15951667726039886,-0.04636567085981369,-0.0600137822329998,0.07915191352367401,0.0017904043197631836,-0.4336682856082916,-0.041168875992298126,-0.15436431765556335,-0.08093821257352829,0.09964796900749207,0.5918797254562378,-0.09736285358667374,0.21113140881061554,-0.35030221939086914,0.0484902523458004,0.16889309883117676,-0.09842986613512039,0.6016518473625183,0.24548549950122833,0.046444378793239594,-0.3053869903087616,-0.3785572648048401,-0.12684068083763123,-0.07616966217756271,-0.3176743686199188,0.07956777513027191,-0.19373591244220734,0.13561245799064636,0.010049372911453247,-0.47127780318260193,-0.13637231290340424,0.16996756196022034,0.20268459618091583,0.11450941860675812,0.1018533855676651,-0.028370192274451256,1.575622797012329,0.030476197600364685,0.7197927236557007,0.05116729065775871,0.0421559140086174,0.05271860212087631,0.11326297372579575,0.06521038711071014,-0.7780512571334839,0.12284694612026215,0.23195676505565643,0.28411534428596497,-0.18030662834644318,-0.7572219371795654,0.8941276669502258,0.4924585223197937,-0.07774792611598969,-0.8774746656417847,0.17464827001094818,0.06064100190997124,-0.30765965580940247,-0.11629821360111237,-0.26874634623527527,0.0295947827398777,-0.12944263219833374,-0.07923173904418945,-0.14700159430503845,0.17909620702266693,0.257186621427536,0.05602983757853508,0.1554858684539795,-0.8542092442512512,0.26244083046913147,0.13479241728782654,-0.009311294183135033,-0.7265586853027344,0.11224379390478134,0.2075112760066986,0.2994043529033661,-0.12767809629440308,-0.08288304507732391,0.059745240956544876
CID000124087,168,-0.24062125384807587,0.1267322152853012,0.3482304811477661,-0.15066826343536377,0.21854248642921448,0.3706732392311096,-0.03423215448856354,-0.04359801858663559,-0.3333967328071594,-0.18825654685497284,0.009238624945282936,-0.32762596011161804,0.28639712929725647,-0.39803656935691833,-0.07258863747119904,0.04114638641476631,0.006886109709739685,0.18781626224517822,0.059676021337509155,0.15611913800239563,-0.17651867866516113,-0.027393003925681114,0.05865316838026047,-0.04759027808904648,0.04230041056871414,-0.11960415542125702,0.07831012457609177,-0.17818352580070496,-0.2047591209411621,0.27514132857322693,-0.10713110119104385,-0.10549459606409073,-0.29726269841194153,-0.0073784589767456055,-0.35033491253852844,-0.04839809611439705,-0.3492714762687683,-0.4239451289176941,-0.1791485846042633,-0.2468191385269165,0.23347017168998718,-0.013057219795882702,-0.17686405777931213,-0.3246517777442932,0.02377624250948429,0.14549393951892853,0.03165578097105026,0.0308394618332386,-0.24460864067077637,-0.12411107867956161,-0.17692930996418,0.21326220035552979,-0.06732974201440811,-0.05421267822384834,-0.03014206886291504,0.02825469896197319,-0.14801451563835144,0.005329728126525879,0.151434525847435,0.22930772602558136,-0.8498966097831726,0.04588829725980759,-0.0335472971200943,0.6376683712005615,0.12632335722446442,0.12323136627674103,-0.3692447543144226,0.15790501236915588,0.05591632053256035,0.08668136596679688,-0.17625398933887482,0.14465761184692383,0.05582235008478165,-0.1272558867931366,0.019452998414635658,-0.036123037338256836,-0.08747199922800064,0.03269778937101364,-0.09240207821130753,0.018914179876446724,-0.3002467453479767,0.11594752967357635,-0.2991005480289459,-0.27570533752441406,0.032120607793331146,-0.14969661831855774,-0.22601309418678284,0.02929896116256714,0.317474365234375,0.0038751885294914246,0.16169989109039307,-0.11165037006139755,-0.12174306064844131,-0.06205340102314949,-0.48789796233177185,-0.01994146779179573,-0.37944865226745605,0.5112374424934387,0.06757353246212006,-0.5210170149803162,0.3282882571220398,0.06527022272348404,-0.19287070631980896,-0.012178066186606884,-0.1416151076555252,0.07227008044719696,-0.17885252833366394,0.2046387642621994,-0.14027521014213562,0.541663646697998,0.04087962955236435,-0.2394774854183197,0.42816615104675293,0.004268975462764502,-0.11233726888895035,0.11510030925273895,0.0004063248634338379,-0.12358597666025162,-0.03352341800928116,-0.08972461521625519,-0.09331841766834259,-0.54152911901474,0.08135193586349487,-0.34892910718917847,-0.38781413435935974,0.20772559940814972,-0.0075756944715976715,0.32374605536460876,0.22141507267951965,0.07720388472080231,0.32206636667251587,0.19902309775352478,-0.5902741551399231,-0.349339097738266,0.021072350442409515,-0.07921680063009262,0.11496883630752563,-0.034846387803554535,0.028915714472532272,0.0662250965833664,-0.23798103630542755,0.29563578963279724,-0.06161574646830559,0.02855609729886055,0.0053383843041956425,0.022486459463834763,0.09496752917766571,0.07959765195846558,-0.1936260312795639,-0.030138034373521805,-0.06995020806789398,0.060820192098617554,0.008891304023563862,0.21493315696716309,-0.039702434092760086,0.19090542197227478,-0.21005015075206757,-0.37237972021102905,0.1550886482000351,-0.00022248477034736425,0.4074677526950836,-0.04821815341711044,-0.7181814312934875,0.04626079276204109,0.15581080317497253,0.37848860025405884,-0.18602018058300018,0.031181350350379944,0.2539081573486328,0.04744568094611168,-0.038352131843566895,-0.038899727165699005,0.37904393672943115,-0.17009735107421875,-0.02899973653256893,0.002841079141944647,0.016717184334993362,0.08344067633152008,-0.3259047567844391,-0.12245897203683853,0.1724894940853119,0.42049819231033325,0.022346369922161102,-0.05228238180279732,0.09880957752466202,-0.07488039880990982,-0.32380834221839905,-0.24765940010547638,0.25515222549438477,-0.10010701417922974,-0.14695405960083008,0.02027679979801178,-0.016578111797571182,0.004859843757003546,-0.1320692002773285,0.41760367155075073,0.07844756543636322,-0.030381064862012863,-0.01932361349463463,-0.09056750684976578,-0.03554443642497063,0.039832886308431625,-0.3892075717449188,0.07714615017175674,-0.11090423911809921,0.3118751049041748,0.20008425414562225,-0.22660645842552185,0.10419521480798721,0.009370563551783562,-0.013876745477318764,0.26131725311279297,0.04445254057645798,0.2170022428035736,0.2113749086856842,-0.044874679297208786,0.3168894052505493,0.20563249289989471,0.16297917068004608,-0.3205467164516449,-0.10200472921133041,0.050491251051425934,-0.3801702558994293,0.17714843153953552,0.48765817284584045,0.05976635962724686,0.08756943047046661,-0.28737446665763855,0.628656268119812,0.09818990528583527,-0.16561546921730042,-0.27619683742523193,-0.06458564847707748,-0.12855631113052368,-0.3138490617275238,-0.24980349838733673,-0.28941646218299866,0.11381085216999054,0.13962559401988983,-0.3688300848007202,-0.10813207924365997,0.09986735880374908,0.33332037925720215,0.06621810048818588,0.018092410638928413,-0.20226708054542542,0.3624821603298187,0.06571541726589203,-0.04382908344268799,-0.5004088282585144,0.07235356420278549,-0.05541229248046875,0.14856885373592377,-0.13777978718280792,0.016107266768813133,-0.1362876296043396
CID000003043,169,0.20888499915599823,0.48209911584854126,0.07282395660877228,0.17683842778205872,0.6043049097061157,0.48960646986961365,0.2858291268348694,0.17624397575855255,-0.7011417150497437,-0.27578216791152954,0.20444178581237793,-0.53559410572052,-0.014909014105796814,-0.20664170384407043,-0.18011733889579773,0.20939894020557404,0.0218727495521307,0.14676816761493683,0.22615456581115723,-0.01466900110244751,0.2259443998336792,0.19405189156532288,0.006644085049629211,0.053553104400634766,-0.23631641268730164,0.017926331609487534,0.03274792805314064,-0.21512675285339355,-0.11015629768371582,0.6632916927337646,-0.20557136833667755,0.10483524948358536,0.2604663670063019,-0.15340594947338104,-0.9934220314025879,0.04900441691279411,-0.3155631124973297,-0.1610701084136963,-0.1734127253293991,0.27968165278434753,-0.12866151332855225,0.12077546119689941,-0.4213469922542572,-0.20158536732196808,0.5103011131286621,-0.2077840268611908,0.08754361420869827,-0.22244732081890106,-0.001997023820877075,0.1357635110616684,-0.28871557116508484,0.023669499903917313,0.01636018045246601,-0.14432647824287415,-0.0231107696890831,-0.04318637400865555,0.31172850728034973,-0.2970108687877655,1.1920071840286255,-0.12840494513511658,-0.9990094900131226,0.017931723967194557,-0.5647868514060974,0.25397905707359314,0.16946721076965332,-0.3271019756793976,-0.2880849540233612,-0.020049553364515305,-0.2094123363494873,0.10754431784152985,-0.3679348826408386,-0.16217674314975739,-0.08919604122638702,-0.029202181845903397,1.0641109943389893,-0.07033668458461761,0.016410240903496742,0.18097777664661407,0.4057748317718506,-0.4055258333683014,-0.07879199087619781,-0.12636826932430267,-0.19595402479171753,0.12548616528511047,0.26533809304237366,-0.07308667153120041,-0.14226852357387543,0.05557618290185928,0.4088669717311859,-0.1586623638868332,-0.2752320170402527,-0.04743286967277527,-0.12936913967132568,-0.052194077521562576,-0.6265408396720886,-0.35968154668807983,0.34046682715415955,0.06737888604402542,-0.008815514855086803,-0.23519155383110046,0.3350472152233124,-0.08656027913093567,-0.2999550700187683,0.40822821855545044,-0.2874108552932739,-0.11374422162771225,-0.42280998826026917,0.24382105469703674,-0.18120145797729492,0.46277618408203125,0.20688724517822266,-0.05513324216008186,0.1682981699705124,-0.20905616879463196,0.13593025505542755,0.10787886381149292,0.0008433125913143158,-1.672051191329956,0.3274915814399719,-0.30151641368865967,0.21731038391590118,-0.7439174652099609,-0.433774471282959,-0.38084766268730164,-0.07641138881444931,0.34319907426834106,0.08951614052057266,0.3591187596321106,-0.11500326544046402,0.4499642252922058,-0.05482981726527214,-0.12467813491821289,-0.29645103216171265,-0.43347224593162537,-0.078230120241642,-0.43005579710006714,0.12281014770269394,-0.3373353183269501,0.23047515749931335,-0.06627590954303741,0.03776789456605911,0.5550602674484253,0.12989112734794617,0.09482701122760773,-0.09593518823385239,0.2996801733970642,-0.24788260459899902,0.17109057307243347,0.009774903766810894,0.2666099965572357,0.013343912549316883,-0.31341204047203064,0.15077419579029083,0.03745418041944504,-0.0718040019273758,0.10063264518976212,-0.02203953079879284,-0.48683610558509827,-0.26876822113990784,0.31598368287086487,-0.06605245918035507,0.21970100700855255,-0.6914006471633911,0.18081679940223694,0.653538167476654,0.2820427119731903,-0.26077285408973694,0.22777526080608368,-0.30858421325683594,-0.13272759318351746,-0.43774762749671936,-0.025981420651078224,0.4286273121833801,0.17442509531974792,-0.11746971309185028,-0.19240190088748932,0.2654857635498047,0.0351429358124733,-0.3715665936470032,-0.007239162921905518,-0.216473788022995,0.31886154413223267,-0.03805134445428848,-0.1601218432188034,-0.12533214688301086,-0.1023377925157547,-0.09104348719120026,-0.11214745044708252,0.37382179498672485,-0.060966216027736664,0.3226113021373749,-0.30575326085090637,0.21410326659679413,0.2000902146100998,-0.1947045475244522,0.6970900297164917,-0.15124672651290894,0.06451698392629623,-0.604878306388855,0.02773105725646019,-0.09789486974477768,-0.07072587311267853,-0.17175576090812683,0.09951253235340118,0.06123008579015732,0.4148605465888977,-0.4153074622154236,-0.11357088387012482,-0.3511470556259155,-0.11854705959558487,0.022400369867682457,-0.29899486899375916,0.04536192864179611,0.23657210171222687,0.13942810893058777,-0.18335683643817902,0.8973755836486816,-0.23444080352783203,-0.23017756640911102,-0.26727309823036194,0.04880116134881973,-0.17817442119121552,-0.805534839630127,0.1858234703540802,0.10638861358165741,-0.5203145742416382,-0.10121339559555054,-0.4597667157649994,1.099663496017456,-0.13993659615516663,-0.46947893500328064,0.04376227781176567,-0.04704327881336212,-0.11609554290771484,-0.5894397497177124,-0.3105790913105011,-0.15508922934532166,0.1563127338886261,0.3640851080417633,-0.16495534777641296,-1.351130723953247,0.11196230351924896,0.010553563013672829,-0.022579742595553398,0.07056643813848495,0.024790266528725624,0.23417527973651886,0.11204490810632706,-0.016818536445498466,-0.8290465474128723,-0.44185757637023926,0.46732935309410095,0.6205460429191589,-0.19250136613845825,-0.08768822997808456,0.04330209642648697
CID000148192,170,-0.05349127575755119,0.059236764907836914,0.07446372509002686,-0.07390619814395905,0.27302441000938416,0.2919333577156067,0.05989507585763931,-0.024071451276540756,-0.37780478596687317,-0.15791170299053192,0.22444303333759308,-0.3884361684322357,0.18977908790111542,-0.20958252251148224,-0.249530628323555,-0.029239559546113014,-0.07209359854459763,0.22594782710075378,0.31604406237602234,0.23107683658599854,-0.0787266343832016,0.2270067185163498,-0.05328099802136421,-0.0057291449047625065,0.04710858687758446,-0.09457553923130035,-0.017504515126347542,-0.1848880648612976,0.04848318547010422,0.3799925148487091,-0.24832114577293396,0.05254067853093147,0.15021970868110657,0.15425489842891693,-0.793714165687561,0.0946672111749649,-0.21321234107017517,-0.3313389718532562,-0.09063063561916351,-0.06288504600524902,-0.02858804166316986,-0.08100555837154388,-0.28139692544937134,-0.07396714389324188,0.5126193165779114,0.030602019280195236,-0.08574606478214264,0.022938381880521774,0.09038247913122177,-0.07202434539794922,-0.4219686985015869,0.01664941944181919,-0.1547260284423828,-0.12963923811912537,0.08170768618583679,0.09155793488025665,-0.03588182479143143,0.06637046486139297,0.424999475479126,0.22207283973693848,-0.8941982388496399,-0.20845654606819153,-0.38954824209213257,0.24844810366630554,0.038617514073848724,0.1154746264219284,0.0627535954117775,0.5689365863800049,0.09325221180915833,0.08630863577127457,0.13026897609233856,-0.13083860278129578,0.09449418634176254,0.1783096194267273,0.4278842508792877,-0.026018882170319557,0.03873588144779205,0.511795163154602,-0.1250971108675003,-0.23023755848407745,-0.19214600324630737,0.16382165253162384,-0.06846381723880768,-0.1311943382024765,-0.06844358146190643,0.08871838450431824,-0.26752525568008423,0.1071513295173645,0.3404894471168518,-0.1809188425540924,-0.058589279651641846,-0.0066606998443603516,-0.012454058043658733,-0.11341007053852081,-0.5975014567375183,-0.20916898548603058,-0.22605963051319122,0.33277249336242676,-0.005793118383735418,-0.15261392295360565,0.31591397523880005,-0.1845034509897232,-0.29194068908691406,0.18852683901786804,-0.18070831894874573,0.05935391038656235,-0.4779036045074463,0.27574509382247925,-0.3768875002861023,0.006858254782855511,-0.15165379643440247,0.12656204402446747,0.02981284260749817,0.10096683353185654,0.05102800205349922,0.2492908537387848,0.0788157731294632,-0.722350001335144,0.45664501190185547,0.25676631927490234,0.0059183863922953606,-0.6986024379730225,-0.20237350463867188,-0.2934878170490265,-0.2787671685218811,0.28663232922554016,0.12665167450904846,0.08599138259887695,0.23512260615825653,0.15298934280872345,0.05404398590326309,0.02649598941206932,-0.5288915634155273,-0.34489408135414124,-0.055941641330718994,0.10083843767642975,0.18749764561653137,-0.3952421545982361,0.059069178998470306,-0.07382659614086151,-0.11064896732568741,-0.20238931477069855,0.17076519131660461,0.016472602263092995,-0.18576155602931976,0.08431653678417206,-0.2412271499633789,0.19019630551338196,-0.03721035271883011,0.12579897046089172,-0.011100603267550468,0.21506324410438538,0.18897683918476105,0.2770346403121948,-0.1374785304069519,0.013672009110450745,-0.040495701134204865,-0.4532829225063324,-0.08325907588005066,0.11899784952402115,-0.12342063337564468,0.10209188610315323,-0.779140830039978,-0.18643546104431152,0.42695966362953186,0.15627142786979675,-0.0175916887819767,-0.048140592873096466,-0.1139579638838768,0.09584083408117294,-0.22416214644908905,-0.025138994678854942,0.3648904263973236,0.12411355972290039,-0.12558436393737793,0.1266505867242813,0.14290699362754822,-0.031153475865721703,-0.41971030831336975,0.13705143332481384,0.2226453572511673,0.22937655448913574,-0.057457078248262405,0.19135864078998566,0.12099780887365341,-0.04319760948419571,-0.2022487223148346,-0.23728880286216736,0.6530570983886719,-0.06017451733350754,0.024507660418748856,0.017154861241579056,0.0896429643034935,0.04352617263793945,-0.18853572010993958,0.2662271559238434,-0.05845751240849495,-0.08120542019605637,-0.5047947764396667,0.1895817518234253,-0.16302254796028137,-0.12063638120889664,-0.07710878551006317,0.17307338118553162,0.030581548810005188,-0.04546969011425972,0.06678671389818192,0.027864819392561913,-0.4046546518802643,0.12071118503808975,0.08604811131954193,0.085481196641922,0.023713773116469383,-0.05820978805422783,0.16082525253295898,-0.21419623494148254,0.6782760620117188,-0.2639636695384979,-0.1507692039012909,-0.18682503700256348,-0.06246185302734375,-0.145023375749588,-0.34353122115135193,0.011803260073065758,0.22191515564918518,-0.08390980958938599,0.014001993462443352,0.08878173679113388,0.7456157207489014,-0.092148557305336,-0.22600813210010529,-0.10122096538543701,0.0024385005235671997,-0.06299688667058945,-0.32763487100601196,-0.22319643199443817,-0.411750853061676,0.17952987551689148,0.043205440044403076,0.025725048035383224,-0.47023099660873413,-0.04026363417506218,0.14691543579101562,0.4077731668949127,-0.14757512509822845,-0.048005588352680206,-0.07151176035404205,0.09689556062221527,0.1191844493150711,-0.8389524221420288,-0.09661711752414703,0.23285868763923645,0.30370837450027466,-0.0004108453285880387,-0.03992679715156555,-0.02547127567231655
CID000001690,171,-0.046474047005176544,0.13043662905693054,-0.05654851719737053,0.034232284873723984,0.23368540406227112,0.24852919578552246,0.061223290860652924,0.0821632593870163,-0.23370835185050964,-0.2853314280509949,-0.07247953861951828,-0.6626694798469543,0.12211823463439941,-0.18445071578025818,-0.24616365134716034,-0.15196475386619568,-0.053387582302093506,-0.06324058771133423,0.18981672823429108,-0.14145612716674805,0.14975421130657196,0.03393026441335678,-0.10800721496343613,0.10563149303197861,-0.11676274240016937,-0.16162428259849548,0.2837483584880829,0.010270163416862488,-0.03312349319458008,0.4032462537288666,-0.2393001765012741,0.27760687470436096,0.06280185282230377,0.11125873029232025,-0.6951112747192383,-0.012246822938323021,-0.11226329952478409,-0.18295109272003174,-0.2960749566555023,0.017739832401275635,-0.10077595710754395,0.04220278188586235,-0.3037192225456238,0.23782572150230408,0.42451372742652893,0.12128613889217377,0.1583562195301056,0.017878592014312744,0.025873029604554176,-0.17229419946670532,-0.5851181149482727,0.08926661312580109,-0.377116322517395,-0.19882655143737793,0.20997178554534912,0.026239657774567604,-0.03955699875950813,-0.1170712560415268,0.5543795824050903,0.2197691649198532,-0.9189656376838684,0.13597533106803894,-0.4359683096408844,0.11626183986663818,-0.10153267532587051,0.05938662961125374,-0.120669424533844,0.3935059905052185,0.04651843383908272,0.009251916781067848,0.02016804739832878,-0.10683319717645645,-0.01580209657549858,0.20789918303489685,0.273552805185318,0.15092173218727112,0.14207366108894348,0.3360285460948944,0.15536236763000488,-0.11635931581258774,-0.0902903825044632,0.0060479044914245605,0.08620663732290268,-0.08855460584163666,-0.049000732600688934,-0.05739365145564079,-0.34582123160362244,0.22711117565631866,0.2963949143886566,0.035921692848205566,-0.12818287312984467,-0.1397513449192047,-0.06549739837646484,-0.16244836151599884,-0.3936839699745178,-0.14852681756019592,0.029456472024321556,0.0658794492483139,0.18023964762687683,-0.24212129414081573,0.13878847658634186,0.11904458701610565,-0.24505750834941864,0.07332105189561844,-0.1613648235797882,-0.10834814608097076,-0.572846531867981,0.32376617193222046,0.2463415414094925,0.23482832312583923,0.17744635045528412,0.23742440342903137,0.00400879979133606,0.13390600681304932,0.2670643925666809,0.15933144092559814,0.1003909707069397,-0.5850287675857544,0.1441376805305481,-0.015763264149427414,0.027197647839784622,-0.8108566403388977,-0.3147667646408081,-0.14316396415233612,-0.28813880681991577,0.25822117924690247,0.1222304105758667,0.29348981380462646,0.18495991826057434,0.06970469653606415,-0.0010491609573364258,-0.16608721017837524,-0.5557152032852173,-0.26875850558280945,-0.04000955820083618,-0.027021586894989014,0.2299427092075348,-0.30314916372299194,0.02138248085975647,-0.39891958236694336,0.02100958488881588,0.20972135663032532,0.15860609710216522,-0.09172104299068451,-0.2222081869840622,-0.01921326480805874,-0.15664030611515045,-0.06978129595518112,0.16163942217826843,0.06443850696086884,0.04863902926445007,-0.008819344453513622,-0.07269863784313202,0.19857044517993927,0.2581717073917389,-0.05532199144363403,-0.11009623855352402,-0.4767846465110779,-0.048436351120471954,0.14570608735084534,-0.10825610160827637,-0.10907118022441864,-0.8624617457389832,0.06520150601863861,0.5706818699836731,0.10869745910167694,-0.22309760749340057,0.05565796419978142,-0.13956883549690247,0.13396510481834412,-0.18929487466812134,-0.4095649719238281,0.3699010908603668,-0.11339177936315536,-0.0533895380795002,-0.024074625223875046,0.005082863382995129,-0.01213123369961977,-0.3390495777130127,-0.00040195585461333394,0.3391905128955841,0.23593929409980774,0.16929000616073608,0.03219091147184372,0.012337696738541126,-0.04178978130221367,-0.08378647267818451,-0.3482070565223694,0.5264569520950317,-0.07033858448266983,0.22814002633094788,-0.37112587690353394,-0.07021455466747284,-0.10918301343917847,-0.1669752597808838,0.23238947987556458,-0.043048303574323654,-0.14198894798755646,-0.4421485364437103,0.064201220870018,0.00650237500667572,-0.24974170327186584,-0.21890828013420105,0.022840896621346474,-0.020221522077918053,0.0783926472067833,-0.1799396574497223,-0.008166015148162842,-0.36533862352371216,-0.05599907785654068,0.21524891257286072,0.20424675941467285,-0.07559436559677124,0.07880477607250214,0.11969397962093353,-0.2945522964000702,0.6138737797737122,0.03833427280187607,-0.03705461695790291,0.008981999941170216,0.03942437097430229,-0.12697343528270721,-0.4858417510986328,-0.08925921469926834,0.18648181855678558,-0.11516369879245758,0.2480916976928711,-0.32858553528785706,0.9171723127365112,0.1457175314426422,-0.12228957563638687,-0.08741677552461624,-0.11773739010095596,0.10124864429235458,-0.4899047911167145,-0.2681935131549835,0.09135130792856216,0.0921810045838356,0.37607342004776,0.20646579563617706,-0.5009691119194031,-0.06448286771774292,-0.0726388469338417,0.19188201427459717,-0.045092739164829254,-0.006988811306655407,0.12481242418289185,0.010465043596923351,0.20886211097240448,-0.8672658801078796,-0.2850624620914459,0.5777010917663574,0.14974817633628845,-0.13968677818775177,0.014752420596778393,-0.04254353791475296
CID000004053,172,-0.08976761996746063,0.017143158242106438,-0.0810464397072792,-0.07659588009119034,0.6981250643730164,0.411235511302948,0.5786905884742737,-0.1838706135749817,-0.38258427381515503,0.07469955086708069,0.11308933794498444,-0.3127787709236145,-0.0167012307792902,-0.11150381714105606,-0.4423373341560364,0.14762470126152039,0.07677976042032242,0.05113133788108826,0.04878303408622742,-0.15781868994235992,-0.0782095342874527,0.17263174057006836,0.039013784378767014,-0.024861151352524757,-0.4427505135536194,0.03943944722414017,-0.08037484437227249,0.05620892718434334,-0.1540452241897583,0.39985623955726624,-0.30973416566848755,0.06309762597084045,0.08332820236682892,0.07777059078216553,-0.4711065888404846,0.18707968294620514,-0.4099099040031433,-0.39795494079589844,0.22698119282722473,-0.09852447360754013,0.1419868767261505,-0.138761505484581,-0.16394732892513275,-0.09933314472436905,0.266580730676651,0.26012784242630005,0.08441136032342911,-0.2590089738368988,0.09504476934671402,0.045084260404109955,-0.46105843782424927,-0.1773366630077362,-0.18611329793930054,-0.5028043985366821,-0.09433082491159439,0.13619393110275269,0.04964204132556915,-0.08704712241888046,0.22447459399700165,-0.15469735860824585,-0.8771309852600098,-0.14169460535049438,-0.07093329727649689,0.34676188230514526,-0.17028924822807312,0.0975787416100502,-0.3869241178035736,0.16448548436164856,-0.11016710847616196,0.27670544385910034,-0.3747560977935791,0.14004604518413544,-0.15672104060649872,-0.2886597514152527,0.2846009433269501,-0.11162235587835312,-0.12902283668518066,0.0769951194524765,-0.08573652803897858,-0.3341580033302307,-0.2489040195941925,0.07030287384986877,-0.08940155804157257,-0.1610296666622162,0.038907937705516815,-0.06991179287433624,-0.023076379671692848,-0.03965300694108009,0.7205268144607544,0.08447147905826569,-0.22467997670173645,-0.13876043260097504,-0.1806120127439499,0.2812640964984894,-0.4627670645713806,0.004304307512938976,-0.34612029790878296,0.6390806436538696,0.22085782885551453,-0.06406618654727936,0.6210458278656006,-0.04916597530245781,0.1388498991727829,0.30785542726516724,0.0474727489054203,-0.07928570359945297,-0.32595494389533997,0.36328572034835815,-0.08098544925451279,0.4123857617378235,-0.13380169868469238,0.2620485723018646,0.45742854475975037,-0.169576957821846,0.20825126767158508,-0.43654459714889526,0.335152268409729,-0.40770190954208374,0.26143786311149597,-0.06923490762710571,0.19219741225242615,-0.8085794448852539,0.24794749915599823,-0.2825009226799011,-0.6206608414649963,0.12400446087121964,-0.20511436462402344,0.39385199546813965,0.23739564418792725,-0.24460753798484802,-0.05674200505018234,-0.15489602088928223,-0.42894357442855835,-0.1807849407196045,0.462124764919281,0.07418854534626007,0.3654510974884033,-0.21110987663269043,0.13036665320396423,0.054555557668209076,0.0922091156244278,0.4802927076816559,0.29815077781677246,0.1854279786348343,0.2701556086540222,0.009283319115638733,0.07443313300609589,-0.07219637930393219,-0.07581204175949097,0.11803247779607773,-0.1601610630750656,0.0441201850771904,0.31598395109176636,0.0038854703307151794,0.02459164895117283,-0.05841253325343132,0.1288512498140335,-0.3549816608428955,0.11849822849035263,0.17947927117347717,0.04672751575708389,-0.018989810720086098,-0.9291214942932129,-0.2471308708190918,0.18433186411857605,0.3714570701122284,-0.04255339130759239,-0.03495096415281296,0.3864273428916931,0.2789992690086365,-0.10790882259607315,-0.1001390665769577,0.5277605056762695,-0.17105913162231445,-0.022236183285713196,-0.2634607255458832,0.27507516741752625,-0.15038785338401794,-0.20221641659736633,0.3006352186203003,0.22155170142650604,0.14115086197853088,-0.23708848655223846,-0.02475595287978649,-0.11430943012237549,-0.13507169485092163,-0.25361913442611694,0.01266186498105526,0.769623339176178,-0.06176493316888809,-0.15634463727474213,-0.16835691034793854,0.08328888565301895,-0.13872063159942627,-0.054542720317840576,0.6004821062088013,-0.11252941936254501,-0.030085181817412376,-0.42450618743896484,-0.287902295589447,-0.15954752266407013,0.1934681236743927,-0.3354198634624481,0.10379346460103989,0.10920806974172592,0.41794663667678833,0.24907343089580536,-0.22755089402198792,-0.10531492531299591,0.07668199390172958,0.052959807217121124,0.13866131007671356,-0.12881557643413544,0.24435362219810486,0.5738502740859985,-0.035741113126277924,0.5925413966178894,0.20556989312171936,0.10164956748485565,-0.18436935544013977,0.009949433617293835,0.02546016313135624,-0.5523138642311096,-0.12656040489673615,0.3849664330482483,0.22346314787864685,-0.018778333440423012,-0.6352222561836243,0.700533390045166,-0.18392305076122284,0.2659556567668915,0.0020674944389611483,0.17441609501838684,-0.21322977542877197,-0.451042503118515,-0.1787261664867401,0.07283514738082886,0.104697085916996,0.1557428389787674,0.07464586198329926,-0.0041608186438679695,0.1957855522632599,0.12763318419456482,-0.42795294523239136,-0.30958545207977295,-0.559411346912384,0.4152909815311432,0.020199991762638092,0.12293324619531631,-0.7830183506011963,0.3662354350090027,0.28723064064979553,0.4717923104763031,0.11054464429616928,-0.05235233157873154,0.1282302588224411
CID000003367,173,0.03294507786631584,0.32780298590660095,0.30678167939186096,0.3165751099586487,1.01254403591156,0.47864168882369995,0.027703559026122093,-0.226588636636734,-0.828302264213562,0.004310512449592352,-0.004439154174178839,-0.636918842792511,0.2708073854446411,-0.03965739533305168,0.07488537579774857,0.18794646859169006,-0.009529009461402893,-0.014353600330650806,0.2394270896911621,0.1028871089220047,0.1621420830488205,-0.08445010334253311,-0.37350553274154663,0.012077415362000465,-0.07525084167718887,-0.03326491639018059,-0.17095068097114563,-0.08531446754932404,-0.08298990875482559,0.7079732418060303,-0.27516597509384155,-0.10607762634754181,0.5209941267967224,-0.03107861615717411,-0.9211009740829468,0.08358652889728546,-0.3094935417175293,-0.05868031457066536,-0.3769213557243347,0.19135543704032898,-0.3561386168003082,0.2673627734184265,-0.1733492910861969,-0.23292890191078186,0.6311150789260864,-0.5240328311920166,-0.34163665771484375,0.07066501677036285,-0.1778569221496582,-0.04173916205763817,-0.3425675928592682,-0.060491420328617096,0.05736958980560303,-0.5544055104255676,0.01779302954673767,-0.006634739227592945,0.3153369128704071,-0.26303642988204956,0.8275502920150757,-0.15975745022296906,-1.0810664892196655,-0.24784055352210999,-0.270783007144928,0.5508484244346619,-0.12454739958047867,-0.0901947170495987,-0.305144727230072,0.2875685691833496,-0.2531154453754425,-0.06355144828557968,-0.2602575421333313,-0.015263308770954609,-0.20320478081703186,0.05094116926193237,0.9260258674621582,0.20635385811328888,0.11582360416650772,0.11419794708490372,0.3058876395225525,-0.44386324286460876,-0.018885422497987747,-0.0871267169713974,-0.047978829592466354,0.407999187707901,0.007153782062232494,0.13292858004570007,-0.19120092689990997,0.4038166403770447,0.5054312944412231,-0.33435696363449097,-0.43712693452835083,-0.0032020658254623413,-0.056680064648389816,-0.09273821860551834,-0.7385511994361877,0.1781139373779297,0.04127364233136177,0.255124032497406,-0.017720144242048264,-0.043907877057790756,0.29335644841194153,-0.20976905524730682,-0.2831360399723053,0.5193520784378052,-0.3520010709762573,0.01833553984761238,-0.13646571338176727,0.2196747064590454,-0.11047917604446411,0.5695022344589233,0.11164231598377228,-0.43919429183006287,0.310208797454834,-0.08831664174795151,0.26677653193473816,-0.059392739087343216,-0.04889525845646858,-1.5048637390136719,-0.03322511166334152,-0.5199946165084839,0.18402907252311707,-0.7643006443977356,-0.14583683013916016,-0.42423948645591736,-0.2077018767595291,0.3123181462287903,0.10227186977863312,0.3709757924079895,-0.06238894537091255,0.40250450372695923,0.23717734217643738,-0.10989250242710114,-0.27214565873146057,-0.4654427468776703,-0.06898777186870575,-0.21055062115192413,0.17729969322681427,-0.5299818515777588,-0.047390103340148926,-0.1989419013261795,-0.3638675808906555,0.518354058265686,-0.12591677904129028,0.09735921770334244,-0.17887642979621887,0.03253265097737312,-0.1894502341747284,0.37756437063217163,0.09549418091773987,-0.032950419932603836,-0.11661575734615326,0.03593845292925835,-0.17172977328300476,0.0837269052863121,-0.18267256021499634,-0.1931535303592682,-0.05035574361681938,-0.5237857103347778,-0.42772141098976135,0.1684466451406479,-0.23547938466072083,0.09091518819332123,-0.8070570230484009,0.010353824123740196,0.7221669554710388,0.3270317614078522,-0.39294520020484924,0.12187385559082031,-0.3371596932411194,0.06460066139698029,-0.1772732138633728,-0.12560229003429413,0.35954946279525757,0.2506808340549469,-0.29673856496810913,-0.11634700000286102,0.28707921504974365,-0.05194802209734917,-0.19352832436561584,0.08624966442584991,0.17909450829029083,0.2749069035053253,-0.005415380001068115,-0.3191126883029938,-0.39066797494888306,-0.3538880944252014,-0.18618829548358917,0.15703769028186798,0.5245091319084167,-0.24023354053497314,0.20296740531921387,-0.5581084489822388,0.0933280661702156,0.248287171125412,0.1049996167421341,0.4141998887062073,-0.022130211815238,-0.1309642344713211,-1.037615418434143,-0.06529444456100464,-0.21770063042640686,-0.1943579763174057,-0.5111756920814514,0.2095738649368286,-0.13129554688930511,0.4076370298862457,-0.3471255302429199,-0.2004919797182083,-0.35431089997291565,-0.07502445578575134,0.10061736404895782,-0.5954140424728394,-0.02519850805401802,-0.17645075917243958,0.26616746187210083,-0.27675026655197144,0.799167275428772,-0.34742164611816406,-0.578188419342041,-0.024543054401874542,0.06086152791976929,-0.07895761728286743,-0.6774638891220093,-0.014199083670973778,-0.05031561106443405,-0.24668121337890625,-0.14638569951057434,-0.46551209688186646,1.041121244430542,0.025966649875044823,-0.37661212682724,-0.06618845462799072,0.029378946870565414,0.08334361016750336,-0.47087883949279785,-0.3072442412376404,-0.18746423721313477,0.031133929267525673,0.16883601248264313,-0.48987913131713867,-0.9428931474685669,0.1278083622455597,0.07782541215419769,-0.1690242886543274,0.10007834434509277,-0.014390697702765465,0.23128673434257507,0.3447011411190033,0.009949540719389915,-0.8590083122253418,-0.08939503133296967,0.3970907926559448,0.580302894115448,0.11284015327692032,-0.032775841653347015,0.08496539294719696
CID000002550,174,-0.10745210945606232,-0.11046697944402695,-0.18720045685768127,0.035868801176548004,0.37863072752952576,0.39250510931015015,-0.13215240836143494,0.07222841680049896,-0.07606293261051178,-0.22084841132164001,0.05864023044705391,-0.26519855856895447,0.22443576157093048,-0.20524990558624268,-0.3640154004096985,0.2381593883037567,0.06997418403625488,0.07830805331468582,-0.12257833778858185,-0.06656903773546219,0.26595228910446167,-0.25540071725845337,0.04693756252527237,-0.13317330181598663,0.317717969417572,0.18952155113220215,-0.2483421266078949,-0.24100348353385925,0.025200217962265015,0.6098029613494873,0.011986392550170422,-0.11906883865594864,0.025212794542312622,-0.01717936061322689,-0.3191562592983246,-0.14565497636795044,-0.08630006015300751,-0.4014471173286438,0.01379190944135189,0.08376123756170273,0.2722662687301636,-0.0812840685248375,-0.21926434338092804,-0.20383445918560028,0.1983562707901001,0.006273659877479076,0.26264822483062744,-0.049970842897892,-0.011204165406525135,0.03621045500040054,-0.2818564772605896,0.1768210232257843,-0.11625522375106812,-0.052689291536808014,0.014408518560230732,-0.03780286759138107,0.111233651638031,0.05047217756509781,-0.03049025870859623,0.31464046239852905,-0.7785376906394958,-0.29448574781417847,-0.24787604808807373,0.015098096802830696,0.2246544063091278,0.03776717931032181,-0.25747495889663696,-0.021794602274894714,-0.05387178808450699,0.09930233657360077,-0.3145146369934082,-0.090729720890522,0.0017559140687808394,-0.11945980787277222,0.0005617692950181663,-0.0903574526309967,-0.15885566174983978,0.17589901387691498,0.007154889404773712,-0.04244517162442207,-0.315358966588974,-0.15943759679794312,-0.32173749804496765,-0.21021774411201477,0.06407494843006134,0.008011859841644764,-0.3546825051307678,-0.0327724888920784,0.33480164408683777,0.20014898478984833,-0.02318609692156315,-0.11505939066410065,-0.03810538724064827,-0.0872059240937233,-0.43408599495887756,0.10520027577877045,-0.32633692026138306,0.3312186002731323,0.13550569117069244,-0.25991329550743103,0.2632184624671936,0.1523054987192154,-0.20046105980873108,-0.10883469879627228,-0.3479677140712738,-0.013995535671710968,-0.507766604423523,0.26679152250289917,-0.30989623069763184,0.23309826850891113,0.06349007040262222,-0.050188224762678146,0.3013686537742615,-0.01768523082137108,0.023517880588769913,0.01726119965314865,-0.09037578105926514,-0.36478814482688904,0.14271816611289978,0.04876761883497238,-0.1072031632065773,-0.42469900846481323,-0.015061601996421814,-0.4561234414577484,-0.23477134108543396,0.2598273456096649,0.07332856953144073,0.4993664622306824,0.21220287680625916,-0.014920736663043499,-0.35556158423423767,0.07861946523189545,-0.4067661762237549,-0.34519627690315247,-0.1845674216747284,-0.26094764471054077,0.3735923171043396,-0.3589952886104584,-0.0830002874135971,0.07971687614917755,-0.14809106290340424,0.11799599975347519,0.353848934173584,0.180644229054451,0.08144506067037582,0.00018368064775131643,0.18147724866867065,-0.04236316680908203,0.1807357519865036,-0.2887786328792572,0.0003169387055095285,-0.003937712404876947,-0.33329907059669495,-0.09609053283929825,-0.19944657385349274,0.1757345199584961,-0.004943242762237787,-0.6206034421920776,0.21134629845619202,0.13777022063732147,0.06868140399456024,-0.062306322157382965,-0.7643112540245056,0.16730889678001404,0.2435549795627594,0.32715290784835815,-0.0029423744417726994,-0.0392119325697422,0.3127891421318054,-0.00835911650210619,-0.040030837059020996,-0.015883421525359154,0.4589908719062805,-0.06622683256864548,0.25649482011795044,-0.05130656436085701,0.06506475806236267,0.15590953826904297,-0.3926176428794861,-0.08915697038173676,0.2745952904224396,0.4714321494102478,-0.1077825203537941,-0.15547165274620056,-0.07332725822925568,-0.2516692280769348,-0.4579714834690094,-0.217500239610672,0.3292904794216156,-0.24575647711753845,0.16150255501270294,-0.24385961890220642,0.2686026990413666,-0.10216836631298065,-0.088820680975914,0.48822203278541565,-0.08611176908016205,0.1515340507030487,-0.048455022275447845,0.17245452105998993,-0.056390076875686646,0.17712214589118958,-0.38618046045303345,-0.06970582157373428,0.018401537090539932,0.3273119628429413,0.19505855441093445,-0.18450847268104553,-0.19250138103961945,-0.1306232511997223,-0.19325700402259827,0.18835251033306122,-0.13341830670833588,0.004137423820793629,-0.03717314079403877,0.08396656811237335,0.32633280754089355,0.23552021384239197,-0.06911877542734146,-0.15167474746704102,0.02368612214922905,-0.06620049476623535,-0.3472398817539215,0.17638623714447021,0.3382359743118286,0.2357834279537201,0.3446677029132843,-0.23065464198589325,0.3726159930229187,0.13128837943077087,-0.05814061313867569,-0.22971849143505096,-0.16648884117603302,-0.08584021031856537,-0.3245839476585388,-0.19757726788520813,-0.3254038989543915,0.2529245913028717,0.10245034843683243,-0.2595363259315491,-0.13426978886127472,-0.03351781144738197,0.12365536391735077,-0.025497252121567726,0.20068618655204773,-0.053413115441799164,0.14538367092609406,-0.04376230388879776,0.41306036710739136,-0.47466573119163513,0.015977127477526665,-0.15325398743152618,0.0020247413776814938,-0.21317069232463837,-0.03353574126958847,-0.2828347086906433
CID000004259,175,-0.13631317019462585,-0.12352075427770615,0.12502989172935486,-0.17260296642780304,0.049074508249759674,0.2506393790245056,0.012858045287430286,0.12120179831981659,-0.40832918882369995,-0.3727438449859619,0.11016116291284561,-0.6476554870605469,0.25649598240852356,-0.3859447240829468,-0.36914652585983276,0.009124946780502796,0.022718997672200203,0.16945017874240875,0.05125420168042183,-0.004171836189925671,0.15259334444999695,0.029720747843384743,-0.012866472825407982,-0.0695509985089302,0.3732949197292328,-0.2373616248369217,0.0724702700972557,-0.0848536491394043,0.06227278709411621,0.4412243366241455,-0.04114146903157234,0.16298049688339233,-0.1858328878879547,-0.029386233538389206,-0.446718692779541,0.03964837267994881,-0.22373124957084656,-0.3296159505844116,-0.34578269720077515,-0.1509629338979721,-0.032902464270591736,0.12065080553293228,-0.3539635241031647,0.30546337366104126,0.21223214268684387,0.13604365289211273,0.09611205011606216,-9.998492896556854e-05,0.026084769517183304,-0.019156748428940773,-0.2992571294307709,0.20802345871925354,-0.13909275829792023,-0.05536787584424019,0.5417956113815308,-0.03190567344427109,-0.1062014102935791,-0.035048916935920715,0.413983017206192,-0.12265826761722565,-0.7364563941955566,0.25075238943099976,-0.47465044260025024,0.013868647627532482,-0.04338931292295456,0.14725042879581451,-0.2380487471818924,0.27505454421043396,0.09287945181131363,0.01031725388020277,-0.08958147466182709,-0.0027206181548535824,0.07215062528848648,-0.00468029361218214,0.2542055547237396,0.016694430261850357,-0.12767279148101807,0.35348081588745117,0.12250645458698273,-0.039765916764736176,-0.3328786790370941,-0.014962589368224144,-0.13653269410133362,-0.16661229729652405,-0.19916227459907532,-0.044557295739650726,-0.36676931381225586,-0.07481218129396439,0.15264305472373962,-0.04289215803146362,0.06839745491743088,-0.29308560490608215,0.08685789257287979,-0.10181639343500137,-0.4019116759300232,-0.11712434142827988,-0.14330729842185974,0.21751999855041504,0.19185273349285126,-0.33457237482070923,0.07340168207883835,0.30048927664756775,-0.22587886452674866,-0.12041501700878143,-0.1447717845439911,0.07994107902050018,-0.5476371049880981,0.27816522121429443,0.260795533657074,0.06248970702290535,0.3828440308570862,-0.08173315972089767,0.1358184516429901,0.20841577649116516,0.18817894160747528,-0.1050381287932396,-0.03243563324213028,-0.4076197147369385,0.26511913537979126,-0.027725014835596085,-0.05721097066998482,-0.6114108562469482,-0.02349238097667694,-0.22341902554035187,-0.22214356064796448,0.3857259750366211,-0.10292668640613556,0.11304272711277008,0.2230471819639206,-0.20645484328269958,0.1622609943151474,0.08190209418535233,-0.6912778615951538,-0.4238869547843933,-0.2497166395187378,-0.19774751365184784,0.010858429595828056,-0.1227334588766098,0.015959400683641434,-0.4075341820716858,-0.10246118158102036,0.030245929956436157,0.3651201128959656,-0.07895709574222565,-0.11264081299304962,0.24824078381061554,-0.0039182691834867,-0.01958315633237362,0.0671444684267044,-0.023513559252023697,0.10818664729595184,0.17590805888175964,-0.29589882493019104,0.12516769766807556,0.04066406935453415,0.09080207347869873,-0.06722326576709747,-0.40089091658592224,-0.008962174877524376,-0.04215016961097717,0.21577930450439453,0.11790832132101059,-0.6952898502349854,-0.0691576823592186,0.3942108452320099,0.2790221869945526,-0.2272198647260666,0.23313772678375244,-0.19522441923618317,-0.017097825184464455,-0.20772123336791992,-0.31219804286956787,0.5042347311973572,-0.026909584179520607,-0.035988569259643555,-0.17514662444591522,0.0714479610323906,-0.09635456651449203,-0.35515153408050537,-0.17087417840957642,0.17109520733356476,0.16375914216041565,0.46991387009620667,-0.09147762507200241,-0.014329472556710243,-0.10062803328037262,0.006004749797284603,-0.009415363892912865,0.3165895342826843,0.13986192643642426,0.26523157954216003,-0.311423122882843,0.0001853585272328928,-0.21682687103748322,-0.5103362202644348,0.27781084179878235,0.03563173487782478,-0.08458514511585236,-0.26819297671318054,0.05319511890411377,0.09987187385559082,-0.0843018889427185,-0.2097826451063156,0.02876202203333378,0.15728643536567688,0.34001225233078003,-0.2395135462284088,-0.13424023985862732,-0.3922624886035919,-0.06136931851506233,-0.025136936455965042,0.1318257749080658,-0.07321451604366302,0.1965058147907257,0.12482669204473495,0.04000342637300491,0.5428155660629272,0.07342492789030075,0.11228501796722412,-0.23805217444896698,-0.1567506343126297,0.10458020865917206,-0.46956324577331543,-0.1503247767686844,0.1311328113079071,-0.0088069261983037,0.2720414698123932,-0.1352243274450302,0.8360763788223267,0.3422674536705017,-0.27307724952697754,-0.21485796570777893,-0.10248704254627228,0.09751029312610626,-0.5402883291244507,-0.3333134055137634,0.2131228744983673,0.28963857889175415,0.39447757601737976,-0.01684637926518917,-0.45740240812301636,-0.1497848480939865,-0.05733294039964676,-0.04741816967725754,-0.026009133085608482,-0.10161878168582916,0.46994394063949585,0.041731156408786774,0.3639225959777832,-0.680220365524292,0.04527895897626877,0.3320724666118622,0.16406039893627167,-0.30456238985061646,-0.0509018674492836,-0.00832311250269413
CID000003821,176,-0.060534410178661346,-0.05049888417124748,-0.012561974115669727,-0.24639257788658142,0.35325759649276733,0.22310681641101837,0.06326083838939667,0.14107245206832886,-0.4173928201198578,-0.24032382667064667,-0.05957327410578728,-0.4154556393623352,-0.037697505205869675,-0.2769971489906311,0.1882229596376419,0.11045543849468231,0.08627848327159882,0.05052594467997551,-0.022338781505823135,-0.12019671499729156,0.15453000366687775,-0.14673104882240295,0.052583999931812286,0.09673866629600525,0.04717649519443512,0.02508467435836792,0.09198765456676483,-0.03282704949378967,-0.28609853982925415,0.32393479347229004,-0.019204651936888695,-0.1365933120250702,-0.1355494111776352,0.0472722202539444,-0.3930363059043884,0.1004575714468956,-0.280351847410202,-0.31167057156562805,-0.1347653716802597,-0.04530397057533264,0.13904643058776855,0.09883107990026474,-0.26020193099975586,-0.13765384256839752,0.12296544015407562,0.09260788559913635,0.16768237948417664,0.005454015918076038,-0.41523808240890503,-0.07465654611587524,-0.09195961058139801,0.11747284233570099,-0.07058600336313248,-0.17501822113990784,0.18296371400356293,-0.052725352346897125,-0.10890748351812363,-0.12650485336780548,0.17617011070251465,-0.1315130591392517,-0.921225905418396,0.00869078654795885,-0.2703244090080261,0.36790895462036133,0.12748073041439056,0.26416340470314026,-0.19545988738536835,0.055697936564683914,-0.08621490001678467,0.03797001764178276,-0.02246253378689289,-0.04336658865213394,0.015842143446207047,-0.05692122131586075,0.1496058702468872,-0.0633394867181778,-0.1887868195772171,-0.02847527526319027,0.23558303713798523,-0.17655697464942932,-0.20422187447547913,-0.08424266427755356,-0.126753568649292,-0.15832452476024628,0.025169383734464645,-0.17578797042369843,-0.28268590569496155,-0.1779288649559021,0.2745707333087921,-0.02778053842484951,-0.04472687095403671,-0.2758997678756714,-0.1486286222934723,0.028227966278791428,-0.4294392466545105,0.010438315570354462,-0.14641335606575012,0.41298094391822815,0.2843596041202545,-0.32706642150878906,0.10943901538848877,0.19016686081886292,-0.1432618647813797,0.199676975607872,-0.20970840752124786,0.027830328792333603,-0.3965837359428406,0.3292810618877411,-0.20657725632190704,0.16594620048999786,0.12935757637023926,0.26658958196640015,0.3383207619190216,0.14266318082809448,0.018738100305199623,0.10672577470541,-0.1891501247882843,-0.12207172811031342,0.16139918565750122,0.10113445669412613,-0.17488572001457214,-0.5055282115936279,0.23198720812797546,-0.2730599045753479,-0.3962034285068512,0.16690662503242493,-0.004143102560192347,0.3536159098148346,0.02088821679353714,-0.03214983642101288,-0.14157624542713165,0.13291846215724945,-0.5469284057617188,-0.2294768989086151,0.003312355373054743,-0.20511412620544434,-0.02799738571047783,-0.11898895353078842,-0.14337949454784393,-0.008201280608773232,-0.09029292315244675,0.12054578214883804,-0.3745647966861725,0.0751616507768631,0.17112599313259125,-0.07220201194286346,0.1845434010028839,-0.15643128752708435,0.15913844108581543,-0.02710719034075737,-0.11288030445575714,-0.06786559522151947,-0.09270963817834854,0.014732922427356243,0.14851067960262299,-0.06475605070590973,0.11867791414260864,-0.354804128408432,0.0504758283495903,0.16516275703907013,0.1601070612668991,0.0025836348067969084,-0.7953289747238159,-0.032742977142333984,0.21348872780799866,0.24034325778484344,-0.17649511992931366,-0.09133676439523697,0.10115792602300644,-0.13083501160144806,-0.12652261555194855,-0.01671953871846199,0.2935360074043274,-0.3103047013282776,0.1055154800415039,-0.1391933262348175,-0.2656688988208771,0.0755777582526207,-0.442206472158432,-0.10733598470687866,0.27004799246788025,0.19928255677223206,0.03500785306096077,-0.03408556059002876,0.05460597202181816,0.05421611666679382,-0.17040136456489563,-0.11887653917074203,0.2553198039531708,-0.005839747376739979,0.06389456987380981,0.04296870157122612,-0.04626452550292015,-0.2488381415605545,-0.09467616677284241,0.38133567571640015,-0.008151629939675331,-0.04586108401417732,-0.46995386481285095,0.04230237752199173,-0.029785215854644775,0.006844222545623779,0.0032974793575704098,0.27883997559547424,-0.04249681904911995,0.2636045515537262,-0.006324404384940863,-0.19194000959396362,-0.0234590582549572,-0.15784338116645813,-0.0066292909905314445,0.13555730879306793,-0.003914539702236652,0.06603576242923737,0.295165479183197,0.18164432048797607,0.3353042006492615,0.1393251121044159,-0.3293820023536682,-0.2743510603904724,0.014854736626148224,-0.010463233105838299,-0.33546486496925354,-0.019870594143867493,0.07723449170589447,0.0012700498336926103,0.3471936583518982,-0.3382924497127533,0.6869952082633972,0.04124392941594124,-0.1352016031742096,-0.14296233654022217,-0.1549874246120453,-0.00017730743275023997,-0.42993974685668945,-0.2765662372112274,-0.20148682594299316,0.2551019787788391,0.3044286370277405,0.08856797218322754,0.02828913927078247,-0.1255708932876587,0.07295344769954681,0.11251895129680634,0.08574680984020233,-0.2398139238357544,0.24908122420310974,-0.1307770311832428,0.16406980156898499,-0.5230948328971863,0.2983138859272003,0.024599550291895866,0.19075742363929749,-0.1368248164653778,0.09902210533618927,-0.08272465318441391
CID000003488,177,-0.14831045269966125,0.008667649701237679,-0.052159130573272705,0.06978334486484528,0.10734186321496964,0.3239995837211609,-0.05296855419874191,-0.0636950135231018,-0.196503683924675,-0.18468725681304932,0.0711694210767746,-0.16863128542900085,0.3389055132865906,-0.35415220260620117,0.14637990295886993,-0.1012611836194992,-0.19174066185951233,0.24323925375938416,-0.10952454805374146,-0.15196645259857178,-0.18051856756210327,-0.021793056279420853,0.04493773728609085,-0.011230253614485264,0.19862839579582214,0.03833649307489395,0.15643402934074402,-0.19842839241027832,-0.152168869972229,0.3835355341434479,-0.25068461894989014,0.003878349903970957,-0.08478401601314545,-0.2688140273094177,-0.28811323642730713,-0.09761657565832138,-0.22415480017662048,-0.3172363042831421,-0.08525671809911728,0.07303489744663239,0.11801648139953613,-0.1650943011045456,0.16360127925872803,-0.2357775717973709,0.2670598328113556,0.190031498670578,-0.17749743163585663,0.0004936933401040733,-0.0436740517616272,0.013448784127831459,-0.3771325647830963,0.22944557666778564,-0.2232712209224701,0.10480204969644547,-0.0436488501727581,0.051898349076509476,0.08436144143342972,-0.48154982924461365,-0.10057459026575089,0.032128576189279556,-0.7491958737373352,0.21585258841514587,-0.3042624294757843,0.36590775847435,0.1340789794921875,0.02049115300178528,-0.4002118706703186,0.004630430601537228,-0.04850960522890091,0.26665592193603516,-0.32688072323799133,0.35762542486190796,-0.030890535563230515,-0.29114216566085815,-0.02203560434281826,-0.05284394696354866,-0.17495104670524597,0.20166754722595215,-0.00822269357740879,0.036177001893520355,-0.20546868443489075,-0.05498182028532028,-0.23447808623313904,-0.24856241047382355,-0.04678996652364731,0.07626372575759888,-0.3628006875514984,0.07562179863452911,0.407816082239151,0.02925652265548706,-0.08309353142976761,-0.1455100178718567,0.06783594191074371,-0.1973985880613327,-0.45985203981399536,-0.04359249398112297,-0.2649253010749817,0.3906888961791992,0.2995085120201111,-0.82538902759552,0.296399861574173,0.09440113604068756,-0.038983169943094254,-0.18720337748527527,0.007428196724504232,0.05126074701547623,-0.3759082555770874,0.33077991008758545,0.017530793324112892,0.4747970700263977,0.1939045935869217,0.23747241497039795,0.5500363111495972,0.1617753505706787,0.051624953746795654,-0.13928620517253876,0.03570933640003204,-0.31248587369918823,-0.005953091196715832,0.03615504503250122,-0.09452180564403534,-0.6478817462921143,0.04668582230806351,-0.45293205976486206,-0.43083101511001587,0.130570188164711,0.017613952979445457,0.4150264859199524,0.18614831566810608,0.03688393533229828,-0.140626460313797,-0.1902269423007965,-0.5710245966911316,-0.32852083444595337,-0.023197125643491745,-0.06428416073322296,0.26655492186546326,-0.2146831750869751,-0.0537799708545208,0.16519112884998322,-0.007974481210112572,0.5057156682014465,-0.08971412479877472,-0.034040458500385284,-0.08876724541187286,-0.0446447916328907,0.07156451046466827,-0.09530765563249588,-0.05796654149889946,0.002983051585033536,-0.052117593586444855,-0.02887243591248989,-0.05765948444604874,0.09448318183422089,0.07069316506385803,0.13143932819366455,-0.1412021815776825,-0.41923245787620544,0.10838305950164795,-0.0923648476600647,0.19030481576919556,-0.2135370671749115,-0.661153256893158,0.12805096805095673,0.24177663028240204,0.2658897340297699,-0.13773712515830994,-0.2764202356338501,0.3919976055622101,0.14528337121009827,0.19190198183059692,-0.005852232687175274,0.46606069803237915,-0.19597676396369934,-0.15955832600593567,0.015475546941161156,0.04667532444000244,0.14050979912281036,-0.3335961699485779,-0.17235936224460602,0.37654954195022583,0.6978572010993958,0.010994898155331612,-0.053641270846128464,-0.13634073734283447,0.15853926539421082,-0.75737065076828,-0.12372175604104996,0.3177248239517212,0.20532408356666565,0.0098331393674016,-0.0644330084323883,-0.027602413669228554,0.048862554132938385,-0.10552559047937393,0.4044176936149597,-0.08586384356021881,0.006386071443557739,-0.2102075070142746,-0.2926560044288635,-0.04304097220301628,0.10324718803167343,-0.4349284768104553,0.17579786479473114,0.006523820571601391,0.27705222368240356,0.03382229059934616,-0.10789354890584946,-0.20072169601917267,-0.08210093528032303,-0.07678063958883286,0.4299141466617584,0.028356585651636124,-0.00249080965295434,-0.16763751208782196,-0.0050356509163975716,0.562583327293396,0.205753356218338,-0.03598177433013916,-0.281803160905838,-0.08987929672002792,0.00419726874679327,-0.3994871973991394,-0.01170388050377369,0.34198516607284546,0.04880918189883232,0.2718593180179596,-0.25081881880760193,0.6371613144874573,-0.01957816630601883,-0.046465110033750534,-0.24425575137138367,0.13366307318210602,-0.19457301497459412,-0.42443934082984924,-0.30564868450164795,0.04621066525578499,0.1796865016222,0.32945019006729126,0.16199329495429993,0.028370004147291183,-0.042623911052942276,0.024683520197868347,-0.16084864735603333,-0.11617907136678696,-0.12394861876964569,0.4023347496986389,-0.13311517238616943,0.10861587524414062,-0.5534224510192871,0.017193663865327835,-0.1346602588891983,0.31062474846839905,-0.03271487355232239,0.20297202467918396,-0.13060957193374634
CID000005372,178,-0.24182471632957458,-0.13621436059474945,0.16149595379829407,0.030585456639528275,0.15905538201332092,0.34366947412490845,-0.1347760111093521,-0.012234633788466454,-0.3161291182041168,-0.286749929189682,0.13388250768184662,-0.4714992940425873,0.1590593010187149,-0.24003951251506805,-0.1596030592918396,-0.1335039585828781,0.02549717389047146,-0.4163559079170227,-0.060353439301252365,-0.21435706317424774,0.2854827046394348,-0.028435101732611656,-0.10839687287807465,-0.25860661268234253,-0.18230032920837402,0.061634428799152374,-0.09609921276569366,-0.12711644172668457,-0.09688960015773773,0.24477443099021912,-0.2855963706970215,0.22830824553966522,0.13883869349956512,-0.02958027645945549,-0.5867038369178772,0.34585633873939514,-0.11464190483093262,-0.2009480744600296,-0.2651207149028778,-0.03163878992199898,-0.12217728048563004,0.1003747433423996,-0.3510051369667053,0.056679289788007736,0.5607489943504333,-0.05351635068655014,-0.06661301851272583,0.12937217950820923,0.03809154033660889,-0.15130427479743958,-0.7616836428642273,0.150552898645401,-0.2846386730670929,-0.2526324391365051,0.27729278802871704,-0.020518487319350243,-0.15021450817584991,-0.07994003593921661,0.39048558473587036,0.07427482306957245,-0.7550947070121765,-0.15963177382946014,-0.4240944981575012,0.07011482864618301,-0.12339431047439575,-0.10118663311004639,0.020240457728505135,0.30434250831604004,0.04799908399581909,0.2610389292240143,-0.4899052679538727,-0.1266022026538849,-0.08142097294330597,0.0689157247543335,0.5837834477424622,0.13981088995933533,0.10043952614068985,0.528416097164154,-0.040405213832855225,-0.04123374819755554,-0.3101583421230316,-0.23731938004493713,-0.17339475452899933,-0.033364005386829376,-0.08428378403186798,0.06123800948262215,-0.28225094079971313,-0.030291041359305382,0.28685981035232544,-0.18197445571422577,-0.2305842936038971,-0.1955047994852066,-0.02180292457342148,0.007822791114449501,-0.4539121985435486,0.001173818134702742,0.21538379788398743,-0.13582183420658112,0.16395419836044312,-0.06533093750476837,0.31633585691452026,-0.04068378731608391,-0.1741061955690384,0.10635793209075928,-0.1562611311674118,0.12267744541168213,-0.4258233904838562,0.3010070323944092,-0.15133318305015564,0.0910881757736206,0.19640976190567017,-0.10310155153274536,0.23142671585083008,-0.09896723926067352,0.1886914074420929,-0.18715813755989075,0.11158319562673569,-0.7137787938117981,0.3647235631942749,0.18334312736988068,0.027856063097715378,-0.8053328394889832,-0.41829103231430054,-0.27548104524612427,-0.6193759441375732,0.3327293395996094,-0.07745254784822464,0.449368417263031,0.42735767364501953,-0.058705251663923264,0.06197688728570938,-0.05002599209547043,-0.5982186794281006,-0.4101620316505432,-0.016491560265421867,0.11879651248455048,0.26684075593948364,-0.2518444061279297,0.06741173565387726,-0.4033747613430023,-0.14515690505504608,0.11717164516448975,0.23945209383964539,-0.24762699007987976,-0.1126272901892662,-0.37716513872146606,0.13202379643917084,-0.09084603190422058,0.3489076495170593,0.04405782371759415,0.023660138249397278,0.16008462011814117,0.1892058551311493,-0.012445283122360706,-0.003550389315932989,0.15407301485538483,-0.06579828262329102,-0.4284968376159668,0.12252118438482285,0.3692946434020996,-0.09870612621307373,-0.02280697599053383,-0.8415572047233582,-0.27424344420433044,0.7080813646316528,0.0716627687215805,-0.3636736273765564,0.13199980556964874,-0.16403254866600037,-0.09253297746181488,-0.21265749633312225,-0.05043957754969597,0.30575019121170044,0.023211801424622536,-0.16798579692840576,-0.0418490394949913,-0.07006756961345673,0.16467292606830597,-0.24333159625530243,-0.006553807761520147,0.1573815643787384,0.19703418016433716,0.3842158317565918,-0.1442023366689682,0.022302959114313126,-0.017065376043319702,-0.20999100804328918,-0.12749388813972473,0.5742130279541016,-0.2865263819694519,0.31830018758773804,-0.38083335757255554,-0.2593686878681183,-0.15117156505584717,-0.4367133677005768,0.3603144586086273,-0.052744053304195404,-0.00568041205406189,-0.24127241969108582,-0.04526646062731743,0.1540641188621521,0.014733582735061646,-0.15140774846076965,0.09862549602985382,0.008066089823842049,0.13855654001235962,-0.023829013109207153,-0.021444033831357956,-0.312037855386734,-0.4091561436653137,0.027451524510979652,-0.2516724467277527,-0.17452417314052582,0.13702979683876038,-0.022815179079771042,-0.09356339275836945,0.653805673122406,-0.1171388253569603,-0.06491313874721527,-0.10992634296417236,-0.06437850743532181,-0.13829085230827332,-0.5849272012710571,-0.06367024034261703,-0.11736790835857391,-0.3001050353050232,0.1652957648038864,-0.18278059363365173,0.7936205863952637,-0.10722462832927704,-0.12832434475421906,-0.056838225573301315,0.04524969309568405,0.0787789523601532,-0.5242754817008972,-0.11074111610651016,-0.306053102016449,0.17393997311592102,0.33054789900779724,-0.021460985764861107,-0.32595372200012207,-0.04986365884542465,-0.05134012550115585,-0.048264481127262115,0.017686396837234497,-0.15737628936767578,0.1802286058664322,-0.0769173875451088,0.07461197674274445,-0.705639123916626,-0.34660786390304565,0.5635985732078552,0.03932317718863487,-0.17738696932792664,-0.09637818485498428,-0.2139633446931839
CID000003780,179,0.023613348603248596,-0.1032300814986229,-0.025903891772031784,-0.029763519763946533,0.3819409906864166,0.3250676989555359,-0.08004134148359299,0.24324658513069153,-0.2037452757358551,-0.2034226357936859,0.17586137354373932,-0.2755018174648285,0.030643600970506668,-0.25264379382133484,0.15347954630851746,0.00918935239315033,-0.04783191531896591,0.1370338648557663,-0.17595219612121582,-0.22197489440441132,-0.1570756733417511,0.012563985772430897,0.04392154514789581,0.06494910269975662,0.316982626914978,-0.20290163159370422,-0.08002409338951111,0.0583137683570385,-0.06933151185512543,0.36013585329055786,0.11384159326553345,-0.4291483461856842,-0.14882659912109375,-0.02952594682574272,-0.4799779951572418,-0.12795107066631317,0.014807937666773796,-0.3301866948604584,-0.00844506360590458,-0.12460528314113617,0.06537989526987076,-0.009855004958808422,-0.2511543929576874,-0.18880419433116913,0.3635530471801758,0.13977280259132385,-0.05844924971461296,0.2804275453090668,0.061711132526397705,-0.11176983267068863,-0.12834331393241882,0.15216420590877533,-0.09027600288391113,0.012369522824883461,0.23117046058177948,-0.1571975201368332,0.0062501085922122,-0.0023733482230454683,0.17199288308620453,0.027167335152626038,-0.8924148678779602,0.021914267912507057,-0.2706965506076813,0.050674013793468475,0.24154751002788544,0.2366112917661667,-0.09781338274478912,-0.005828140769153833,0.0971807986497879,-0.012512323446571827,-0.2279188185930252,0.04089534282684326,0.08347804844379425,-0.2701151669025421,0.07186837494373322,-0.0011564798187464476,-0.06692050397396088,0.0867476686835289,0.1271030157804489,0.024607012048363686,-0.223396897315979,0.02650722861289978,-0.12794117629528046,-0.04896707087755203,-0.11369814723730087,-0.16538506746292114,-0.25758272409439087,-0.006804991513490677,0.29911503195762634,-0.2574843764305115,-0.20072528719902039,-0.104566790163517,0.08725576102733612,0.11260469257831573,-0.4317692816257477,-0.056587088853120804,-0.11841690540313721,0.13060958683490753,0.34664130210876465,-0.23071911931037903,0.26282185316085815,0.15838117897510529,-0.2396349459886551,-0.14966300129890442,-0.14400139451026917,0.02853456139564514,-0.5156533718109131,0.27191492915153503,0.3313073515892029,-0.0462883785367012,0.11508629471063614,0.12681089341640472,0.17443525791168213,0.08672964572906494,9.132325794780627e-05,0.11173824220895767,0.15315793454647064,-0.16201627254486084,0.27428093552589417,0.044966667890548706,-0.20155172049999237,-0.5518428683280945,0.2611358165740967,-0.24875330924987793,-0.4692853093147278,-0.006926888134330511,-0.05253271013498306,0.5280377268791199,0.06866295635700226,-0.08397763222455978,-0.1841515749692917,-0.020001446828246117,-0.383102685213089,-0.33925312757492065,-0.2752595543861389,-0.33211708068847656,0.1763446182012558,-0.21825039386749268,-0.008337569423019886,0.01657637394964695,0.008876239880919456,0.0506436713039875,-0.2667348384857178,0.10491319000720978,-0.07719993591308594,0.16447918117046356,0.15570105612277985,-0.07398764044046402,-0.04329952225089073,0.13798795640468597,-0.040515102446079254,-0.033074505627155304,-0.311188668012619,0.0031463862396776676,-0.24736270308494568,-0.17216351628303528,0.012136660516262054,-0.34262022376060486,0.2776281237602234,-0.24940931797027588,0.2011857032775879,0.01183988992124796,-0.8473333120346069,0.13969221711158752,0.42774519324302673,0.2929680049419403,-0.0376674085855484,0.011089352890849113,0.025513509288430214,0.027719765901565552,-0.1802026331424713,-0.2757199704647064,0.204570934176445,-0.16683103144168854,-0.08073849976062775,0.2476194202899933,0.11765766143798828,0.21568183600902557,-0.47855043411254883,-0.3441874086856842,0.2158559262752533,0.293849915266037,0.15251652896404266,-0.15459701418876648,-0.12028666585683823,0.05629139021039009,-0.23366813361644745,-0.008710133843123913,0.42306986451148987,-0.06273813545703888,0.3814699351787567,-0.33095210790634155,0.11926005035638809,-0.052868712693452835,-0.2805018424987793,0.4201752543449402,-0.009704673662781715,-0.1921030730009079,-0.2046533077955246,-0.1629808247089386,0.028819303959608078,0.13298574090003967,-0.12250007688999176,0.09136980772018433,-0.05488070100545883,0.19523246586322784,-0.05107389762997627,-0.0014400214422494173,-0.1653764843940735,0.0051544057205319405,0.06265642493963242,-0.02748139202594757,-0.056166522204875946,0.036434106528759,-0.05171196535229683,-0.0990685224533081,0.3587004244327545,-0.18880492448806763,-0.08033021539449692,-0.1621371954679489,0.020982986316084862,-0.09581820666790009,-0.4875757694244385,0.14362584054470062,0.15966035425662994,-0.10051687806844711,0.2637113630771637,-0.0772767886519432,0.5441907644271851,0.12919747829437256,-0.04102958366274834,-0.19953693449497223,-0.30067479610443115,0.024432266131043434,-0.6306231021881104,-0.22720830142498016,0.24662449955940247,0.25306838750839233,0.24705424904823303,-0.0071760802529752254,-0.2311074286699295,-0.00025184452533721924,0.16775012016296387,0.02935301698744297,-0.12195205688476562,-0.22083136439323425,0.15969139337539673,0.007573860697448254,0.07986291497945786,-0.5487455129623413,0.11973743140697479,0.11825861036777496,0.1253431737422943,0.1061663031578064,0.08736269176006317,-0.1911942958831787
CID000027661,184,0.05155888944864273,-0.09139434248209,-0.05857177823781967,0.001968285534530878,0.4093228280544281,0.33723923563957214,-0.09876580536365509,0.2103433907032013,-0.16704902052879333,-0.1437121331691742,0.16684040427207947,-0.2250220775604248,0.10107284784317017,-0.2709807753562927,0.14137928187847137,0.0789075642824173,-0.0361795537173748,0.15078313648700714,-0.16045498847961426,-0.22954487800598145,-0.17237965762615204,-0.04244227334856987,-0.012922425754368305,0.06326040625572205,0.33594658970832825,-0.22135987877845764,-0.06537248194217682,0.07352371513843536,-0.05032855272293091,0.35133007168769836,0.055490992963314056,-0.4020926058292389,-0.10475625842809677,0.0064896284602582455,-0.46733102202415466,-0.15933367609977722,0.010109405033290386,-0.3010016679763794,-0.03206795081496239,-0.1225857138633728,0.10852189362049103,-0.051163651049137115,-0.2959549129009247,-0.16304221749305725,0.19276879727840424,0.14571259915828705,-0.02636481449007988,0.310524046421051,0.07592204958200455,-0.06989423930644989,-0.07236544042825699,0.1581011712551117,-0.09898481518030167,0.009450194425880909,0.1715928018093109,-0.17060938477516174,-0.030386898666620255,-0.004548333585262299,0.17329218983650208,0.07474855333566666,-0.9647968411445618,0.0021985769271850586,-0.32246118783950806,0.10371917486190796,0.24227777123451233,0.14410728216171265,-0.1786346584558487,-0.05589254945516586,0.05303596705198288,-0.07705862820148468,-0.30542391538619995,0.046772778034210205,0.08775389194488525,-0.1940753012895584,0.09495872259140015,0.059580594301223755,-0.038149986416101456,-0.0009878516430035233,0.13779252767562866,-0.026741188019514084,-0.2928916811943054,0.047444187104701996,-0.07847460359334946,-0.039454758167266846,-0.09603796154260635,-0.1176212802529335,-0.25267910957336426,-0.06081338971853256,0.2898542284965515,-0.2948837876319885,-0.20785407721996307,-0.06759713590145111,0.1300378292798996,0.04604252055287361,-0.42316779494285583,0.03769015520811081,-0.14259815216064453,0.15988335013389587,0.3261381983757019,-0.31270742416381836,0.2535465955734253,0.1378815621137619,-0.24076929688453674,-0.17911286652088165,-0.10671468079090118,-0.0043919505551457405,-0.5707575082778931,0.27001506090164185,0.33373337984085083,0.10330010950565338,0.11200053989887238,0.05151801556348801,0.17330153286457062,0.11769551038742065,0.04975837096571922,0.15299974381923676,0.18025365471839905,-0.21271750330924988,0.19034233689308167,0.0393405482172966,-0.23470576107501984,-0.5621432662010193,0.29951921105384827,-0.26483139395713806,-0.5163720846176147,-0.03015386499464512,-0.03430650755763054,0.4887886941432953,0.024178311228752136,-0.05814535170793533,-0.19953182339668274,-0.045461155474185944,-0.3725670278072357,-0.33331650495529175,-0.28267279267311096,-0.27878880500793457,0.2877105474472046,-0.11340372264385223,-0.017727741971611977,0.07818999141454697,0.00010661482519935817,0.1320178508758545,-0.2719804346561432,0.10602004826068878,-0.08784069865942001,0.1845831423997879,0.13366693258285522,-0.08966229856014252,-0.0670270323753357,0.0679115429520607,-0.08892513811588287,-0.011698439717292786,-0.34943628311157227,0.014602270908653736,-0.20760226249694824,-0.16856198012828827,-0.038884274661540985,-0.2704677879810333,0.16405220329761505,-0.2017194926738739,0.10977965593338013,-0.008134806528687477,-0.8520558476448059,0.17697368562221527,0.45031243562698364,0.21608023345470428,-0.04925307258963585,0.010503343306481838,0.06711696088314056,0.02741268277168274,-0.22481770813465118,-0.29736751317977905,0.2783384621143341,-0.21129818260669708,-0.05575541406869888,0.2985377013683319,0.14379596710205078,0.19038891792297363,-0.4430287480354309,-0.3485582768917084,0.21198901534080505,0.33609238266944885,0.1121792197227478,-0.16959574818611145,-0.11388492584228516,0.14356300234794617,-0.2635687291622162,0.028813933953642845,0.4592351019382477,-0.10343901067972183,0.3999926447868347,-0.4324415326118469,0.13628046214580536,0.0024821250699460506,-0.1609211415052414,0.48207831382751465,0.0015275792684406042,-0.19534185528755188,-0.22253763675689697,-0.17089012265205383,0.025087933987379074,0.09549802541732788,-0.09494824707508087,0.11222273111343384,-0.09313265979290009,0.28479620814323425,-0.03253971040248871,0.03385660797357559,-0.043208759278059006,0.03184431418776512,0.06242246553301811,-0.008476948365569115,-0.03576330095529556,-0.015965338796377182,-0.07480760663747787,-0.07679225504398346,0.41064009070396423,-0.22957591712474823,-0.07141061872243881,-0.17907382547855377,-0.03376574441790581,-0.14790968596935272,-0.5301231145858765,0.1715569943189621,0.24006986618041992,-0.051780808717012405,0.29048752784729004,-0.09753002971410751,0.5308101177215576,0.1147121787071228,-0.1120123490691185,-0.20150251686573029,-0.2590877413749695,0.003204201813787222,-0.6672824621200562,-0.22093641757965088,0.24829022586345673,0.21523097157478333,0.24764303863048553,-0.004630151204764843,-0.22688111662864685,-0.028790155425667763,0.10474201291799545,0.10154261440038681,-0.11692021787166595,-0.2431967556476593,0.25946709513664246,0.006168454885482788,0.012698173522949219,-0.5769516229629517,0.17583122849464417,0.12190649658441544,0.14448297023773193,0.10528651624917984,0.06958389282226562,-0.1325092613697052
CID000003032,187,-0.14539961516857147,-0.19258959591388702,-0.015569274313747883,-0.26029667258262634,0.7135068774223328,0.3266354203224182,-0.16468186676502228,-0.0641886293888092,-0.16821494698524475,-0.17868365347385406,0.23652882874011993,-0.3517836332321167,-0.013044330291450024,-0.014534050598740578,0.17068731784820557,-0.030708741396665573,0.07069691270589828,0.018017496913671494,-0.21835358440876007,-0.03831123560667038,-0.10787854343652725,-0.06204353645443916,0.05760146304965019,-0.08167097717523575,0.14216408133506775,-0.1344776153564453,-0.07966506481170654,0.02026059664785862,-0.00636359304189682,0.3777061104774475,0.11295704543590546,-0.19673094153404236,-0.16190966963768005,0.043829724192619324,-0.3928707540035248,-0.021450258791446686,-0.165596142411232,-0.3097268044948578,0.04393799975514412,-0.1261787861585617,0.21816053986549377,-0.007002779748290777,-0.15018367767333984,-0.01381220668554306,0.03160136193037033,0.11461307853460312,-0.03158334642648697,0.11383374035358429,0.0649770051240921,-0.057342953979969025,-0.038873158395290375,0.20771722495555878,0.009745823219418526,-0.4172193109989166,0.1313624233007431,-0.022793475538492203,0.020264197140932083,-0.14812053740024567,0.14252881705760956,-0.033702265471220016,-0.8709519505500793,-0.0620611198246479,-0.17674890160560608,0.12206469476222992,0.12966236472129822,0.34569329023361206,-0.2974410951137543,-0.046698227524757385,0.013086086139082909,-0.05748014897108078,-0.08802035450935364,-0.016892235726118088,0.10476803779602051,-0.3392043709754944,-0.07751007378101349,-0.08187325298786163,-0.0037502869963645935,-0.13040457665920258,0.1559935212135315,-0.18198542296886444,-0.3709685802459717,-0.18489573895931244,-0.05871301889419556,-0.19081492722034454,-0.026632035151124,-0.2818046510219574,-0.11314143985509872,0.012111807242035866,0.3744342029094696,-0.20282885432243347,-0.029653558507561684,-0.06228957325220108,0.06484752893447876,-0.01958746649324894,-0.4609520435333252,0.007455197162926197,-0.22425580024719238,0.30842748284339905,0.2071264088153839,-0.05109906941652298,0.2309243232011795,-0.0003611356078181416,-0.2730674147605896,0.40764230489730835,-0.11092744022607803,-0.07054834812879562,-0.44358009099960327,0.37803417444229126,0.25148195028305054,0.3042587339878082,0.29263418912887573,0.14420731365680695,0.3590568006038666,0.0038771622348576784,-0.078458771109581,0.017742682248353958,0.09932209551334381,-0.08837004005908966,-0.009672465734183788,0.11484174430370331,-0.1780436635017395,-0.5610514879226685,0.2674294710159302,-0.16290639340877533,-0.4462115168571472,-0.06855762004852295,-0.12148382514715195,0.4130169451236725,0.10046124458312988,-0.11068576574325562,-0.2003817856311798,0.1536571979522705,-0.2703076899051666,-0.26424357295036316,-0.12840309739112854,0.03954251855611801,0.18571007251739502,0.07965052872896194,0.1024637371301651,-0.08410218358039856,-0.006886201910674572,0.2096697837114334,-0.2437334954738617,0.05298163741827011,0.0999477431178093,-0.06397426128387451,0.28502121567726135,0.003301403019577265,-0.08892872929573059,0.01128321886062622,-0.0926281064748764,0.015034946613013744,-0.24303412437438965,0.05075880140066147,-0.0175000187009573,0.032322175800800323,-0.020088713616132736,-0.3939276933670044,0.14808766543865204,-0.04758383333683014,0.20445208251476288,0.10284175723791122,-0.8582859039306641,0.09850221872329712,0.18492932617664337,0.2983299195766449,-0.09410490095615387,-0.03982480242848396,0.13546335697174072,0.10043881088495255,0.014885512180626392,0.055537860840559006,0.39619866013526917,-0.11993427574634552,-0.04102592170238495,0.15379507839679718,0.15439751744270325,0.12637338042259216,-0.3772486448287964,-0.1567358523607254,0.21057000756263733,0.14510922133922577,0.029678139835596085,-0.06804828345775604,-0.12805558741092682,0.004654574207961559,-0.22248001396656036,-0.020162802189588547,0.47656941413879395,-0.1627284586429596,0.20620055496692657,-0.2153385579586029,0.19916251301765442,-0.23432657122612,-0.018224451690912247,0.46003586053848267,-0.03474005311727524,-0.12458913028240204,-0.24647322297096252,-0.11032509803771973,0.030107278376817703,0.21664026379585266,-0.19302630424499512,0.2370413988828659,-0.12757526338100433,0.2646408677101135,0.0391131229698658,-0.19650676846504211,0.08960933983325958,-0.30594632029533386,0.00282275234349072,0.26371869444847107,-0.0031997165642678738,0.15380418300628662,0.5050002336502075,-0.013416233472526073,0.26555129885673523,-0.15321660041809082,0.02145705372095108,-0.20667199790477753,-0.04620201513171196,-0.03696627542376518,-0.4602997899055481,-0.06577353179454803,0.3678211569786072,0.05147457867860794,0.16710956394672394,-0.43160757422447205,0.5104685425758362,0.11124689877033234,-0.04257802665233612,-0.20515629649162292,-0.21441121399402618,0.018598536029458046,-0.4977019727230072,-0.22274470329284668,0.1722429394721985,0.011961767449975014,0.2738124132156372,0.12163625657558441,-0.045834869146347046,0.020236238837242126,0.06750182062387466,0.0216846764087677,-0.04964062198996544,-0.2883681356906891,0.30893880128860474,-0.03687470033764839,0.019946889951825142,-0.4685796797275543,0.19481250643730164,0.004357608966529369,0.1268240511417389,0.0915386825799942,-0.10559526830911636,-0.13802972435951233
CID000004943,188,0.07183616608381271,0.05408388376235962,-0.07950796186923981,-0.01005793921649456,0.6909527778625488,0.4375361502170563,0.06223449856042862,-0.12721440196037292,-0.2876243591308594,-0.003922471310943365,0.12826837599277496,-0.3498423099517822,0.10173573344945908,-0.17305956780910492,-0.05729065090417862,0.07778839766979218,-0.012101639062166214,0.07942770421504974,-0.12158761918544769,0.11758565902709961,0.058565329760313034,0.4114440083503723,0.029832283034920692,0.022347554564476013,-0.15774688124656677,-0.10279357433319092,-0.12832018733024597,0.09811478853225708,0.013141592964529991,0.25684985518455505,-0.014652246609330177,-0.18972156941890717,0.0883067399263382,0.08729271590709686,-0.6779584884643555,0.23100197315216064,-0.34248486161231995,-0.31291496753692627,0.14109954237937927,-0.26993808150291443,0.15014159679412842,-0.0682399719953537,-0.3693431317806244,-0.164324551820755,0.14056111872196198,0.1713469922542572,0.03602868318557739,-0.14386016130447388,0.3011353611946106,-0.03980057314038277,-0.17051982879638672,-0.026871979236602783,-0.1614384949207306,-0.37208956480026245,0.1356595754623413,0.06684323400259018,-0.08849146217107773,0.10152776539325714,0.21974654495716095,-0.12760767340660095,-0.9314815402030945,-0.10409314930438995,-0.1712966412305832,0.2703709900379181,-0.06324710696935654,0.13487449288368225,-0.16739590466022491,0.0548095777630806,0.11425747722387314,0.10820219665765762,-0.18102125823497772,0.11156924068927765,-0.05289216712117195,-0.33408403396606445,0.17637719213962555,-0.2434062659740448,-0.10152866691350937,-0.0649108737707138,0.05743107944726944,-0.279114693403244,-0.361160546541214,-0.049598634243011475,-0.0018953264225274324,-0.20558902621269226,-0.1140957847237587,-0.1460215002298355,-0.060859717428684235,-0.11868102848529816,0.6196043491363525,-0.06344947963953018,-0.06343887746334076,0.0022837563883513212,-0.07667173445224762,0.1117749959230423,-0.467388778924942,-0.007779856212437153,-0.1174970418214798,0.5148820877075195,0.04801688343286514,-0.09926286339759827,0.555905818939209,0.013506315648555756,-0.057085055857896805,0.10025360435247421,0.010673983953893185,-0.029739070683717728,-0.44981130957603455,0.332434743642807,0.19859036803245544,0.22183933854103088,-0.1862879991531372,0.03537043184041977,0.23006515204906464,-0.19138631224632263,0.25002849102020264,-0.01588289625942707,0.1645481437444687,-0.2463415414094925,0.1911654770374298,0.06376202404499054,0.023777371272444725,-0.7940167188644409,0.08161082863807678,-0.2991747260093689,-0.5831921696662903,-0.1870594173669815,-0.13603635132312775,0.3713220953941345,0.19979742169380188,-0.12048029899597168,-0.06402452290058136,-0.1560436189174652,-0.38436952233314514,-0.30676648020744324,-0.17292429506778717,0.053064484149217606,0.2349761724472046,-0.03988732770085335,0.06767784804105759,0.1009945422410965,0.05321686342358589,0.2123643159866333,-0.1805259734392166,0.2206909954547882,0.07900907844305038,0.10306207090616226,0.11609383672475815,0.13630850613117218,0.11781169474124908,0.3701469302177429,-0.12082724273204803,-0.016794973984360695,-0.04977557808160782,0.0394507460296154,-0.025628510862588882,-0.1641066074371338,0.12092167139053345,-0.19126297533512115,0.07619167864322662,0.04638999328017235,-0.0157817080616951,0.08384613692760468,-1.0087146759033203,-0.15847699344158173,0.25007179379463196,0.29385098814964294,-0.09936529397964478,0.06970016658306122,0.28970757126808167,0.2640194296836853,-0.05773773044347763,-0.09532274305820465,0.48949432373046875,-0.11084391921758652,-0.10381670296192169,-0.19368405640125275,0.4192308783531189,0.048015937209129333,-0.2856227159500122,0.09613828361034393,0.24848675727844238,0.1918344348669052,0.022876709699630737,0.030439328402280807,-0.0794277936220169,-0.17164377868175507,-0.2091895043849945,0.2351057529449463,0.7472009062767029,-0.02093658223748207,0.13371649384498596,-0.3868219256401062,0.14062216877937317,-0.010913589969277382,-0.13264921307563782,0.5165942907333374,0.0934901013970375,-0.12537184357643127,-0.23754975199699402,-0.21995754539966583,-0.10052844136953354,0.3605104386806488,-0.2769281566143036,-0.05634913593530655,-0.08440830558538437,0.3093391954898834,0.1076633557677269,0.047317951917648315,0.04374958947300911,-0.06930240243673325,0.3077538311481476,-0.010005233809351921,0.01809430494904518,-0.0022004886996001005,0.3318255841732025,0.017655696719884872,0.3853585124015808,-0.022313717752695084,0.05341275781393051,-0.1594315469264984,0.06910896301269531,0.03190869092941284,-0.7561703324317932,0.10335737466812134,0.361600399017334,0.025221992284059525,0.07942303270101547,-0.3024026155471802,0.6859880685806274,-0.037117116153240204,0.10755898803472519,0.01657150685787201,0.00919304322451353,-0.02399393357336521,-0.5663809776306152,-0.1410437524318695,0.07749927043914795,0.10576238483190536,-0.059409212321043015,-0.09164539724588394,-0.19239722192287445,0.0018270515138283372,-0.09328503161668777,-0.10434190928936005,-0.1175255998969078,-0.5972052216529846,0.3152009844779968,-0.093088299036026,-0.0199568010866642,-0.7382239103317261,-0.07688771188259125,0.20748087763786316,0.28297609090805054,0.2568487524986267,0.07662875950336456,0.040285103023052216
CID000163742,189,-0.09358640760183334,0.008899661712348461,0.006176626775413752,-0.0627063736319542,0.3738645017147064,0.2593638002872467,0.04860944300889969,0.02830209955573082,-0.16043949127197266,-0.16545189917087555,-0.05040710046887398,-0.5040169954299927,0.09874643385410309,-0.1671338826417923,-0.3645257353782654,-0.06460429728031158,0.2164442092180252,0.15107275545597076,0.20804660022258759,0.118711456656456,-0.10257961601018906,0.001596578978933394,0.1547412872314453,-0.16448579728603363,0.12489829212427139,0.04083715006709099,-0.1808464080095291,0.1588078886270523,-0.10923707485198975,0.3519173264503479,-0.16063520312309265,0.10929396003484726,0.09952756762504578,-0.06686018407344818,-0.6691682934761047,0.05510549619793892,-0.14257162809371948,-0.19550099968910217,-0.008062944747507572,-0.11396162211894989,0.04862068593502045,-0.012740110047161579,-0.16724936664104462,-0.045960891991853714,0.4140844941139221,0.10877412557601929,0.28974348306655884,-0.26523059606552124,0.1839449405670166,-0.0808727890253067,-0.7081463932991028,0.16011662781238556,-0.08120918273925781,-0.03070414997637272,0.33311909437179565,-0.14689484238624573,-0.014060946181416512,0.00978813786059618,0.36878761649131775,-0.05733531713485718,-0.877139687538147,0.2900554835796356,-0.47116026282310486,-0.0702756866812706,0.05516012758016586,-0.008259493857622147,0.032212257385253906,0.13775555789470673,0.006958043668419123,-0.21824875473976135,-0.06669606268405914,-0.24977152049541473,0.1369698941707611,-0.051083482801914215,0.20235438644886017,0.11753101646900177,-0.09923844039440155,0.3477226197719574,0.07590501010417938,-0.38329941034317017,-0.11123146861791611,-0.15365497767925262,-0.03669951111078262,-0.1778242290019989,-0.1400114744901657,0.19072552025318146,-0.1124454140663147,-0.19944116473197937,0.2680857181549072,-0.013444679789245129,-0.02484525367617607,-0.17790353298187256,0.1900532841682434,0.03630220144987106,-0.4164685606956482,0.02240995690226555,-0.1787056028842926,0.1465645581483841,0.2795730531215668,-0.08433938026428223,0.2288465052843094,0.13245783746242523,-0.320215106010437,0.07071463763713837,-0.021965669468045235,0.05122188851237297,-0.6107628345489502,0.3135852515697479,-0.04205867275595665,-0.16415934264659882,0.012831258587539196,0.07722069323062897,-0.03885311633348465,0.042022455483675,0.08259005099534988,0.1488761007785797,0.0861469954252243,-0.3166786730289459,0.22230906784534454,-0.10239992290735245,0.10488194227218628,-0.7501462697982788,0.029808050021529198,-0.147365003824234,-0.13729757070541382,0.06322542577981949,0.15240108966827393,0.2404506653547287,0.2621205449104309,0.12681153416633606,-0.20847609639167786,-0.01001009065657854,-0.3401959538459778,-0.4097103178501129,-0.11830753087997437,-0.08339868485927582,0.13763375580310822,-0.27744752168655396,-0.28740158677101135,-0.07279100269079208,0.08176422864198685,-0.23471274971961975,0.3422887623310089,-0.02805180475115776,0.14422304928302765,0.11087224632501602,0.044657088816165924,0.11009278148412704,-0.07155059278011322,-0.07146699726581573,-0.033580511808395386,0.24567151069641113,-0.023637089878320694,-0.19168469309806824,-0.15197545289993286,-0.11469970643520355,0.22976899147033691,-0.3429051339626312,0.12657490372657776,-0.2532249987125397,0.01773916557431221,0.03983456641435623,-0.8247426748275757,-0.13867919147014618,0.35066965222358704,0.12547162175178528,0.05846310779452324,-0.01143911574035883,-0.07318802177906036,0.008748112246394157,-0.028560876846313477,-0.04559187963604927,0.2741425931453705,0.006541264243423939,0.14602482318878174,-0.2572595477104187,0.28048017621040344,-0.053115177899599075,-0.2628234028816223,-0.14549294114112854,0.2598544657230377,0.013587519526481628,0.35850197076797485,-0.1944437474012375,-0.10172130912542343,-0.27396970987319946,-0.06350623071193695,-0.011197447776794434,0.7309074997901917,0.16986513137817383,0.21301189064979553,-0.300102174282074,0.10127884149551392,-0.13501563668251038,-0.0424807071685791,0.46860185265541077,-0.15724393725395203,-0.17641764879226685,-0.21584412455558777,0.1161060556769371,0.15476182103157043,-0.039849430322647095,-0.1044863611459732,0.11961700767278671,0.1045723706483841,0.09106801450252533,-0.02441430650651455,0.18212632834911346,-0.3213026523590088,-0.2041052132844925,0.24037902057170868,0.009775828570127487,-0.04113274812698364,-0.05963077396154404,0.03762500360608101,0.050069112330675125,0.631940484046936,0.12977060675621033,0.13676537573337555,-0.08000200986862183,-0.2104734629392624,-0.15967419743537903,-0.5634477138519287,-0.04587312042713165,0.24823717772960663,-0.10069446265697479,0.3040735125541687,-0.09671568870544434,0.8377569913864136,-0.02521897479891777,-0.2421184480190277,0.014444967731833458,-0.012819935567677021,0.018759852275252342,-0.5860338807106018,-0.2453155219554901,-0.06155586242675781,0.13516028225421906,0.14879150688648224,0.14844052493572235,-0.30797094106674194,-0.09918835014104843,0.08967579901218414,0.22475683689117432,-0.1011132001876831,-0.1603754758834839,-0.025696033611893654,0.2823668122291565,0.428537517786026,-0.763064980506897,0.07994543015956879,0.3988286554813385,0.283123642206192,0.08665142953395844,-0.12268628925085068,0.0028259039390832186
CID000123620,190,-0.2979126572608948,-0.05955342575907707,-0.17746798694133759,-0.12086562067270279,0.14485661685466766,0.4557083249092102,0.11037435382604599,0.1403389871120453,-0.49291378259658813,-0.31955891847610474,0.10045939683914185,-0.5317326784133911,0.1909005343914032,-0.38516420125961304,0.09112714976072311,0.09298710525035858,-0.004876359365880489,0.33497387170791626,-0.38754740357398987,-0.27451029419898987,-0.18016406893730164,-0.28394362330436707,0.11010930687189102,0.11633231490850449,0.10242225974798203,-0.13742172718048096,0.049212146550416946,-0.02265394665300846,-0.05393395572900772,0.40193113684654236,0.1814139187335968,-0.008933812379837036,-0.33714669942855835,0.12417463958263397,-0.14993909001350403,0.17485257983207703,-0.21199312806129456,-0.26568910479545593,-0.13300496339797974,0.06931421905755997,0.19075584411621094,0.26095050573349,-0.16952523589134216,0.13242679834365845,0.3699128329753876,-0.037395231425762177,-0.07697077840566635,-0.041105397045612335,-0.1439514309167862,-0.0808812603354454,-0.07171815633773804,0.15111227333545685,-0.25289803743362427,-0.3086720108985901,-0.04867138713598251,-0.0828842744231224,-0.0546402633190155,0.048802439123392105,0.4320191442966461,0.2456434965133667,-0.7591519355773926,0.02231312170624733,-0.19099709391593933,0.3412935137748718,0.09298588335514069,-0.02160954847931862,-0.17144499719142914,-0.0927836149930954,0.14540068805217743,-0.003500306513160467,-0.3803768754005432,0.23403790593147278,-0.07854442298412323,-0.10395701229572296,0.27641770243644714,0.17101159691810608,-0.03972598910331726,0.3301106095314026,0.16513893008232117,0.14414773881435394,-0.23501646518707275,-0.14420536160469055,-0.2659637928009033,-0.031045204028487206,-0.1279183328151703,-0.19116804003715515,-0.5223187208175659,0.06045674532651901,0.27922505140304565,0.09773603081703186,-0.10927484929561615,-0.26407188177108765,0.05015283077955246,-0.1211661547422409,-0.3219095766544342,-0.08187167346477509,-0.14333412051200867,0.36007827520370483,0.15000903606414795,-0.272748738527298,0.040562309324741364,0.11005145311355591,-0.06840741634368896,0.1384679675102234,-0.392840713262558,0.13019786775112152,-0.2587644159793854,0.24583156406879425,-0.21211199462413788,0.16166576743125916,0.4897305369377136,0.042511582374572754,0.16946718096733093,-0.1033429354429245,-0.07456930726766586,0.00391800981014967,-0.3320322632789612,-0.18174374103546143,0.41129904985427856,-0.4726652503013611,-0.4168803095817566,-0.45957261323928833,-0.1665794402360916,-0.011070328764617443,-0.2873530685901642,0.28191742300987244,-0.03400690108537674,0.4710567891597748,0.4215507507324219,-0.02300182729959488,-0.14779570698738098,0.08888199925422668,-0.6207922101020813,-0.39185434579849243,0.16047902405261993,-0.21313607692718506,0.06380146741867065,-0.1941135823726654,0.15805678069591522,-0.4030016362667084,0.002477386500686407,0.1798919141292572,0.003925624303519726,-0.025407206267118454,-0.09583751857280731,0.17422069609165192,0.3469739556312561,-0.14693060517311096,-0.18322359025478363,-0.20180733501911163,-0.014345301315188408,-0.10269427299499512,-0.1975536346435547,0.10687299072742462,0.05261022970080376,0.08019512891769409,-0.003255008952692151,-0.36973780393600464,0.31230491399765015,-0.010380147024989128,0.407031774520874,-0.0810052827000618,-0.6814062595367432,-0.2355394810438156,0.32865071296691895,0.2900310158729553,-0.09778352826833725,0.1268685758113861,0.2653859555721283,-0.19996152818202972,-0.1751537024974823,0.07000237703323364,0.4171314239501953,0.05607777088880539,0.0383896604180336,-0.17082571983337402,0.020611384883522987,0.182049959897995,-0.5007559657096863,-0.05940612033009529,0.19035604596138,0.42865410447120667,-0.11341266334056854,-0.15368181467056274,0.1730898916721344,0.11457483470439911,-0.030260035768151283,-0.21855953335762024,0.271079957485199,-0.03783264383673668,0.17522139847278595,-0.050827182829380035,-0.031658560037612915,0.07085833698511124,-0.30246272683143616,0.5388151407241821,-0.001833775662817061,0.049494750797748566,-0.11316721141338348,-0.1956474483013153,-0.1391928493976593,0.1526746302843094,-0.21673695743083954,0.13608525693416595,0.08424711972475052,0.44673728942871094,0.05487895756959915,-0.15715327858924866,-0.26613351702690125,0.02496614120900631,-0.23010662198066711,-0.004459662828594446,0.10211251676082611,0.11319366842508316,0.011926421895623207,-0.05277923867106438,0.4479927122592926,0.24913278222084045,-0.07428611069917679,-0.2596168518066406,0.10796009004116058,-0.10538486391305923,-0.4404382109642029,0.16090962290763855,0.21338680386543274,-0.12584741413593292,0.2539060413837433,-0.20253682136535645,0.5000520944595337,0.10856273025274277,-0.2820517420768738,-0.1739334762096405,-0.18336929380893707,0.11917664855718613,-0.32846081256866455,-0.30223798751831055,-0.19828544557094574,0.5298616290092468,0.6616610288619995,-0.08259400725364685,-0.1054023951292038,0.19281235337257385,0.12461559474468231,0.08151295781135559,0.3100718855857849,-0.19223010540008545,0.14281150698661804,0.3601927161216736,0.19839373230934143,-0.44307366013526917,-0.03303713724017143,0.2967018485069275,0.028056805953383446,-0.1869693547487259,0.04490021616220474,-0.162894606590271
CID000005002,191,-0.08845727145671844,-0.017882782965898514,-0.013074139133095741,-0.14424721896648407,0.4313066005706787,0.2858385443687439,0.10497049987316132,0.019838768988847733,-0.2401340901851654,-0.20687322318553925,-0.11693672835826874,-0.3818403482437134,0.09071896970272064,-0.1082647442817688,0.208790585398674,0.09005431085824966,-0.0631975457072258,0.23102036118507385,0.059403978288173676,0.04056776687502861,-0.05331256985664368,0.03894265741109848,0.10266222804784775,-0.027103811502456665,0.11174969375133514,-0.09478781372308731,-0.050795137882232666,0.022031815722584724,-0.11660023778676987,0.2595593333244324,-0.01063876785337925,-0.11707784235477448,-0.14731185138225555,0.0008892275509424508,-0.374633252620697,-0.05265660211443901,-0.21483179926872253,-0.28540682792663574,-0.1523999273777008,-0.07212704420089722,0.07280126959085464,0.1276036500930786,-0.2140032798051834,-0.22694912552833557,0.042847394943237305,-0.05266817286610603,0.006890097167342901,0.06238403171300888,-0.21840031445026398,-0.13216553628444672,-0.13473372161388397,0.11502538621425629,-0.057488273829221725,-0.19013667106628418,0.038030803203582764,-0.0435398705303669,-0.10739395767450333,-0.052579689770936966,-0.017223315313458443,0.022830482572317123,-0.9795563817024231,0.036843616515398026,-0.38742953538894653,0.21294741332530975,0.04472978040575981,0.08969138562679291,-0.08360942453145981,0.18097487092018127,-0.0013746663462370634,0.06879738718271255,-0.05785713344812393,0.0015684806276112795,0.04529197886586189,-0.07899904251098633,0.09176139533519745,-0.07998887449502945,-0.05532419681549072,0.004000081680715084,0.15722569823265076,-0.07414902746677399,-0.18854354321956635,0.1426815390586853,-0.3610139489173889,-0.16133837401866913,-0.12726463377475739,-0.1009727269411087,-0.16721513867378235,-0.1798846274614334,0.2111026495695114,0.08359553664922714,0.042101744562387466,-0.10828946530818939,-0.22514446079730988,0.011538626626133919,-0.43119749426841736,0.019933568313717842,-0.20106346905231476,0.3146936297416687,0.056710727512836456,-0.2512509226799011,0.15195441246032715,0.12474260479211807,-0.17713519930839539,0.17742648720741272,-0.15915612876415253,0.10432090610265732,-0.3658277094364166,0.26405563950538635,-0.11468831449747086,0.17454580962657928,0.052171338349580765,-0.04077528044581413,0.34359848499298096,-0.010503401979804039,0.020498549565672874,0.19953879714012146,-0.10273812711238861,-0.1323045790195465,0.017905421555042267,0.000837045896332711,-0.21548855304718018,-0.5899863243103027,-0.038413163274526596,-0.32290253043174744,-0.3985983729362488,0.14500436186790466,-9.215473983203992e-05,0.27442970871925354,0.07966344058513641,0.019251007586717606,-0.019492750987410545,0.1279783397912979,-0.5240110158920288,-0.29296523332595825,0.15798793733119965,-0.11309187114238739,0.18387922644615173,-0.0018877029651775956,-0.15094967186450958,0.07246123254299164,-0.12245050817728043,0.2282496988773346,-0.2554708421230316,-0.07069675624370575,0.017051951959729195,-0.05211026594042778,0.008789625950157642,-0.06207643076777458,-0.12455596029758453,0.005549062974750996,-0.08179765194654465,0.06457260996103287,-0.06910957396030426,0.041581276804208755,-0.04741988331079483,0.02619207464158535,-0.12717857956886292,-0.3609779477119446,0.04570706561207771,0.07823840528726578,0.18716594576835632,-0.05596580356359482,-0.9081880450248718,-0.023745238780975342,0.09463334083557129,0.33651822805404663,-0.16111978888511658,-0.1904977560043335,0.12979981303215027,-0.11690068244934082,-0.14700305461883545,-0.06940468400716782,0.3115691840648651,-0.05472048372030258,-0.09280617535114288,0.0015602571656927466,-0.02873532846570015,0.10540090501308441,-0.48699623346328735,-0.09219790995121002,0.19451133906841278,0.24616846442222595,0.031838033348321915,-0.05248864367604256,0.11304561048746109,-0.010384752415120602,-0.3008429706096649,0.03301553055644035,0.30733001232147217,-0.05095626786351204,0.134959414601326,0.015176249668002129,-0.2092345952987671,-0.1126825362443924,-0.09323175251483917,0.322756826877594,0.03625916689634323,-0.03464184328913689,-0.03541848808526993,0.132840096950531,0.021779553964734077,-0.14942030608654022,-0.11126130819320679,0.24239225685596466,-0.09744632244110107,0.2276858389377594,0.018763180822134018,-0.2992464005947113,0.10851092636585236,0.12144388258457184,-0.08006975054740906,0.15743382275104523,-0.021675970405340195,0.020291658118367195,0.361854612827301,0.1006280928850174,0.273811012506485,0.26334482431411743,-0.047076232731342316,-0.37825456261634827,-0.004991070833057165,-0.052015192806720734,-0.3544690012931824,0.05438702180981636,0.25882476568222046,-0.08870367705821991,0.10469651222229004,-0.39545077085494995,0.6089165806770325,-0.03771947696805,-0.24478371441364288,-0.1777595579624176,-0.07739521563053131,-0.0815538540482521,-0.5053293704986572,-0.1931208372116089,-0.2534577548503876,0.061581261456012726,0.19252534210681915,-0.215023010969162,-0.011140638962388039,-0.0038239620625972748,0.08061698824167252,0.1618298590183258,-0.025335174053907394,-0.06249755620956421,0.16165828704833984,-0.06044778972864151,0.021538322791457176,-0.6107059717178345,0.01225549541413784,-0.04141375422477722,0.11603597551584244,-0.18921102583408356,0.06474711000919342,-0.013367250561714172
CID000004856,192,-0.047129951417446136,-0.03128468245267868,-0.05427266284823418,-0.11129128932952881,0.213141530752182,0.22102859616279602,-0.061442337930202484,0.127216637134552,-0.2165556252002716,-0.2771866023540497,0.22542206943035126,-0.5539800524711609,0.2417829930782318,-0.3419833481311798,-0.25974830985069275,-0.11109092086553574,-0.06063123792409897,0.08582140505313873,-0.0007208511233329773,0.04379136487841606,0.21211698651313782,0.11894509941339493,-0.07510480284690857,0.08658933639526367,0.13087663054466248,-0.22078880667686462,0.29644691944122314,-0.14164257049560547,-0.012965130619704723,0.31233876943588257,-0.15785658359527588,0.18462105095386505,0.06220380216836929,0.11336611211299896,-0.6460617780685425,0.10504605621099472,-0.20500870048999786,-0.29937759041786194,-0.25299006700515747,-0.04004741832613945,0.044443484395742416,0.20497755706310272,-0.34454646706581116,0.2738257050514221,0.4357181489467621,0.08843196928501129,0.05905798077583313,0.04529879614710808,0.07635173946619034,-0.05039326101541519,-0.3503638803958893,0.15523943305015564,-0.3201032876968384,-0.036521755158901215,0.25771141052246094,-0.140362948179245,0.06730373203754425,-0.009522753767669201,0.4235677123069763,0.23534473776817322,-0.8524007797241211,0.008257890120148659,-0.5161615610122681,0.09355324506759644,0.05011339113116264,0.28846198320388794,-0.21264001727104187,0.41076430678367615,0.08064436912536621,0.06120748445391655,0.09139791876077652,-0.12213542312383652,0.0720646008849144,0.19689473509788513,0.30390676856040955,0.007860535755753517,0.10121901333332062,0.3979034721851349,0.02281295694410801,-0.24541711807250977,-0.15900936722755432,0.08757180720567703,0.017444264143705368,-0.13596633076667786,-0.09685403108596802,-0.02055957168340683,-0.3871104419231415,0.20600560307502747,0.3064187169075012,-0.1633693426847458,-0.02863994799554348,-0.10014641284942627,-0.04915740713477135,-0.12129335105419159,-0.4795148968696594,-0.17827007174491882,-0.1200181245803833,0.21234674751758575,0.011560427956283092,-0.35807761549949646,0.20861347019672394,0.07213316112756729,-0.3084685802459717,0.176176056265831,-0.16430968046188354,0.12947075068950653,-0.507494330406189,0.24736341834068298,-0.11926140636205673,0.20947197079658508,0.200580433011055,0.32253462076187134,0.061604179441928864,0.10867490619421005,0.20737794041633606,0.15162448585033417,0.006930500268936157,-0.527576208114624,0.3674817681312561,0.11961343139410019,-0.0688178688287735,-0.6843713521957397,-0.25720980763435364,-0.2226729840040207,-0.29177623987197876,0.2560357451438904,0.019591933116316795,0.13986602425575256,0.20261554419994354,0.050188351422548294,0.045116446912288666,0.014719736762344837,-0.48569971323013306,-0.2829735279083252,-0.14047928154468536,-0.09712783992290497,0.0480232909321785,-0.19005616009235382,0.14656372368335724,-0.35831430554389954,-0.05823351815342903,-0.022193405777215958,0.05583908036351204,-0.13503403961658478,-0.2519610822200775,0.09491638839244843,-0.037756744772195816,-0.015036148019134998,0.2658149003982544,0.156624436378479,-0.06315167248249054,0.09812251478433609,-0.00511201610788703,0.28759559988975525,0.18663975596427917,0.11951833963394165,-0.05910766124725342,-0.34253033995628357,-0.027643542736768723,0.06456400454044342,-0.17473554611206055,-0.030827533453702927,-0.8294600248336792,-0.08891217410564423,0.48612040281295776,0.14816221594810486,-0.14721235632896423,0.09399960935115814,-0.18325841426849365,-0.10748889297246933,-0.2005334198474884,-0.2801436185836792,0.35074135661125183,0.007663631346076727,-0.02945266291499138,0.024608701467514038,0.054221879690885544,-0.11263911426067352,-0.42516452074050903,-0.06349118053913116,0.20368444919586182,0.24015231430530548,0.036817289888858795,-0.035516105592250824,-0.0004321575106587261,-0.0007768303039483726,-0.10387293249368668,-0.2535962760448456,0.5383304357528687,-0.10179825872182846,0.128874734044075,-0.1885889172554016,0.00890076719224453,-0.14840486645698547,-0.15379799902439117,0.3368414640426636,-0.07399281859397888,-0.0683605819940567,-0.39795970916748047,0.16307052969932556,0.03469737619161606,-0.17879875004291534,-0.2162041962146759,-0.049761734902858734,0.0465017668902874,0.11853712797164917,-0.14226824045181274,-0.012925130315124989,-0.3646787703037262,0.031910836696624756,0.11669685691595078,0.09822896122932434,0.01407930813729763,0.02407478168606758,0.02447512559592724,-0.27007612586021423,0.5879594087600708,-0.1753893941640854,-0.017022520303726196,-0.15358971059322357,-0.006210350897163153,-0.046772703528404236,-0.4897046685218811,-0.06713701784610748,0.21498942375183105,-0.0093010189011693,0.2318677008152008,0.007253104355186224,0.9020415544509888,0.15867768228054047,-0.20762386918067932,-0.08389351516962051,-0.03273798152804375,0.09089760482311249,-0.5234452486038208,-0.2183568924665451,-0.05675649642944336,0.3198280930519104,0.3130626082420349,0.17319539189338684,-0.3898051977157593,-0.07988200336694717,0.03261721134185791,0.20946809649467468,0.05091856047511101,-0.014390666969120502,0.18778906762599945,0.14410054683685303,0.15741026401519775,-0.8584314584732056,-0.1550789177417755,0.4135825037956238,0.17572328448295593,-0.025022268295288086,-0.07689123600721359,-0.11615657806396484
CID000002249,193,-0.1472046673297882,0.1375298947095871,0.5252588987350464,0.14621898531913757,0.47891178727149963,0.3075217008590698,0.1422983556985855,-0.26323622465133667,-0.12442076206207275,-0.3513709008693695,-0.10852587223052979,-0.4019726812839508,0.18505612015724182,-0.3239384889602661,0.3282558023929596,0.07995784282684326,0.03819124773144722,0.14597022533416748,0.189146488904953,-0.09113612771034241,-0.34693437814712524,-0.1860603243112564,0.024515144526958466,-0.07334397733211517,0.14932242035865784,0.07963009178638458,-0.19496190547943115,0.021823879331350327,0.16168329119682312,0.441814661026001,-0.17433753609657288,-0.06581626087427139,-0.2521681487560272,-0.02749769017100334,-0.2969968318939209,0.021889466792345047,-0.3621448874473572,-0.5071278214454651,0.11540436744689941,-0.18346543610095978,0.19018802046775818,0.08670486509799957,-0.15947985649108887,-0.15590742230415344,0.10003562271595001,0.18623872101306915,-0.0051995692774653435,-0.14695148169994354,0.28858861327171326,-0.13847997784614563,-0.3025994896888733,-0.2579666078090668,-0.16355927288532257,-0.1687697172164917,0.03476325795054436,-0.20365869998931885,-0.0597476065158844,0.026747465133666992,0.11412663757801056,-0.12526719272136688,-0.8205820918083191,0.13803458213806152,-0.030200505629181862,0.2724410891532898,-0.003782121930271387,0.15395422279834747,-0.6209948658943176,0.3285752534866333,-0.005746313836425543,0.2424078732728958,-0.4420711100101471,-0.24187958240509033,0.0898888036608696,-0.1343155801296234,0.1893554925918579,0.07929088175296783,0.29709392786026,0.27930909395217896,0.35113614797592163,0.04083523899316788,-0.49775800108909607,-0.014785019680857658,-0.3495577275753021,-0.2098962366580963,-0.10541174560785294,-0.06162227317690849,-0.07536178827285767,0.19195570051670074,0.5411827564239502,0.21704331040382385,0.013083741068840027,0.08058363199234009,-0.3236674666404724,0.11054114997386932,-0.6650418043136597,0.08336374163627625,-0.44719186425209045,0.5798487067222595,-0.10319586843252182,-0.31646817922592163,0.43748536705970764,0.03592837601900101,0.05491953343153,0.25655779242515564,-0.0013163865078240633,0.050380807369947433,-0.27585116028785706,0.17480356991291046,-0.1543516218662262,0.18103671073913574,-0.13287138938903809,0.020306969061493874,0.44221192598342896,0.02464485727250576,0.009243478998541832,0.2402821034193039,0.1280578374862671,-0.48360633850097656,0.28212693333625793,-0.0589764341711998,-0.10271767526865005,-0.6282829642295837,-0.10079225152730942,-0.44114285707473755,-0.3898407816886902,0.20221462845802307,0.13491010665893555,0.4660847783088684,0.15004083514213562,0.18738465011119843,0.3524197041988373,0.015779122710227966,-0.5816303491592407,-0.4366276264190674,0.11952563375234604,0.08846921473741531,0.8324489593505859,-0.053990285843610764,-0.11242123693227768,-0.013218027539551258,-0.2430885136127472,0.23949198424816132,-0.24038605391979218,-0.028093215078115463,-0.01202161144465208,0.13559028506278992,-0.16684940457344055,0.1311408430337906,-0.19461555778980255,-0.07408677041530609,-0.01796749234199524,0.0037376254331320524,-0.1602383553981781,0.08291906863451004,-0.5019553899765015,-0.010289952158927917,-0.20376995205879211,-0.6100713014602661,-0.03383154794573784,0.24040159583091736,0.25262564420700073,-0.10846392810344696,-0.9583600759506226,0.024711132049560547,0.4162057042121887,0.4179941713809967,0.04493514820933342,0.35171839594841003,0.19445635378360748,-0.1423467993736267,-0.1003216877579689,-0.21532049775123596,0.6982431411743164,-0.038070715963840485,-0.002150720451027155,-0.20227384567260742,0.3179998993873596,0.06449735909700394,-0.38324934244155884,0.37319326400756836,0.14167645573616028,0.2982572913169861,0.026694441214203835,-0.2095002681016922,0.0310545414686203,-0.06787844747304916,-0.6634427309036255,-0.00282953679561615,0.3146514892578125,-0.22647690773010254,0.06123746186494827,-0.12389209121465683,-0.012052560225129128,-0.37333112955093384,-0.25904494524002075,0.3763274550437927,0.15403416752815247,0.08770651370286942,-0.32198506593704224,0.31733283400535583,-0.0456571988761425,-0.07056039571762085,-0.7062557339668274,0.12498338520526886,-0.1626780778169632,0.6611732244491577,-0.28216105699539185,-0.2963564991950989,-0.028897058218717575,-0.07967355102300644,-0.12820759415626526,0.23333242535591125,-0.07045452296733856,0.15286485850811005,0.24789313971996307,-0.02521953545510769,0.453032910823822,0.21490409970283508,-0.054531119763851166,-0.2963283658027649,0.2058066427707672,-0.05086103826761246,-0.6364511251449585,-0.06965887546539307,0.6800063252449036,0.09153331816196442,-0.08670613914728165,-0.30259135365486145,0.7460593581199646,0.0008688032394275069,0.055222488939762115,-0.19580185413360596,-0.12492071092128754,0.015770012512803078,-0.24213090538978577,-0.2470209151506424,-0.17720156908035278,0.3404048979282379,0.01617673598229885,-0.017340997233986855,-0.12279267609119415,-0.055763889104127884,0.07679544389247894,0.1575223207473755,-0.12805140018463135,-0.42727333307266235,0.3925537168979645,0.18301154673099518,-0.11702276766300201,-0.7141169309616089,-0.007434630300849676,0.05478504300117493,0.2960892617702484,-0.03379097208380699,-0.1057976484298706,-0.20568974316120148
CID000003419,194,-0.16631677746772766,0.013515557162463665,0.09653006494045258,-0.002917218953371048,0.2285260260105133,0.3026731014251709,0.12394118309020996,0.03555982559919357,-0.13343656063079834,-0.26959919929504395,-0.0674959272146225,-0.22683227062225342,0.28928089141845703,-0.25507718324661255,0.11615093052387238,0.11412064731121063,-0.020271029323339462,0.28139299154281616,-0.034142814576625824,0.09249655157327652,-0.1035727858543396,-0.08093413710594177,0.09840252250432968,-0.08711998909711838,0.22690299153327942,0.011448582634329796,-0.05460566282272339,-0.08723440766334534,-0.013237143866717815,0.3264210820198059,-0.1013648509979248,0.12305022776126862,-0.1698172688484192,-0.01767103374004364,-0.34908950328826904,-0.07143227010965347,-0.18497726321220398,-0.3459227681159973,-0.14841589331626892,0.0041726501658558846,0.12112672626972198,0.05707142502069473,-0.3079710304737091,-0.3844643235206604,0.04194111377000809,0.05704674869775772,0.12410769611597061,-0.13805484771728516,-0.26113665103912354,-0.10718350112438202,-0.24879392981529236,0.15918095409870148,-0.0652562826871872,-0.014597485773265362,0.014461144804954529,-0.05908437818288803,0.030361611396074295,0.11356737464666367,0.0058278171345591545,0.0955996960401535,-0.9024187922477722,-0.0027350604068487883,-0.2479921132326126,0.1440424770116806,0.16791196167469025,0.09567538648843765,-0.16753092408180237,0.054207734763622284,-0.07060457766056061,0.09093793481588364,-0.2090381383895874,-0.052424490451812744,-0.01996660605072975,-0.031073257327079773,0.042856089770793915,-0.08752866834402084,-0.04123454540967941,0.19627852737903595,-0.053342223167419434,0.1538633406162262,-0.33339357376098633,-0.10319297015666962,-0.4000857472419739,-0.1309785395860672,-0.08105268329381943,0.08791415393352509,-0.22467383742332458,-0.015532201156020164,0.34238797426223755,0.17705897986888885,0.02679520472884178,-0.11159690469503403,-0.11592109501361847,0.0013531834119930863,-0.5313845872879028,0.02525322511792183,-0.2676330804824829,0.33278703689575195,0.05732259899377823,-0.40626201033592224,0.24615684151649475,0.1078215017914772,-0.13141672313213348,0.06387899816036224,-0.14559030532836914,-0.005234298296272755,-0.30077511072158813,0.21763034164905548,-0.14060750603675842,0.23675648868083954,-0.06341943144798279,-0.014578086324036121,0.3998320996761322,-0.02846374735236168,0.04869866743683815,0.10555994510650635,0.018737483769655228,-0.24657993018627167,0.08894975483417511,-0.05052900314331055,-0.17108909785747528,-0.5768955945968628,-0.2129330188035965,-0.4706704616546631,-0.4016049802303314,0.17444683611392975,0.09515110403299332,0.3161959648132324,0.21513132750988007,0.09411660581827164,0.04226846247911453,0.003341053379699588,-0.5461010932922363,-0.3237867057323456,0.16897141933441162,-0.09603112936019897,0.4123040735721588,-0.030938103795051575,-0.06713511049747467,0.05957486480474472,-0.1857225000858307,0.3149247169494629,-0.17388179898262024,0.03270332142710686,0.06365537643432617,0.03604932501912117,0.049496475607156754,0.023526299744844437,-0.1147911548614502,-0.157211571931839,0.0791436955332756,0.014791044406592846,-0.1803082525730133,-0.0008858963847160339,0.012664491310715675,0.11232230812311172,-0.13698779046535492,-0.44071799516677856,0.039248157292604446,0.09154041856527328,0.22136244177818298,0.023058703169226646,-0.8762251734733582,-0.020870929583907127,0.19807597994804382,0.3363068103790283,-0.1080295592546463,-0.16011998057365417,0.28035658597946167,-0.005815170705318451,-0.07857182621955872,0.004383303225040436,0.42152896523475647,-0.1074874997138977,0.025511931627988815,-0.07153823971748352,0.09110152721405029,0.19422757625579834,-0.3937302529811859,-0.0595073476433754,0.19200734794139862,0.4017704129219055,-0.007270596921443939,-0.1502111703157425,0.09156031161546707,0.07120929658412933,-0.5025038123130798,0.0014822796219959855,0.3236583173274994,-0.04796620458364487,0.024501826614141464,-0.13831765949726105,0.005037256982177496,-0.05430849269032478,-0.07776729017496109,0.5151465535163879,-0.01371476985514164,0.06532066315412521,0.018471356481313705,0.19768878817558289,0.03597741201519966,-0.04015461727976799,-0.2985197901725769,0.09328962862491608,-0.03978561609983444,0.27758198976516724,0.1579936444759369,-0.2394619882106781,0.01879948377609253,-0.1465550810098648,-0.09773030132055283,0.2174689769744873,0.05465684086084366,-0.008781114593148232,0.09898002445697784,-0.05475351959466934,0.3055263161659241,0.3072802424430847,-0.03137923777103424,-0.26152193546295166,-0.006738649215549231,-0.056616879999637604,-0.3388034701347351,0.16639696061611176,0.4710520803928375,0.0961306244134903,0.21887442469596863,-0.2536819577217102,0.5056614875793457,0.10308073461055756,-0.12745162844657898,-0.1983904093503952,-0.05847309157252312,-0.11043129861354828,-0.3436489701271057,-0.18181845545768738,-0.23189513385295868,0.11246565729379654,0.053316451609134674,-0.2913475036621094,-0.08162109553813934,0.034482359886169434,0.17027510702610016,0.023104798048734665,0.028036916628479958,-0.11414338648319244,0.04683016985654831,-0.01601872406899929,0.08796976506710052,-0.5726732015609741,-0.03772541135549545,-0.11891788244247437,0.08129453659057617,-0.17218543589115143,0.1503644734621048,-0.14790380001068115
CID000002141,195,-0.24888011813163757,0.008347690105438232,-0.03907201811671257,-0.007599237374961376,0.6402051448822021,0.4189636707305908,0.06671031564474106,-0.12093762308359146,-0.09557981044054031,-0.2304351031780243,0.05485165864229202,-0.28232359886169434,0.07111112773418427,-0.2213054597377777,-0.07392247766256332,-0.18906410038471222,-0.05492965131998062,-0.15168514847755432,-0.022866496816277504,-0.004835879895836115,-0.22638626396656036,-0.034255512058734894,-0.05482674390077591,0.31255948543548584,0.18344613909721375,-0.12022057920694351,0.0030795931816101074,-0.10011859238147736,0.020071187987923622,0.245296448469162,0.10966017097234726,-0.20269775390625,-0.21192066371440887,0.0076712132431566715,-0.46346187591552734,0.07779376953840256,-0.3763940632343292,-0.3467196822166443,-0.2024054229259491,0.04943469911813736,0.24728277325630188,-0.18468986451625824,-0.1852344423532486,-0.1822396218776703,0.1495516449213028,0.20432940125465393,0.14760157465934753,-0.11737325042486191,0.2881135940551758,-0.05958730727434158,-0.06976281106472015,-0.0016481548082083464,-0.011476296000182629,-0.3199031352996826,0.13061785697937012,0.1071288138628006,0.01250296551734209,0.07265391945838928,0.06874869763851166,0.08072557300329208,-0.7128910422325134,0.1214856505393982,-0.18442729115486145,0.356921523809433,-0.0038728355430066586,0.39322787523269653,-0.41293177008628845,0.16868005692958832,-0.03433164954185486,-0.0353192538022995,-0.17573603987693787,0.17015893757343292,-0.08448014408349991,-0.3565436005592346,0.0519697368144989,0.09206106513738632,0.17712947726249695,0.17121517658233643,-0.0038256377447396517,-0.20971377193927765,-0.27742499113082886,-0.31778067350387573,-0.05969192832708359,-0.15726518630981445,0.083562470972538,0.4522550106048584,0.007502150721848011,0.08343992382287979,0.5326930284500122,-0.10812296718358994,-0.2125491201877594,0.02933569811284542,-0.0968569740653038,0.06631139665842056,-0.40582045912742615,-0.026927048340439796,-0.3667450249195099,0.4045136570930481,0.19673743844032288,0.014199679717421532,0.4391116201877594,0.2896692156791687,-0.2041158676147461,0.1791633665561676,0.004298706538975239,0.0022555054165422916,-0.2806625962257385,0.21058496832847595,-0.10390591621398926,0.25605326890945435,0.0043441117741167545,-0.07937787473201752,0.3761378526687622,0.07783931493759155,0.010969208553433418,0.02656017616391182,0.22409674525260925,-0.19969932734966278,0.11293236911296844,0.08092202246189117,-0.3120781183242798,-0.6823917627334595,0.4282064437866211,-0.28674226999282837,-0.31709355115890503,0.06317831575870514,0.10702590644359589,0.2715476155281067,0.20242361724376678,0.05491401627659798,-0.060445159673690796,0.1138775572180748,-0.34932446479797363,-0.3799474835395813,0.10747762769460678,-0.01118277944624424,0.3601346015930176,-0.12664811313152313,-0.15953199565410614,0.08215007930994034,-0.0829307809472084,0.4234273433685303,0.042981021106243134,-0.1321738213300705,-0.08754108846187592,-0.23229646682739258,0.10542815923690796,0.10558722913265228,-0.18443486094474792,0.03143030405044556,-0.07601773738861084,-0.23367349803447723,-0.015038338489830494,-0.10484965890645981,0.010891956277191639,-0.04553886502981186,0.0777573511004448,-0.25603121519088745,-0.07944279909133911,-0.012704521417617798,0.18050478398799896,0.14963069558143616,-0.854664146900177,-0.051666297018527985,0.257023423910141,0.3064945340156555,-0.08611298352479935,-0.04622185230255127,0.16679325699806213,0.09212097525596619,-0.21315082907676697,0.10346625000238419,0.3318174481391907,-0.2523045837879181,0.17634855210781097,-0.10222723335027695,0.22802062332630157,0.1096595749258995,-0.31234344840049744,-0.025503477081656456,0.12307123094797134,0.2882766127586365,-0.07728958129882812,0.05248824879527092,-0.13200394809246063,-0.2123573124408722,-0.3636116683483124,-0.16453078389167786,0.5380918979644775,-0.03810877352952957,0.06963318586349487,-0.2552877366542816,0.24395856261253357,-0.2547150254249573,-0.134992316365242,0.49489259719848633,0.013578089885413647,-0.1605886071920395,-0.2875199019908905,-0.2448214590549469,-0.08731833845376968,0.15022873878479004,-0.4408571124076843,0.02958068810403347,-0.3900446891784668,0.3333773612976074,0.14766842126846313,-0.004222906194627285,-0.2358063906431198,-0.3279903531074524,0.1182907372713089,0.20428748428821564,-0.08021984994411469,-0.2811984419822693,0.44664081931114197,0.02721109613776207,0.4123523235321045,-0.2171865999698639,-0.15802642703056335,-0.36941689252853394,-0.0656333714723587,-0.02624766156077385,-0.49517297744750977,0.13135293126106262,0.5996180772781372,0.177595853805542,0.24532242119312286,-0.40337032079696655,0.6841108798980713,0.23112785816192627,-0.13015109300613403,-0.221450537443161,-0.08075147122144699,-0.19280479848384857,-0.24913553893566132,-0.2587038278579712,-0.20671279728412628,0.27459144592285156,-0.15267667174339294,-0.0930023342370987,0.01732475496828556,0.01752086728811264,0.06253674626350403,0.046998053789138794,-0.037021704018116,-0.2910517454147339,0.3373003304004669,-0.012252760119736195,0.014197846874594688,-0.6429408192634583,0.18779999017715454,-0.0233860332518816,0.24894241988658905,-0.21306774020195007,-0.106178879737854,0.08314825594425201
CID005311039,196,-0.021947471424937248,-0.01899896189570427,0.24047866463661194,0.0013915598392486572,0.2528749108314514,0.3369586169719696,-0.09662612527608871,-0.0943509116768837,-0.19965049624443054,-0.10367132723331451,0.20948025584220886,-0.43142223358154297,0.14544016122817993,-0.38060063123703003,0.09113205969333649,0.2215147465467453,-0.016848240047693253,0.42395544052124023,0.1685054749250412,-0.008850889280438423,-0.21599654853343964,0.151595339179039,0.22856764495372772,-0.03897789865732193,0.053897880017757416,-0.040628399699926376,-0.017896465957164764,-0.26846832036972046,0.051329441368579865,0.4038245677947998,-0.11616196483373642,-0.05221785977482796,0.2003888636827469,0.15224598348140717,-0.3999491333961487,-0.21669816970825195,-0.3202647566795349,-0.3860948085784912,-0.22098831832408905,-0.05258714035153389,0.11610101163387299,-0.18678458034992218,-0.16763360798358917,-0.18509075045585632,0.5298645496368408,-0.44330984354019165,0.048324793577194214,0.09965858608484268,-0.21586766839027405,0.012491670437157154,-0.4912654757499695,-0.06718943268060684,-0.18647901713848114,-0.05742083862423897,-0.08285895735025406,0.06800267845392227,0.08062289655208588,0.419734388589859,0.2486211508512497,-0.011638534255325794,-0.8572704195976257,0.04836757853627205,-0.20248940587043762,0.09695345163345337,-0.10960123687982559,0.3442370593547821,-0.22178754210472107,0.3370947241783142,0.04976161569356918,-0.013454446569085121,-0.021940160542726517,0.1519627571105957,0.08274908363819122,-0.21298205852508545,0.2710111737251282,-0.013568073511123657,-0.10195592790842056,0.3839174807071686,-0.025281161069869995,0.051781486719846725,-0.10723507404327393,0.39480364322662354,0.198213130235672,-0.1263086348772049,0.051697444170713425,0.07082127034664154,-0.12404395639896393,0.16009847819805145,0.5509344339370728,-0.0106955636292696,0.07009124755859375,-0.13213306665420532,-0.05718480423092842,0.22113065421581268,-0.740193247795105,-0.26441890001296997,-0.34128886461257935,0.23469576239585876,0.03608601167798042,-0.474400132894516,0.5769423842430115,-0.17660000920295715,0.0574054941534996,0.07816960662603378,-0.3676343560218811,0.051197003573179245,-0.21652564406394958,0.2129959613084793,-0.08678270876407623,0.1989632248878479,-0.3318615257740021,0.08955983817577362,0.5287598967552185,-0.03577490150928497,0.07752641290426254,-0.289472758769989,0.1869717538356781,-0.4833393096923828,0.36268147826194763,0.049525849521160126,0.19876766204833984,-0.7091497778892517,0.13856860995292664,-0.33716967701911926,-0.5980318784713745,-0.010788011364638805,0.1810304969549179,0.3317035734653473,0.12330750375986099,0.1899290233850479,0.16947536170482635,0.12192930281162262,-0.5939582586288452,-0.3715894818305969,-0.086461640894413,-0.028782904148101807,0.31282809376716614,-0.2142854928970337,0.14014118909835815,0.09158564358949661,-0.08362717926502228,-0.06693136692047119,-0.2478451430797577,0.14112725853919983,-0.22904834151268005,0.06032722443342209,-0.0509345717728138,-0.041109390556812286,-0.17990179359912872,-0.021150236949324608,0.04644845798611641,0.10518787801265717,0.19973468780517578,0.24307358264923096,-0.1822565793991089,0.042920954525470734,-0.08139440417289734,-0.44691720604896545,-0.057512421160936356,-0.154510498046875,-0.05395245552062988,0.12060411274433136,-0.9407361745834351,0.010748585686087608,0.5057318210601807,0.36242616176605225,-0.28837069869041443,-0.18706659972667694,0.1021566241979599,0.2432338297367096,-0.06002642586827278,0.004538404755294323,0.31059759855270386,0.0584176667034626,0.04715205356478691,0.11274819076061249,-0.06572838127613068,0.014844303019344807,-0.5402369499206543,0.03290135785937309,0.383522093296051,0.4350375533103943,-0.18459361791610718,0.10271026194095612,0.016198858618736267,-0.10684193670749664,-0.39280766248703003,0.10826406627893448,0.7868382334709167,-0.117884062230587,0.028612175956368446,-0.476391464471817,0.0350203812122345,-0.1261654794216156,-0.1580311805009842,0.2429010570049286,-0.014288780279457569,-0.04116639494895935,-0.3934810757637024,-0.049287986010313034,-0.05415603518486023,0.10464775562286377,-0.20073285698890686,-0.10008443892002106,-0.17051878571510315,0.2179933339357376,-0.00033825039281509817,-0.07484766095876694,-0.27204662561416626,0.4404521584510803,0.2599167823791504,-0.0013013302814215422,0.24004502594470978,-0.12648458778858185,0.04769712686538696,-0.2521158754825592,0.49800801277160645,-0.10559894889593124,0.14097264409065247,-0.14158391952514648,-0.13069669902324677,-0.07888195663690567,-0.4611048698425293,0.1929156333208084,0.2931181788444519,0.023685967549681664,0.19955801963806152,-0.18819846212863922,0.5326578617095947,0.09241821616888046,-0.01826528273522854,-0.16557644307613373,-0.17006509006023407,-0.08964650332927704,-0.35604554414749146,-0.2471882551908493,-0.14613430202007294,0.32440778613090515,-0.09577693790197372,-0.10275407135486603,-0.15600474178791046,0.06485630571842194,0.0938674807548523,-0.2519467771053314,-0.03493165969848633,-0.359919935464859,0.0903683677315712,0.11046899855136871,0.13750532269477844,-0.8864736557006836,0.1550104320049286,-0.0014132261276245117,0.265116810798645,0.19248990714550018,-0.0088400449603796,-0.3060537278652191
CID000002812,197,-0.0429721400141716,-0.18870466947555542,-0.14705781638622284,-0.17950396239757538,0.28707191348075867,0.23512676358222961,-0.08380719274282455,0.1263727843761444,-0.2736731171607971,-0.09610486030578613,0.07124756276607513,-0.39019033312797546,-0.04441538080573082,-0.13544364273548126,0.21225705742835999,-0.07937918603420258,0.007537695579230785,-0.046513382345438004,-0.05507386475801468,-0.03715183585882187,0.15193824470043182,0.09077911823987961,0.01673409342765808,0.0376993790268898,-0.06249561160802841,-0.07046227157115936,-0.09233244508504868,-0.0034325600136071444,-0.03410732001066208,0.27471932768821716,-0.0388484001159668,-0.2546639144420624,-0.07396100461483002,0.011119428090751171,-0.5355682969093323,-0.0597357377409935,-0.3536730408668518,-0.2635861039161682,-0.15548869967460632,-0.03171433508396149,0.14683423936367035,-0.04187757149338722,-0.2512732744216919,-0.13674399256706238,0.1059703603386879,0.004714232869446278,-0.065340057015419,0.21221904456615448,-0.060128677636384964,-0.055111177265644073,-0.16341587901115417,0.11485469341278076,0.028430581092834473,-0.23263606429100037,0.1550891250371933,-0.07094243913888931,-0.10971100628376007,0.05867582559585571,0.2520105838775635,-0.08551695197820663,-0.9567546844482422,0.05909163877367973,-0.1796497106552124,0.28564783930778503,0.10650195181369781,0.10851727426052094,-0.07835550606250763,0.0911870002746582,0.007439702749252319,-0.04462093114852905,-0.16295737028121948,0.0831589326262474,0.04912823811173439,-0.14304031431674957,0.1522713303565979,-0.08227892220020294,-0.13840577006340027,-0.03243844956159592,0.20338182151317596,0.03081660345196724,-0.20848360657691956,-0.21761992573738098,-0.14739970862865448,-0.039567671716213226,-0.157296285033226,-0.07627031952142715,-0.2863459587097168,-0.014662325382232666,0.3377872705459595,-0.09174259752035141,-0.0822659432888031,-0.07418537139892578,-0.044073719531297684,-0.04956599324941635,-0.5233286023139954,0.0481690876185894,-0.14218422770500183,0.2725547254085541,0.057678043842315674,-0.25262486934661865,0.21044687926769257,0.31716886162757874,-0.3750794529914856,-0.11473193019628525,-0.12347926199436188,-0.0503787025809288,-0.5711719989776611,0.20605990290641785,0.12316467612981796,0.12296915054321289,0.10242702811956406,0.12304309755563736,0.1650187075138092,0.046153612434864044,0.059181906282901764,0.17483477294445038,-0.1570289433002472,-0.13190755248069763,0.052471648901700974,0.20368380844593048,-0.13920411467552185,-0.6259268522262573,0.06250852346420288,-0.22107596695423126,-0.29832080006599426,0.1166282668709755,-0.07233977317810059,0.297373503446579,0.08680564165115356,-0.06509993970394135,-0.14768995344638824,0.09670127928256989,-0.4933393895626068,-0.30123111605644226,-0.0366588830947876,-0.2717128098011017,0.05904214456677437,0.06093715503811836,-0.019112927839159966,-0.00958696287125349,0.0060873390175402164,0.13129322230815887,-0.3428085744380951,-0.03976447507739067,0.026561666280031204,-0.1531536877155304,0.059166036546230316,-0.027496611699461937,0.18624916672706604,0.10731874406337738,-0.1026407927274704,-0.061791934072971344,-0.014711516909301281,0.05571848154067993,-0.07291845977306366,-0.08147908747196198,-0.18336482346057892,-0.2581668496131897,0.0035063966643065214,0.06833827495574951,0.0512000136077404,-0.10355372726917267,-0.9969800114631653,0.13359513878822327,0.1628502458333969,0.24993737041950226,-0.19670529663562775,-0.005303442478179932,0.14676153659820557,0.12324933707714081,-0.25758475065231323,-0.13908477127552032,0.2240690439939499,-0.08265823125839233,-0.10591435432434082,0.11819684505462646,0.12912246584892273,0.09044258296489716,-0.46724098920822144,-0.20279893279075623,0.26421791315078735,0.21796846389770508,0.10543955862522125,-0.11352018266916275,-0.09035122394561768,0.036878086626529694,-0.18191000819206238,0.12655530869960785,0.4890332818031311,-0.09903022646903992,0.2135007083415985,-0.1237533837556839,0.05149020999670029,-0.011492349207401276,-0.06673724204301834,0.3178746700286865,0.09483396261930466,-0.1635768860578537,-0.0944485142827034,-0.09480428695678711,-0.020449019968509674,-0.036915507167577744,-0.005322996061295271,0.12236545234918594,-0.1647590547800064,0.22717544436454773,0.026500368490815163,-0.06639512628316879,-0.05286455154418945,-0.13369441032409668,0.0020064294803887606,0.09575269371271133,0.042475707828998566,0.08200465142726898,0.13831515610218048,-0.0038815378211438656,0.2962479591369629,-0.06637421995401382,-0.1000446081161499,-0.16637226939201355,-0.000813969993032515,-0.11471681296825409,-0.4982118010520935,0.03446074202656746,0.18665018677711487,-0.14331884682178497,0.13199348747730255,-0.24855169653892517,0.8141487240791321,0.29074200987815857,-0.27756017446517944,-0.1770629584789276,-0.11637351661920547,-0.011794587597250938,-0.6835324764251709,-0.16664770245552063,0.08570899069309235,0.1374506652355194,0.1872350424528122,-0.006344920489937067,-0.32032954692840576,-0.06747569143772125,0.07999829947948456,0.17350752651691437,0.11439061164855957,-0.20152907073497772,0.10564003139734268,-0.1704338639974594,-0.03189132362604141,-0.6360137462615967,0.040611863136291504,-0.006398713681846857,0.28236332535743713,-0.015793656930327415,0.039066895842552185,0.07277987152338028
CID000005152,198,-0.0036271028220653534,0.27520719170570374,0.39848893880844116,0.18253865838050842,0.8406637907028198,0.36206117272377014,0.5152847170829773,0.16467565298080444,-0.21080514788627625,-0.1524507701396942,0.10904540866613388,-0.39294758439064026,0.36629512906074524,-0.18741604685783386,-0.2862820029258728,0.07646436989307404,-0.05835159868001938,0.08373014628887177,-0.1537579596042633,-0.06681637465953827,0.4058739244937897,-0.10058382898569107,-0.07537909597158432,0.2679278552532196,0.007950549945235252,-0.02171771228313446,-0.20957955718040466,0.03203926235437393,-0.012847745791077614,0.2855204641819,-0.2514093816280365,-0.10521484911441803,-0.03014897182583809,0.005439752247184515,-0.4340980648994446,-0.012068324722349644,-0.43076181411743164,-0.5211037993431091,-0.03394510596990585,-0.27025681734085083,0.006771558430045843,0.01839577592909336,-0.2506684362888336,-0.08470208942890167,0.23896458745002747,-0.11441308259963989,-0.19300344586372375,-0.024055028334259987,-0.2644520699977875,0.046750832349061966,-0.5888315439224243,0.09684716165065765,-0.11632224172353745,-0.4463423192501068,-0.16158628463745117,0.11567030102014542,0.005229190923273563,-0.08148176223039627,0.34667783975601196,-0.09278769791126251,-0.8695562481880188,0.16433197259902954,-0.16042736172676086,0.19710369408130646,-0.25739526748657227,0.16207163035869598,-0.22451873123645782,0.07416223734617233,0.2599649131298065,0.12848109006881714,-0.4488433003425598,0.10754509270191193,-0.13013534247875214,-0.25301095843315125,0.3229559063911438,0.0626852735877037,0.008897989988327026,0.22396552562713623,-0.060124658048152924,-0.40079259872436523,-0.1572442501783371,-0.0022471665870398283,-0.07233588397502899,0.07504719495773315,-0.0984894335269928,0.020992547273635864,0.00737820565700531,0.20750518143177032,0.6715385913848877,-0.19409406185150146,-0.061854951083660126,-0.07022783905267715,-0.09693922102451324,0.11804106086492538,-0.4788346290588379,0.11000442504882812,-0.2746598720550537,0.577391505241394,0.1891956627368927,-0.06286779791116714,0.5354655385017395,-0.023454859852790833,0.25913429260253906,0.4872225224971771,-0.24217765033245087,0.16046242415905,-0.3241709768772125,0.28702884912490845,0.018849533051252365,0.39554375410079956,-0.20964965224266052,-0.0746295303106308,0.38255006074905396,-0.23011207580566406,0.3164169490337372,-0.16279195249080658,-0.05715581029653549,-0.24557188153266907,0.13926759362220764,-0.20794495940208435,0.14377933740615845,-0.724449098110199,0.09563674032688141,-0.539154589176178,-0.6601083278656006,0.09028228372335434,-0.15335117280483246,0.3566579520702362,0.14089623093605042,0.0451027974486351,0.37915676832199097,-0.23095481097698212,-0.29129698872566223,-0.28875771164894104,0.5030218958854675,-0.23800107836723328,0.4206691384315491,-0.3003789782524109,0.20216353237628937,-0.18206003308296204,-0.05849470570683479,0.32994136214256287,0.21513831615447998,0.06546048074960709,0.10911468416452408,0.023690728470683098,0.12248998880386353,0.07843384891748428,0.16333390772342682,-0.05067349597811699,-0.24274535477161407,-0.15763631463050842,-0.035336367785930634,0.09965825080871582,-0.2110406905412674,0.015381949953734875,-0.12819167971611023,-0.3148973882198334,0.052104223519563675,0.41541844606399536,0.27251997590065,0.02833961322903633,-0.7381060123443604,-0.01924348995089531,0.1660076081752777,0.3307186961174011,-0.1854708343744278,0.03010876104235649,0.4834989905357361,0.09834655374288559,-0.2011295109987259,-0.26696622371673584,0.5179101228713989,0.06394600868225098,-0.19790247082710266,-0.041816867887973785,-0.1179775595664978,-0.01760224625468254,-0.24273189902305603,0.06797052919864655,0.16158059239387512,0.10678301751613617,-0.02822074294090271,0.17686514556407928,0.12383218109607697,-0.0987202376127243,-0.37653160095214844,-0.06363388895988464,0.5479599237442017,0.18623702228069305,-0.04275926202535629,-0.19261004030704498,-0.15384463965892792,-0.05206645652651787,-0.10612872987985611,0.7361822724342346,0.09176387637853622,0.06517533957958221,-0.1632055640220642,-0.05126745626330376,-0.24735549092292786,0.278847873210907,-0.441525936126709,0.09583455324172974,0.006696440279483795,0.38375964760780334,0.11973035335540771,-0.1790132075548172,-0.09773712605237961,0.1153443232178688,0.0844377651810646,0.11425916105508804,-0.09697425365447998,0.06497570127248764,0.4729022979736328,-0.47357964515686035,0.5934788584709167,0.008806956000626087,0.06277953833341599,-0.34335577487945557,0.12330011278390884,-0.020471617579460144,-0.5009971261024475,-0.04502364248037338,0.41674357652664185,-0.03209177404642105,0.10673639923334122,-0.2746502161026001,0.6436545848846436,-0.031152736395597458,0.17642346024513245,0.07672829926013947,0.02589234709739685,-0.015446508303284645,-0.516947865486145,-0.2715412378311157,-0.06966923922300339,-0.08743216842412949,0.06758496910333633,0.061303235590457916,-0.17511864006519318,0.1782214194536209,-0.037921130657196045,-0.10074315220117569,-0.0360969640314579,-0.5616949796676636,0.215752512216568,0.10452039539813995,0.029607707634568214,-0.707991898059845,0.1788276582956314,-0.10076755285263062,0.33689334988594055,-0.002677398966625333,0.06385335326194763,-0.08591379970312119
CID000004740,201,0.05946547910571098,-0.16759559512138367,-0.05752718448638916,-0.13103757798671722,0.6498651504516602,0.44320422410964966,0.12990836799144745,-0.09109289944171906,-0.433969646692276,-0.11041060835123062,0.37312597036361694,-0.2572636902332306,0.03058755397796631,-0.0808049887418747,0.05426068231463432,0.12218425422906876,-0.02981736697256565,0.2855437397956848,0.14086291193962097,0.07477431744337082,0.07954830676317215,0.24144157767295837,0.06453830003738403,0.3560788035392761,-0.0068375528790056705,0.1257018744945526,0.029663121327757835,-0.09810769557952881,-0.22247031331062317,0.36001497507095337,-0.34181708097457886,0.11638668924570084,0.0349048376083374,0.011948036961257458,-0.8223994970321655,-0.06575095653533936,-0.5433133840560913,-0.2027997523546219,-0.22478969395160675,0.13409537076950073,-0.048019055277109146,0.10548019409179688,-0.23861530423164368,-0.3037945628166199,0.2611941695213318,0.07348883897066116,0.028379594907164574,-0.13563747704029083,0.16538040339946747,-0.07549355179071426,-0.5021566152572632,-0.042321451008319855,0.02523938938975334,-0.30823975801467896,0.045026130974292755,-0.1734772026538849,-0.12232601642608643,-0.015550380572676659,0.3891329765319824,-0.010270771570503712,-0.9920538663864136,0.06860561668872833,-0.18118949234485626,0.5192080140113831,0.07905340194702148,-0.2496909201145172,-0.1724594086408615,0.19845367968082428,-0.2007259875535965,-0.04413597285747528,-0.33884066343307495,-0.02026733011007309,0.024096330627799034,0.07041628658771515,0.44840964674949646,-0.07677669078111649,-0.1545240730047226,0.02894885279238224,-0.11974374204874039,-0.3378228545188904,-0.0459090955555439,0.02913849428296089,-0.26736241579055786,-0.1525178849697113,0.0755544975399971,-0.3571690320968628,-0.08186846226453781,-0.014114010147750378,0.3675187826156616,0.03521742671728134,-0.2269098311662674,-0.0897020474076271,0.08315494656562805,-0.20315608382225037,-0.6128407716751099,-0.10674101114273071,-0.22298407554626465,0.25178366899490356,-0.04190932959318161,-0.14711710810661316,0.349682480096817,0.12880666553974152,-0.18998727202415466,0.29885193705558777,-0.1887008398771286,0.09913070499897003,-0.5879664421081543,0.35217729210853577,-0.4337540566921234,0.32697710394859314,-0.19629071652889252,0.44814610481262207,0.07537102699279785,0.1282346546649933,0.164894238114357,-0.06899537146091461,-0.0327625647187233,-0.5606379508972168,-0.021782496944069862,0.07245930284261703,0.07094706594944,-0.8376018404960632,-0.019143689423799515,-0.3492334485054016,-0.20367343723773956,0.17749854922294617,0.12384893745183945,0.19934819638729095,-0.050891123712062836,-0.06020481511950493,-0.05628194659948349,-0.05077158287167549,-0.4739628732204437,-0.45766934752464294,-0.13488319516181946,-0.027657007798552513,0.24052026867866516,-0.13384005427360535,0.06659704446792603,0.1670989841222763,-0.20744936168193817,0.22273381054401398,-0.20367252826690674,0.03228803724050522,0.003983084112405777,0.03109966591000557,-0.10596326738595963,-0.024944433942437172,-0.145785391330719,0.13594278693199158,-0.05190737172961235,-0.24227936565876007,0.04565120488405228,-0.09725569188594818,0.2072945535182953,-0.2065875083208084,0.15115384757518768,-0.44122010469436646,-0.08220089226961136,0.1753140538930893,-0.027494335547089577,0.12048576027154922,-0.7445971369743347,-0.1209142655134201,0.3268299400806427,0.24512143433094025,-0.18974988162517548,-0.062077075242996216,0.13048520684242249,-0.04418104141950607,-0.35168322920799255,-0.17946675419807434,0.3670169711112976,0.0723111480474472,0.1284008026123047,-0.3048442304134369,0.38487452268600464,-0.06173381954431534,-0.34365135431289673,-0.1359880268573761,0.029285365715622902,0.14580997824668884,-0.011993372812867165,-0.08033163845539093,-0.11873485147953033,-0.1016620397567749,-0.1342756450176239,-0.05194198340177536,0.7329312562942505,0.13419786095619202,-0.1976257562637329,-0.07966279983520508,-0.08836568892002106,0.19645005464553833,-0.07730085402727127,0.45471271872520447,-0.07444963604211807,-0.09881459176540375,-0.2913840115070343,0.18641164898872375,0.053546320647001266,-0.26603564620018005,-0.24831287562847137,0.13129332661628723,-0.1866033971309662,0.3082236647605896,0.03854021057486534,-0.0320025198161602,0.043715499341487885,-0.14687694609165192,0.06138566881418228,0.03312025964260101,0.055953554809093475,0.3971806466579437,0.24158839881420135,0.26610058546066284,0.8857977986335754,0.08693204820156097,-0.21960139274597168,-0.23686134815216064,-0.39750221371650696,-0.07019253075122833,-0.5617042779922485,0.13235899806022644,0.34084823727607727,-0.14117304980754852,0.06689872592687607,-0.14963118731975555,1.0682481527328491,0.02659638784825802,-0.38985544443130493,-0.08593519032001495,-0.028372416272759438,-0.37216147780418396,-0.6350549459457397,-0.23389673233032227,-0.3477707505226135,0.08667738735675812,-0.018228614702820778,0.24777300655841827,-0.5465860366821289,0.034909434616565704,-0.06904008984565735,0.2016208916902542,0.15874871611595154,-0.3531334400177002,-0.06455846130847931,-0.18136358261108398,-0.12835288047790527,-0.9470289349555969,-0.14333176612854004,0.34692418575286865,0.6059735417366028,-0.06058328598737717,0.16312997043132782,0.1739797592163086
CID000002786,204,0.06166315823793411,-0.03901764750480652,0.028342803940176964,-0.07559135556221008,0.1132316142320633,0.427084356546402,0.025316337123513222,0.11410154402256012,-0.16347813606262207,-0.13587409257888794,0.06099572777748108,-0.26425865292549133,0.17100974917411804,-0.25399523973464966,-0.2591119706630707,0.07726142555475235,-0.011917954310774803,0.326354056596756,0.15485703945159912,-0.285208523273468,0.2815646231174469,-0.09563874453306198,0.2750738561153412,-0.16269393265247345,0.11037681996822357,-0.29766350984573364,0.3705926835536957,0.020242217928171158,-0.0029108107555657625,0.21268793940544128,-0.301800936460495,0.23174667358398438,0.16449840366840363,-0.07535919547080994,-0.696853518486023,-0.05335906893014908,-0.21550297737121582,-0.2603892385959625,-0.45587196946144104,-0.2373826801776886,-0.17889069020748138,0.3510313034057617,-0.20508365333080292,0.029843851923942566,0.42301106452941895,0.2637301981449127,0.15168310701847076,-0.21425506472587585,0.10630704462528229,-0.12672118842601776,-0.8842430114746094,-0.03732602298259735,-0.2035338133573532,0.08265922963619232,0.4320158362388611,0.037765756249427795,0.0024320005904883146,0.10909255594015121,0.3559747636318207,-0.22984524071216583,-0.7418029308319092,0.03189665451645851,-0.3780295252799988,-0.044752731919288635,-0.2332322597503662,-0.08387447893619537,-0.12398363649845123,0.21135368943214417,0.09440936148166656,-0.0899205282330513,-0.38903725147247314,-0.3189695477485657,0.04435219243168831,0.21067416667938232,0.4049108028411865,-0.047475434839725494,0.06043455749750137,0.27843672037124634,-0.2206123322248459,-0.07879293709993362,-0.24488799273967743,-0.030700266361236572,0.010145947337150574,-0.006669980473816395,-0.07057831436395645,0.02705458365380764,-0.09025003015995026,-0.16963276267051697,0.25141316652297974,0.1576322764158249,-0.3358016610145569,-0.01785731315612793,0.0035463720560073853,0.18684497475624084,-0.6761963963508606,0.024141903966665268,-0.12705287337303162,0.1587824523448944,0.06706521660089493,-0.15310391783714294,0.3664786219596863,0.1114417165517807,-0.12643425166606903,-0.01471592765301466,-0.2826147675514221,0.05027196556329727,-0.5150386691093445,0.2666488289833069,0.013718986883759499,0.19264228641986847,-0.12058357894420624,0.2462005615234375,0.2866472601890564,0.31056496500968933,0.08395010232925415,-0.07657594978809357,-0.13068616390228271,-0.13700096309185028,0.14993317425251007,0.08898667991161346,0.05957986041903496,-0.8535400629043579,-0.11974871158599854,-0.5347215533256531,-0.6242960095405579,0.22105059027671814,-0.056747984141111374,0.20633940398693085,0.2214626967906952,0.006192350294440985,-0.0825078934431076,-0.2129787653684616,-0.5624597072601318,-0.393718957901001,-0.1465291976928711,0.00498062651604414,0.32463186979293823,-0.4675450921058655,-0.058583229780197144,0.3227851390838623,0.0704185962677002,0.0732521265745163,0.2178146094083786,0.09320246428251266,-0.15772488713264465,0.3147692382335663,0.13864295184612274,-0.06346015632152557,0.14720585942268372,-0.030612822622060776,-0.013799804262816906,0.17103037238121033,-0.10019469261169434,0.21781499683856964,0.06932243704795837,0.019596952944993973,-0.0432036891579628,-0.19580897688865662,0.11497805267572403,0.21497008204460144,0.21529003977775574,0.1255689561367035,-0.8401857614517212,0.031990714371204376,0.5087600946426392,0.14526139199733734,-0.1852618157863617,0.12616199254989624,-0.21474483609199524,-0.182307168841362,-0.03111475147306919,0.0375596284866333,0.28210657835006714,-0.10226675122976303,-0.10855438560247421,-0.2198728322982788,0.03021063283085823,0.15469646453857422,-0.4278615117073059,-0.06333689391613007,0.08898602426052094,0.22084590792655945,0.32098251581192017,0.09102632105350494,-0.024156253784894943,-0.3492979407310486,-0.15326723456382751,0.12773117423057556,0.6632582545280457,0.05865038186311722,-0.08405394852161407,-0.3138614296913147,-0.15567348897457123,0.007184269838035107,-0.1301097869873047,0.41658180952072144,-0.10846924781799316,-0.06249208375811577,-0.10641040652990341,0.2013879269361496,0.3877756893634796,-0.15730446577072144,-0.14452093839645386,-0.054000936448574066,-0.1951412856578827,0.2564878761768341,0.2423771321773529,-0.034003280103206635,-0.18163146078586578,-0.18221350014209747,0.14775976538658142,-0.040055226534605026,-0.06989087164402008,0.09348573535680771,-0.15517602860927582,0.09854433685541153,0.6130964756011963,0.19458161294460297,-0.042163826525211334,-0.009762304835021496,-0.30506354570388794,-0.048784904181957245,-0.4304845333099365,-0.0012933105463162065,0.32584208250045776,-0.3023298978805542,0.163528174161911,-0.30660325288772583,0.6904172897338867,-0.0991397351026535,-0.020435666665434837,-0.1436266005039215,-0.010093008168041706,-0.12099537998437881,-0.5440958142280579,-0.22838254272937775,-0.1423722356557846,0.13754475116729736,-0.0733882337808609,0.10376666486263275,-0.6707252860069275,-0.23069080710411072,-0.09872381389141083,0.041466306895017624,-0.019257506355643272,-0.5425271391868591,0.06162330508232117,0.09295739233493805,0.196659117937088,-0.8021489977836609,0.15089623630046844,0.21486862003803253,-0.050467848777770996,0.09304983913898468,0.008915664628148079,-0.06047563627362251
CID000002092,207,0.028545688837766647,0.11922599375247955,0.5224000215530396,0.0488065667450428,0.13151760399341583,0.2974196672439575,-0.23590593039989471,-0.050279855728149414,-0.1251903921365738,-0.16328415274620056,-0.05782349035143852,-0.17284554243087769,0.45348769426345825,-0.08300407975912094,-0.172278493642807,0.2541887164115906,0.15187454223632812,0.11355943977832794,0.05931674689054489,0.23974911868572235,0.07370968908071518,-0.018659871071577072,-0.05721556022763252,0.08012215793132782,0.3068295121192932,-0.0033683411311358213,-0.07784328609704971,-0.12741918861865997,-0.09768365323543549,0.41151484847068787,-0.15938451886177063,0.011885550804436207,-0.17738322913646698,0.0227226372808218,-0.4228103756904602,-0.01617484539747238,-0.10230718553066254,-0.35303759574890137,-0.20329996943473816,-0.21014650166034698,0.2548694312572479,0.06554906070232391,-0.36349430680274963,-0.3394571542739868,0.3698921799659729,0.32492250204086304,-0.13389952480793,0.10675561428070068,-0.2876238524913788,0.013009974732995033,-0.7275340557098389,0.19152873754501343,-0.1251887083053589,-0.2673726975917816,0.05281496047973633,0.022951235994696617,0.010510348714888096,-0.10178740322589874,-0.10124703496694565,0.10261370241641998,-0.6966642141342163,0.1353641152381897,-0.42788606882095337,0.011314747855067253,0.18149086833000183,0.2964414060115814,-0.1886693239212036,0.2496284544467926,-0.016460198909044266,0.0961114689707756,-0.2915129065513611,-0.05634590983390808,0.3046565651893616,-0.40620294213294983,0.22411367297172546,0.0223262719810009,0.10872922837734222,0.27806952595710754,-0.024035226553678513,0.0965343713760376,-0.2527884542942047,0.14616192877292633,-0.2010880410671234,-0.12685838341712952,-0.009591730311512947,0.1279691457748413,-0.3137425482273102,-0.33721914887428284,0.42291101813316345,0.04467224329710007,0.06743863970041275,-0.13239769637584686,0.04156089946627617,-0.085607148706913,-0.5174288153648376,0.011489076539874077,-0.22926481068134308,0.35892778635025024,0.22878389060497284,-0.15904061496257782,0.3537746071815491,0.03501976281404495,-0.292618989944458,-0.06950923055410385,-0.1154964342713356,-0.03031742013990879,-0.27276378870010376,0.0328403040766716,-0.2237001657485962,0.2594757378101349,0.09625629335641861,0.1034000962972641,0.5552253127098083,0.014401815831661224,-0.041037142276763916,-0.10483728349208832,0.010653933510184288,-0.46860796213150024,0.29052433371543884,0.03726816922426224,0.03963911160826683,-0.5970649719238281,0.15694352984428406,-0.3084757924079895,-0.5992664694786072,0.2661641240119934,0.1778370440006256,0.5050209164619446,0.13643892109394073,0.10345689952373505,0.49375995993614197,-0.001013088272884488,-0.4873822331428528,-0.37059903144836426,-0.2554951012134552,-0.027476033195853233,0.5209885835647583,-0.1939930021762848,-0.007245883345603943,0.08740537613630295,-0.1857031285762787,0.2080407440662384,0.08908027410507202,0.2504672408103943,0.10370790958404541,0.10854794830083847,-0.07627488672733307,0.24127432703971863,0.08390987664461136,-0.09905298054218292,-0.00845410954207182,-0.009552058763802052,-0.21843329071998596,-0.05127553269267082,-0.14207226037979126,0.0852462500333786,0.05343545600771904,-0.5318526029586792,0.10433638095855713,0.25537338852882385,0.28636622428894043,0.03287416696548462,-0.6305921077728271,0.051406435668468475,0.5749689340591431,0.3436117172241211,-0.2046833485364914,0.1718786060810089,0.3304468095302582,-0.05874204635620117,-0.16812793910503387,0.040821753442287445,0.44800543785095215,-0.31010356545448303,-0.07740922272205353,0.060903675854206085,-0.17373117804527283,-0.09106559306383133,-0.22799523174762726,-0.1895395666360855,0.11880762875080109,0.34298959374427795,-0.02934378758072853,0.014230072498321533,0.2448420524597168,-0.2358604371547699,-0.7209238409996033,0.025868868455290794,0.3706960380077362,0.10407410562038422,0.240701362490654,-0.4677181839942932,0.276400625705719,-0.323069304227829,-0.09418480098247528,0.29033470153808594,-0.115997813642025,0.17612609267234802,-0.22760646045207977,0.0837593823671341,0.28786996006965637,0.25472909212112427,-0.366987943649292,0.11539480835199356,-0.05621147155761719,0.20975878834724426,0.034096457064151764,-0.012943482026457787,-0.4453318119049072,0.30796802043914795,0.01248681079596281,0.26873669028282166,0.11225584894418716,-0.05869228392839432,0.18627768754959106,0.11967664957046509,0.33740857243537903,0.03662075102329254,0.019262326881289482,-0.21471190452575684,-0.19657479226589203,-0.06334041059017181,-0.4030280113220215,0.11809728294610977,0.21656639873981476,0.045914627611637115,0.28497248888015747,-0.38111573457717896,0.7379997968673706,0.12611712515354156,-0.20483529567718506,-0.41270899772644043,-0.007423663046211004,-0.06854207813739777,-0.2273309975862503,-0.26190972328186035,-0.24987611174583435,0.1171455830335617,0.2587128281593323,0.10540898889303207,0.06384341418743134,0.03559563308954239,0.08551166951656342,-0.22598013281822205,0.004707956220954657,-0.1618298590183258,0.0785033106803894,-0.030067671090364456,0.18527953326702118,-0.5714492201805115,0.23110520839691162,0.21303537487983704,0.12690643966197968,-0.07491406053304672,-0.09388811886310577,-0.3866778314113617
CID000003890,208,-0.1744379699230194,-0.0820951834321022,-0.12383240461349487,-0.042295753955841064,0.24029326438903809,0.38701102137565613,-0.02368929609656334,0.27886295318603516,-0.3248831331729889,-0.25751256942749023,-0.10670135170221329,-0.23791471123695374,0.19497595727443695,-0.1266559660434723,-0.0651089996099472,0.09509552270174026,0.0790930986404419,0.29514485597610474,0.29146748781204224,0.12061566114425659,0.08162517100572586,0.07769620418548584,-0.004090619273483753,-0.09980998933315277,0.13546016812324524,-0.08463998138904572,0.13067996501922607,-0.07961275428533554,-0.07039354741573334,0.45509424805641174,-0.10136012732982635,-0.027832338586449623,-0.14369633793830872,-0.05298159644007683,-0.33788108825683594,-0.008977056480944157,-0.004105201922357082,-0.30893009901046753,-0.2533032298088074,-0.019191939383745193,0.2698462903499603,0.1327836960554123,-0.19722840189933777,-0.13517805933952332,0.5060991048812866,0.06695886701345444,0.34962743520736694,0.03136008605360985,-0.22991736233234406,-0.15880358219146729,-0.5818228125572205,0.1413441151380539,-0.12725099921226501,-0.16606971621513367,0.18210315704345703,-0.0703754648566246,-0.04792717099189758,-0.31530171632766724,0.09012177586555481,0.030736353248357773,-0.942291259765625,-0.2607576847076416,-0.34382492303848267,0.38660216331481934,0.04292143136262894,0.2799379825592041,-0.08386749029159546,0.2288041114807129,0.03531446307897568,0.1033933013677597,-0.19912195205688477,-0.142540842294693,0.02051636576652527,0.06972110271453857,0.15492336452007294,0.016792094334959984,-0.18641172349452972,0.2605513632297516,0.09931124746799469,-0.014404607005417347,-0.07025177776813507,-0.14837226271629333,-0.1667952537536621,-0.08825723826885223,0.16637054085731506,-0.19232811033725739,-0.28593170642852783,-0.09952105581760406,0.36014145612716675,0.19248934090137482,-0.07117261737585068,-0.2021075189113617,0.0709884986281395,-0.0443839393556118,-0.41843661665916443,-0.09758937358856201,-0.15382079780101776,0.23207688331604004,0.24356584250926971,-0.25371411442756653,0.3153151273727417,0.08088402450084686,-0.10443349182605743,-0.024598170071840286,-0.2003127783536911,0.06450444459915161,-0.2467999905347824,0.22723600268363953,0.0017496615182608366,0.08669127523899078,0.03162378817796707,0.0565124973654747,0.4602404236793518,0.07614250481128693,0.03941325470805168,-0.20617768168449402,-0.04272134602069855,-0.2897821068763733,0.3251192271709442,0.12894752621650696,0.11982305347919464,-0.5223315954208374,0.4220132827758789,-0.08592824637889862,-0.5070411562919617,0.07782510668039322,0.00734372716397047,0.4507766366004944,0.21120676398277283,-0.06168939918279648,-0.21399760246276855,0.02739671990275383,-0.5217870473861694,-0.25003495812416077,-0.06356315314769745,-0.3467150330543518,0.1526450514793396,-0.37242281436920166,-0.1218203529715538,0.12820878624916077,-0.14557501673698425,0.1703188717365265,0.06536586582660675,0.08603234589099884,-0.013901661150157452,0.5207608342170715,-0.139939084649086,0.022855272516608238,0.15283378958702087,0.12624292075634003,0.09088224917650223,0.11523324251174927,-0.02127494476735592,0.038838133215904236,0.0802864283323288,0.16890250146389008,-0.016929859295487404,-0.3431023955345154,0.01375302392989397,0.2830585837364197,0.2407386600971222,-0.07746797055006027,-0.8412531614303589,-0.013774687424302101,0.5970166325569153,0.25543853640556335,-0.41489067673683167,0.005063503980636597,0.24548736214637756,-0.07786142081022263,-0.09032825380563736,-0.06426592916250229,0.2625458836555481,-0.19229251146316528,0.2641069293022156,0.04013539478182793,-0.22632770240306854,0.17534026503562927,-0.40525326132774353,-0.23897092044353485,0.33738332986831665,0.3480399250984192,0.03984060138463974,-0.2102213203907013,0.05061165615916252,-0.09242024272680283,-0.33167994022369385,0.06777092069387436,0.3038882911205292,-0.2108445167541504,0.26807284355163574,-0.028347814455628395,-0.0538933090865612,-0.4101811945438385,-0.23608830571174622,0.25903573632240295,0.1361209601163864,0.06537823379039764,-0.22433236241340637,-0.02142760530114174,-0.00355882802978158,0.015531903132796288,-0.16347724199295044,0.14759698510169983,0.00417198333889246,0.10571126639842987,0.09080927073955536,-0.07859113067388535,-0.280486524105072,-0.11958803236484528,0.0659673884510994,0.10551152378320694,-0.028405720368027687,-0.040666140615940094,-0.07646577060222626,-0.01780620403587818,0.35343137383461,0.2669536769390106,-0.0994248241186142,-0.04674636200070381,0.0641559362411499,-0.07422085851430893,-0.4475354254245758,0.10065197944641113,0.22290882468223572,-0.0632135421037674,0.34187597036361694,-0.3294494152069092,0.5757964253425598,0.09164741635322571,-0.005063730292022228,-0.14377626776695251,0.17214125394821167,-0.02749635837972164,-0.4762265086174011,-0.13316476345062256,-0.16135095059871674,0.23946447670459747,0.3528839647769928,-0.026745665818452835,0.06901273876428604,-0.18282011151313782,0.08350563049316406,-0.19037044048309326,-0.0069631426595151424,-0.13221986591815948,0.16015341877937317,-0.037989210337400436,0.17860206961631775,-0.5870444774627686,0.3702031970024109,0.38632065057754517,0.25526395440101624,0.12693634629249573,0.05060863494873047,-0.20734922587871552
CID000003003,209,-0.20637178421020508,-0.1937478631734848,-0.09115112572908401,-0.2896621525287628,0.06699098646640778,0.49373969435691833,0.025628913193941116,-0.03782610967755318,-0.5271846652030945,-0.2727702856063843,0.020463138818740845,-0.3094496428966522,0.21778860688209534,-0.3499193787574768,-0.037966568022966385,0.024381816387176514,-0.09596536308526993,0.13453218340873718,-0.1277076005935669,-0.26523691415786743,-0.178340345621109,0.021062130108475685,0.16299545764923096,0.17306022346019745,-0.004729460924863815,0.1117006167769432,-0.13134482502937317,-0.2036750763654709,-0.08939080685377121,0.30706512928009033,0.17557361721992493,-0.08456467092037201,-0.4832552373409271,0.0407244935631752,-0.3125632703304291,0.03807488828897476,-0.1675788313150406,-0.3514114022254944,-0.09617332369089127,-0.009299452416598797,0.19880738854408264,0.09168118238449097,-0.1947038620710373,0.1656908243894577,0.5141496062278748,0.22210244834423065,-0.13433398306369781,0.1498386114835739,-0.10888215154409409,0.018957551568746567,-0.3744335472583771,-0.02358928881585598,-0.27889496088027954,-0.09726814180612564,0.02605389431118965,-0.3404856324195862,-0.020683806389570236,-0.14840970933437347,0.6193897128105164,0.030717957764863968,-0.9128446578979492,-0.13687577843666077,-0.11404143273830414,0.43503469228744507,-0.10653576999902725,-0.27526891231536865,-0.03278393670916557,0.042977310717105865,0.5238282084465027,-0.0060377540066838264,-0.4305621087551117,-0.10720157623291016,-0.09549852460622787,-0.1819896399974823,0.46705174446105957,0.23506717383861542,0.04743054881691933,0.4540374279022217,0.0022680102847516537,0.024389561265707016,-0.07192109525203705,-0.04679634049534798,0.0070937275886535645,0.03277643397450447,-0.001513557625003159,-0.23986442387104034,-0.572222888469696,-0.020848864689469337,0.42602747678756714,0.09914180636405945,0.026561548933386803,-0.32862815260887146,-0.18153762817382812,-0.08248667418956757,-0.5380035042762756,0.0006851762300357223,-0.14388945698738098,0.45997658371925354,0.07536937296390533,-0.2887524962425232,0.38045254349708557,0.2447657585144043,0.06414546817541122,-0.058472711592912674,-0.39625027775764465,0.10926537215709686,-0.14982011914253235,0.1568247675895691,-0.055202823132276535,0.13947877287864685,0.2271895408630371,0.027770603075623512,0.21107125282287598,-0.10541989654302597,0.047076065093278885,-0.09656594693660736,-0.35048049688339233,-0.08765726536512375,0.41470521688461304,-0.32361704111099243,-0.023332953453063965,-0.6115775108337402,-0.07272399216890335,-0.05412434786558151,-0.3497314751148224,0.11461875587701797,-0.06583251804113388,0.36784350872039795,0.3675884008407593,-0.09873061627149582,-0.11274696886539459,0.3775961697101593,-0.6948103308677673,-0.476306676864624,-0.019902799278497696,-0.07192083448171616,0.17459604144096375,-0.48053035140037537,0.11684387922286987,-0.1493719518184662,0.07249447703361511,0.09283490478992462,0.04767828434705734,-0.0672733262181282,-0.17594130337238312,0.09252780675888062,0.05636179447174072,-0.030256252735853195,-0.1602073758840561,0.11213062703609467,-0.10807313024997711,-0.11115314066410065,-0.015417121350765228,-0.07145797461271286,-0.08110945671796799,0.07673858851194382,-0.08080723136663437,-0.3381522297859192,0.3220318853855133,-0.02105206437408924,0.49456992745399475,-0.16616412997245789,-0.9568950533866882,-0.0993424728512764,0.4077283442020416,0.3375604748725891,-0.11883046478033066,0.161225363612175,0.1996062844991684,-0.07200078666210175,-0.06563485413789749,0.052029799669981,0.4418678283691406,-0.05479831621050835,-0.02371380105614662,0.1238088384270668,0.01707136072218418,0.15251418948173523,-0.49290505051612854,0.1113542690873146,0.26266077160835266,0.4196425974369049,-0.09397655725479126,-0.3065164387226105,0.23574677109718323,0.11626987159252167,0.05778893083333969,-0.15204830467700958,0.5635694265365601,-0.13554969429969788,0.08537207543849945,0.02813948318362236,-0.006008808501064777,0.4091525971889496,-0.18367937207221985,0.517423152923584,0.23703154921531677,0.05270729586482048,-0.009550636634230614,0.0946662500500679,-0.11499665677547455,0.01870516501367092,-0.10402818769216537,0.27003780007362366,0.009380809962749481,0.3089343011379242,0.11528843641281128,0.05616721510887146,-0.45464247465133667,0.09794124215841293,0.11148613691329956,-0.009253716096282005,0.1300637274980545,0.29143017530441284,-0.05715981125831604,-0.030736153945326805,0.47890740633010864,0.10053199529647827,0.13080763816833496,-0.16956962645053864,0.3091064393520355,-0.2952945828437805,-0.4719645082950592,0.09931252896785736,0.3700750470161438,-0.09257052093744278,0.2043195217847824,-0.08220992982387543,0.47437334060668945,0.11150628328323364,-0.07304401695728302,-0.19270913302898407,0.157282754778862,0.1330404281616211,-0.33584028482437134,-0.18738240003585815,-0.07995001971721649,0.529544472694397,0.4927842617034912,-0.172112375497818,-0.035271868109703064,0.24783310294151306,0.012642699293792248,-0.0016242265701293945,0.22729727625846863,-0.29563894867897034,0.0932532548904419,0.2624033987522125,0.14502234756946564,-0.522730827331543,0.039827860891819,0.4692307412624359,0.053847599774599075,-0.06959860026836395,0.04825400188565254,-0.1620839685201645
CID000003385,210,-0.004551892168819904,-0.0165542084723711,-0.410640150308609,-0.10208185017108917,0.40178385376930237,0.26923972368240356,-0.04008879140019417,-0.23832884430885315,-0.1935899555683136,0.11424873769283295,0.2410990446805954,-0.49595507979393005,-0.12622101604938507,-0.09712041914463043,-0.23712292313575745,-0.1561562567949295,-0.04663122817873955,-0.14827485382556915,0.07017647475004196,0.016135800629854202,0.10095994174480438,0.03683122247457504,0.11087103188037872,0.10524620860815048,-0.007706892676651478,-0.012636369094252586,-0.18960633873939514,0.03965664654970169,0.05039088800549507,0.27365246415138245,0.007475137710571289,-0.41107359528541565,0.01810680702328682,0.01514241099357605,-0.8996667861938477,0.062427740544080734,-0.14795906841754913,-0.1568961888551712,-0.3179797828197479,0.04376799613237381,-0.03167137876152992,-0.3839553892612457,0.0451086200773716,-0.1134461760520935,0.32856589555740356,0.12859727442264557,0.2976861298084259,0.031226331368088722,-0.053104110062122345,-0.19257886707782745,-0.28416499495506287,-0.18569131195545197,0.08805624395608902,-0.09409551322460175,0.11365246772766113,0.06861595809459686,-0.2303450107574463,0.18187344074249268,0.4265929162502289,0.179486945271492,-0.9584698677062988,-0.027562623843550682,-0.2516399621963501,0.18964441120624542,0.249222993850708,0.10972847044467926,-0.18265879154205322,0.35581010580062866,-0.09026425331830978,-0.11561734974384308,-0.19745425879955292,0.0987054705619812,-0.08214585483074188,-0.21459484100341797,0.368354856967926,0.041915904730558395,0.1578671634197235,0.13122186064720154,0.13812443614006042,-0.16075439751148224,-0.2841836214065552,0.1010827049612999,0.0905429944396019,0.06622660905122757,-0.12552091479301453,0.12646937370300293,-0.04587940126657486,0.054964881390333176,0.5339354872703552,-0.0007855623844079673,0.04182194545865059,-0.04051641374826431,-0.14608946442604065,-0.05301593989133835,-0.5563730001449585,-0.23260092735290527,-0.11626807600259781,0.17320990562438965,-0.1240542083978653,-0.10038276761770248,0.41725414991378784,0.14264428615570068,-0.1341017186641693,-0.0011871128808706999,0.028239134699106216,0.18521574139595032,-0.7093969583511353,0.1642034500837326,0.06637850403785706,-0.013220816850662231,-0.0009233236196450889,0.1048499196767807,0.3123667538166046,-0.08677665144205093,0.10061526298522949,-0.1745830774307251,0.17402856051921844,-0.4615108370780945,-0.004083304665982723,0.25129252672195435,-0.1654871255159378,-0.9304073452949524,0.15944115817546844,-0.057645589113235474,-0.3234879970550537,-0.08869186043739319,-0.04561806470155716,0.24148401618003845,-0.07333236932754517,-0.008480572141706944,-0.5346671342849731,-0.023060932755470276,-0.5419344305992126,-0.35550636053085327,-0.25502175092697144,-0.06203080341219902,0.3964279592037201,-0.15882571041584015,0.13879463076591492,0.041941381990909576,-0.04380253702402115,0.17195017635822296,0.026347488164901733,-0.13470244407653809,-0.012142958119511604,-0.26872679591178894,0.1911161243915558,0.1577913463115692,0.33482521772384644,-0.0867406353354454,-0.11293838918209076,-0.11486531794071198,0.021373432129621506,0.05920436233282089,-0.18965549767017365,0.015434923581779003,-0.026722794398665428,-0.19322605431079865,0.005060350988060236,-0.07641024887561798,-0.02132568135857582,0.08120544254779816,-1.087686538696289,0.18517915904521942,0.4550356864929199,0.1667110025882721,-0.023733392357826233,0.006672322750091553,0.04872645065188408,0.1666620671749115,-0.11387898772954941,-0.10705697536468506,0.1586073935031891,-0.14543215930461884,0.305594265460968,-0.07033542543649673,0.11049482971429825,0.220271036028862,-0.43239831924438477,0.0615365132689476,0.22537454962730408,0.27116742730140686,0.03130672127008438,0.11733378469944,-0.10170695930719376,-0.2808573246002197,-0.3088854253292084,-0.17419052124023438,0.7244714498519897,-0.13196143507957458,0.23081858456134796,-0.41050252318382263,0.021330201998353004,0.058164678514003754,-0.16313348710536957,0.5513108372688293,0.06467299163341522,-0.2259356677532196,-0.20858323574066162,-0.26772814989089966,-0.2263014316558838,-0.1561581939458847,-0.24229708313941956,0.21163833141326904,-0.26230937242507935,0.17209210991859436,0.03726823627948761,0.11937680095434189,-0.20597445964813232,0.14451758563518524,0.2732323110103607,-0.17514637112617493,-0.08040934056043625,-0.28006690740585327,0.20017734169960022,-0.013217759318649769,0.5930026769638062,-0.10790858417749405,-0.0844728946685791,-0.2460353821516037,0.09788844734430313,-0.0035758414305746555,-0.8417837023735046,0.07986827194690704,0.36776161193847656,-0.44446462392807007,0.08807004988193512,-0.33260440826416016,0.9818792343139648,0.07487642765045166,-0.19474244117736816,-0.10890538990497589,0.06374029815196991,-0.20915715396404266,-0.5727940797805786,-0.31581467390060425,-0.04663807898759842,0.2349085807800293,-0.0867709070444107,0.067171610891819,-0.5044013261795044,0.058921486139297485,0.052929412573575974,-0.06086242198944092,-0.037126630544662476,-0.23128493130207062,0.17018702626228333,-0.09085214138031006,-0.25030064582824707,-0.8579641580581665,0.016956079751253128,0.2846250832080841,0.4401831030845642,-0.0130166532471776,-0.0804579108953476,0.19763906300067902
CID000034312,211,-0.13188160955905914,-0.11975516378879547,0.055588655173778534,-0.2760399281978607,0.3634074330329895,0.30011940002441406,-0.18165838718414307,-0.24463722109794617,-0.2476874142885208,-0.22410234808921814,0.09256179630756378,-0.3979705274105072,-0.05455823615193367,-0.3685974180698395,0.08710359781980515,0.1852562576532364,0.05887332558631897,0.1700085699558258,0.07822613418102264,-0.2424681931734085,-0.06604710221290588,-0.042971402406692505,0.03314543515443802,-0.13462762534618378,0.23737311363220215,0.03637536242604256,0.17782703042030334,-0.2645363211631775,-0.24087674915790558,0.5373742580413818,-0.12424319982528687,0.12692029774188995,0.0082615427672863,-0.02518952451646328,-0.3770965039730072,0.024232149124145508,-0.809007465839386,-0.3837510645389557,-0.17842043936252594,0.0037227615248411894,0.04578367993235588,0.061560630798339844,-0.3882099390029907,-0.1942576915025711,0.1651974469423294,0.18735258281230927,0.004696893505752087,-0.1351930797100067,-0.10828454792499542,0.015741294249892235,-0.16403931379318237,0.14641523361206055,-0.17441430687904358,-0.16895976662635803,0.15170693397521973,-0.05577802658081055,0.13276536762714386,0.06452856212854385,0.12962858378887177,0.0025964349042624235,-0.7331272959709167,0.16879108548164368,-0.017070502042770386,0.3899414539337158,0.16441380977630615,0.35443225502967834,-0.20927266776561737,-0.09811104834079742,-0.17926755547523499,0.06666319072246552,0.006096837110817432,0.06795477122068405,-0.0036549419164657593,-0.30922895669937134,0.027216171845793724,0.07749886810779572,-0.24927985668182373,0.04935906082391739,0.003996190614998341,0.20486369729042053,-0.14482247829437256,0.040717966854572296,-0.097524493932724,-0.3111102283000946,0.08505924791097641,0.16719397902488708,-0.2134922444820404,-0.009250601753592491,0.6786439418792725,-0.1205986738204956,-0.12123814970254898,-0.14407478272914886,-0.013552417047321796,0.007110023405402899,-0.5291920304298401,-0.006557228974997997,-0.3346661329269409,0.6198573708534241,0.1588422954082489,-0.35702815651893616,0.41842031478881836,0.16248169541358948,-0.20182862877845764,0.027975326403975487,-0.057965654879808426,0.016527745872735977,-0.16655711829662323,0.17211544513702393,-0.014510157518088818,0.4291974604129791,0.21145406365394592,0.09194207191467285,0.26656365394592285,-0.21577441692352295,0.14356131851673126,0.034500814974308014,-0.13044606149196625,-0.2058078795671463,0.1304069459438324,0.15906453132629395,-0.07300080358982086,-0.5476148724555969,0.041533537209033966,-0.37801581621170044,-0.4292244017124176,0.050516001880168915,0.1102675199508667,0.3071575164794922,0.023166032508015633,0.10978676378726959,0.12567274272441864,0.3556111752986908,-0.6682168245315552,-0.19332394003868103,-0.06209806725382805,0.2328713834285736,0.2506611943244934,-0.02492319606244564,0.005544611718505621,0.004090490750968456,0.0037661425303667784,0.4414392411708832,-0.22256188094615936,0.20294180512428284,0.0704910084605217,0.01716736890375614,-0.05122461915016174,-0.15166287124156952,0.00862540490925312,-0.08744055032730103,-0.018442660570144653,-0.07811261713504791,-0.14428994059562683,-0.1272832453250885,0.34320852160453796,0.21091870963573456,-0.13089624047279358,-0.4712386131286621,0.015547489747405052,0.008794212713837624,0.034826021641492844,-0.029638225212693214,-0.8537247776985168,0.07319685816764832,0.022352617233991623,0.29602882266044617,-0.25148144364356995,-0.05028419569134712,0.2607024013996124,-0.018597830086946487,-0.35644015669822693,-0.1395791471004486,0.5241950154304504,-0.2526383101940155,-0.1178634762763977,-0.22711487114429474,0.08198809623718262,0.048012424260377884,-0.2807050347328186,-0.14631949365139008,0.15468284487724304,0.42341041564941406,0.08414234966039658,-0.1057451143860817,-0.026765311136841774,0.06496623158454895,-0.49703365564346313,-0.12999391555786133,0.46458953619003296,0.06948528438806534,-0.0015604853397235274,-0.1321885585784912,-0.0149747459217906,-0.23806297779083252,-0.113033726811409,0.6738444566726685,-0.14898104965686798,0.0027298510540276766,-0.5405031442642212,-0.17345330119132996,-0.04131888598203659,0.12153749167919159,-0.4042429029941559,0.17892304062843323,-0.11936764419078827,0.30861377716064453,0.02393287979066372,-0.2871716618537903,-0.10007987171411514,0.04605928063392639,0.07795939594507217,0.10376421362161636,0.06292595714330673,-0.10559089481830597,0.20012405514717102,-0.14897818863391876,0.24770613014698029,0.01298783253878355,-0.26313674449920654,-0.2730989158153534,-0.02529912069439888,-0.026163417845964432,-0.5057867765426636,0.10548565536737442,0.2584558427333832,0.32250142097473145,0.2714151442050934,-0.15885940194129944,0.5212468504905701,0.16442996263504028,-0.11882711946964264,-0.3725326657295227,-0.21482150256633759,0.1216961145401001,-0.23687298595905304,-0.1826900988817215,0.02003617212176323,0.09481556713581085,0.20581288635730743,0.01694878377020359,-0.24772992730140686,0.09689132869243622,-0.04495403915643692,-0.18577462434768677,0.09300211071968079,-0.39463773369789124,0.2222534716129303,-0.02909032069146633,0.06481172144412994,-0.665865957736969,0.1247495785355568,0.010450218804180622,0.1930236518383026,-0.02631022408604622,0.06758485734462738,-0.09658104181289673
CID000005203,214,-0.07453137636184692,-0.009943567216396332,-0.021618466824293137,-0.07779295742511749,0.45524224638938904,0.24540428817272186,-0.06053762510418892,-0.029870295897126198,-0.3165876269340515,-0.06551249325275421,0.06255891919136047,-0.32347390055656433,-0.04136951267719269,-0.15767547488212585,0.11581636965274811,-0.08342033624649048,0.035501301288604736,-0.01660597324371338,-0.06912054866552353,-0.060507841408252716,0.23759779334068298,0.051284242421388626,0.05562058836221695,0.07660333812236786,-0.15604455769062042,0.13291999697685242,-0.04918532818555832,0.038479410111904144,-0.026208575814962387,0.27371448278427124,0.11318697780370712,-0.39695438742637634,0.028881952166557312,-0.09307495504617691,-0.6601487994194031,-0.03322957083582878,-0.24354569613933563,-0.25007563829421997,-0.013988269492983818,-0.15399609506130219,0.1321214884519577,-0.028753673657774925,-0.01117849163711071,-0.10621389001607895,0.11914883553981781,0.11630578339099884,0.06001458317041397,-0.012886404991149902,-0.0674726665019989,-0.0419972687959671,-0.19635410606861115,-0.008044478483498096,0.1394144743680954,-0.07473713159561157,0.07258625328540802,0.020601416006684303,-0.0027068941853940487,0.003632277250289917,0.18257734179496765,0.03728056699037552,-0.9482914805412292,-0.023057669401168823,-0.09066873788833618,0.27197977900505066,0.182449072599411,0.16323937475681305,-0.15985925495624542,0.14231424033641815,0.19813144207000732,0.12002013623714447,-0.1259380280971527,-0.023163489997386932,0.0067174555733799934,-0.08861584961414337,0.22144022583961487,-0.07502387464046478,-0.10208746045827866,0.07851962745189667,0.21997804939746857,-0.06421883404254913,-0.35088738799095154,-0.09004931151866913,0.0916956216096878,-0.05443034693598747,-0.10144016891717911,-0.10108570754528046,-0.31265461444854736,0.10821136087179184,0.4146346151828766,-0.2776034474372864,-0.029636144638061523,0.12895533442497253,0.03448621556162834,-0.10252578556537628,-0.5813816785812378,0.019313717260956764,-0.18389835953712463,0.31481295824050903,0.13321571052074432,-0.2435029298067093,0.45477214455604553,0.2883313000202179,0.08936018496751785,-0.06292735785245895,-0.06787288188934326,-0.013412880711257458,-0.48099637031555176,0.1635502576828003,0.11502180248498917,-0.04758428409695625,-0.06548959016799927,0.009330546483397484,0.3031351566314697,0.10424425452947617,-0.01827320270240307,0.004405515734106302,-0.12590689957141876,-0.03220190852880478,0.12250132858753204,0.0821695551276207,-0.1628890484571457,-0.5996395349502563,-0.05194814130663872,-0.08958111703395844,-0.40539512038230896,0.05645861476659775,0.024202363565564156,0.18656490743160248,0.08463560044765472,0.05736728757619858,-0.1870863139629364,0.01825350522994995,-0.5543047189712524,-0.22357702255249023,-0.24076740443706512,-0.14803650975227356,0.22757577896118164,0.03936300054192543,-0.0714912861585617,-0.028043970465660095,0.02243947610259056,0.05541573092341423,-0.2938504219055176,0.06637902557849884,0.020241204649209976,-0.0848039761185646,0.05885184928774834,0.07051960378885269,0.13614097237586975,0.0705343708395958,-0.18236233294010162,-0.05798220634460449,0.16478902101516724,0.05571942403912544,0.09316791594028473,-0.01295366883277893,-0.10406909883022308,-0.3528415560722351,0.1427578181028366,-0.08020175248384476,0.02306405082345009,-0.09958561509847641,-1.0432356595993042,0.18939566612243652,0.12834210693836212,0.2372450828552246,-0.01587592251598835,0.03969688341021538,0.19625096023082733,0.01379761565476656,0.04439646005630493,-0.14216241240501404,0.3585031032562256,-0.15337130427360535,-0.09833028167486191,-0.006020581815391779,0.2165878713130951,0.12654949724674225,-0.4297761917114258,-0.004265680909156799,0.19889883697032928,0.2658410668373108,-0.007346781902015209,0.09536094218492508,-0.18000327050685883,-0.005634053144603968,-0.18577301502227783,0.08532694727182388,0.6583037972450256,-0.027160365134477615,0.11614372581243515,-0.16888883709907532,0.08546372503042221,-0.09663243591785431,-0.1842152625322342,0.43300217390060425,0.17921100556850433,-0.13035890460014343,-0.21339838206768036,-0.1244397908449173,-0.03947930783033371,-0.10639693588018417,-0.0925665944814682,0.15843357145786285,-0.1852884739637375,0.288483202457428,0.027501339092850685,-0.0014577626716345549,-0.061565518379211426,-0.18389281630516052,0.33150818943977356,0.003174221608787775,0.07483740150928497,0.0575268492102623,0.16859504580497742,-0.035466283559799194,0.40878552198410034,-0.20762690901756287,-0.04684402793645859,-0.2778303623199463,0.014335192739963531,-0.13081161677837372,-0.5421635508537292,-0.019367393106222153,0.2517000436782837,-0.1223069429397583,0.2226240336894989,-0.2198859453201294,0.6649158596992493,0.18646982312202454,0.03103688918054104,-0.29699045419692993,-0.10998950898647308,0.03275079280138016,-0.5965405702590942,-0.23805661499500275,0.11646513640880585,0.29565510153770447,0.08676771074533463,-0.10346784442663193,-0.16496577858924866,-0.07266171276569366,0.13429871201515198,0.02675643563270569,0.06059841066598892,-0.2879762053489685,0.15234999358654022,-0.11091919988393784,-0.10430391877889633,-0.6189601421356201,-0.02823234722018242,0.018433265388011932,0.26605886220932007,0.03469983488321304,0.14199033379554749,0.037693582475185394
CID000002477,215,0.02425542101264,-0.13654330372810364,0.015204792842268944,-0.10309263318777084,0.3670541048049927,0.22705674171447754,-0.22663259506225586,0.17237116396427155,-0.2970505356788635,-0.22420856356620789,0.12810233235359192,-0.377585232257843,0.04763812571763992,-0.16604436933994293,0.013242125511169434,-0.01644989475607872,0.033287446945905685,0.11552035808563232,-0.12586650252342224,-0.05927572771906853,0.0009609639528207481,0.017520304769277573,0.04763225466012955,-0.02507198415696621,0.034175530076026917,-0.11296435445547104,-0.09833387285470963,0.007505351211875677,-0.004627677146345377,0.3991784453392029,0.09705258905887604,-0.33735352754592896,-0.07032398879528046,-0.008037315681576729,-0.4458761215209961,-0.00409312080591917,-0.06730572879314423,-0.3274584710597992,-0.11388276517391205,-0.10530184209346771,0.14528414607048035,0.027052665129303932,-0.16031420230865479,-0.11964954435825348,0.31735295057296753,0.07108207046985626,-0.04552580788731575,0.211991548538208,-0.04787786304950714,-0.1084921807050705,-0.17747196555137634,0.22990870475769043,-0.00678406935185194,-0.042342133820056915,0.10652526468038559,-0.1069469079375267,-0.12455175817012787,-0.047863803803920746,0.12144627422094345,0.1234259232878685,-0.9208976626396179,-0.08316978067159653,-0.26285070180892944,0.027852237224578857,0.11203684657812119,0.201365664601326,-0.1399686187505722,0.0227680467069149,0.025791268795728683,0.033533647656440735,-0.15599331259727478,0.10478512942790985,0.028173675760626793,-0.30189448595046997,0.03914540633559227,-0.04081207886338234,-0.17945550382137299,0.15717193484306335,0.2476043701171875,-0.037052854895591736,-0.22647424042224884,-0.02066096104681492,-0.07385768741369247,-0.06157093122601509,-0.0848391130566597,-0.17784865200519562,-0.2192005217075348,-0.08321122080087662,0.20537681877613068,-0.20181865990161896,0.00794539600610733,-0.13036006689071655,0.10666997730731964,-0.010996573604643345,-0.40255746245384216,0.03147845342755318,-0.07841767370700836,0.23820194602012634,0.330392062664032,-0.2426156997680664,0.22877199947834015,0.11529061943292618,-0.22062425315380096,-0.037780094891786575,-0.26341792941093445,0.0859244093298912,-0.5507970452308655,0.25747278332710266,0.09435323625802994,0.030258769169449806,0.2674466669559479,0.17339077591896057,0.24113336205482483,0.025314506143331528,-0.01082996092736721,0.043088316917419434,0.08789276331663132,-0.12213478237390518,0.3406180739402771,0.030026236549019814,-0.14986993372440338,-0.4862438142299652,0.3437463045120239,-0.1259598284959793,-0.4654432237148285,0.09970907866954803,-0.05460713058710098,0.4858703017234802,0.14344221353530884,-0.0076274750754237175,-0.21144381165504456,-0.00658224243670702,-0.35743123292922974,-0.24343784153461456,-0.322310209274292,-0.2362004518508911,0.1336486041545868,-0.26668059825897217,-0.009518538601696491,0.015937458723783493,0.07185180485248566,0.04799460619688034,-0.1412358433008194,0.13988420367240906,0.06512632220983505,-0.03838711231946945,0.2662283778190613,-0.05473678186535835,0.07043121755123138,0.058480244129896164,-0.018677903339266777,-0.03096688911318779,-0.10435092449188232,0.12483716011047363,-0.1256139874458313,-0.0654396265745163,-0.08822213858366013,-0.3779485523700714,0.2467050999403,-0.06193208694458008,0.1550804078578949,0.025136807933449745,-0.8207073211669922,0.05936179310083389,0.3417835235595703,0.27533572912216187,-0.12104684114456177,-0.022755054756999016,0.19524993002414703,0.00556869525462389,-0.11712004989385605,-0.21806368231773376,0.3619746267795563,-0.05077921226620674,-0.06082669645547867,0.2225361317396164,0.05495033413171768,0.16096529364585876,-0.5281884074211121,-0.35202106833457947,0.20746812224388123,0.33486348390579224,0.028756678104400635,-0.0723893791437149,-0.08467969298362732,0.009311827830970287,-0.24434144794940948,-0.005329518113285303,0.41022467613220215,-0.11876760423183441,0.3665156662464142,-0.23940496146678925,0.09646587073802948,-0.16897040605545044,-0.1977723240852356,0.3782174587249756,-0.01457897573709488,-0.03139042109251022,-0.16397592425346375,-0.1894034445285797,0.03936755657196045,0.17385229468345642,-0.1638617217540741,0.09591715037822723,-0.04738900810480118,0.08726021647453308,-0.11216672509908676,-0.08323486149311066,-0.35789957642555237,-0.10153239965438843,0.1553436666727066,0.10108809173107147,0.08998683094978333,0.03364839032292366,0.0014990210765972733,0.006813784129917622,0.32301872968673706,-0.14292314648628235,0.010241968557238579,-0.23397235572338104,-0.012487160973250866,-0.10297048091888428,-0.459932416677475,0.07986457645893097,0.16541610658168793,-0.0759567990899086,0.2895428538322449,-0.18791015446186066,0.4927133619785309,0.10371807962656021,-0.0333050861954689,-0.17484977841377258,-0.11242832988500595,0.01637563854455948,-0.5836537480354309,-0.2345980405807495,0.04675383120775223,0.19496473670005798,0.44235068559646606,-0.019553568214178085,-0.054552964866161346,-0.004472565837204456,0.042481787502765656,-0.0314347967505455,0.007784676738083363,-0.15375837683677673,0.11576566845178604,0.017094388604164124,0.24711322784423828,-0.48318785429000854,0.2513849437236786,0.05358721688389778,0.07224900275468826,-0.09894991666078568,-0.05030246824026108,-0.21331827342510223
CID000032797,216,-0.16703395545482635,-0.13078300654888153,-0.04957451671361923,-0.348361611366272,0.11212082207202911,0.500211238861084,0.023795751854777336,0.0075928568840026855,-0.4007907807826996,-0.2297249138355255,0.04384614899754524,-0.3082738518714905,0.24294117093086243,-0.33913952112197876,0.06863192468881607,0.000938373792450875,-0.1121678575873375,0.09337203204631805,-0.22102078795433044,-0.2578529715538025,-0.11819642782211304,0.0391744002699852,0.10032264143228531,0.1977510154247284,0.010740524157881737,0.1471782624721527,-0.19792230427265167,-0.12840783596038818,-0.1129528284072876,0.4204178750514984,0.2770330607891083,-0.09701160341501236,-0.3897334933280945,0.012202538549900055,-0.30271080136299133,0.08384458720684052,-0.07194515317678452,-0.39329850673675537,-0.017684366554021835,0.0031439648009836674,0.12377496063709259,0.07219214737415314,-0.17379271984100342,0.20939722657203674,0.35062843561172485,0.1828894019126892,-0.13629260659217834,0.18988898396492004,-0.08695188909769058,-0.059936992824077606,-0.2626185417175293,0.043489016592502594,-0.30404818058013916,-0.2992757260799408,-0.009898995980620384,-0.32627972960472107,0.04047427326440811,-0.1389542520046234,0.5378923416137695,-0.005851554684340954,-0.8875552415847778,-0.03130507469177246,-0.13265559077262878,0.3128250539302826,-0.1533200740814209,-0.17886532843112946,-0.05087687820196152,0.03130387142300606,0.5332807302474976,-0.07242738455533981,-0.3841816186904907,-0.13435710966587067,0.04847980663180351,-0.1458275020122528,0.329990416765213,0.25551238656044006,0.04082043841481209,0.35921722650527954,0.06274739652872086,-0.00267985463142395,-0.10512925684452057,-0.023924659937620163,0.031013106927275658,-0.06746862083673477,0.027824902907013893,-0.14027442038059235,-0.6339879631996155,-0.012270815670490265,0.3900788426399231,0.0801645964384079,0.05428000167012215,-0.2880255877971649,-0.1981905996799469,-0.06909430027008057,-0.489915132522583,-0.06346143037080765,-0.07830443233251572,0.39760535955429077,0.03529348224401474,-0.21938538551330566,0.3430555760860443,0.2467939406633377,0.021685469895601273,-0.07046487927436829,-0.3926999568939209,0.07091867923736572,-0.26609402894973755,0.21574720740318298,-0.047348666936159134,0.2285885363817215,0.24347002804279327,0.04130544140934944,0.09571821987628937,0.011174710467457771,0.02238668128848076,-0.061097413301467896,-0.4009355902671814,-0.07079092413187027,0.3619392514228821,-0.3201131224632263,-0.08139614760875702,-0.5608855485916138,-0.03112749382853508,0.004882992710918188,-0.33051493763923645,0.13376912474632263,-0.05306806042790413,0.3439723253250122,0.2733715772628784,-0.07009546458721161,-0.06305558979511261,0.4317469000816345,-0.668493926525116,-0.4440990388393402,0.0029573545325547457,-0.14446598291397095,0.18441984057426453,-0.2886106073856354,0.10682940483093262,-0.14770808815956116,0.0010814234847202897,0.18669459223747253,-0.010476606898009777,-0.13853135704994202,-0.24293145537376404,0.0755959302186966,0.20889858901500702,-0.07554268836975098,-0.10036414861679077,0.1552291214466095,-0.15382130444049835,-0.17407318949699402,-0.08261916041374207,-0.0937703400850296,-0.07966000586748123,0.048379331827163696,-0.08731396496295929,-0.3874450922012329,0.3822818696498871,-0.0718941017985344,0.40829044580459595,-0.15834298729896545,-0.9144114255905151,-0.1389991044998169,0.37315016984939575,0.34564003348350525,-0.011657300405204296,0.12329461425542831,0.1621028035879135,-0.05293598026037216,-0.013536426238715649,0.027764156460762024,0.4892415404319763,-0.049925871193408966,-0.04036153852939606,0.1787944734096527,0.05012594535946846,0.17807015776634216,-0.4813478887081146,0.05368223786354065,0.2741202414035797,0.43944329023361206,-0.07194541394710541,-0.28445497155189514,0.23418274521827698,0.08744277060031891,0.030420327559113503,-0.09639604389667511,0.5472453832626343,-0.12589101493358612,0.13068805634975433,-0.019682757556438446,0.015828469768166542,0.2714313864707947,-0.17031395435333252,0.5509379506111145,0.23470060527324677,-0.006890913937240839,-0.013807371258735657,0.11319820582866669,-0.0723676085472107,-0.03220532089471817,-0.10142113268375397,0.2456584870815277,-0.031649358570575714,0.33658474683761597,0.06817479431629181,-0.011012846603989601,-0.27738484740257263,0.03350246697664261,0.10343591868877411,0.03380031883716583,0.08802567422389984,0.16389936208724976,-0.0466635525226593,-0.03832733631134033,0.43871966004371643,0.09453316032886505,0.19710016250610352,-0.21497711539268494,0.34145259857177734,-0.2530713379383087,-0.5179234743118286,0.06142355129122734,0.3314732611179352,-0.10094716399908066,0.15112605690956116,-0.23345351219177246,0.525495171546936,0.11162002384662628,-0.10991308838129044,-0.240047425031662,0.16821983456611633,0.1196405440568924,-0.3482956290245056,-0.23972013592720032,-0.04469479247927666,0.4738009572029114,0.5193665623664856,-0.14152970910072327,-0.004173795692622662,0.151596337556839,0.023768732324242592,0.04723336547613144,0.29722151160240173,-0.22599847614765167,0.1351831555366516,0.23242898285388947,0.1924898326396942,-0.4803186357021332,0.07329140603542328,0.4732987880706787,0.012757631950080395,-0.1148247942328453,-0.007287672255188227,-0.09467396885156631
CID000000143,219,-0.18064114451408386,-0.038117147982120514,-0.021604936569929123,-0.07176291942596436,0.1943255364894867,0.32873380184173584,-0.08322615176439285,0.086127370595932,-0.217495396733284,-0.1897606998682022,0.16577546298503876,-0.5007464289665222,0.22635069489479065,-0.16637563705444336,-0.13171420991420746,-0.007497916929423809,0.06267011910676956,0.13646268844604492,0.11762408167123795,-0.07365064322948456,-0.009952003136277199,-0.022614115849137306,-0.04359167441725731,-0.19433686137199402,0.025242894887924194,-0.14263680577278137,0.20528142154216766,0.0828770324587822,-0.13555389642715454,0.27276092767715454,-0.12615875899791718,0.20366278290748596,0.0471201054751873,0.06368692964315414,-0.6164125204086304,-0.07642640918493271,0.050745099782943726,-0.2519586384296417,-0.04167169705033302,0.06434240937232971,0.21218791604042053,0.12300629913806915,-0.1015050858259201,0.09641797840595245,0.22739188373088837,0.21888616681098938,0.22607307136058807,-0.2295229136943817,0.1382051408290863,-0.1467168629169464,-0.4745098054409027,0.1769680231809616,-0.36348551511764526,-0.03479969874024391,0.2717666029930115,-0.06158357113599777,0.04661969095468521,-0.23958392441272736,0.1867469996213913,0.26931166648864746,-0.8003767728805542,0.11025480180978775,-0.4481216073036194,-0.05284152552485466,0.028613543137907982,0.06873047351837158,-0.2850867807865143,0.3324670195579529,0.014683753252029419,0.09218492358922958,0.0352834053337574,-0.09936627000570297,0.058256618678569794,0.055513519793748856,0.095806784927845,0.16157057881355286,0.015445850789546967,0.25416818261146545,-0.0839902013540268,-0.18936312198638916,-0.26697176694869995,0.05813058093190193,-0.1992175281047821,-0.24085597693920135,-0.05675779655575752,-0.0027207096572965384,-0.2525327801704407,-0.23977811634540558,0.19924607872962952,-0.07867374271154404,-0.04405386373400688,-0.2878260016441345,0.012308831326663494,-0.05215750262141228,-0.3167071044445038,-0.04899243265390396,-0.21559014916419983,0.13380393385887146,0.37489455938339233,-0.283002108335495,0.13167312741279602,0.10641969740390778,-0.1408618986606598,-0.020254962146282196,-0.20531705021858215,0.062309302389621735,-0.44539886713027954,0.2539326548576355,-0.02248517796397209,0.19080054759979248,0.3072153329849243,0.20413577556610107,0.029178017750382423,0.09543921053409576,-0.03221849352121353,0.03637795150279999,-0.014241536147892475,-0.397666871547699,0.08496111631393433,0.13066533207893372,-0.11017660051584244,-0.693303644657135,-0.12277420610189438,-0.0021419688127934933,-0.3288234770298004,0.18526235222816467,0.11477067321538925,0.24758586287498474,0.23430971801280975,0.044124357402324677,-0.1522371619939804,-0.0346653088927269,-0.48904386162757874,-0.3277451694011688,-0.23111896216869354,0.0066022747196257114,0.15116004645824432,-0.20396216213703156,-0.029123619198799133,-0.13362184166908264,-0.06250239908695221,0.10149353742599487,0.1997067630290985,0.06868226826190948,-0.17228356003761292,-0.012533232569694519,-0.09337200969457626,-0.052102647721767426,0.06986601650714874,-0.07560949772596359,0.0526634156703949,0.30112752318382263,0.12098105996847153,0.26662880182266235,0.03550853580236435,-0.054516516625881195,-0.04663504660129547,-0.3725597560405731,0.20259208977222443,-0.013649111613631248,-0.010833457112312317,-0.06001953035593033,-0.7416096925735474,0.07055564969778061,0.3683195114135742,0.12394783645868301,-0.016159558668732643,-0.22458398342132568,0.10325278341770172,0.04101276397705078,-0.0210210382938385,-0.17742697894573212,0.37358731031417847,-0.10712023824453354,0.08744450658559799,-0.20875945687294006,0.13926580548286438,0.10934589058160782,-0.43383097648620605,-0.04858166724443436,0.3328454792499542,0.2822633385658264,0.09584644436836243,-0.06073220446705818,-0.058889131993055344,-0.11809482425451279,-0.19952958822250366,-0.33321788907051086,0.5239886045455933,-0.06865038722753525,0.13423915207386017,-0.1359787881374359,-0.12910565733909607,-0.09521108120679855,-0.038013555109500885,0.2436693012714386,-0.08296019583940506,-0.15579448640346527,-0.1384042352437973,0.1137709990143776,0.25063446164131165,-0.15376678109169006,-0.05194871872663498,0.1668916493654251,0.06845525652170181,0.14574794471263885,0.07059010118246078,-0.023680005222558975,-0.06418828666210175,-0.07997196167707443,-0.026285478845238686,0.1203283816576004,-0.014013225212693214,0.026849865913391113,-0.012537127360701561,0.20252427458763123,0.46184009313583374,-0.0518963448703289,0.1376020610332489,-0.2420210838317871,-0.2051527053117752,-0.16523078083992004,-0.4198686480522156,-0.05723999813199043,0.2947559356689453,-0.1454753279685974,0.36841490864753723,-0.17075635492801666,0.6170370578765869,-0.0074312156066298485,-0.04073941335082054,-0.0885801613330841,-0.06492692232131958,0.09567161649465561,-0.39155563712120056,-0.16797006130218506,-0.18147505819797516,0.1375596970319748,0.34654778242111206,0.1607239544391632,-0.16889247298240662,-0.11203314363956451,0.14768020808696747,0.04995959624648094,0.17456772923469543,0.13955363631248474,0.1542688012123108,-0.028974508866667747,0.3352992832660675,-0.7055208683013916,-0.04275231435894966,0.4580686688423157,0.03192748874425888,-0.14236381649971008,0.032630205154418945,-0.10195348411798477
CID000004595,220,0.058080535382032394,0.19867894053459167,0.05255689471960068,-0.05110367387533188,0.43057435750961304,0.2821302115917206,0.25936633348464966,-0.28155532479286194,-0.18237575888633728,-0.2294071614742279,0.285079687833786,-0.4810032844543457,0.2623550295829773,-0.35675689578056335,-0.2629031538963318,-0.14503097534179688,-0.09771296381950378,0.030077731236815453,-0.018253277987241745,0.14133372902870178,0.32728129625320435,0.16628122329711914,-0.26089268922805786,-0.041913874447345734,0.09031830728054047,-0.29949551820755005,0.2113575041294098,-0.09683439880609512,-0.019604310393333435,0.2464463710784912,-0.19062849879264832,0.21802334487438202,-0.085052490234375,-0.03245458006858826,-0.6842700242996216,0.014984446577727795,-0.35154297947883606,-0.38146647810935974,-0.4897335171699524,0.10354579985141754,0.22406773269176483,0.09507894515991211,-0.35309311747550964,-0.05827077478170395,0.4032052159309387,-0.05034701153635979,-0.028299739584326744,-0.035109590739011765,0.06852058321237564,-0.06277476996183395,-0.5571514368057251,0.07585455477237701,-0.26302894949913025,-0.02971481718122959,0.12506762146949768,-0.12084035575389862,-0.03389238193631172,0.0987306609749794,0.43921035528182983,0.08397724479436874,-0.9089713096618652,-0.049990903586149216,-0.4574529528617859,0.2642410397529602,-0.14559006690979004,0.23023715615272522,-0.23434464633464813,0.48244738578796387,-0.05264298990368843,0.022869359701871872,-0.08988989889621735,-0.13642646372318268,-0.07727934420108795,0.3717990815639496,0.3266957402229309,0.08867818117141724,-0.14900609850883484,0.2749841809272766,0.13175661861896515,-0.24507026374340057,-0.13242660462856293,0.05978844314813614,0.08729288727045059,-0.06850768625736237,-0.14163045585155487,-0.006183703429996967,-0.1834363043308258,0.2082110196352005,0.5449258089065552,0.3201688230037689,0.0443168468773365,-0.03253214433789253,-0.15381735563278198,0.12393069267272949,-0.6310373544692993,-0.18534593284130096,-0.16773538291454315,0.2755510210990906,0.10043542087078094,-0.3432486653327942,0.38263440132141113,0.10589609295129776,-0.45164909958839417,0.1868385523557663,-0.05559975653886795,0.15276344120502472,-0.3049136996269226,0.2555290460586548,0.1451180875301361,0.19645319879055023,-0.09586811810731888,0.17481154203414917,0.15591402351856232,0.03287952020764351,0.21303308010101318,-0.06963939964771271,0.3009395897388458,-0.4532619118690491,0.532848060131073,0.11316613852977753,0.20931296050548553,-0.8460896611213684,-0.0333232618868351,-0.16061356663703918,-0.5506793260574341,-0.03753461688756943,-0.02913024090230465,0.40562447905540466,0.328485906124115,0.11796200275421143,0.21056517958641052,0.04581154137849808,-0.581859290599823,-0.20505566895008087,0.1548663079738617,-0.008347505703568459,0.23024022579193115,-0.16194342076778412,0.1915060579776764,-0.10499284416437149,-0.05412235110998154,0.09086459875106812,0.14118514955043793,-0.20499563217163086,-0.21133169531822205,0.08204934746026993,-0.12545010447502136,-0.011441710405051708,0.1515999734401703,0.24153359234333038,-0.10297075659036636,-0.013759317807853222,-0.06802694499492645,0.1898508220911026,0.2079150676727295,-0.16141244769096375,-0.13393190503120422,-0.22086767852306366,-0.17307868599891663,0.16567730903625488,0.10369198024272919,0.03502072021365166,-0.8528159260749817,-0.03553749993443489,0.7104025483131409,0.12087839841842651,-0.3798973560333252,0.08367852866649628,-0.16577008366584778,-0.06636832654476166,-0.25172385573387146,-0.17671355605125427,0.5023698210716248,0.09644171595573425,-0.03202415630221367,-0.10627821832895279,0.15915045142173767,0.1624070703983307,-0.37116891145706177,-0.02741747722029686,0.058714497834444046,0.21937446296215057,0.03582349419593811,-0.07718370854854584,0.01253924984484911,-0.148463636636734,-0.23809567093849182,-0.093452587723732,0.6454216837882996,-0.030403992161154747,-0.06416269391775131,-0.45636114478111267,0.10021249204874039,-0.08945698291063309,-0.1479816436767578,0.2433914840221405,-0.23312024772167206,-0.1932847946882248,-0.4903178811073303,0.04230993241071701,-0.044584400951862335,-0.3706223964691162,-0.4427899718284607,0.0036288886331021786,0.06604965031147003,0.3252080976963043,-0.2160443812608719,-0.04870271310210228,-0.4041185975074768,-0.049260932952165604,0.24925866723060608,-0.04000753164291382,-0.18536709249019623,0.04211098700761795,0.1608206331729889,-0.31322211027145386,0.6366488337516785,0.4673597812652588,0.06586150079965591,-0.07744167000055313,0.24469900131225586,0.05446751043200493,-0.6179622411727905,-0.06597013771533966,0.21782071888446808,0.18625254929065704,0.33173495531082153,-0.1038498654961586,1.1368051767349243,0.09525569528341293,-0.3221450746059418,-0.16923116147518158,-0.03224272280931473,-0.053653717041015625,-0.3493120074272156,-0.2592927813529968,0.3149903416633606,0.17985713481903076,0.0790385827422142,-0.033977754414081573,-0.31970465183258057,-0.09310472756624222,0.08335176110267639,-0.15518738329410553,-0.27990180253982544,-0.362687885761261,0.22406139969825745,0.13024838268756866,-0.009106826968491077,-0.9582418203353882,-0.054465167224407196,0.672296404838562,0.33281365036964417,0.279340922832489,0.12250997126102448,-0.2975797653198242
CID000003957,221,-0.2204260528087616,0.1301487684249878,0.38034114241600037,-0.15634356439113617,0.22955629229545593,0.38580459356307983,-0.1116076111793518,-0.1256079077720642,-0.3473133444786072,-0.21283988654613495,0.020491790026426315,-0.4140089154243469,0.315579354763031,-0.2477470338344574,-0.20174670219421387,0.04604223370552063,0.05758174508810043,0.12984852492809296,0.0737348422408104,0.05649808794260025,-0.19249644875526428,-0.03492220491170883,-0.08980481326580048,-0.1467628926038742,0.11429174989461899,-0.26486724615097046,0.0316852405667305,-0.177617609500885,-0.22146601974964142,0.2802000641822815,-0.2005072385072708,-0.05685592442750931,-0.29215243458747864,-0.04783406853675842,-0.3269835114479065,-0.1439790278673172,-0.2653290331363678,-0.3978186845779419,-0.258701354265213,-0.24701766669750214,0.23496444523334503,-0.03547986224293709,-0.17964614927768707,-0.2822701334953308,0.27612432837486267,0.16687330603599548,0.12207286059856415,0.0893993228673935,-0.16831424832344055,-0.05369018763303757,-0.44068798422813416,0.2202204167842865,-0.14328894019126892,-0.01721523143351078,0.04994919151067734,0.04623857140541077,-0.07915844023227692,0.04154433682560921,0.16671700775623322,0.3642924427986145,-0.8086618185043335,-0.021966326981782913,-0.09914912283420563,0.6141147017478943,0.09420879185199738,0.17936237156391144,-0.18730396032333374,0.12863357365131378,0.10810180008411407,-0.04662078246474266,-0.2385224848985672,0.15840917825698853,0.05425584316253662,-0.11464337259531021,0.021633576601743698,-0.01692275144159794,0.02603718638420105,0.20342698693275452,-0.15169388055801392,0.031975336372852325,-0.16749075055122375,0.1964496523141861,-0.3236566185951233,-0.33548516035079956,-0.012480759993195534,-0.1994783580303192,-0.184213325381279,-0.009605231694877148,0.27508944272994995,0.07431908696889877,0.18501587212085724,-0.20242615044116974,-0.08726110309362411,-0.1038166731595993,-0.4554145932197571,-0.0781116858124733,-0.2969726026058197,0.44243329763412476,0.11131685972213745,-0.4011758863925934,0.3213511109352112,0.0673695057630539,-0.16235968470573425,-0.04547099024057388,-0.19668634235858917,0.01860250160098076,-0.18609817326068878,0.17688265442848206,-0.15035831928253174,0.2959422171115875,0.10548291355371475,-0.27709558606147766,0.467063844203949,0.02080046758055687,-0.07799553871154785,0.05492427945137024,0.07800643146038055,-0.2395366132259369,0.07834238559007645,-0.015353227965533733,0.021129509434103966,-0.5862298011779785,0.034292060881853104,-0.2507210373878479,-0.41906413435935974,0.251836359500885,-0.008815695531666279,0.3978138566017151,0.2745046317577362,0.10286388546228409,0.2402227371931076,0.15603235363960266,-0.516919732093811,-0.3035704493522644,-0.07866717129945755,0.02660556510090828,0.10406889021396637,-0.23281192779541016,-0.05782121419906616,0.06860516220331192,-0.25262194871902466,0.23677146434783936,0.1055692657828331,0.00774533161893487,0.0026938647497445345,0.01649412326514721,0.09497718513011932,-0.017763575538992882,-0.22119179368019104,-0.04929100349545479,-0.13761551678180695,0.1464492529630661,-0.05642450600862503,0.26740628480911255,-0.12915447354316711,0.2025943547487259,-0.10932640731334686,-0.33600741624832153,0.1651437133550644,-0.022932443767786026,0.40975266695022583,-0.020040329545736313,-0.7716529369354248,0.06264124810695648,0.2884710729122162,0.3456091284751892,-0.23452262580394745,0.08004634082317352,0.236809641122818,0.09700924158096313,-0.08523115515708923,-0.08727582544088364,0.3105180561542511,-0.14584077894687653,0.01269976794719696,0.07747840881347656,0.11453964561223984,0.023281989619135857,-0.3180072009563446,-0.12709307670593262,0.18549367785453796,0.39783868193626404,0.038725387305021286,0.031510982662439346,0.12988941371440887,-0.08331595361232758,-0.28240376710891724,-0.36948442459106445,0.26168739795684814,-0.05080293491482735,-0.1343984156847,-0.11992807686328888,-0.07264615595340729,-0.14104336500167847,-0.2137112319469452,0.5170840620994568,0.056143153458833694,-0.11437521874904633,-0.06895841658115387,-0.09560070186853409,0.08050508052110672,0.07079490274190903,-0.44870322942733765,0.07461428642272949,-0.09836544096469879,0.21052226424217224,0.18573376536369324,-0.17864391207695007,-0.08866016566753387,0.12401411682367325,0.0040681688115000725,0.3019140362739563,-0.03274620324373245,0.19925636053085327,0.19786639511585236,-0.02585647627711296,0.39052969217300415,0.3006916642189026,0.19152739644050598,-0.3144289255142212,-0.04873715341091156,0.01920432783663273,-0.4004244804382324,0.17559389770030975,0.4429934024810791,0.06177181005477905,0.16266174614429474,-0.3246552348136902,0.5269681811332703,0.09745384007692337,-0.09419117867946625,-0.22425135970115662,0.03687586262822151,-0.09009722620248795,-0.30258041620254517,-0.29378730058670044,-0.27736395597457886,0.09519059956073761,0.20115172863006592,-0.3049733638763428,-0.13218335807323456,0.09876761585474014,0.3783864676952362,-0.025751138105988503,-0.025207912549376488,-0.23553022742271423,0.24602410197257996,0.10363408178091049,0.08720120787620544,-0.5163851380348206,0.013417446985840797,0.044721804559230804,0.14974305033683777,-0.22090908885002136,-0.12087357044219971,-0.21861958503723145
CID000004054,222,-0.1675303876399994,-0.08209256082773209,-0.235844686627388,0.05161786824464798,0.5495914220809937,0.3102019429206848,-0.29018473625183105,-0.11840194463729858,-0.2806851267814636,-0.14166338741779327,0.04320063441991806,-0.475806325674057,0.1289745420217514,-0.13021458685398102,-0.21457013487815857,-0.11167754977941513,0.13267189264297485,-0.026691654697060585,-0.10469868034124374,-0.23204278945922852,-0.04561995342373848,0.11789153516292572,-0.09429745376110077,-0.1546376794576645,-0.14501520991325378,-0.049871936440467834,-0.002833943348377943,0.05120953917503357,-0.007452666759490967,0.3716917932033539,-0.06585031747817993,-0.22448578476905823,-0.12218068540096283,-0.08022826910018921,-0.23422253131866455,-0.12746961414813995,-0.4907709062099457,-0.2478746920824051,-0.279622346162796,-0.029217571020126343,0.2162415236234665,0.11613816022872925,-0.3328809142112732,-0.1983228325843811,0.35597196221351624,0.33941730856895447,-0.322765976190567,0.14379507303237915,-0.13977162539958954,0.018784213811159134,-0.5653597712516785,0.18376004695892334,0.03427983820438385,-0.21303439140319824,0.09979771822690964,0.06974882632493973,-0.07506761699914932,-0.03533778339624405,-0.03538377955555916,0.2387189418077469,-0.8682975769042969,0.11146465688943863,-0.2080000638961792,0.2201537787914276,-0.008921806700527668,0.16023662686347961,-0.0810571163892746,-0.0034646957647055387,-0.060391854494810104,-0.09514571726322174,-0.21936571598052979,0.15110191702842712,-0.16971778869628906,-0.23056764900684357,0.30168479681015015,-0.012295680120587349,-0.15218819677829742,0.32197266817092896,0.24057669937610626,-0.00588492164388299,-0.15322688221931458,-0.06868816912174225,-0.4235255718231201,-0.15107083320617676,-0.0029889284633100033,-0.04278703033924103,-0.14910678565502167,0.10014281421899796,0.46890988945961,-0.11243468523025513,-0.15649688243865967,-0.3270573019981384,0.09999503940343857,-0.07553692162036896,-0.5665937662124634,0.005933383014053106,-0.2268456518650055,0.4145890176296234,0.479885995388031,-0.27982425689697266,0.25367239117622375,0.14347249269485474,-0.3482951521873474,0.23020343482494354,-0.054938387125730515,0.040536098182201385,-0.3094044625759125,0.32785937190055847,0.2535925507545471,0.22824425995349884,0.20576468110084534,-0.24574919044971466,0.676068902015686,-0.14685413241386414,-0.016018375754356384,0.2355206459760666,-0.09753955900669098,-0.2526971697807312,0.2827098071575165,0.03567581623792648,0.06138818338513374,-0.5887985229492188,0.030303310602903366,-0.4116590917110443,-0.2399800568819046,0.11014789342880249,-0.13389773666858673,0.516879677772522,0.23512080311775208,0.04632064700126648,-0.3045116364955902,0.0845196396112442,-0.3466549217700958,-0.35336536169052124,-0.4651283621788025,-0.12246982008218765,0.32708805799484253,-0.19467641413211823,0.05980797857046127,-0.24959519505500793,-0.0498996265232563,0.1521693766117096,0.1420353800058365,0.009827296249568462,0.13617181777954102,-0.20297770202159882,0.050715863704681396,-0.12310642004013062,-0.12703606486320496,0.05657101422548294,-0.0849694237112999,0.09475456178188324,0.08740025013685226,0.029029089957475662,0.04738951846957207,0.04519324749708176,0.011134030297398567,-0.27586665749549866,0.0924886092543602,0.3128601908683777,0.1788642853498459,-0.1827404946088791,-0.880592942237854,0.015661820769309998,0.27743956446647644,0.3177204728126526,-0.47155818343162537,0.09873305261135101,0.1995875984430313,-0.18774934113025665,-0.12397466599941254,-0.24260511994361877,0.3474985659122467,-0.4190216064453125,-0.4941900670528412,0.10133794695138931,-0.12417725473642349,0.16588380932807922,-0.2936675548553467,-0.32699090242385864,-0.05379858613014221,0.2200712263584137,-0.012683713808655739,0.015111629851162434,0.020553704351186752,-0.15388795733451843,-0.5788788795471191,-0.1686314046382904,0.3870927691459656,0.10718084871768951,0.12009183317422867,-0.4682462215423584,0.1395038664340973,-0.27076083421707153,-0.223605677485466,0.607969343662262,-0.1226431354880333,-0.07697034627199173,-0.33484476804733276,-0.16719475388526917,-0.1756548285484314,0.0719013661146164,-0.25814324617385864,0.018841221928596497,0.03998198360204697,0.20395025610923767,-0.024755258113145828,-0.24706852436065674,-0.35984134674072266,-0.0021160386968404055,0.0838153213262558,0.36605337262153625,0.06894344836473465,0.08384529501199722,0.30582699179649353,-0.13868650794029236,0.4737488627433777,-0.09925065189599991,-0.18972733616828918,-0.28280073404312134,0.09457039833068848,-0.1737695336341858,-0.37625354528427124,0.20658817887306213,0.326279878616333,0.07010956853628159,0.33797332644462585,-0.2942196726799011,0.6093730330467224,0.10684236139059067,-0.11947985738515854,-0.12897351384162903,-0.06390949338674545,0.10452531278133392,-0.46751123666763306,-0.2178395688533783,0.20043325424194336,0.21719785034656525,0.2016562670469284,-0.24994318187236786,-0.12194541841745377,0.10303626209497452,0.2694094181060791,0.2128113955259323,0.019604066386818886,-0.4781033396720886,0.20023784041404724,0.06842279434204102,0.029351647943258286,-0.5605837106704712,-0.07166920602321625,-0.04465030878782272,0.34820425510406494,0.1142166256904602,-0.15472295880317688,-0.2850474715232849
CID000004543,225,-0.2855285108089447,0.05958183482289314,0.34704867005348206,-0.21265682578086853,0.1993008553981781,0.41201210021972656,-0.23216000199317932,-0.04054341837763786,-0.41906866431236267,-0.11194958537817001,-0.036648619920015335,-0.3215445876121521,0.3150840401649475,-0.26396673917770386,-0.1601841151714325,0.15152065455913544,0.056084223091602325,-0.17241182923316956,-0.23970218002796173,-0.13320502638816833,-0.09024807065725327,0.01736019179224968,-0.022030198946595192,-0.10583622753620148,0.13073861598968506,-0.3347729444503784,0.057492006570100784,-0.1343902051448822,-0.3421727120876312,0.19834360480308533,0.04125466197729111,-0.015107412822544575,-0.3602503836154938,-0.02078975737094879,-0.2969646751880646,-0.06608463823795319,-0.27980613708496094,-0.4066700041294098,-0.3185945153236389,-0.17934966087341309,0.28518974781036377,0.07936759293079376,-0.19442269206047058,-0.20541682839393616,0.3814907968044281,0.26035916805267334,0.01621444895863533,0.09166555106639862,0.10666978359222412,-0.12184983491897583,-0.41063863039016724,0.3039585053920746,-0.17177744209766388,-0.3240087628364563,0.22388894855976105,0.011620277538895607,-0.032254815101623535,0.10576923191547394,0.2752184271812439,0.3323863744735718,-0.7942185401916504,-0.09529475122690201,-0.10330022871494293,0.7971109747886658,0.2065160721540451,0.2991800606250763,-0.35899820923805237,0.08238742500543594,0.2846760153770447,0.0005182221648283303,-0.2252129316329956,0.05613815039396286,-0.1443832814693451,-0.23875363171100616,0.06522428244352341,-0.1289343535900116,-0.14593353867530823,0.0469442754983902,-0.001423782086931169,0.1486208140850067,-0.30202916264533997,0.16153250634670258,-0.2771640717983246,-0.33162108063697815,0.030003488063812256,-0.22630324959754944,-0.423241525888443,-0.12629032135009766,0.30682694911956787,0.22333259880542755,0.15446737408638,-0.1873946189880371,-0.05703592300415039,-0.007782577071338892,-0.3518049716949463,0.011256406083703041,-0.3752327561378479,0.476823627948761,0.10596783459186554,-0.19322338700294495,0.23174254596233368,0.23913046717643738,-0.09669388830661774,-0.07564210891723633,-0.14917591214179993,-0.03974608704447746,-0.13476917147636414,0.2623059153556824,-0.17862938344478607,0.5221048593521118,0.06023049354553223,-0.32957592606544495,0.5821174383163452,-0.15463091433048248,-0.031020116060972214,0.1614285409450531,-0.06002303957939148,-0.08972739428281784,0.1389072835445404,-0.02095680683851242,-0.001196281285956502,-0.4896439015865326,0.30624887347221375,-0.19054631888866425,-0.46694421768188477,0.3394477665424347,-0.05163084343075752,0.4585486352443695,0.3697541356086731,0.004206805024296045,0.1329146921634674,0.24050350487232208,-0.5025348663330078,-0.33385998010635376,-0.2889171242713928,-0.06567912548780441,0.02173462137579918,-0.3327663838863373,-0.032117582857608795,0.0909048467874527,-0.3839688003063202,0.2684612274169922,0.11176576465368271,0.2311144769191742,-0.0345354899764061,-0.08080361783504486,0.3105330467224121,-0.0383218452334404,-0.07622396945953369,-0.021036827936768532,-0.22394652664661407,0.055815327912569046,-0.2948511242866516,0.31043416261672974,-0.08286344259977341,0.2546781897544861,0.08457536995410919,-0.19152337312698364,0.09382394701242447,0.1435573399066925,0.5261079668998718,-0.0502806082367897,-0.7939261198043823,0.004956821911036968,0.2624031901359558,0.29610690474510193,-0.2700290083885193,0.20712383091449738,0.27000150084495544,-0.036885060369968414,-0.2543342113494873,0.019183702766895294,0.38174569606781006,-0.2739315629005432,0.03753481060266495,-0.057517003268003464,0.15980978310108185,-0.07297040522098541,-0.31591275334358215,-0.21178516745567322,0.18193694949150085,0.35191795229911804,0.12040736526250839,-0.06735793501138687,0.035539861768484116,-0.17600779235363007,-0.32679781317710876,-0.2813670039176941,0.1871732771396637,-0.021702300757169724,-0.03548170253634453,-0.026701103895902634,0.0367252342402935,-0.12025526911020279,-0.11549504846334457,0.4662533700466156,0.21167898178100586,-0.10447658598423004,-0.11383797973394394,-0.20559236407279968,-0.11688251793384552,0.22269205749034882,-0.42844241857528687,0.07522439956665039,-0.052515484392642975,0.24836352467536926,0.051114171743392944,-0.18049874901771545,-0.08974701166152954,0.09514810144901276,-0.0888364166021347,0.18841727077960968,-0.07997015863656998,0.16216197609901428,0.1362990438938141,-0.03623833507299423,0.28473132848739624,0.2726401686668396,0.11075347661972046,-0.2682270109653473,-0.08394242823123932,0.040851764380931854,-0.364510178565979,0.0689927414059639,0.2514781355857849,0.23559430241584778,0.14129538834095,-0.349691241979599,0.6491588354110718,0.3274245858192444,-0.09696298837661743,-0.31261491775512695,0.02451569028198719,-0.022326985374093056,-0.2599654197692871,-0.3361400067806244,-0.32830923795700073,0.10856442153453827,0.2018156498670578,-0.24968405067920685,-0.05889999866485596,0.13475541770458221,0.22503969073295593,0.06897352635860443,-0.06545482575893402,-0.46039801836013794,0.3501463532447815,0.10492370277643204,0.20739717781543732,-0.42245015501976013,0.20847225189208984,0.0015589952236041427,0.0780964270234108,-0.10868778079748154,-0.10141762346029282,-0.24504415690898895
CID000004599,226,-0.20811036229133606,-0.09397067129611969,-0.10727973282337189,-0.17410455644130707,0.28869807720184326,0.4351325035095215,-0.15533776581287384,0.1564003825187683,-0.34474945068359375,-0.18357178568840027,-0.01068091206252575,-0.36845940351486206,0.14772436022758484,-0.2028852254152298,-0.26251524686813354,0.1324727088212967,0.06838296353816986,0.08460752665996552,0.05843878537416458,-0.09678845852613449,0.198116272687912,0.13412818312644958,0.11859478801488876,0.11823712289333344,0.24485838413238525,-0.04693235829472542,0.22804668545722961,-0.03510577604174614,-0.07217337936162949,0.3890668749809265,0.009595513343811035,-0.038887716829776764,-0.15733787417411804,0.049420423805713654,-0.35398223996162415,0.015432178974151611,-0.109367236495018,-0.27662330865859985,-0.00014257505245041102,-0.0225658118724823,0.09489020705223083,0.076912522315979,-0.12021656334400177,-0.13397088646888733,0.4231169819831848,-0.18254777789115906,0.14165496826171875,0.26912921667099,-0.005436526145786047,-0.04418585076928139,-0.3751339018344879,0.07832518965005875,-0.06538516283035278,-0.0915495976805687,0.13410037755966187,-0.19067028164863586,0.00708027184009552,-0.12322382628917694,0.21365392208099365,0.06404592096805573,-0.8401896357536316,0.03195808082818985,-0.4311205744743347,0.18152950704097748,0.1340852975845337,-0.03734297305345535,-0.03612716123461723,-0.022284071892499924,0.18484486639499664,-0.10184000432491302,-0.10727612674236298,-0.03153940290212631,0.07154474407434464,-0.31265145540237427,0.1428694725036621,-0.03600063547492027,0.015212197788059711,0.2068331241607666,0.22970612347126007,-0.1254364252090454,-0.19971898198127747,-0.05544190853834152,-0.27849525213241577,-0.20438067615032196,0.030903339385986328,-0.11844227463006973,-0.18708275258541107,-0.1273949295282364,0.13458725810050964,0.08426076918840408,0.0007232025382108986,-0.2086283266544342,-0.06911317259073257,-0.04567386955022812,-0.34679073095321655,-0.10793529450893402,-0.15620988607406616,0.2411622554063797,0.20648427307605743,-0.2566288411617279,0.11712823808193207,0.15180444717407227,-0.2756327986717224,-0.11985190212726593,-0.20936056971549988,-0.15391100943088531,-0.4202142655849457,0.39828598499298096,-0.02261691726744175,0.14805325865745544,-0.11240235716104507,0.0800054520368576,0.11487746238708496,-0.1694754958152771,-0.015767976641654968,0.004604083485901356,-0.13021478056907654,-0.26971450448036194,0.3950076103210449,0.2723749279975891,0.014112284407019615,-0.5197666883468628,0.25753188133239746,-0.23698735237121582,-0.2776181995868683,0.3412199020385742,0.09679965674877167,0.22147472202777863,0.23455171287059784,-0.18165552616119385,-0.2026708573102951,0.15130683779716492,-0.4748055934906006,-0.3823700547218323,-0.14746488630771637,-0.27698788046836853,-0.07877267152070999,-0.3591192066669464,0.14437690377235413,0.006291921250522137,-0.03378666192293167,0.11262203752994537,0.347005158662796,0.023830920457839966,0.02839760109782219,0.1737004518508911,0.10236108303070068,0.0013286530738696456,0.25886064767837524,0.21183745563030243,0.05660295486450195,-0.06245916336774826,-0.1565198004245758,-0.1486450433731079,0.09712681919336319,0.17934682965278625,-0.012625252828001976,-0.3373129367828369,0.1630677878856659,0.17052693665027618,0.29163581132888794,-0.034154005348682404,-0.7188225984573364,0.006863373331725597,0.17689797282218933,0.21494992077350616,-0.13997235894203186,-0.13611198961734772,0.14033587276935577,-0.10734065622091293,-0.0456048920750618,0.06594762951135635,0.3470945954322815,0.1300559937953949,0.11153467744588852,0.17349159717559814,0.12503737211227417,-0.019446134567260742,-0.4992438852787018,-0.11324242502450943,0.41442304849624634,0.39791005849838257,0.003896744456142187,-0.3167612850666046,-0.041632030159235,-0.060689229518175125,-0.11039508879184723,-0.16623374819755554,0.27403587102890015,-0.02831432595849037,0.22743025422096252,-0.10316808521747589,0.04704438894987106,-0.09358058124780655,-0.37762555480003357,0.43283239006996155,0.22632932662963867,0.018173152580857277,-0.056669652462005615,-0.048536770045757294,0.010149573907256126,0.22680111229419708,0.06966166198253632,0.20993661880493164,-0.1475425660610199,0.21408304572105408,-0.029347851872444153,-0.056118518114089966,-0.24483688175678253,-0.06429541856050491,-0.06769134849309921,0.1417454481124878,-0.10268161445856094,0.0042327940464019775,-0.11039439588785172,0.0728297084569931,0.4985209107398987,0.021138254553079605,-0.07904084026813507,-0.2023191899061203,0.08286010473966599,-0.006682352628558874,-0.2758791148662567,0.06047936528921127,0.08971673995256424,0.05436137318611145,0.35612615942955017,-0.269621342420578,0.5031792521476746,0.14449116587638855,-0.10183942317962646,-0.1405574381351471,0.0698736160993576,0.11972806602716446,-0.5326773524284363,-0.29644352197647095,-0.10622018575668335,0.22070765495300293,0.24170072376728058,-0.04285295307636261,-0.25738614797592163,0.08684321492910385,0.07459679245948792,-0.021008875221014023,-0.024501007050275803,-0.000460764771560207,0.12466702610254288,-0.22166605293750763,0.26793721318244934,-0.5425753593444824,0.2505289614200592,0.15689679980278015,0.20115628838539124,-0.21572533249855042,-0.037487421184778214,-0.05448536202311516
CID000003042,227,-0.028506021946668625,0.06188607215881348,-0.08556537330150604,0.06936915218830109,0.09288640320301056,0.37859442830085754,0.39538103342056274,0.2884388864040375,-0.2996450960636139,-0.31721073389053345,-0.1442706435918808,-0.44800958037376404,0.1355101317167282,-0.2076725959777832,-0.06761673837900162,0.28410428762435913,0.1429833173751831,0.29270708560943604,-0.05783776193857193,-0.043243080377578735,0.33595553040504456,-0.07629850506782532,0.3251500725746155,0.10784824192523956,0.19544720649719238,-0.11231587082147598,0.3828664720058441,-0.16181853413581848,0.03753477334976196,0.5763593912124634,-0.3952029049396515,-0.0726793184876442,0.16169777512550354,-0.14603747427463531,-0.6567014455795288,-0.2958518862724304,-0.33975523710250854,-0.2986963391304016,-0.22124233841896057,0.12295854091644287,-0.00044516025809571147,0.18433164060115814,-0.06255599111318588,-0.2541709542274475,0.6886716485023499,0.23187649250030518,0.15583059191703796,-0.3756222724914551,-0.6321052312850952,0.05534731596708298,-0.5106215476989746,0.07346474379301071,-0.14536155760288239,0.0763128325343132,0.23281702399253845,0.18576417863368988,-0.19463622570037842,0.02904506027698517,0.5788501501083374,-0.11847616732120514,-0.7578169703483582,-0.03565875068306923,-0.27062085270881653,-0.003551316214725375,-0.07676656544208527,-0.036261796951293945,-0.12085717916488647,-0.1101306825876236,0.09912805259227753,-0.33153510093688965,-0.3291986584663391,0.17392590641975403,-0.049223579466342926,0.10323774814605713,0.5007418394088745,0.007556161377578974,-0.06942395865917206,0.47414931654930115,0.22740387916564941,0.09220032393932343,-0.16231752932071686,0.026008304208517075,-0.15324896574020386,0.11784925311803818,0.11069579422473907,-0.08105635643005371,-0.16478219628334045,-0.043478257954120636,0.3242512047290802,0.03893204778432846,-0.21229740977287292,-0.1559237688779831,0.038052819669246674,-0.02722829580307007,-0.5719582438468933,-0.10500143468379974,-0.1959161013364792,0.19958582520484924,-0.05642927438020706,-0.4373476505279541,0.35882145166397095,-0.0679321214556694,-0.18316872417926788,0.02702084556221962,-0.23112058639526367,-0.09406321495771408,-0.5934838056564331,0.21713295578956604,0.10532448440790176,0.052137695252895355,-0.4498961865901947,0.4251018166542053,0.18727648258209229,0.13107554614543915,0.12420777231454849,-0.21570734679698944,-0.1414378583431244,-0.1460164487361908,0.2651766836643219,-0.09219810366630554,0.0236619021743536,-0.7417134046554565,0.11439503729343414,-0.5589168667793274,-0.33489760756492615,0.22665366530418396,0.11892618983983994,0.48546352982521057,0.10072596371173859,0.017111197113990784,-0.2496635466814041,-0.16844680905342102,-0.6690481901168823,-0.2778418958187103,0.27048811316490173,-0.2231651246547699,0.5548775792121887,-0.5952557325363159,-0.030243342742323875,0.29601743817329407,0.2625015377998352,0.2669208347797394,0.1849908083677292,0.15667672455310822,0.06040273234248161,0.327166348695755,0.08155817538499832,0.21829719841480255,0.2839338183403015,0.006166380830109119,0.09997399896383286,-0.23881110548973083,-0.3292810916900635,-0.018999958410859108,0.3740817904472351,0.10931787639856339,-0.18403294682502747,-0.5203849673271179,-0.018433135002851486,0.24044421315193176,0.1803637444972992,0.009958925656974316,-0.8030673265457153,0.13993217051029205,0.44710081815719604,0.19397422671318054,-0.35984018445014954,0.07721400260925293,-0.08357563614845276,-0.05202750116586685,0.012917360290884972,0.40267038345336914,0.28841346502304077,-0.14970950782299042,-0.00902598537504673,-0.24915142357349396,-0.31183958053588867,0.045590825378894806,-0.43053585290908813,0.012902060523629189,0.27599281072616577,0.34100496768951416,0.2189832627773285,0.07220228016376495,0.1916912943124771,-0.2732367217540741,-0.2906532287597656,-0.0631651058793068,0.4437851011753082,0.016317928209900856,0.08168496191501617,-0.6252841949462891,-0.10433180630207062,-0.155207559466362,-0.3351588547229767,0.6437404155731201,0.023673146963119507,-0.08673505485057831,-0.2219359427690506,-0.2952592372894287,0.03774794191122055,-0.11495570838451385,-0.3967837393283844,0.2271941900253296,-0.03597471863031387,0.24543103575706482,0.03538054972887039,-0.09365492314100266,-0.5603934526443481,0.20033016800880432,-0.06786757707595825,0.01951676979660988,-0.11347459256649017,0.08034126460552216,-0.13614562153816223,0.06954739987850189,0.7174317240715027,-0.025430839508771896,-0.24289193749427795,0.08412155508995056,-0.20581534504890442,-0.10254144668579102,-0.47994986176490784,-0.048018813133239746,0.1580394059419632,-0.2208849936723709,0.10034705698490143,-0.2877332866191864,0.7269164323806763,-0.1059974655508995,-0.0005351632717065513,-0.19958963990211487,-0.0927741527557373,-0.031599778681993484,-0.7415374517440796,-0.3764720559120178,-0.011294213123619556,0.34305572509765625,-0.1603918820619583,0.22624468803405762,-1.0587526559829712,-0.08381408452987671,-0.06802082806825638,-0.10000531375408173,0.05244769901037216,-0.5753041505813599,0.10069843381643295,0.12691274285316467,0.22507932782173157,-0.7347164750099182,0.31988149881362915,0.1427331119775772,0.17948581278324127,0.14719977974891663,-0.02423614263534546,-0.20938000082969666
CID000003516,228,-0.058023713529109955,-0.07036643475294113,0.1631517857313156,-0.048914242535829544,0.31562429666519165,0.3608449399471283,-0.004470720887184143,-0.055235207080841064,-0.19480940699577332,-0.23106269538402557,-0.15943743288516998,-0.21809592843055725,0.11681246757507324,-0.3318382799625397,-0.11040236055850983,0.004275528248399496,-0.028516992926597595,-0.07771200686693192,-0.22356364130973816,0.11300524324178696,-0.11151726543903351,-0.08014211058616638,0.028765317052602768,-0.03548973798751831,0.11681852489709854,-0.010101640596985817,-0.14112058281898499,0.026106705889105797,-0.011895833536982536,0.23950088024139404,0.05114302784204483,-0.20486943423748016,-0.06263986974954605,0.054772891104221344,-0.3559405505657196,0.002956679556518793,-0.17636248469352722,-0.3215912878513336,-0.23412840068340302,-0.08326680213212967,0.0822368934750557,0.3912796378135681,-0.24007084965705872,-0.25848710536956787,0.14821261167526245,0.26055434346199036,-0.10845226049423218,0.07793021947145462,0.24820983409881592,-0.11440970003604889,-0.0996948778629303,0.19351987540721893,-0.08101865649223328,-0.11640552431344986,0.2607221305370331,-0.15620169043540955,-0.026207733899354935,0.12889781594276428,-0.05404270812869072,-0.0882725939154625,-0.8585068583488464,0.03813407942652702,-0.3969331681728363,0.19552987813949585,0.11174098402261734,0.17549452185630798,-0.313176691532135,0.015109959058463573,0.12644025683403015,-0.052479349076747894,-0.28528112173080444,0.012005734257400036,0.012922120280563831,-0.13016633689403534,0.011634888127446175,-0.10203506052494049,0.12161383777856827,0.1290838122367859,0.32621508836746216,0.1214890256524086,-0.4845849573612213,-0.2826538681983948,-0.29101651906967163,-0.2350606918334961,-0.039733272045850754,-0.07752595841884613,-0.2557624280452728,0.0010350110242143273,0.327691912651062,0.05551041290163994,-0.15233704447746277,-0.19741114974021912,0.027349203824996948,0.10386107116937637,-0.5187849402427673,0.10875191539525986,-0.17553982138633728,0.22558148205280304,0.201795294880867,-0.2462073266506195,0.29419878125190735,0.05861455202102661,-0.1102638691663742,0.1386703997850418,-0.22711507976055145,-0.07891137152910233,-0.35288241505622864,0.22078990936279297,0.10020697116851807,-0.005034147296100855,0.014740603975951672,-0.2426767796278,0.3083496689796448,0.023819774389266968,0.139539897441864,0.1735755056142807,0.04417608305811882,-0.18151402473449707,0.1643054038286209,-0.10441084206104279,-0.23920316994190216,-0.6360814571380615,0.10275822877883911,-0.41593503952026367,-0.3426676392555237,0.05669734627008438,0.036637309938669205,0.40312403440475464,0.17262864112854004,0.06615425646305084,0.09355287998914719,-0.12905144691467285,-0.44444599747657776,-0.3951943516731262,-0.1569465547800064,-0.012206608429551125,0.2877400517463684,-0.1807069480419159,-0.15726687014102936,0.14027580618858337,-0.027979087084531784,-0.06821997463703156,0.14626243710517883,0.08822851628065109,-0.05965292453765869,-0.09800161421298981,0.15140178799629211,0.27139896154403687,-0.1619424670934677,-0.03703973814845085,-0.11773689091205597,0.028984790667891502,-0.07085190713405609,-0.11693505942821503,-0.28801509737968445,0.007748979143798351,-0.07113807648420334,-0.2968525290489197,0.08756367117166519,0.08683334290981293,0.16242022812366486,-0.015647243708372116,-0.8706861734390259,0.12640127539634705,0.20158973336219788,0.22147998213768005,-0.2695370316505432,-0.01539333164691925,0.18605391681194305,-0.12289150804281235,-0.14208051562309265,0.011332714930176735,0.3326234817504883,-0.1445874124765396,-0.027391355484724045,-0.1243818998336792,0.1976345181465149,0.07301868498325348,-0.47745394706726074,-0.13957978785037994,0.16133607923984528,0.2756751477718353,0.1392240822315216,-0.26938241720199585,0.010325571522116661,0.0633031353354454,-0.4782673716545105,0.02736632153391838,0.35888049006462097,-0.10795271396636963,0.30736246705055237,-0.2349427044391632,0.1618896722793579,-0.21671299636363983,-0.2159442901611328,0.5097060203552246,0.13029229640960693,-0.14459408819675446,0.033246032893657684,-0.10387001931667328,-0.13803736865520477,-0.09626661241054535,-0.25131604075431824,-0.12997625768184662,-0.14606750011444092,0.33202940225601196,-0.13893768191337585,-0.3324729800224304,0.00906592421233654,-0.2483067512512207,-0.18569603562355042,0.19469812512397766,-0.03996220976114273,0.051790643483400345,0.1529618203639984,-0.03235262632369995,0.3953339159488678,0.0847153589129448,-0.1672096699476242,-0.2170758992433548,0.025708382949233055,0.07547296583652496,-0.3959093689918518,0.02220032550394535,0.39149847626686096,-0.02275732159614563,0.24092499911785126,-0.08398725092411041,0.5356534719467163,0.04974538832902908,-0.03989739716053009,-0.13737556338310242,-0.07484708726406097,-0.004900284111499786,-0.451997846364975,-0.25210195779800415,-0.11221237480640411,0.4991685748100281,0.13039903342723846,-0.29263484477996826,0.021686768159270287,0.03349369019269943,0.04645312950015068,0.04245143011212349,-0.05742572620511055,-0.3382874131202698,0.2516659200191498,0.1688472181558609,0.15006084740161896,-0.6006969809532166,-0.08021090179681778,-0.047731902450323105,0.0009257380152121186,-0.09486378729343414,0.04464545100927353,-0.11699268966913223
CID000003962,229,0.07759285718202591,0.0015547454822808504,0.15821318328380585,0.101162850856781,0.47023922204971313,0.727442741394043,0.32342594861984253,-0.40783363580703735,-0.4212246537208557,-0.047502435743808746,-0.10589002072811127,-0.4260416030883789,0.25275176763534546,-0.18406328558921814,0.07485946267843246,-0.09708370268344879,0.2723395824432373,-0.17279982566833496,0.04249821975827217,0.15100327134132385,0.04620636627078056,0.03959731385111809,0.10911573469638824,0.2380681335926056,-0.0948907732963562,0.21692156791687012,0.0577242486178875,-0.3713991641998291,-0.016133476048707962,0.5969101190567017,-0.10028065741062164,-0.10810693353414536,-0.010276174172759056,-0.13122382760047913,-0.5784811973571777,-0.19946756958961487,-0.1868716925382614,-0.39691174030303955,0.24607881903648376,-0.01807529293000698,-0.028804581612348557,-0.04992084950208664,0.01839197799563408,-0.19805428385734558,0.46308714151382446,-0.006044536828994751,0.3975631594657898,-0.41514188051223755,-0.27686768770217896,0.16918416321277618,-0.6349824070930481,0.017577197402715683,-0.06143413856625557,-0.24538564682006836,0.38746216893196106,0.06809813529253006,-0.027729064226150513,-0.06691884249448776,0.16795000433921814,0.09309683740139008,-0.9375962018966675,0.06990637630224228,0.060058970004320145,0.12547215819358826,0.12561440467834473,-0.3141132891178131,-0.2392522394657135,0.2950590252876282,0.10276083648204803,-0.2844746708869934,-1.0014094114303589,0.2134312093257904,0.016055669635534286,0.22517502307891846,0.38408511877059937,-0.17363014817237854,0.3782404661178589,0.3628985285758972,0.0001716315746307373,-0.40071067214012146,-0.31653735041618347,-0.03956037387251854,0.02803763374686241,-0.03519614785909653,0.06995945423841476,0.2080388367176056,-0.00409217644482851,0.3226756453514099,0.656163215637207,-0.05757926031947136,0.1842675805091858,0.02035178616642952,0.061940401792526245,0.18103888630867004,-0.347741037607193,0.018535424023866653,-0.35499992966651917,0.12864096462726593,-0.19138935208320618,-0.10890944302082062,0.5388838052749634,-0.09166575968265533,0.02305256761610508,0.4246329665184021,-0.017758848145604134,-0.006599210202693939,-0.5049006938934326,0.3311733603477478,0.025904137641191483,0.18782098591327667,-0.4031923711299896,0.1562332659959793,0.3529462218284607,-0.4026545584201813,0.3262311518192291,-0.2860875725746155,0.20447000861167908,-0.33002132177352905,0.10544073581695557,0.144463911652565,0.02675626240670681,-0.9620199203491211,-0.08641237020492554,-0.43950262665748596,-0.34569111466407776,-0.03076167032122612,0.09863807260990143,0.3490000367164612,0.022024303674697876,0.12448197603225708,0.039812006056308746,-0.2383916676044464,-0.6147998571395874,-0.6176338195800781,0.21862146258354187,0.297325074672699,0.6170269250869751,-0.48355141282081604,-0.18584656715393066,0.062484197318553925,-0.10207724571228027,0.19669894874095917,-0.05690506100654602,-0.16948917508125305,0.19035492837429047,-0.08960835635662079,0.021717537194490433,0.5566723942756653,0.09909318387508392,0.1580808460712433,-0.0726817324757576,-0.37001463770866394,0.027976084500551224,-0.18621714413166046,0.1164562925696373,0.32626765966415405,0.09978379309177399,-0.5309303998947144,-0.09544544667005539,0.1865927278995514,0.2521685063838959,0.01733795367181301,-1.089489221572876,0.027850132435560226,0.4382632374763489,0.233189195394516,0.09006454795598984,-0.03266889974474907,0.19818298518657684,0.07911533117294312,0.16926263272762299,0.13883426785469055,0.40057802200317383,-0.03506011888384819,0.5797985792160034,-0.3551768660545349,-0.3053319454193115,-0.22155673801898956,-0.3581235706806183,0.2553359568119049,0.10539154708385468,0.04570912569761276,0.3413253426551819,-0.047522418200969696,0.07331429421901703,-0.35224801301956177,-0.7244241237640381,0.0376775749027729,0.5913705825805664,-0.14627885818481445,0.07755344361066818,-0.32289209961891174,0.03346393257379532,0.22395360469818115,-0.13210588693618774,0.4247995913028717,-0.07548334449529648,-0.254550039768219,-0.025102725252509117,-0.35877934098243713,0.20929758250713348,-0.18824613094329834,-0.5073767900466919,0.1295842081308365,-0.5293236970901489,0.2323577105998993,0.07823250442743301,-0.11987528949975967,-0.36554884910583496,-0.012601037509739399,0.26362019777297974,-0.1604498028755188,-0.14370691776275635,-0.020280787721276283,0.3669768273830414,-0.2760322690010071,0.8684759140014648,-0.28844061493873596,0.12031719833612442,0.05634619668126106,-0.14781571924686432,-0.051807474344968796,-0.9052765965461731,-0.08849664032459259,0.252069890499115,-0.1395704299211502,-0.0840064287185669,-0.3014325499534607,0.9548033475875854,-0.42531996965408325,0.06698771566152573,-0.1028592586517334,0.12579885125160217,-0.011691832914948463,-0.6805018186569214,-0.2784952223300934,-0.2841961979866028,0.1714491844177246,-0.21379248797893524,0.12660077214241028,-0.49040061235427856,0.2121877670288086,-0.16030198335647583,-0.22944974899291992,-0.25728291273117065,-0.44900304079055786,-0.09442468732595444,-0.008219471201300621,-0.0020219325087964535,-0.8846599459648132,-0.1747816801071167,0.21058449149131775,0.3858468234539032,-0.05788552016019821,-0.06795231252908707,0.1046820878982544
CID000060852,230,-0.1332530975341797,-0.2159709930419922,0.07781822979450226,-0.010397699661552906,0.41928791999816895,0.26584988832473755,-0.20040786266326904,0.055341802537441254,-0.2294408529996872,-0.057754695415496826,0.1467164009809494,-0.4286718964576721,0.12532967329025269,-0.17524471879005432,-0.01005377434194088,0.001644815318286419,0.1630164235830307,0.2428675889968872,-0.18967825174331665,-0.09335282444953918,-0.061274003237485886,0.16439610719680786,0.08392632007598877,-0.08048109710216522,0.04219955950975418,-0.02141846902668476,-0.15109208226203918,0.047536689788103104,-0.0002790033759083599,0.30489879846572876,0.08553903549909592,-0.26884737610816956,-0.040404096245765686,-0.04892561584711075,-0.3873448967933655,-0.05012107640504837,-0.22682785987854004,-0.2180132120847702,-0.12352646887302399,-0.13385942578315735,0.2946951985359192,0.0011077463859692216,-0.2500343918800354,-0.3008210361003876,0.041970282793045044,-0.04741678386926651,-0.2088397741317749,0.010037576779723167,0.058996330946683884,-0.19513364136219025,0.008152464404702187,0.11295399814844131,0.06871010363101959,-0.17721836268901825,0.10511815547943115,0.022838613018393517,-0.09639553725719452,-0.1315111368894577,0.20878192782402039,0.08569033443927765,-0.898093044757843,0.15805114805698395,-0.22765111923217773,0.11491389572620392,0.0658939927816391,0.2438010722398758,-0.23351721465587616,0.0360165610909462,-0.011068281717598438,0.010237639769911766,-0.2264115810394287,0.028777241706848145,-0.032313790172338486,-0.3522493243217468,0.05470813438296318,-0.10962281376123428,-0.16964542865753174,-0.08799208700656891,0.09936549514532089,0.018009468913078308,-0.33930259943008423,-0.338426411151886,-0.2363838404417038,-0.09884387999773026,-0.10939290374517441,-0.0860704779624939,-0.21688231825828552,-0.014824977144598961,0.538984477519989,-0.2196647822856903,-0.16722431778907776,-0.11805187165737152,0.12720629572868347,-0.016583062708377838,-0.4676862359046936,-0.10925175994634628,-0.14118313789367676,0.23819497227668762,0.1555624008178711,-0.29665273427963257,0.1420823335647583,0.2741153836250305,-0.3298525810241699,0.04432706534862518,-0.11939312517642975,-0.004811303224414587,-0.3479505181312561,0.1648089438676834,0.21123699843883514,0.1843932569026947,0.2967582941055298,0.04217140004038811,0.22837872803211212,0.0960821807384491,-0.014872148633003235,0.05572335049510002,-0.04012134298682213,-0.16387812793254852,0.18724536895751953,-0.009230299852788448,-0.13830837607383728,-0.6453834772109985,0.1693609058856964,-0.014408272691071033,-0.41538792848587036,-0.06917281448841095,-0.03609824553132057,0.4764464497566223,0.12348614633083344,-0.16506823897361755,0.03642765432596207,-0.004951161332428455,-0.3744525611400604,-0.32807859778404236,-0.30455464124679565,-0.1980307400226593,0.22886183857917786,0.01807178556919098,-0.016240978613495827,-0.040597207844257355,-0.07923948764801025,0.1851416379213333,-0.09294862300157547,0.1279858648777008,0.15923261642456055,0.08075650036334991,0.08335857838392258,-0.031104182824492455,0.05902235954999924,0.14705611765384674,0.023814205080270767,0.03098461404442787,-0.034030620008707047,0.06190435215830803,-0.12054065614938736,-0.07097192108631134,-0.12793228030204773,-0.31478196382522583,0.08729635179042816,-0.09942781925201416,0.0655176192522049,0.07732943445444107,-0.966208279132843,0.17235930263996124,0.2294166088104248,0.2618785500526428,-0.3114301264286041,-0.0002045217843260616,0.32488664984703064,0.07218504697084427,-0.08894939720630646,-0.09109146893024445,0.3165733814239502,0.07385615259408951,-0.26474881172180176,-0.012065398506820202,0.20372243225574493,0.2750067710876465,-0.4423455595970154,-0.18755832314491272,0.2893175482749939,0.339804470539093,0.10089439153671265,-0.05416876822710037,-0.11632069200277328,0.14967449009418488,-0.22367076575756073,-0.09971608966588974,0.4789925217628479,0.012160195037722588,0.18697762489318848,-0.3975338935852051,0.03229008615016937,-0.18390244245529175,-0.1432885378599167,0.38942551612854004,0.041967444121837616,-0.1832236349582672,-0.07665637135505676,-0.14004051685333252,-0.06259138882160187,0.19048668444156647,-0.20677706599235535,-0.08293870836496353,-0.0451907142996788,0.32392507791519165,0.0628415122628212,-0.19503578543663025,0.03614092618227005,-0.2835555970668793,-0.0967099592089653,0.09947314858436584,0.042205363512039185,0.11538851261138916,0.029196912422776222,0.004764723591506481,0.2586674690246582,-0.19581261277198792,-0.16238319873809814,-0.35081183910369873,-0.07531598955392838,-0.10321959108114243,-0.5107148885726929,0.028822612017393112,0.17436034977436066,-0.12055114656686783,0.27351805567741394,-0.3390532433986664,0.7008028626441956,0.12856706976890564,-0.11569280922412872,-0.17526309192180634,-0.2018365114927292,0.01325657032430172,-0.5730950236320496,-0.08439841121435165,0.13518026471138,0.1189742460846901,0.3039301037788391,-0.049258213490247726,-0.21846456825733185,-0.057201087474823,0.007237851619720459,0.03530551493167877,0.027333443984389305,-0.17096003890037537,0.18334686756134033,0.10306034237146378,0.019617946818470955,-0.537758469581604,0.16439473628997803,0.2994235157966614,0.14873483777046204,0.0849122554063797,0.029141660779714584,-0.10846105962991714
CID000002250,233,0.018866945058107376,0.16310802102088928,-0.014175742864608765,0.07351602613925934,0.28585201501846313,0.2624068260192871,0.1543881595134735,-0.09753342717885971,-0.1922706514596939,-0.15483319759368896,-0.0031794547103345394,-0.5979893207550049,0.21319428086280823,-0.20152001082897186,-0.2269200086593628,-0.12284878641366959,-0.0028991817962378263,-0.16360098123550415,0.1744108349084854,-0.09437309205532074,0.2807621657848358,-0.14414314925670624,-0.19436845183372498,0.03249211236834526,-0.0915563702583313,-0.14578460156917572,0.19021490216255188,0.09347902238368988,-0.0558948889374733,0.4179525375366211,-0.27651840448379517,0.33276158571243286,0.13692307472229004,0.03249713033437729,-0.7893660664558411,-0.005501770880073309,-0.12421383708715439,-0.1950169801712036,-0.24072854220867157,-0.06400300562381744,-0.05164400488138199,0.14042069017887115,-0.31246334314346313,0.16486403346061707,0.4604821801185608,0.030899932608008385,0.006421512458473444,0.09999663382768631,0.06956277787685394,-0.26711997389793396,-0.694238543510437,-0.07195375859737396,-0.3524617552757263,-0.0740639939904213,0.11290840059518814,-0.0035014033783227205,-0.03641423210501671,-0.2263791263103485,0.42532649636268616,0.031271833926439285,-0.996013343334198,0.10828332602977753,-0.37346234917640686,0.07183040678501129,-0.1222679615020752,0.05418583005666733,-0.13032248616218567,0.5164169073104858,0.021861495450139046,-0.030278319492936134,-0.1773020476102829,-0.12888750433921814,-0.08340154588222504,0.18352878093719482,0.27771520614624023,0.1958184689283371,0.23716679215431213,0.3267771601676941,-0.10356317460536957,-0.0708591416478157,-0.06449881196022034,-0.04028530791401863,0.1074526309967041,0.07367854565382004,-0.060891252011060715,-0.04041687399148941,-0.28711676597595215,0.09646366536617279,0.4165586531162262,-0.021199792623519897,-0.06861712783575058,-0.04120732098817825,0.0485280379652977,-0.18232659995555878,-0.5226941704750061,-0.09009082615375519,-0.09071237593889236,0.11245538294315338,0.14449718594551086,-0.25966042280197144,0.2829679846763611,0.09792064130306244,-0.1663821041584015,0.2329225242137909,-0.14761069416999817,-0.15267832577228546,-0.47283807396888733,0.20509786903858185,0.06775981932878494,0.15011414885520935,0.08809312433004379,0.09012067317962646,0.10644321143627167,0.18604984879493713,0.3273385763168335,0.04715374857187271,0.009097111411392689,-0.5235847234725952,0.08948613703250885,-0.05694364383816719,0.1703878492116928,-0.9170527458190918,-0.20053939521312714,-0.11445941776037216,-0.3832029700279236,0.1162140816450119,0.10918901860713959,0.2931056618690491,0.15083931386470795,0.1676967442035675,0.055362045764923096,-0.1759341061115265,-0.5557494759559631,-0.3036274015903473,0.0890507847070694,0.04769003391265869,0.3182544410228729,-0.40489277243614197,-0.05566561222076416,-0.2286883294582367,-0.08234836161136627,0.05049639195203781,0.1329192817211151,-0.09579475224018097,-0.22788353264331818,-0.05689891055226326,-0.2080238163471222,-0.03751537203788757,0.2828667163848877,-0.06874406337738037,0.02011675015091896,0.12948288023471832,-0.1255836933851242,0.255542129278183,0.18636521697044373,-0.05536395311355591,-0.09696962684392929,-0.44211888313293457,-0.13874846696853638,0.2026260644197464,-0.05233308672904968,-0.09759832918643951,-0.9562840461730957,0.08220198005437851,0.5948082208633423,0.11929626762866974,-0.1446688175201416,0.08877220004796982,-0.03561139851808548,0.08493432402610779,-0.09104639291763306,-0.25920623540878296,0.318237841129303,-0.06648270785808563,-0.09739692509174347,0.08824419975280762,0.0990886390209198,-0.022454386577010155,-0.38099080324172974,0.10254640877246857,0.4084542393684387,0.2558078467845917,0.07414697855710983,-0.021196693181991577,0.00913434661924839,-0.08337297290563583,-0.17393052577972412,-0.10481341928243637,0.7561593055725098,-0.05999109148979187,0.10255572944879532,-0.3857995271682739,-0.06306304037570953,-0.020397281274199486,-0.14274799823760986,0.19434338808059692,-0.04654065519571304,-0.17378124594688416,-0.35380393266677856,0.07774967700242996,-0.028972338885068893,-0.188558429479599,-0.3562384247779846,0.057905830442905426,-0.11376577615737915,-0.009914623573422432,0.025933945551514626,-0.10382368415594101,-0.40829142928123474,-0.09469900280237198,0.2751549184322357,-0.05152251571416855,-0.09292956441640854,0.01889013685286045,0.08381076157093048,-0.16041354835033417,0.5963618755340576,0.05376197025179863,0.08801169693470001,0.06741039454936981,0.018864870071411133,-0.1801670342683792,-0.5205625891685486,-0.14634668827056885,0.2909823954105377,-0.08800496906042099,0.16780833899974823,-0.1467469483613968,0.9768339395523071,0.21749596297740936,-0.045367367565631866,-0.018789052963256836,0.02768915891647339,0.10625176131725311,-0.5176013708114624,-0.20262384414672852,-0.10377862304449081,0.07511482387781143,0.2903062701225281,0.08352208882570267,-0.3421385586261749,-0.05383037403225899,-0.053629450500011444,0.05058969184756279,0.012424719519913197,-0.10289840400218964,0.12111751735210419,0.0516335666179657,0.2319830358028412,-1.051405668258667,-0.1732531636953354,0.5595876574516296,0.24502690136432648,0.043976791203022,0.048907674849033356,0.014967536553740501
CID000002891,236,0.018866946920752525,0.16310802102088928,-0.014175742864608765,0.07351602613925934,0.28585201501846313,0.2624068260192871,0.1543881595134735,-0.0975334420800209,-0.1922706514596939,-0.15483319759368896,-0.0031794547103345394,-0.5979893803596497,0.21319425106048584,-0.20152001082897186,-0.2269199639558792,-0.12284877151250839,-0.0028991817962378263,-0.16360099613666534,0.1744108498096466,-0.09437309205532074,0.2807621657848358,-0.14414316415786743,-0.19436845183372498,0.03249211981892586,-0.0915563702583313,-0.14578461647033691,0.19021491706371307,0.09347902238368988,-0.055894892662763596,0.4179525375366211,-0.27651840448379517,0.33276158571243286,0.13692307472229004,0.03249712660908699,-0.7893660664558411,-0.005501770880073309,-0.12421383708715439,-0.1950169801712036,-0.24072852730751038,-0.06400301307439804,-0.05164400488138199,0.14042070508003235,-0.31246334314346313,0.16486403346061707,0.4604821801185608,0.030899938195943832,0.006421509198844433,0.09999663382768631,0.06956277787685394,-0.26711997389793396,-0.694238543510437,-0.07195375859737396,-0.3524617552757263,-0.0740639865398407,0.11290840059518814,-0.0035013973247259855,-0.03641422837972641,-0.2263791263103485,0.42532649636268616,0.03127184510231018,-0.996013343334198,0.10828332602977753,-0.37346234917640686,0.07183040678501129,-0.122267946600914,0.05418584495782852,-0.13032248616218567,0.5164169669151306,0.021861489862203598,-0.030278325080871582,-0.1773020476102829,-0.12888750433921814,-0.08340154588222504,0.18352878093719482,0.27771520614624023,0.1958184689283371,0.23716679215431213,0.3267771899700165,-0.10356315225362778,-0.0708591490983963,-0.06449882686138153,-0.04028529301285744,0.1074526309967041,0.07367856055498123,-0.06089124083518982,-0.04041687026619911,-0.28711676597595215,0.09646369516849518,0.4165586531162262,-0.021199792623519897,-0.06861713528633118,-0.041207317262887955,0.04852805286645889,-0.18232661485671997,-0.5226941704750061,-0.09009083360433578,-0.09071237593889236,0.11245538294315338,0.14449718594551086,-0.25966042280197144,0.2829679846763611,0.09792062640190125,-0.1663821041584015,0.23292255401611328,-0.14761069416999817,-0.15267832577228546,-0.47283801436424255,0.20509786903858185,0.06775979697704315,0.15011413395404816,0.088093101978302,0.09012067317962646,0.10644321143627167,0.18604981899261475,0.3273386061191559,0.04715374857187271,0.009097104892134666,-0.5235847234725952,0.08948614448308945,-0.05694364383816719,0.1703878492116928,-0.9170527458190918,-0.20053942501544952,-0.11445941030979156,-0.3832029700279236,0.1162140816450119,0.10918901860713959,0.2931056618690491,0.15083932876586914,0.1676967442035675,0.055362045764923096,-0.1759341061115265,-0.5557495355606079,-0.3036274015903473,0.0890507772564888,0.04769003391265869,0.3182544410228729,-0.4048927426338196,-0.05566561222076416,-0.2286883294582367,-0.08234836906194687,0.05049639940261841,0.1329193115234375,-0.09579475224018097,-0.2278835028409958,-0.05689891427755356,-0.2080237865447998,-0.03751536086201668,0.28286677598953247,-0.06874407082796097,0.02011675201356411,0.12948288023471832,-0.1255836933851242,0.255542129278183,0.18636521697044373,-0.055363960564136505,-0.09696962684392929,-0.44211888313293457,-0.13874845206737518,0.2026260644197464,-0.05233308672904968,-0.09759833663702011,-0.9562840461730957,0.08220198005437851,0.5948082208633423,0.11929626762866974,-0.1446688175201416,0.08877221494913101,-0.03561139106750488,0.08493432402610779,-0.09104640781879425,-0.25920623540878296,0.318237841129303,-0.06648273766040802,-0.09739693254232407,0.08824421465396881,0.0990886241197586,-0.02245437540113926,-0.38099080324172974,0.10254643112421036,0.4084542393684387,0.2558078467845917,0.07414697855710983,-0.021196693181991577,0.009134342893958092,-0.08337297290563583,-0.17393051087856293,-0.10481341183185577,0.756159245967865,-0.05999108403921127,0.10255575180053711,-0.3857995271682739,-0.06306304037570953,-0.02039727009832859,-0.14274798333644867,0.19434338808059692,-0.046540647745132446,-0.17378124594688416,-0.35380393266677856,0.07774967700242996,-0.028972333297133446,-0.188558429479599,-0.35623839497566223,0.057905830442905426,-0.11376577615737915,-0.009914621710777283,0.02593395672738552,-0.10382368415594101,-0.40829142928123474,-0.09469898045063019,0.2751549482345581,-0.05152250453829765,-0.09292957186698914,0.018890133127570152,0.08381076157093048,-0.16041356325149536,0.5963618755340576,0.05376194790005684,0.08801169693470001,0.06741039454936981,0.018864858895540237,-0.1801670342683792,-0.5205625891685486,-0.14634667336940765,0.2909823954105377,-0.08800496906042099,0.16780833899974823,-0.1467469483613968,0.9768339395523071,0.21749596297740936,-0.04536734148859978,-0.01878904365003109,0.02768915891647339,0.10625176131725311,-0.5176013708114624,-0.20262384414672852,-0.10377863794565201,0.07511483132839203,0.2903062701225281,0.08352208137512207,-0.3421385586261749,-0.05383036285638809,-0.05362945795059204,0.05058969184756279,0.012424731627106667,-0.10289841890335083,0.12111751735210419,0.051633574068546295,0.23198309540748596,-1.0514057874679565,-0.17325317859649658,0.5595876574516296,0.24502691626548767,0.0439767949283123,0.048907678574323654,0.014967525377869606
CID000010631,237,-0.2786022126674652,-0.19480355083942413,-0.052369821816682816,0.02256251499056816,0.06264105439186096,0.4161908030509949,0.19733399152755737,-0.070592500269413,-0.5450846552848816,-0.44663649797439575,0.22120451927185059,-0.656690776348114,0.08698312938213348,-0.5995979905128479,0.057463109493255615,0.19226887822151184,0.15716812014579773,-0.12611672282218933,-0.3623259663581848,-0.2253493070602417,-0.1536293923854828,-0.38480740785598755,-0.0422169491648674,0.14136537909507751,-0.06333097815513611,0.030286306515336037,0.23055484890937805,0.1542053520679474,0.11006665229797363,0.3298965096473694,-0.03175811842083931,-0.45570987462997437,-0.1337890923023224,-0.21415261924266815,-0.11729701608419418,0.04057922214269638,-0.28512856364250183,-0.3942185640335083,-0.12109397351741791,0.1799330711364746,0.18169809877872467,0.0649191290140152,-0.25876638293266296,-0.08583082258701324,0.19791781902313232,0.0204519871622324,-0.09650067985057831,0.07312995195388794,-0.008134663105010986,-0.143442302942276,0.052966319024562836,0.26366227865219116,-0.19373348355293274,0.02273256704211235,-0.05577073618769646,0.03737669810652733,-0.014803511090576649,-0.03750855475664139,0.20727932453155518,0.18824371695518494,-0.7154718637466431,0.07989457994699478,-0.07738492637872696,0.28906482458114624,0.027016574516892433,0.08123652637004852,-0.2657609283924103,0.0195528082549572,0.00473893154412508,-0.05498354882001877,-0.3257293701171875,0.28326326608657837,-0.0799766406416893,-0.3554689288139343,0.4122713506221771,0.0011759668122977018,0.07669675350189209,0.41522154211997986,0.36687448620796204,0.09906357526779175,-0.48400193452835083,-0.044247109442949295,-0.24111023545265198,0.1329706609249115,-0.08461649715900421,0.21185943484306335,-0.3851681053638458,-0.06585272401571274,0.26804623007774353,0.04982442781329155,-0.12938818335533142,-0.3470684289932251,-0.08360709249973297,0.01284837443381548,-0.3597469627857208,-0.0994400605559349,-0.3054722249507904,0.4833761155605316,0.07354872673749924,-0.6198572516441345,0.1682041436433792,0.2911023497581482,-0.0822308212518692,0.055964358150959015,-0.2344885766506195,-0.05489859730005264,-0.36617979407310486,0.44668513536453247,0.011586189270019531,-0.026867181062698364,-0.1582847237586975,0.005341315176337957,0.18928946554660797,-0.10568135976791382,0.1471375674009323,0.2177073210477829,-0.042742349207401276,-0.3971823751926422,0.5290007591247559,-0.32303738594055176,-0.3392007648944855,-0.6031094789505005,-0.2177773416042328,0.04710438847541809,-0.15185222029685974,0.18517211079597473,-0.11182034015655518,0.32925403118133545,0.3502993583679199,-0.09223423898220062,-0.11007571220397949,-0.05674741789698601,-0.6366943120956421,-0.420437753200531,0.0040073273703455925,-0.007147872354835272,0.034502919763326645,0.14698578417301178,0.13291746377944946,-0.4201115667819977,-0.1111966148018837,0.05380966141819954,0.1048380583524704,-0.02197743020951748,0.11805708706378937,-0.04590339586138725,0.32975125312805176,-0.05729495361447334,0.061332713812589645,-0.352647602558136,-0.01275637187063694,-0.21524986624717712,-0.0969475582242012,-0.014201429672539234,0.3555939793586731,0.025730371475219727,-0.11552271991968155,-0.45037221908569336,0.07695437967777252,-0.02619147300720215,0.2528741955757141,-0.09269510209560394,-0.6596906185150146,-0.16602137684822083,0.40464097261428833,0.24130208790302277,-0.07616002857685089,0.08306576311588287,0.15975050628185272,-0.012225756421685219,-0.29528191685676575,-0.0311399195343256,0.6120883822441101,0.036408014595508575,-0.0263723973184824,-0.10865020751953125,0.14349433779716492,0.26224926114082336,-0.5096538662910461,-0.16512927412986755,0.26618966460227966,0.454059362411499,-0.1802385300397873,0.014309790916740894,0.035763077437877655,0.15842196345329285,-0.23836898803710938,-0.23731477558612823,0.2663486897945404,0.09390226006507874,0.1195366159081459,-0.1710629165172577,-0.1721583902835846,-0.04207579046487808,-0.7119590044021606,0.422315776348114,-0.1857749968767166,-0.04594706743955612,-0.4834672808647156,-0.3171842694282532,0.009599926881492138,0.3863292336463928,-0.2104448825120926,0.0803777426481247,0.056105583906173706,0.49304550886154175,-0.20901843905448914,-0.24903547763824463,-0.305458128452301,-0.053263913840055466,-0.24912817776203156,-0.018101146444678307,-0.013930198736488819,-0.2709428668022156,0.0920475572347641,-0.16863860189914703,0.6621620059013367,-0.10702137649059296,-0.2208840399980545,-0.2432003915309906,-0.04134024307131767,-0.09117422997951508,-0.7347899675369263,-0.19639989733695984,0.3074307441711426,0.16247990727424622,0.1077314168214798,0.012812632136046886,0.6280635595321655,0.28465497493743896,-0.16455218195915222,-0.14909672737121582,-0.30425065755844116,-0.027042776346206665,-0.372780978679657,-0.46748632192611694,-0.05392548441886902,0.8933784365653992,0.018550867214798927,-0.09162557125091553,-0.20730039477348328,0.3455432057380676,-0.08581820875406265,0.14736619591712952,0.12424447387456894,-0.4323786795139313,0.21384882926940918,0.34527745842933655,0.18350033462047577,-0.6904412508010864,-0.03936150670051575,0.3502468466758728,0.2666679322719574,-0.09103868901729584,-0.08085234463214874,-0.025739163160324097
CID000003075,238,0.04460405558347702,0.08237608522176743,-0.01726287603378296,0.12108830362558365,0.2905527353286743,0.2712971270084381,0.15024112164974213,-0.08842052519321442,-0.23478183150291443,-0.17725205421447754,0.021410683169960976,-0.4965568482875824,0.21999061107635498,-0.14599789679050446,-0.16836783289909363,-0.20807425677776337,0.055138759315013885,-0.20666782557964325,0.11664243787527084,-0.008710172958672047,0.2162475287914276,-0.18844002485275269,-0.26578018069267273,0.08065170049667358,-0.10768084228038788,-0.1491110920906067,0.2108500897884369,0.1425069123506546,-0.07783837616443634,0.38859009742736816,-0.256099134683609,0.3452238142490387,0.10503183305263519,0.0412067212164402,-0.6749213933944702,0.06434861570596695,-0.17453017830848694,-0.2033097743988037,-0.2829098701477051,0.043916016817092896,0.049871813505887985,0.15066257119178772,-0.287836492061615,0.039064399898052216,0.4353446960449219,-0.02827812172472477,-0.09954144805669785,0.1607062816619873,0.020588893443346024,-0.2926560044288635,-0.5678921937942505,0.028470491990447044,-0.32018646597862244,-0.2877674400806427,-0.024486621841788292,0.041249047964811325,-0.003209564136341214,-0.10466102510690689,0.3236500322818756,0.021390551701188087,-0.9296412467956543,0.12764707207679749,-0.3170761168003082,0.14350788295269012,-0.08306524902582169,0.057277996093034744,-0.1323101818561554,0.41939210891723633,0.005944828502833843,-0.09935624897480011,-0.2503671944141388,-0.09832342714071274,-0.15645793080329895,0.14254465699195862,0.25821948051452637,0.22714081406593323,0.25173085927963257,0.2708946466445923,-0.07326537370681763,0.022092025727033615,-0.06083453819155693,-0.15182238817214966,0.060393720865249634,0.10595472902059555,-0.07936425507068634,-0.05228503793478012,-0.3349100649356842,0.10211988538503647,0.4567517638206482,-0.03662913292646408,-0.028737198561429977,-0.09979746490716934,0.013134846463799477,-0.18107588589191437,-0.5072335600852966,-0.1258462369441986,-0.08175169676542282,0.1004277914762497,0.11747008562088013,-0.21371600031852722,0.2722873091697693,0.1635104864835739,-0.15751799941062927,0.20132935047149658,-0.22506508231163025,-0.16764795780181885,-0.3758024573326111,0.175649493932724,0.10561861842870712,0.25506559014320374,0.023612763732671738,0.1505460888147354,0.14005990326404572,0.1335451751947403,0.3537593185901642,-0.016657626256346703,0.0149161908775568,-0.5183541774749756,0.08197858929634094,-0.04474658891558647,0.177008256316185,-0.8808624148368835,-0.14995542168617249,-0.2006930112838745,-0.47173434495925903,0.08923609554767609,0.1167987808585167,0.4466093182563782,0.14669451117515564,0.15455244481563568,0.08503545820713043,-0.16336078941822052,-0.535527229309082,-0.28034642338752747,0.22114244103431702,0.012896823696792126,0.2785753309726715,-0.2783462405204773,0.04839218407869339,-0.21291828155517578,-0.07632829248905182,0.20690540969371796,0.06874873489141464,-0.21561948955059052,-0.17535951733589172,-0.08954290300607681,-0.16322492063045502,0.010161304846405983,0.23140688240528107,-0.11570944637060165,-0.015788782387971878,0.02796420454978943,-0.18317952752113342,0.2797653079032898,0.18617869913578033,-0.10062243789434433,-0.135360449552536,-0.43534183502197266,-0.16059161722660065,0.22774891555309296,-0.04069879651069641,-0.09122501313686371,-0.9615623354911804,0.03503978252410889,0.5476268529891968,0.14005501568317413,-0.17978526651859283,0.1514846831560135,0.08301296085119247,0.05747370794415474,-0.12677839398384094,-0.17708900570869446,0.3070712685585022,-0.1361047923564911,-0.1629037857055664,0.17408058047294617,0.06156078726053238,-0.05569665506482124,-0.34810394048690796,0.0004597067891154438,0.3924373984336853,0.25490352511405945,-0.028117429465055466,-0.015819832682609558,-0.018233727663755417,-0.051677972078323364,-0.23344719409942627,-0.07375232875347137,0.6999369263648987,-0.06370954215526581,0.17117974162101746,-0.4277009963989258,0.014247032813727856,-0.05273637920618057,-0.11011777073144913,0.25046777725219727,0.032919738441705704,-0.2406490594148636,-0.33588045835494995,0.09183618426322937,-0.07813289016485214,-0.11743023246526718,-0.34546393156051636,0.08931275457143784,-0.16440971195697784,0.06190593168139458,0.017629828304052353,-0.18745246529579163,-0.4002836346626282,-0.17068719863891602,0.22127172350883484,-0.048783861100673676,-0.12951907515525818,0.02023627981543541,0.20632290840148926,-0.18376052379608154,0.4921979010105133,-0.0007646083831787109,0.12739358842372894,0.09090538322925568,0.053665466606616974,-0.14622962474822998,-0.532937228679657,-0.19502326846122742,0.2626616954803467,-0.03127339482307434,0.1348435878753662,-0.28633323311805725,0.9312282800674438,0.3905138075351715,-0.10395829379558563,-0.1448173075914383,0.0045831589959561825,0.10075273364782333,-0.4830428659915924,-0.19631525874137878,-0.05485404282808304,0.061616577208042145,0.22219523787498474,0.185653954744339,-0.2725793719291687,-0.052919406443834305,-0.04028170555830002,-0.029055988416075706,0.01685650460422039,-0.1324094980955124,0.18113480508327484,-0.001735292375087738,0.14491213858127594,-0.9992820024490356,-0.14721263945102692,0.4236871302127838,0.21208131313323975,0.14727814495563507,0.05895961448550224,-0.08572661131620407
CID000005073,239,-0.014657756313681602,0.025261515751481056,0.2496608942747116,-0.37004444003105164,0.1680711805820465,0.1743570864200592,-0.08483822643756866,-0.01127963699400425,-0.16455502808094025,-0.26212161779403687,0.273275762796402,-0.6005016565322876,0.03593895956873894,-0.37487858533859253,-0.2714693248271942,0.05753190442919731,-0.12836527824401855,0.037031542509794235,0.1026153713464737,0.04435626417398453,0.27126243710517883,0.22946962714195251,-0.0727786272764206,0.17945349216461182,0.19893814623355865,-0.24250474572181702,0.13660694658756256,0.023192310705780983,0.044769253581762314,0.3867775797843933,-0.2519136071205139,0.155292809009552,0.2096586674451828,0.04888533800840378,-0.8017687797546387,-0.0009546041255816817,-0.4198850691318512,-0.34885504841804504,-0.20581093430519104,-0.014731919392943382,-0.04372403770685196,0.21985426545143127,-0.3802972733974457,0.24168066680431366,0.5654071569442749,-0.04318288713693619,0.03882857412099838,0.001691579818725586,-0.04390657693147659,-0.05832291767001152,-0.640938401222229,0.13492891192436218,-0.15850122272968292,-0.036020051687955856,0.270253986120224,-0.030645811930298805,-0.017819266766309738,-0.03882477805018425,0.43469542264938354,0.07891345024108887,-0.8757025599479675,-0.10292806476354599,-0.4504939019680023,0.18193188309669495,-0.034546200186014175,0.2952382564544678,-0.09887443482875824,0.45699095726013184,-0.0017657428979873657,0.03104417957365513,0.09111465513706207,-0.1409069299697876,0.07937756180763245,0.09813133627176285,0.21497221291065216,0.09944207221269608,-0.1129111647605896,0.5068016648292542,0.13019731640815735,-0.186534583568573,-0.14734025299549103,0.19461432099342346,0.24633142352104187,-0.05106709152460098,-0.06466910988092422,0.0471862368285656,-0.30046018958091736,0.27089548110961914,0.43977832794189453,-0.004520386457443237,-0.03170740231871605,-0.07506171613931656,-0.17132174968719482,-0.004763828124850988,-0.5364046692848206,-0.20267944037914276,-0.1815943866968155,0.256413996219635,0.04901757091283798,-0.316665381193161,0.4332772195339203,-0.11639648675918579,-0.4682534337043762,0.07181722670793533,-0.1314963400363922,0.06805500388145447,-0.4727881848812103,0.2870067358016968,-0.006733977701514959,-0.004741457290947437,0.07214117050170898,0.13531841337680817,0.19694261252880096,0.0811578556895256,0.2622680068016052,0.005579769611358643,0.19732901453971863,-0.45100265741348267,0.5824163556098938,0.17064373195171356,0.10395564883947372,-0.7372493147850037,-0.13097648322582245,-0.24028734862804413,-0.3782355785369873,0.10314502567052841,-0.00902143120765686,-0.02620411477982998,0.23459656536579132,0.013673776760697365,0.31603989005088806,0.16910432279109955,-0.5449164509773254,-0.23121948540210724,-0.14890968799591064,-0.06546870619058609,0.23787324130535126,-0.3344365954399109,0.16552695631980896,-0.36756080389022827,0.0950407013297081,-0.038272418081760406,0.16928350925445557,-0.007330370135605335,-0.23789218068122864,0.10401996225118637,-0.15647193789482117,-0.12016241252422333,0.24202397465705872,0.17959855496883392,-0.07336302101612091,-0.027792301028966904,-0.08810031414031982,0.14456474781036377,0.22886285185813904,0.0067468672059476376,-0.04803385213017464,-0.37917688488960266,-0.06762026250362396,-0.03639882057905197,-0.08634953200817108,-0.0300897303968668,-0.7369487881660461,-0.1123281717300415,0.44645875692367554,0.16640779376029968,-0.16713376343250275,0.08940540999174118,-0.3324405550956726,-0.09904738515615463,-0.22030822932720184,-0.5033235549926758,0.4055796265602112,0.1555389165878296,0.007086069788783789,-0.07640616595745087,-0.008740704506635666,0.041953664273023605,-0.44247952103614807,-0.09082610160112381,0.14313700795173645,0.20253238081932068,0.15280841290950775,-0.004105878062546253,-0.06332750618457794,-0.16854169964790344,-0.23614898324012756,-0.10125525295734406,0.6592113375663757,-0.10646519809961319,0.004562634043395519,-0.22352834045886993,9.235739707946777e-05,-0.13832734525203705,-0.24155716598033905,0.40692299604415894,-0.12029299885034561,-0.05774718523025513,-0.7242354154586792,0.05592869594693184,0.09313400089740753,-0.21289658546447754,-0.4279332756996155,-0.03454963117837906,0.11638547480106354,0.20977334678173065,-0.2802315354347229,-0.04873393476009369,-0.5625097751617432,0.052286796271800995,0.348416805267334,-0.040545351803302765,0.08372128009796143,0.024615777656435966,-0.08012305945158005,-0.29042381048202515,0.7571014165878296,0.11268211901187897,-0.09739871323108673,-0.08394534885883331,0.26283708214759827,-0.015405356884002686,-0.5759390592575073,-0.037329211831092834,0.22621206939220428,0.018161481246352196,0.2654118835926056,-0.08709090203046799,0.9086928367614746,0.07664938271045685,-0.3469177484512329,-0.037675052881240845,0.031012147665023804,-0.08436885476112366,-0.5274542570114136,-0.3686782717704773,0.2229480743408203,0.2727643847465515,0.2237962782382965,0.008350824937224388,-0.49494701623916626,-0.20707567036151886,0.018207773566246033,0.08036915957927704,-0.25723832845687866,-0.25001686811447144,0.1439041793346405,0.09603933990001678,0.22370460629463196,-0.9694430232048035,-0.21218684315681458,0.5131272077560425,0.1967511773109436,0.11744701862335205,0.013157933950424194,-0.04405073821544647
CID000004594,244,-0.26788753271102905,-0.17369937896728516,-0.17649461328983307,-0.15022926032543182,0.1356557458639145,0.3766278028488159,-0.09351799637079239,0.10946252197027206,-0.3358408808708191,-0.3201475143432617,0.004670131020247936,-0.4530707001686096,0.09392678737640381,-0.4433578550815582,0.1563592255115509,0.14089636504650116,0.02571319416165352,0.20232124626636505,-0.02954825758934021,-0.10625903308391571,0.12097766250371933,0.01483453530818224,0.1248970627784729,0.0907488614320755,0.055263716727495193,-0.07487271726131439,0.15196166932582855,0.010477825999259949,-0.1511784791946411,0.3028440773487091,0.07084888964891434,-0.14815810322761536,-0.1516731083393097,0.005022475030273199,-0.28543737530708313,0.013870686292648315,-0.176371768116951,-0.28742194175720215,-0.03550819307565689,-0.08850262314081192,0.24646706879138947,0.12074744701385498,-0.08908724784851074,-0.1091645210981369,0.009259375743567944,0.03697391599416733,0.12187447398900986,-0.04948059096932411,-0.1531243622303009,-0.1188926249742508,-0.09947482496500015,0.08318902552127838,-0.0724870041012764,0.0422322079539299,0.2732464373111725,-0.06574726104736328,-0.048176199197769165,-0.06591133028268814,-0.04926018789410591,0.03278510272502899,-0.8685539960861206,0.025136277079582214,-0.35318732261657715,0.26476871967315674,0.13462230563163757,0.15142151713371277,-0.12105932086706161,0.07475651800632477,-0.005205133464187384,0.050148844718933105,-0.020152298733592033,0.1531413048505783,0.002916622208431363,-0.16291610896587372,0.054338909685611725,-0.0879487618803978,-0.10113825649023056,0.11054261028766632,0.08628924190998077,0.06328485161066055,-0.38057881593704224,0.06999917328357697,-0.2916513681411743,-0.14150691032409668,-0.09504245221614838,-0.03308592364192009,-0.3256625235080719,-0.26540619134902954,0.15146669745445251,0.056942522525787354,-0.08671671152114868,-0.2647894024848938,-0.18763191998004913,0.00838923268020153,-0.32977256178855896,-0.06650860607624054,-0.27068620920181274,0.3356646001338959,0.21343442797660828,-0.5226231813430786,0.09195832908153534,0.29001158475875854,-0.21932601928710938,-0.21178412437438965,-0.22113680839538574,0.01937498152256012,-0.3258724510669708,0.28211498260498047,-0.165842667222023,0.2716425359249115,0.01729268953204155,0.15479061007499695,0.2528681457042694,0.04177319258451462,0.005786238703876734,0.1487223356962204,-0.18295525014400482,-0.04710977151989937,0.27148693799972534,0.09818549454212189,-0.2825854420661926,-0.4268673360347748,0.09833656251430511,-0.2957313358783722,-0.3367805480957031,0.1804673671722412,-0.06651309877634048,0.36713168025016785,0.217408686876297,-0.1492522656917572,-0.13270850479602814,0.14911524951457977,-0.5026907920837402,-0.3629101812839508,-0.06678178161382675,-0.22274097800254822,-0.07194171845912933,0.1053880900144577,-0.13277527689933777,-0.014912819489836693,-0.14685431122779846,0.07675116509199142,-0.19230619072914124,0.006038974970579147,0.054316092282533646,-0.06526578217744827,0.09604360163211823,-0.04194295406341553,0.08819403499364853,0.016150474548339844,-0.04259826987981796,-0.09643308073282242,-0.03595028072595596,0.10836078971624374,0.18166998028755188,-0.0046818554401397705,-0.06709494441747665,-0.308393269777298,0.25413328409194946,0.12144613265991211,0.20385293662548065,-0.078545942902565,-0.7641102075576782,0.01996399648487568,0.03052840568125248,0.26150378584861755,-0.03103204444050789,-0.13126151263713837,0.301882803440094,-0.07435610145330429,-0.03734583780169487,-0.03245571628212929,0.388743132352829,-0.08993871510028839,0.049590110778808594,-0.12772928178310394,0.021324247121810913,0.06602398306131363,-0.4990845322608948,-0.21846529841423035,0.23457050323486328,0.45503178238868713,0.18212851881980896,-0.062159955501556396,0.030853677541017532,-0.009405314922332764,-0.18157830834388733,-0.12338215112686157,0.16351819038391113,-0.08234554529190063,0.14522874355316162,0.03262690454721451,-0.05255453661084175,-0.16992633044719696,-0.29498979449272156,0.29750293493270874,0.11289817094802856,0.013590136542916298,-0.08255020529031754,-0.06201571226119995,0.03966762498021126,-0.002905735280364752,-0.00235014408826828,0.14745190739631653,-0.1514865905046463,0.4089301526546478,0.013011676259338856,-0.19002413749694824,0.07486490160226822,0.011553080752491951,-0.14802344143390656,0.1739678680896759,0.04224512726068497,-0.045050255954265594,-0.033965252339839935,0.21886272728443146,0.27064475417137146,0.19720663130283356,-0.14207163453102112,-0.3292000889778137,0.049905192106962204,-0.10937245190143585,-0.2847253680229187,0.035236407071352005,0.21446144580841064,0.021550264209508896,0.3084487318992615,-0.1254560351371765,0.5458980798721313,0.14378850162029266,-0.2704143822193146,-0.23967330157756805,-0.13693088293075562,-0.03505248948931694,-0.4506152272224426,-0.22255118191242218,-0.2560322880744934,0.27750784158706665,0.21651248633861542,-0.08907895535230637,-0.043029241263866425,-0.11610031127929688,0.016704117879271507,0.1553681492805481,0.10852231085300446,-0.02734273113310337,0.2654978036880493,-0.11319223791360855,0.23659169673919678,-0.4742865562438965,0.0704275369644165,-0.02355022355914116,0.019334718585014343,-0.12159919738769531,0.06663914769887924,-0.058071475476026535
CID000060184,245,-0.07970096170902252,-0.1321006715297699,-0.14707469940185547,0.03072417341172695,0.1708122193813324,0.34678226709365845,-0.06677547842264175,0.23453684151172638,-0.11701931059360504,-0.23903456330299377,0.19600984454154968,-0.27218514680862427,0.25078216195106506,-0.1804947555065155,-0.16786697506904602,0.14808446168899536,-0.021873336285352707,0.14095713198184967,-0.11672218888998032,-0.18595512211322784,0.19085997343063354,-0.20280542969703674,0.09212615340948105,-0.15704497694969177,0.16659103333950043,0.18312641978263855,-0.130327969789505,-0.2754010558128357,-0.059473611414432526,0.6331918239593506,0.09505131095647812,0.045325201004743576,-0.06580090522766113,-0.07576052099466324,-0.24386999011039734,-0.12369699776172638,-0.07906334102153778,-0.42466798424720764,-0.04917009547352791,0.13896092772483826,0.33210527896881104,-0.11379530280828476,-0.12558189034461975,-0.16430878639221191,0.08879270404577255,0.036032192409038544,0.2962721884250641,-0.0369897298514843,-0.04787518084049225,-0.024964701384305954,-0.18668285012245178,0.1972844898700714,-0.16682186722755432,-0.3948041498661041,0.01725936122238636,-0.04939417541027069,0.1365509033203125,0.01531132124364376,-0.012114268727600574,0.2962391972541809,-0.7563488483428955,-0.26995182037353516,-0.3037242591381073,0.012280253693461418,0.21462921798229218,-0.03669775649905205,-0.36495527625083923,-0.08423527330160141,-0.03394337370991707,-0.03636188432574272,-0.2985503077507019,-0.07697568088769913,0.042869094759225845,-0.19716179370880127,0.0034592270385473967,-0.0263019148260355,-0.0978236123919487,0.16214247047901154,0.06048545986413956,0.20171590149402618,-0.38653022050857544,-0.021933233365416527,-0.2914679944515228,-0.24018029868602753,0.02388695999979973,0.06881318241357803,-0.3560081124305725,-0.13982060551643372,0.29766881465911865,0.15255215764045715,-0.0737517774105072,-0.18884210288524628,0.054487038403749466,-0.05705295130610466,-0.4155253469944,-0.00590278347954154,-0.32186275720596313,0.2310032844543457,0.1846177726984024,-0.19839707016944885,0.19063010811805725,0.16346104443073273,-0.1723029911518097,-0.05167075991630554,-0.27188289165496826,-0.024180198088288307,-0.5180195569992065,0.31900709867477417,-0.3092198967933655,0.40544095635414124,0.07395758479833603,0.03174901008605957,0.23042520880699158,0.01992694102227688,-0.034655384719371796,0.09131032228469849,-0.021732453256845474,-0.35961756110191345,0.10659559816122055,0.10632677376270294,-0.109846331179142,-0.3782477378845215,0.03564018756151199,-0.4476196765899658,-0.20700886845588684,0.22837543487548828,0.13302390277385712,0.4301883280277252,0.2815712094306946,0.02844361402094364,-0.31487947702407837,0.03629549592733383,-0.49797362089157104,-0.310698539018631,-0.13221406936645508,-0.2517118453979492,0.27529245615005493,-0.12609350681304932,0.06392458081245422,0.10125909745693207,-0.18372400104999542,0.2838479280471802,0.13073045015335083,0.05525270104408264,0.028276950120925903,0.04267165809869766,0.09567250311374664,-0.20401878654956818,0.15518054366111755,-0.31240350008010864,0.042919740080833435,0.04362978786230087,-0.17122378945350647,-0.08626202493906021,-0.037761785089969635,0.20875641703605652,0.0017301291227340698,-0.6460409164428711,0.2959839701652527,0.1150706559419632,0.09203242510557175,-0.08501361310482025,-0.7695144414901733,0.16234658658504486,0.17890754342079163,0.3335516154766083,0.02195011079311371,-0.12361611425876617,0.36012405157089233,0.03881009668111801,0.08018571138381958,-0.01725362427532673,0.4953616261482239,-0.0963946208357811,0.29639729857444763,0.013531342148780823,0.10033631324768066,0.09765342622995377,-0.47009068727493286,-0.15675495564937592,0.31184813380241394,0.4506300091743469,-0.1239476203918457,-0.1479973942041397,-0.10254929959774017,-0.24133515357971191,-0.4317651689052582,-0.2524002194404602,0.2501167058944702,-0.14384403824806213,0.18609537184238434,-0.15476560592651367,0.23428130149841309,-0.07271628081798553,-0.029334384948015213,0.5448781847953796,-0.0988079085946083,0.048014309257268906,-0.012577688321471214,0.21543936431407928,-0.010599493980407715,0.25007855892181396,-0.34824445843696594,0.05011903494596481,-0.010565927252173424,0.38164886832237244,0.11997558921575546,-0.2393503189086914,-0.11411367356777191,-0.05000801756978035,-0.1876857876777649,0.21055936813354492,-0.003224598243832588,-0.05945392698049545,0.12487280368804932,0.12103673070669174,0.2152119129896164,0.14172743260860443,-0.039336103945970535,-0.20006945729255676,-0.07216484844684601,-0.10341320186853409,-0.319428026676178,0.11280401796102524,0.37571221590042114,0.24189528822898865,0.398508757352829,-0.4890662729740143,0.4510957598686218,0.18593546748161316,-0.10815475881099701,-0.3357190489768982,-0.06787899881601334,-0.04638642817735672,-0.33985283970832825,-0.21541118621826172,-0.29714152216911316,0.17006120085716248,0.15051782131195068,-0.15966685116291046,-0.06659606844186783,0.03136315941810608,0.055090345442295074,0.011106089688837528,0.14471815526485443,-0.0011956810485571623,0.18815912306308746,-0.12023178488016129,0.45819059014320374,-0.434851735830307,0.05758647993206978,-0.1346663534641266,0.1051311045885086,-0.10949494689702988,-0.04594559967517853,-0.28729182481765747
CID000197712,246,-0.03860338404774666,0.051479171961545944,-0.02427043579518795,-0.14392223954200745,0.199811652302742,0.3269767165184021,0.146848663687706,-0.1671743243932724,-0.31754153966903687,-0.11207473278045654,-0.04941532760858536,-0.38115009665489197,0.05361238121986389,-0.25538861751556396,-0.03463561460375786,0.047623470425605774,-0.1303221732378006,0.14737099409103394,0.032571665942668915,0.18675480782985687,0.03840501978993416,-0.01779654063284397,0.13383765518665314,0.1126062422990799,0.03722155839204788,-0.04309222847223282,0.16205553710460663,0.0423206202685833,-0.08224182575941086,0.24346284568309784,-0.10183984041213989,-0.18474939465522766,-0.0940970703959465,0.07363025844097137,-0.4868292808532715,0.029454369097948074,-0.23075203597545624,-0.2587640881538391,-0.2669289708137512,-0.042759619653224945,0.08379611372947693,0.09212011843919754,-0.21622291207313538,-0.11573463678359985,0.22515995800495148,-0.0513492114841938,0.1302148401737213,0.05673776939511299,-0.31917446851730347,-0.11592608690261841,-0.33942538499832153,0.03745551034808159,0.12392604351043701,-0.035298902541399,-0.03527938202023506,0.0717366561293602,-0.16436219215393066,0.17048069834709167,-0.02258288860321045,0.060566484928131104,-1.0207974910736084,-0.14110049605369568,-0.3902352452278137,0.23810076713562012,0.08704619109630585,0.1529082953929901,-0.10765297710895538,0.21842463314533234,0.013455149717628956,-0.024506589397788048,-0.1482328623533249,0.08502499014139175,-0.08678459376096725,-0.09838414192199707,0.11410534381866455,-0.16210898756980896,0.009165138006210327,0.07724031805992126,0.20735259354114532,0.01299031637609005,-0.15093307197093964,0.196163147687912,-0.11416637897491455,-0.04608887434005737,-0.10571324825286865,0.044712089002132416,-0.18437553942203522,-0.1794164776802063,0.3719368875026703,-0.08373001962900162,-0.03606824949383736,-0.1495446264743805,-0.3606977164745331,-0.09739046543836594,-0.4435216784477234,-0.14545123279094696,-0.21097759902477264,0.3426062762737274,0.09818299114704132,-0.36786705255508423,0.3045561909675598,0.1668310910463333,0.07406148314476013,-0.1258157640695572,-0.07530757039785385,0.11981010437011719,-0.3795986771583557,0.25785818696022034,-0.2562621235847473,0.19902601838111877,0.015607194975018501,-0.05285658687353134,0.48705291748046875,-0.16895119845867157,0.03752237930893898,-0.11343646049499512,0.07778868824243546,-0.11906741559505463,0.02122407592833042,0.0808422714471817,-0.019902538508176804,-0.688628077507019,-0.20839349925518036,-0.27988511323928833,-0.3663555979728699,0.01720377802848816,-0.10350296646356583,0.25019457936286926,0.08980412781238556,-0.009106847457587719,0.027199238538742065,0.006735950708389282,-0.6420047283172607,-0.300758421421051,0.08350392431020737,-0.1701287031173706,0.1591377556324005,-0.09225912392139435,0.0023502646945416927,0.07762820273637772,-0.15161892771720886,0.24397404491901398,-0.042547427117824554,-0.11941933631896973,-0.06525900959968567,-0.11867842823266983,0.1061122789978981,0.08861356973648071,0.12102966010570526,0.0546693429350853,0.07339474558830261,-0.08325012028217316,-0.00865226425230503,0.10555358231067657,0.14632388949394226,0.011889534071087837,-0.2300565242767334,-0.27728816866874695,0.03235264867544174,0.016543131321668625,0.11474567651748657,-0.05769810825586319,-0.9776275753974915,0.03790736943483353,0.15713271498680115,0.26471272110939026,-0.1992427408695221,-0.10455349832773209,0.15936848521232605,-0.08477475494146347,-0.12754598259925842,-0.06625249236822128,0.23908796906471252,-0.12752945721149445,0.13371706008911133,-0.041140031069517136,-0.04928417503833771,0.22607681155204773,-0.4337998926639557,-0.07053099572658539,0.12075450271368027,0.3783453404903412,0.07700558006763458,0.02464595064520836,0.043332017958164215,-0.06208757311105728,-0.49486494064331055,-0.027279864996671677,0.38541465997695923,-0.20899303257465363,0.07190199196338654,-0.13085754215717316,-0.003553158137947321,-0.08864594995975494,-0.10990069061517715,0.446296364068985,0.17345187067985535,-0.030579745769500732,-0.14722442626953125,0.08154530078172684,-0.12180744111537933,-0.11378713697195053,-0.1441686898469925,0.23561224341392517,-0.09765036404132843,0.1505597084760666,-0.008222057484090328,-0.12101699411869049,-0.013936596922576427,0.18214207887649536,0.08739069849252701,0.01798083819448948,0.027055492624640465,-0.091927669942379,0.12688860297203064,0.14686071872711182,0.3169350028038025,0.09973735362291336,-0.22557830810546875,-0.2936921715736389,0.14820463955402374,-0.06176328659057617,-0.5955559611320496,0.11260471493005753,0.2754863500595093,-0.13679146766662598,0.18044765293598175,-0.26788684725761414,0.6536534428596497,0.08477457612752914,-0.11524467170238495,-0.2294718325138092,-0.04468467831611633,-0.16526897251605988,-0.4311943054199219,-0.2655426561832428,-0.26260310411453247,0.023165857419371605,0.10131119191646576,-0.16777625679969788,-0.16127726435661316,0.05500378459692001,0.13000166416168213,-0.05692942067980766,-0.04586352780461311,-0.25379765033721924,0.10647273063659668,-0.16302010416984558,-0.07854122668504715,-0.6981945037841797,-0.11567036807537079,0.05824155732989311,0.25245124101638794,-0.025162095203995705,0.004849046003073454,0.015420657582581043
CID000005267,247,-0.1339399665594101,-0.18784189224243164,0.04784945398569107,0.052583687007427216,0.1220935806632042,0.38895803689956665,0.2778560221195221,-0.1265806257724762,-0.5045773983001709,-0.31891125440597534,0.10135167837142944,-0.5693193078041077,0.29417067766189575,-0.4349832534790039,0.007155711762607098,0.0995347872376442,0.28331300616264343,0.10614864528179169,-0.1848907470703125,-0.21351632475852966,-0.17464452981948853,-0.5262075662612915,0.0961625948548317,0.255685031414032,-0.05954405665397644,-0.04974488541483879,0.1375134289264679,-0.08385087549686432,0.05470672994852066,0.5794111490249634,-0.05976693704724312,-0.2716093063354492,-0.10536453872919083,-0.1688748598098755,-0.5125800967216492,-0.16258084774017334,-0.3189989924430847,-0.2588880956172943,0.06597757339477539,-0.029401909559965134,0.05444337800145149,0.15318086743354797,-0.027565767988562584,-0.044339973479509354,0.38093137741088867,-0.0930175632238388,0.14935211837291718,-0.21140432357788086,-0.16820243000984192,0.06276354938745499,-0.5043106079101562,0.2096729278564453,-0.22760799527168274,0.08780956268310547,0.006346310488879681,-0.05637746304273605,-0.11522412300109863,-0.19706681370735168,0.18621082603931427,0.07144169509410858,-0.8328820466995239,0.23069866001605988,-0.08918768912553787,0.2272959202528,-0.11146422475576401,0.0378895066678524,-0.193403959274292,0.10388815402984619,0.07233111560344696,-0.07198576629161835,-0.4370850622653961,0.6144713163375854,-0.04697619751095772,-0.1222834438085556,0.4019685685634613,-0.014763539656996727,0.06639803946018219,0.45069628953933716,0.17755833268165588,0.1371803730726242,-0.2682257294654846,-0.0022044957149773836,-0.1876932829618454,0.12222565710544586,0.17170462012290955,0.3551812171936035,-0.3738728165626526,0.03088848665356636,0.3466140925884247,-0.03224724531173706,0.01394113339483738,-0.17393355071544647,-0.12725360691547394,-0.129272922873497,-0.3425997197628021,-0.06110592931509018,-0.4347156882286072,0.462810218334198,0.056669820100069046,-0.5308306813240051,0.3002703785896301,0.13532111048698425,-0.01900552585721016,0.004477349109947681,-0.06081946939229965,0.03375033289194107,-0.46397629380226135,0.19385702908039093,-0.03105952776968479,-0.06457386910915375,-0.16452382504940033,0.15325793623924255,0.16631238162517548,-0.26674094796180725,0.16142816841602325,0.06755330413579941,0.001497554825618863,-0.2734966278076172,0.34839269518852234,-0.24287399649620056,-0.18423661589622498,-0.6670557260513306,-0.2489805966615677,-0.049933720380067825,-0.0950344055891037,0.3441113233566284,0.014534210786223412,0.28651145100593567,0.18226495385169983,-0.02189043164253235,-0.08999955654144287,-0.0909653902053833,-0.627988338470459,-0.45830902457237244,0.16315585374832153,0.002544458257034421,0.4280785918235779,-0.07306613028049469,0.09060235321521759,-0.019897546619176865,-0.09762494266033173,0.22830912470817566,0.1430506408214569,0.04469027742743492,0.20239324867725372,-0.019173339009284973,-0.00650812080129981,-0.034227270632982254,-0.1070447713136673,-0.4860629141330719,-0.11880747973918915,-0.19862346351146698,-0.09143560379743576,-0.07747155427932739,0.291271835565567,0.14685750007629395,-0.08218026161193848,-0.5016539096832275,0.11630415916442871,-0.07716590911149979,0.17019817233085632,-0.12808452546596527,-0.7745696306228638,-0.15432380139827728,0.3434661030769348,0.20801794528961182,0.06800280511379242,0.1713579148054123,-0.06508992612361908,-0.06455498933792114,-0.06977636367082596,0.20540907979011536,0.5970913767814636,0.09022876620292664,0.19875147938728333,-0.07103082537651062,-0.04552452638745308,0.09239566326141357,-0.5887739062309265,-0.04912082850933075,0.23743382096290588,0.5555669069290161,-0.25678718090057373,-0.11258284002542496,0.18897832930088043,0.07978489249944687,-0.44411134719848633,-0.09492731094360352,0.44867220520973206,0.26514163613319397,0.06432867050170898,-0.26538291573524475,-0.05050445720553398,0.19374963641166687,-0.4552900195121765,0.4558514654636383,-0.24663498997688293,-0.09101865440607071,-0.34181320667266846,-0.5580239295959473,-0.06546936929225922,0.04646040126681328,-0.3736041188240051,0.27008554339408875,-0.08604159951210022,0.3417097330093384,-0.039001692086458206,-0.17381322383880615,-0.3372071385383606,0.055899351835250854,-0.08793500810861588,0.008996976539492607,-0.05796103551983833,-0.33724692463874817,0.018870849162340164,-0.12380550056695938,0.6884404420852661,-0.129195436835289,0.13249583542346954,-0.011796243488788605,0.03914415463805199,-0.11957637965679169,-0.6895568370819092,0.003990745637565851,0.3410220146179199,0.10010857880115509,0.0569552406668663,-0.05541753023862839,0.8143478631973267,0.17486606538295746,-0.1248190626502037,-0.1469545066356659,-0.13701041042804718,0.02227884903550148,-0.47773218154907227,-0.361607164144516,-0.04067542403936386,0.7724614143371582,-0.18604925274848938,0.13851356506347656,-0.3025914132595062,0.3766863942146301,-0.12487541139125824,0.10363726317882538,-0.004973769187927246,-0.2192712277173996,0.07257772982120514,0.25738006830215454,0.1990906149148941,-0.7544956207275391,-0.11417808383703232,0.5286377668380737,0.3677155673503876,-0.12762196362018585,0.09055288881063461,0.056558169424533844
CID000003222,250,-0.03473125770688057,-0.15218034386634827,-0.2242000550031662,0.05079878494143486,0.13296116888523102,0.3014426827430725,-0.009030455723404884,0.09725607931613922,-0.17354576289653778,-0.14838573336601257,0.10460484027862549,-0.1757475882768631,0.3287399411201477,-0.3160560131072998,-0.30820518732070923,0.13480250537395477,0.11022882163524628,0.0762682780623436,-0.005316227674484253,-0.23926818370819092,0.27782970666885376,-0.22584640979766846,0.03241023048758507,-0.26080793142318726,0.12202467769384384,0.15165884792804718,-0.09802649915218353,-0.10533817857503891,-0.13690689206123352,0.6015161275863647,-0.002681234385818243,0.02648405358195305,-0.036725759506225586,-0.03906289488077164,-0.3555971384048462,-0.13456189632415771,-0.17510537803173065,-0.4198537766933441,-0.059666700661182404,0.13717195391654968,0.3012557625770569,-0.17374148964881897,-0.3075428903102875,-0.3935049772262573,0.30724483728408813,0.10485303401947021,0.36227014660835266,-0.07263152301311493,0.008679447695612907,-0.015848632901906967,-0.46419256925582886,0.22045719623565674,-0.2157391756772995,0.019899871200323105,-0.019185859709978104,-0.07375438511371613,0.02375345304608345,0.06572217494249344,0.00019341408915352076,0.25977930426597595,-0.7900247573852539,-0.2300935536623001,-0.1596393883228302,0.24759025871753693,0.16483241319656372,-0.0782357007265091,-0.12403184175491333,0.09650232642889023,-0.1121005043387413,0.019287025555968285,-0.27692288160324097,-0.2700328528881073,0.01675429381430149,-0.1810859888792038,-0.005238940007984638,-0.08671030402183533,-0.10076193511486053,0.4952441155910492,0.09154655784368515,0.1545962691307068,-0.39236223697662354,-0.17133381962776184,-0.3459191918373108,-0.26539939641952515,0.05933346226811409,0.08415315300226212,-0.20026901364326477,0.0842582955956459,0.44939661026000977,0.17662131786346436,-0.01466138381510973,-0.20033566653728485,0.19393117725849152,-0.01804705522954464,-0.5092450380325317,-0.01915612444281578,-0.3402370810508728,0.336779922246933,0.045952677726745605,-0.28718113899230957,0.3120672404766083,0.2190440148115158,-0.047434426844120026,-0.04478408023715019,-0.29078537225723267,-0.05945706367492676,-0.5340098142623901,0.3567429184913635,-0.264552503824234,0.055895090103149414,-0.05009186267852783,-0.027967402711510658,0.44716963171958923,0.049665890634059906,-0.03777666762471199,0.15331047773361206,-0.2863108813762665,-0.411457359790802,0.38967591524124146,0.05689222365617752,0.023477043956518173,-0.49970000982284546,-0.11843042075634003,-0.4934757649898529,-0.30006614327430725,0.20187155902385712,0.1505422294139862,0.5983808636665344,0.2592163681983948,-0.11172926425933838,-0.31714415550231934,-0.08806110918521881,-0.5727379322052002,-0.3355935215950012,-0.06800462305545807,-0.2699865400791168,0.4801352620124817,-0.5125495195388794,-0.03838277608156204,0.08720115572214127,-0.14432743191719055,-0.0779232457280159,0.3376944065093994,0.13366827368736267,0.020122507587075233,-0.02814560756087303,0.062092315405607224,-0.022314760833978653,0.1623600870370865,-0.318217933177948,0.021019723266363144,0.1722862422466278,-0.22422027587890625,-0.1446610987186432,-0.04451816529035568,0.004902740009129047,0.013179006986320019,-0.5181502103805542,0.07253479957580566,0.1801437884569168,0.09927777945995331,-0.10391297191381454,-0.8326177597045898,0.060592781752347946,0.39824217557907104,0.36882463097572327,-0.10595522820949554,-0.04925290867686272,0.42784157395362854,0.1573115438222885,-0.1563967764377594,0.0722014456987381,0.47663941979408264,-0.1217687726020813,0.3603864014148712,-0.0690530315041542,0.08292469382286072,0.17554998397827148,-0.4754165709018707,-0.13033150136470795,0.2970275282859802,0.3384924530982971,-0.03620467334985733,-0.09656704217195511,-0.18170902132987976,-0.24828100204467773,-0.5475375652313232,-0.2465028315782547,0.299334853887558,-0.18434937298297882,0.01927904225885868,-0.16098494827747345,0.19770410656929016,-0.09955831617116928,-0.20056262612342834,0.3943353593349457,-0.06843484938144684,0.09858771413564682,-0.15118351578712463,0.24794161319732666,0.07581339031457901,0.18815594911575317,-0.5830457210540771,-0.16317300498485565,-0.05230637639760971,0.22060799598693848,-0.016852479428052902,-0.18373572826385498,-0.2755494713783264,-0.18761776387691498,-0.1616731435060501,0.2688489556312561,-0.003971002995967865,-0.10457022488117218,0.08462660014629364,-0.0195403303951025,0.35366493463516235,0.15172553062438965,-0.05838226154446602,-0.07442376017570496,-0.19875282049179077,-0.05337792634963989,-0.42605799436569214,0.12693539261817932,0.376767635345459,0.1867067664861679,0.3464133143424988,-0.032900188118219376,0.5214448571205139,0.2686467170715332,-0.015073025599122047,-0.2239738404750824,-0.0028730034828186035,-0.10799453407526016,-0.2208465039730072,-0.32563304901123047,-0.30207720398902893,0.37613779306411743,0.0019164979457855225,-0.2534952759742737,-0.009168615564703941,0.022799860686063766,0.08143944293260574,0.12663426995277405,0.2833620309829712,-0.3169959485530853,0.0007217854144982994,-0.05827080085873604,0.48418569564819336,-0.5048705339431763,-0.13694682717323303,-0.15926259756088257,0.2111273556947708,-0.039518944919109344,-0.1225459948182106,-0.3251585364341736
CID000002576,251,0.01575721986591816,-0.07685249298810959,-0.17350459098815918,-0.05354364961385727,0.598595380783081,0.15415407717227936,-0.17408782243728638,-0.06654239445924759,-0.052007853984832764,-0.0035510421730577946,0.16266417503356934,-0.4205854833126068,-0.035068124532699585,-0.22650651633739471,-0.1278170645236969,-0.14413699507713318,0.1732793152332306,-0.055509138852357864,0.109701968729496,0.1393560767173767,-0.0040528238750994205,0.0810883417725563,0.1034996509552002,0.26327839493751526,0.11237416416406631,0.012913936749100685,0.05470522493124008,0.04253874719142914,0.11409918963909149,0.3286305069923401,-0.07927177846431732,-0.21794402599334717,-0.09929052740335464,-0.02161039412021637,-0.5922804474830627,0.06598059833049774,-0.3095428943634033,-0.2205061912536621,-0.19919723272323608,-0.08230710029602051,0.07432977855205536,-0.21427316963672638,-0.10753120481967926,-0.3150708079338074,0.1161472424864769,0.012350767850875854,-0.09701571613550186,-0.0007259249687194824,-0.20315882563591003,-0.09708869457244873,-0.16145673394203186,-0.04114009812474251,-0.08896805346012115,-0.09316109120845795,0.19918274879455566,-0.145891934633255,-0.06459489464759827,0.052067868411540985,0.4166792035102844,0.12222985178232193,-0.8759665489196777,0.2031981498003006,-0.1056043729186058,0.18387719988822937,0.19618749618530273,0.1755615919828415,-0.3084203004837036,0.15528658032417297,-0.10452453047037125,0.037730634212493896,-0.11790917813777924,0.11348013579845428,0.006334465928375721,-0.14476202428340912,0.2165220081806183,0.061330318450927734,-0.005255281925201416,0.061202120035886765,-0.04747238755226135,-0.17654792964458466,-0.27181094884872437,-0.11226806789636612,-0.1415836364030838,0.02094319835305214,-0.06246744468808174,0.13353177905082703,-0.0936080664396286,0.054967425763607025,0.4877556264400482,-0.16464734077453613,-0.22988498210906982,0.02718450501561165,0.014289033599197865,0.10274698585271835,-0.585888683795929,-0.007588277570903301,-0.12030445039272308,0.31938987970352173,0.018730122596025467,-0.19772031903266907,0.3769201636314392,0.21832537651062012,-0.31046369671821594,0.03690629452466965,-0.027759701013565063,-0.01623706892132759,-0.6261394619941711,0.09689756482839584,0.15234936773777008,0.19888390600681305,0.1005224958062172,-0.03671417757868767,0.20855574309825897,0.10941393673419952,-0.08791717141866684,-0.020140016451478004,0.04624207690358162,-0.21605268120765686,0.02560979686677456,0.1544634848833084,-0.24669452011585236,-0.7634270787239075,0.20149199664592743,-0.19838997721672058,-0.4387137293815613,0.016364431008696556,-0.03949885815382004,0.3310653269290924,-0.10762836784124374,-0.041764795780181885,-0.2955366373062134,0.14683780074119568,-0.41982656717300415,-0.25688520073890686,-0.21826186776161194,-0.25510430335998535,0.46781548857688904,-0.09386825561523438,-0.09986606985330582,0.029254520311951637,0.016727764159440994,0.23667514324188232,-0.017410755157470703,0.03213769197463989,0.30655181407928467,-0.17141598463058472,0.21176409721374512,0.2129327356815338,0.19050125777721405,0.030460381880402565,-0.050543177872896194,-0.2874966263771057,-0.03150198981165886,-0.04496097192168236,0.11411907523870468,0.12022630870342255,-0.12561717629432678,-0.36035579442977905,-0.03595926612615585,0.11155842244625092,0.12946029007434845,0.06093170493841171,-0.9783576726913452,0.047368794679641724,0.32175111770629883,0.20667116343975067,-0.14222383499145508,-0.07787061482667923,0.1490473747253418,0.01373377162963152,-0.015753835439682007,0.007615006063133478,0.3096751272678375,-0.003723657224327326,-0.148678258061409,-0.03171178326010704,-0.041166163980960846,0.17634317278862,-0.4023808538913727,-0.08348282426595688,0.2689289450645447,0.19156377017498016,-0.032588690519332886,-0.10598590224981308,-0.16754241287708282,-0.026942938566207886,-0.04415537044405937,-0.24580709636211395,0.6526232957839966,-0.055981408804655075,0.12907391786575317,-0.4480070173740387,0.12030129134654999,-0.0168876014649868,-0.08010764420032501,0.6008885502815247,-0.017820751294493675,-0.04836355522274971,-0.24594466388225555,-0.3758121728897095,-0.14597555994987488,-0.1393488198518753,-0.22548511624336243,0.22859402000904083,-0.293417364358902,0.2639000117778778,0.1330038607120514,-0.02498731017112732,-0.03806709125638008,-0.12289383262395859,0.1921088695526123,0.06091916561126709,-0.11677335202693939,-0.18272876739501953,0.08373892307281494,-0.1643836498260498,0.5218571424484253,-0.1438247710466385,-0.19248829782009125,-0.34402981400489807,-0.2338843047618866,-0.04732458293437958,-0.5647907853126526,0.13279294967651367,0.33037176728248596,-0.04056771844625473,0.17726054787635803,-0.1729382574558258,0.7276222705841064,0.07482749223709106,-0.14180848002433777,-0.16441769897937775,-0.028702031821012497,-0.14656583964824677,-0.6170183420181274,-0.21173524856567383,-0.04162187501788139,0.3097584545612335,-0.038214314728975296,-0.18167398869991302,-0.26686933636665344,-0.06687609851360321,0.11670424789190292,0.0665900930762291,0.10044264793395996,-0.29410868883132935,0.249100923538208,-0.09803229570388794,-0.20758786797523499,-0.6165180206298828,0.06945987045764923,0.06968954205513,0.1554097831249237,-0.07094547897577286,0.025601010769605637,0.05801199749112129
CID000002462,254,0.22047582268714905,0.1400804966688156,0.12326421588659286,-0.1937260925769806,0.19022074341773987,0.5918840765953064,0.3423348069190979,-0.5022274255752563,-0.5207522511482239,-0.026995649561285973,0.025880882516503334,-0.29112672805786133,0.4545844495296478,-0.19950538873672485,0.19969215989112854,-0.09589176625013351,0.2618592381477356,-0.23902778327465057,0.03760635852813721,0.24214081466197968,-0.18302756547927856,0.1237703189253807,-0.14523692429065704,0.17453961074352264,0.08163000643253326,0.29827436804771423,0.044473547488451004,-0.19798268377780914,0.01610509492456913,0.4296938478946686,-0.03585830330848694,-0.00956870336085558,-0.22907893359661102,-0.11847735941410065,-0.38000714778900146,-0.0708286389708519,-0.19019688665866852,-0.43741846084594727,0.09338431805372238,0.3485998511314392,-0.08925986289978027,-0.12767544388771057,-0.2266804277896881,0.07161398231983185,0.3506554067134857,0.228325754404068,0.04294263944029808,-0.28767460584640503,-0.15429461002349854,0.07962369173765182,-0.5610994100570679,-0.06510330736637115,-0.20315685868263245,-0.19536325335502625,0.44345203042030334,0.10566846281290054,0.060939304530620575,-0.18228641152381897,0.5155346989631653,-0.20455369353294373,-1.0876544713974,0.1816561371088028,0.10462741553783417,0.7719465494155884,0.03217948600649834,-0.41373008489608765,-0.3391879200935364,0.47911810874938965,0.19694140553474426,-0.14140263199806213,-1.1444209814071655,-0.12400666624307632,0.05415278673171997,0.19393563270568848,0.5338003039360046,-0.14814260601997375,0.0983084961771965,0.22580668330192566,-0.21563515067100525,0.1082235723733902,-0.18033602833747864,0.11869611591100693,0.35557445883750916,-0.02885245718061924,0.04414825886487961,-0.1123332753777504,-0.2620542347431183,0.0089737419039011,0.9631186723709106,-0.24931398034095764,0.19950376451015472,-0.36043307185173035,0.1529156118631363,0.0004943236708641052,-0.5384684205055237,-0.011835862882435322,-0.22217507660388947,0.26412665843963623,-0.05957210063934326,-0.23590798676013947,0.7715000510215759,0.029387671500444412,0.38530653715133667,0.04441235214471817,-0.21149393916130066,-0.16602560877799988,-0.1408955454826355,0.2924189865589142,0.2321319282054901,0.4963351786136627,-0.1951015293598175,-0.039500825107097626,0.31107062101364136,-0.14738398790359497,0.27132776379585266,0.23196649551391602,0.09348927438259125,-0.33623796701431274,0.07788725942373276,-0.1078987717628479,0.3483368158340454,-0.945397675037384,0.021766996011137962,0.026177307590842247,-0.5765656232833862,0.12528647482395172,-0.1545848846435547,0.4038620591163635,0.0005328065017238259,0.2532496750354767,-0.057698704302310944,-0.014973876997828484,-0.8858838081359863,-0.3466686010360718,0.28502157330513,0.4471895694732666,0.5504091382026672,-0.6051449179649353,-0.11834035813808441,0.06734820455312729,0.04915974661707878,0.4809719920158386,0.057158488780260086,-0.05475817248225212,0.10671742260456085,0.061834681779146194,0.03861364349722862,0.5739816427230835,-0.093697689473629,0.08578971028327942,-0.18865689635276794,-0.19204220175743103,-0.11347398906946182,-0.10177834331989288,0.27907735109329224,0.08206814527511597,-0.06606514006853104,-0.38100677728652954,-0.06947585195302963,-0.0032849586568772793,0.521438479423523,-0.11856814473867416,-1.2341500520706177,-0.05268045514822006,0.6566946506500244,0.18371371924877167,0.019640473648905754,0.1620526760816574,0.12474508583545685,0.22920942306518555,-0.20578059554100037,-0.3090292513370514,0.6189705729484558,-0.2718544900417328,0.14384731650352478,-0.430776447057724,-0.07010620832443237,-0.020096292719244957,-0.4526917338371277,0.0712837427854538,0.028037840500473976,0.3547069728374481,0.32201406359672546,-0.02358296886086464,0.0006063729524612427,-0.011126506142318249,-0.3566240668296814,0.27151185274124146,0.7171298861503601,0.2552559971809387,-0.00977657176554203,-0.14248912036418915,0.06257040053606033,0.17478184401988983,-0.02001713216304779,0.2010023295879364,-0.13255667686462402,-0.07645998895168304,-0.16617503762245178,0.11005572974681854,0.006126524414867163,-0.09381522238254547,-0.2702781558036804,0.08876393735408783,-0.09642241150140762,0.39976897835731506,0.3304397463798523,-0.45607298612594604,-0.2744421362876892,0.18211524188518524,0.5259932279586792,0.131612166762352,0.03484418988227844,-0.07782582193613052,0.07582581043243408,-0.2774917483329773,0.5597659349441528,-0.36213093996047974,0.09789479523897171,0.02195536531507969,-0.06398499011993408,-0.20414261519908905,-0.9951702356338501,-0.09313521534204483,0.30591079592704773,-0.010264627635478973,0.029542237520217896,-0.5320770740509033,0.6934292912483215,-0.25352776050567627,0.21052198112010956,-0.06700398027896881,0.2405371367931366,0.09496837854385376,-0.5015953779220581,-0.3488479256629944,-0.05992840602993965,0.07315528392791748,-0.024311590939760208,-0.05895712226629257,-0.23478896915912628,0.2942271828651428,-0.15527816116809845,0.20298819243907928,0.010175776667892933,-0.6580849885940552,0.08939047157764435,0.2830723226070404,-0.009226923808455467,-0.8332327604293823,0.06516952067613602,0.28472086787223816,0.3273395597934723,0.07304564863443375,-0.1629193276166916,-0.0004127502324990928
CID000176168,255,0.08556930720806122,-0.18036706745624542,0.010170203633606434,0.17965035140514374,0.8748832941055298,0.2785910964012146,-0.15642967820167542,0.07155252248048782,-0.1427537500858307,-0.03829650580883026,0.19366511702537537,-0.2809305191040039,-0.5593701601028442,-0.14282315969467163,-0.08359769731760025,-0.026406416669487953,-0.19084979593753815,-0.088632732629776,0.38181817531585693,-0.12329425662755966,-0.2812878489494324,0.3262255787849426,-0.023476846516132355,-0.2260294258594513,-0.25198784470558167,0.25526997447013855,-0.17197881639003754,0.021405667066574097,0.051560014486312866,0.4980897307395935,-0.24018636345863342,-0.22899647057056427,0.4670923352241516,-0.17862984538078308,-1.0241161584854126,0.05501646548509598,-0.7867507934570312,-0.12561431527137756,-0.005534044001251459,0.2414540797472,0.0971451923251152,0.12425236403942108,-0.09888908267021179,-0.1229180097579956,0.4876915514469147,0.17763406038284302,0.013943585567176342,0.28984975814819336,-0.019626496359705925,0.000736022018827498,-0.4907981753349304,-0.12260516732931137,0.026868784800171852,-0.2634431719779968,-0.07290063053369522,0.2741638123989105,-0.012878090143203735,0.03408200293779373,0.6396186947822571,0.4156317114830017,-1.0193120241165161,0.04856966435909271,-0.1963776797056198,0.24130716919898987,0.005241709761321545,-0.44115757942199707,-0.09167809784412384,0.2979932725429535,0.10404123365879059,-0.08472559601068497,-0.5252227783203125,0.05245661735534668,0.010267550125718117,-0.3045448362827301,0.669813871383667,0.2564145028591156,0.04999316483736038,0.3012453019618988,0.014225192368030548,-0.4851771295070648,0.020391475409269333,-0.45951348543167114,-0.04312080889940262,0.27594631910324097,-0.016908923164010048,0.16149088740348816,-0.2926655411720276,-0.031046658754348755,0.8282424211502075,0.3719314634799957,0.02096732333302498,0.07326574623584747,0.10740791261196136,0.06356756389141083,-0.8844788670539856,0.16368994116783142,-0.24692168831825256,0.32248958945274353,0.11866024881601334,-0.20337340235710144,0.6198219060897827,-0.3482200801372528,-0.2694058418273926,0.1466849148273468,0.3090091645717621,-0.1739182472229004,-0.728396475315094,0.17305350303649902,0.1946406364440918,0.07782210409641266,-0.45240411162376404,-0.22203774750232697,-0.040119729936122894,0.2530580461025238,0.20576970279216766,0.17592038214206696,-0.09905519336462021,-0.9554389715194702,0.122409388422966,-0.004382878541946411,0.023551050573587418,-1.15481698513031,-0.3462287187576294,-0.46871089935302734,-0.4671992361545563,-0.06389831006526947,-0.030975664034485817,0.4414857029914856,-0.1039026528596878,-0.17797163128852844,-0.059327613562345505,-0.06996169686317444,-0.3899972140789032,-0.4618452489376068,-0.15270832180976868,-0.36702993512153625,0.8452832102775574,-0.19398736953735352,0.23500987887382507,0.011344676837325096,0.21888792514801025,0.2944065034389496,-0.2736503779888153,0.4357636868953705,0.02915244735777378,-0.15520326793193817,-0.414839506149292,0.05309354513883591,-0.025696303695440292,0.2120952606201172,0.04115689545869827,-0.1294865608215332,0.11077152192592621,-0.023828715085983276,-0.2703506052494049,-0.19417575001716614,0.2248363196849823,-0.37443625926971436,-0.17140324413776398,-0.07484997063875198,-0.18774695694446564,-0.1491747498512268,-0.9631603360176086,0.027537118643522263,0.4697945713996887,0.19636127352714539,-0.05918790027499199,0.1171872615814209,0.1742056906223297,-0.06552274525165558,-0.32429078221321106,-0.44711199402809143,0.4014168381690979,0.08964382857084274,-0.04766122251749039,0.05979497358202934,0.10268807411193848,0.15922729671001434,-0.3685457110404968,-0.06661109626293182,0.11393743753433228,0.37837594747543335,-0.0329371877014637,0.039630226790905,-0.1425575315952301,-0.05589119344949722,-0.6709101796150208,-0.3957005739212036,1.002893328666687,0.08284686505794525,0.14654815196990967,-0.690889835357666,0.10425899177789688,0.3989942669868469,-0.1682378351688385,0.6728073954582214,0.024258693680167198,-0.16638974845409393,-0.3443075120449066,-0.21213014423847198,-0.42073020339012146,-0.13602058589458466,-0.18656232953071594,-0.0723915547132492,-0.04138660803437233,0.15389275550842285,-0.11253539472818375,0.18024714291095734,-0.46235522627830505,-0.39294353127479553,0.26097971200942993,-0.42141667008399963,-0.18626675009727478,0.08197065442800522,0.10323663055896759,-0.10986220836639404,0.9563570022583008,-0.029645854607224464,-0.01047523319721222,-0.04925587773323059,0.028870057314634323,0.0176226943731308,-0.969666600227356,0.11636514961719513,0.30488985776901245,-0.13216564059257507,0.11087735742330551,-0.3658529222011566,1.1393938064575195,-0.16043463349342346,-0.1327221542596817,-0.004473726265132427,-0.1700686514377594,0.0314076729118824,-0.4789365828037262,-0.15524569153785706,0.31763172149658203,-0.024863500148057938,-0.04734313488006592,-0.1402769833803177,-0.9048867225646973,-0.061069317162036896,0.14787323772907257,0.25279879570007324,0.1334402710199356,-0.32119742035865784,0.1277577430009842,0.0910727009177208,-0.21050933003425598,-1.0982402563095093,-0.2727871835231781,0.44294804334640503,0.6811256408691406,0.13991400599479675,0.07819847017526627,0.17921265959739685
CID000002658,256,0.17177020013332367,-0.02450360357761383,-0.03681211918592453,-0.21668720245361328,0.8587562441825867,0.46548303961753845,0.17136609554290771,0.1315344125032425,-0.5355991125106812,0.16152192652225494,0.20854954421520233,-0.4235568940639496,-0.32578060030937195,0.02505366876721382,0.047556322067976,-0.20433290302753448,0.1023264080286026,-0.05485236644744873,-0.4795994758605957,-0.08889871835708618,0.0592675507068634,-0.37046727538108826,0.1108819991350174,-0.04048550873994827,0.008986929431557655,-0.22066518664360046,0.10768651962280273,-0.029611533507704735,0.03141390532255173,0.3945109248161316,-0.3632960915565491,0.07699425518512726,-0.2897067070007324,-0.01928522065281868,-0.5599110722541809,0.11583830416202545,-0.5818067789077759,-0.326405793428421,-0.07068062573671341,-0.2705157697200775,-0.3555849492549896,-0.03607380390167236,-0.2926819622516632,0.1795549988746643,0.30138105154037476,0.23330911993980408,0.015221476554870605,-0.16921861469745636,-0.17360934615135193,-0.057996876537799835,-0.5036574602127075,-0.1715286672115326,-0.033317357301712036,-0.9745546579360962,0.1131630688905716,-0.06988866627216339,-0.017119992524385452,-0.008387102745473385,1.4504539966583252,-0.3402007222175598,-1.0920544862747192,-0.11146620661020279,-0.1116301566362381,0.2854023277759552,0.15545356273651123,-0.3468140661716461,-0.454904705286026,0.11678936332464218,0.2948583960533142,-0.1068371906876564,-0.8254402279853821,0.12180332094430923,-0.21765689551830292,-0.10911388695240021,0.6454797387123108,-0.011459415778517723,0.2922523021697998,-0.08405965566635132,0.18455667793750763,0.30963319540023804,0.041315823793411255,0.1004844531416893,0.32555025815963745,0.12487931549549103,-0.049183644354343414,0.2630133330821991,0.1066165417432785,0.08517616987228394,0.4744565486907959,0.20837350189685822,0.057740211486816406,0.1107933297753334,-0.4142322540283203,-0.23448586463928223,-0.6075053215026855,0.05533486604690552,0.20206570625305176,0.16085220873355865,-0.23627157509326935,0.028760433197021484,0.2971477508544922,0.3966423571109772,0.026773154735565186,0.344247430562973,-0.015298807993531227,0.22333689033985138,-0.6362711191177368,0.47527194023132324,-0.0655812993645668,0.43239253759384155,-0.49516576528549194,0.12344460189342499,0.2391814887523651,-0.12460403144359589,0.18694409728050232,0.19425611197948456,-0.27140429615974426,-0.2481781244277954,0.010249358601868153,-0.08665093779563904,0.11505446583032608,-1.0856761932373047,0.014152820222079754,-0.36632031202316284,-0.4292289614677429,0.20444151759147644,0.011759449727833271,0.3528633117675781,-0.12316874414682388,-0.06446493417024612,-0.018725857138633728,0.23646369576454163,-0.6218701004981995,-0.411982923746109,0.06592170894145966,-0.253614604473114,0.42837777733802795,-0.4036567807197571,0.4843539297580719,-0.21864593029022217,0.3223193287849426,0.4941375255584717,-0.06718356162309647,0.0419558510184288,-0.08568283170461655,-0.10301538556814194,0.06526951491832733,0.035602591931819916,-0.014830455183982849,-0.1916218250989914,-0.06869219988584518,-0.025762345641851425,-0.10008379071950912,0.13038650155067444,-0.05136517435312271,-0.069306381046772,0.020506585016846657,-0.3923596739768982,-0.22212514281272888,0.14206114411354065,0.3974388837814331,0.21792104840278625,-1.00852370262146,0.13772058486938477,0.4780096113681793,0.224807471036911,-0.1335224211215973,0.4845038950443268,0.04862481728196144,-0.0804777592420578,-0.3877232074737549,-0.6198855638504028,0.7080665230751038,-0.03842152655124664,0.030863013118505478,-0.07564103603363037,-0.14875400066375732,0.04196111112833023,-0.1719813048839569,-0.1007416695356369,0.1709303855895996,0.008751070126891136,-0.09657160937786102,-0.1732330322265625,0.09458998590707779,0.05331254005432129,0.06054165959358215,-0.014982497319579124,0.6174277067184448,-0.09523538500070572,0.4451647698879242,-0.8246364593505859,0.10196699947118759,0.2687942385673523,-0.06471744179725647,0.6133516430854797,0.25174909830093384,0.05326647683978081,-0.2597421109676361,-0.137788325548172,-0.30881622433662415,-0.11643872410058975,-0.3380964398384094,0.1361405849456787,-0.2613581717014313,0.3200772702693939,-0.14714162051677704,-0.34150412678718567,-0.14637789130210876,0.14720270037651062,0.5144526958465576,-0.25414973497390747,0.009351804852485657,-0.19663026928901672,1.3824775218963623,0.11610718071460724,0.9843474626541138,0.1799083650112152,-0.057040710002183914,-0.06065026670694351,0.41601523756980896,0.130218505859375,-0.8260928392410278,0.10180983692407608,0.03627407178282738,0.09677721560001373,-0.22605717182159424,-0.5962778329849243,1.0185550451278687,0.5624595880508423,-0.23106813430786133,-0.49252623319625854,0.08842991292476654,0.120036780834198,-0.6130149364471436,-0.32407864928245544,-0.15649719536304474,0.05717725679278374,-0.32042133808135986,0.1425093710422516,-1.0446065664291382,0.19816243648529053,0.02242673933506012,0.1308898627758026,0.18539468944072723,-0.8364168405532837,0.379725843667984,0.03056359849870205,0.09724385291337967,-0.9799175262451172,-0.0309385247528553,0.04121500626206398,0.37738052010536194,-0.13787569105625153,-0.05929402634501457,0.16171348094940186
CID000068740,257,-0.13407857716083527,-0.2436995506286621,-0.018216446042060852,-0.021272119134664536,0.5098863244056702,0.26130807399749756,-0.07363252341747284,0.040620990097522736,-0.28661036491394043,-0.029736045747995377,0.12414256483316422,-0.4205032289028168,-0.012791727669537067,-0.11430118978023529,0.019880712032318115,0.03872261941432953,0.13960912823677063,0.1507236212491989,-0.13457272946834564,-0.12384239584207535,0.0630691796541214,0.17902591824531555,0.08478884398937225,-0.014037549495697021,-0.04582518711686134,0.04721894860267639,-0.28093528747558594,0.06826459616422653,-0.026687156409025192,0.29130300879478455,0.10320542007684708,-0.36551764607429504,0.011671965941786766,0.01629212126135826,-0.4677940011024475,-0.04882064834237099,-0.29433953762054443,-0.16908307373523712,-0.17902103066444397,-0.06653274595737457,0.1861213892698288,-0.03362050652503967,-0.24986620247364044,-0.3055875897407532,0.05249710753560066,-0.07860323786735535,-0.0695844292640686,0.05944177508354187,0.05901533365249634,-0.14137569069862366,0.0220430139452219,0.07761247456073761,0.1039019450545311,-0.27128395438194275,0.1026618480682373,0.09905088692903519,-0.17165090143680573,0.026125337928533554,0.2529943585395813,-0.03332888334989548,-0.9502761960029602,0.05684857442975044,-0.24448490142822266,0.1916341334581375,0.039808809757232666,0.14630450308322906,-0.11084623634815216,0.1352492868900299,-0.08145865052938461,-0.00963747501373291,-0.2070722132921219,0.01649516262114048,-0.059853650629520416,-0.25505322217941284,0.12854838371276855,-0.12015773355960846,-0.16274087131023407,-0.13314063847064972,0.161172553896904,-0.082021564245224,-0.3066536486148834,-0.20662817358970642,-0.224622443318367,-0.12073038518428802,-0.15012218058109283,-0.08589016646146774,-0.16123858094215393,-0.07719675451517105,0.5586444139480591,-0.16735021770000458,-0.17017273604869843,-0.036201342940330505,0.13683511316776276,0.017856474965810776,-0.49836888909339905,-0.11144330352544785,-0.13380612432956696,0.19937145709991455,0.07008292526006699,-0.19071641564369202,0.13636499643325806,0.29661449790000916,-0.34333333373069763,0.10671959817409515,-0.12800860404968262,0.02274814248085022,-0.3822605013847351,0.16622701287269592,0.14288464188575745,0.036842040717601776,0.20482251048088074,0.027635712176561356,0.19549544155597687,0.09271025657653809,0.04758241027593613,0.1267608106136322,-0.18268325924873352,-0.17698870599269867,0.18753091990947723,0.01098274439573288,-0.1544787883758545,-0.7347073554992676,0.0687515139579773,0.043526578694581985,-0.40799134969711304,-0.06505254656076431,-0.06915844976902008,0.4630158841609955,0.07094967365264893,-0.18384292721748352,-0.04449697211384773,-0.03729463368654251,-0.3877091407775879,-0.3952348828315735,-0.17491483688354492,-0.22533902525901794,0.21167106926441193,0.06583581864833832,-0.03331281989812851,-0.011118138208985329,-0.05080964416265488,0.007628169842064381,-0.12485110759735107,0.08514372259378433,0.1285407692193985,-0.06779171526432037,0.04981956630945206,-0.09029359370470047,0.1781463325023651,0.13281582295894623,-0.012137186713516712,0.02586989663541317,0.02493824064731598,0.028168141841888428,-0.16951756179332733,-0.12237679958343506,-0.11469253152608871,-0.272606760263443,-0.04234396666288376,-0.06725843995809555,0.03467864543199539,0.05621480941772461,-1.0349795818328857,0.1830102503299713,0.2333911657333374,0.2376542091369629,-0.3300333023071289,-0.009681927971541882,0.2655280828475952,0.1247636079788208,-0.1970915049314499,-0.17934098839759827,0.2585156559944153,0.11221450567245483,-0.11024479568004608,-0.03180970996618271,0.18477857112884521,0.24490173161029816,-0.45314478874206543,-0.1246747225522995,0.2567223608493805,0.24637934565544128,0.08828406035900116,0.065487802028656,-0.10787861049175262,0.08021152019500732,-0.21551187336444855,0.008509810082614422,0.5225603580474854,-0.04968070611357689,0.19111067056655884,-0.3325943350791931,-0.051139067858457565,-0.16171491146087646,-0.14313648641109467,0.3259579539299011,0.024390680715441704,-0.20888018608093262,-0.0962410420179367,-0.07929321378469467,-0.10197838395833969,0.08274541795253754,-0.2566441595554352,-0.059239596128463745,-0.061469219624996185,0.276955783367157,0.0013447694946080446,-0.10885397344827652,0.0354229137301445,-0.1489783227443695,-0.10439042747020721,0.01968170329928398,0.024596497416496277,0.10716724395751953,0.1679857224225998,0.07581063359975815,0.27317219972610474,-0.20556442439556122,-0.20333829522132874,-0.39720338582992554,-0.15326189994812012,-0.08388099819421768,-0.5474730730056763,-0.0016110434662550688,0.11250308901071548,-0.23704461753368378,0.19449497759342194,-0.28375309705734253,0.8501569032669067,0.07063396275043488,-0.23173674941062927,-0.10421516746282578,-0.22003641724586487,-0.077239990234375,-0.5969185829162598,-0.08240583539009094,0.054091714322566986,0.1320100724697113,0.2547997534275055,-0.05029867962002754,-0.28778693079948425,-0.08703309297561646,-0.047075409442186356,0.18098832666873932,0.10182720422744751,-0.21852341294288635,0.11835330724716187,0.08394618332386017,-0.08783986419439316,-0.6453005075454712,0.034668780863285065,0.30716097354888916,0.2287801057100296,0.03745840862393379,0.044804397970438004,-0.03428121283650398
CID000002955,260,0.07917232811450958,-0.10841722786426544,-0.044776059687137604,-0.19731874763965607,0.4348728060722351,0.39396077394485474,-0.2442406415939331,0.11814643442630768,-0.2152286320924759,-0.1838165819644928,0.12291483581066132,-0.41683387756347656,-0.04789295792579651,-0.16363124549388885,0.19370408356189728,0.021572593599557877,-0.08243783563375473,-0.19513902068138123,-0.1946643739938736,-0.013463355600833893,0.14890900254249573,0.21425791084766388,0.009869379922747612,-0.041181571781635284,-0.07179312407970428,-0.04821178317070007,-0.18410681188106537,0.03595865145325661,-0.08570727705955505,0.2856582999229431,0.19635510444641113,-0.3107213079929352,-0.2540628910064697,-0.04821789264678955,-0.5329641699790955,-0.17472277581691742,-0.11758409440517426,-0.2296060025691986,-0.1026584655046463,0.003909371793270111,0.07238544523715973,-0.08814477920532227,-0.04305014759302139,0.017694927752017975,0.15296736359596252,0.08051589876413345,0.19862978160381317,0.3801155388355255,0.12420463562011719,0.008048245683312416,-0.11946175247430801,0.043916255235672,0.08142128586769104,-0.16922137141227722,0.12434329837560654,0.06366624683141708,-0.06373446434736252,0.15472237765789032,0.48467254638671875,-0.06322790682315826,-0.9734271764755249,-0.15334132313728333,-0.27748531103134155,0.4161466956138611,0.03302638977766037,-0.06953040510416031,0.017378047108650208,0.01841137185692787,-0.007049714680761099,-0.06373758614063263,-0.0162423737347126,0.06934061646461487,-0.03730892017483711,-0.2682969272136688,0.24350762367248535,-0.2057090699672699,-0.005474437959492207,0.29045653343200684,0.37318146228790283,-0.24027302861213684,-0.44212350249290466,-0.12633740901947021,-0.13014818727970123,-0.0914200097322464,-0.2249903678894043,-0.2286711037158966,-0.15655961632728577,-0.20759275555610657,0.3350085914134979,-0.10382743179798126,-0.07400242239236832,-0.10067391395568848,-0.014776390977203846,0.004592677112668753,-0.4584263265132904,-0.062085121870040894,-0.12855984270572662,0.34243497252464294,0.07075730711221695,-0.10209367424249649,0.20118775963783264,0.02458769641816616,-0.1845339983701706,0.05522087216377258,-0.18675938248634338,-0.03792719542980194,-0.4433368742465973,0.3292301297187805,0.1522207111120224,-0.0627976506948471,0.15436112880706787,-0.021577896550297737,0.189788818359375,-0.0022099395282566547,-0.021387672051787376,0.10458876937627792,-0.14340712130069733,-0.3516455888748169,0.3636031150817871,0.097596175968647,-0.15710125863552094,-0.6678718328475952,0.06684819608926773,-0.14859232306480408,-0.4253864884376526,0.07786276191473007,-0.03657097369432449,0.38438838720321655,0.02416902408003807,-0.06287006288766861,-0.23684731125831604,-0.021107271313667297,-0.42903250455856323,-0.4270920753479004,-0.18393583595752716,-0.2704278826713562,0.15846140682697296,0.1324342042207718,0.07671862840652466,-0.11407129466533661,0.13891386985778809,-0.1952250897884369,-0.25332510471343994,0.014718395657837391,-0.06744521856307983,-0.30493372678756714,0.20300689339637756,0.04443110525608063,0.09990423172712326,0.20458686351776123,-0.15977874398231506,0.08501210063695908,0.028585821390151978,-0.01929621212184429,-0.18733808398246765,-0.06947840750217438,-0.020901184529066086,-0.35821881890296936,0.09534014761447906,-0.009918808937072754,0.2616688311100006,-0.013379862532019615,-0.9479104280471802,0.19432249665260315,0.27023690938949585,0.2658131420612335,-0.19701077044010162,-0.020168401300907135,0.10620298236608505,0.2531073987483978,-0.17967818677425385,-0.2143353521823883,0.4456886649131775,-0.12731124460697174,0.24320003390312195,0.22386713325977325,0.25167316198349,0.0291152186691761,-0.4007161259651184,-0.0375962071120739,0.12255483865737915,0.15411368012428284,0.11052250862121582,0.07862567901611328,-0.13668078184127808,-0.014077683910727501,-0.08328036963939667,0.05051681399345398,0.4440247416496277,-0.20929281413555145,0.1336309015750885,-0.1143280416727066,-0.03593076765537262,-0.06228580325841904,-0.255850613117218,0.34530025720596313,-0.04562549293041229,-0.2263178825378418,-0.1953241527080536,-0.24442335963249207,-0.09201276302337646,0.099500373005867,-0.13647225499153137,0.0991383045911789,-0.09302148222923279,0.14185109734535217,-0.21138763427734375,-0.041784822940826416,-0.11302153766155243,-0.009957787580788136,0.03214395046234131,-0.020654330030083656,0.06271205097436905,0.0933021679520607,0.2693025767803192,0.139201819896698,0.4711299538612366,-0.17612548172473907,-0.024991920217871666,-0.27946004271507263,0.016718607395887375,-0.01942407339811325,-0.44682326912879944,-0.012805876322090626,0.16976523399353027,-0.07746673375368118,0.12509270012378693,-0.12463612854480743,0.6597175002098083,0.12902671098709106,-0.22355136275291443,-0.033781807869672775,-0.25970935821533203,-0.06189675256609917,-0.5126178860664368,-0.21387448906898499,-0.008886663243174553,0.3062301278114319,0.21826879680156708,-0.03814147785305977,-0.3725348114967346,0.001748115522786975,0.04565965384244919,0.19094695150852203,0.005224916152656078,-0.15194422006607056,-0.00033376365900039673,-0.0062545775435864925,0.01811014488339424,-0.6044989824295044,-0.025697309523820877,0.08679817616939545,0.15404263138771057,-0.058941274881362915,-0.00028165540425106883,-0.0681166872382164
CID000003324,261,-0.1680450737476349,0.32919734716415405,-0.16422243416309357,0.15022823214530945,0.4157521724700928,0.6237404346466064,0.2264074832201004,0.3403201103210449,-0.9180857539176941,-0.3503643572330475,0.1449739933013916,-0.599502682685852,0.21018874645233154,-0.224140927195549,0.00112200528383255,0.0631491094827652,0.02144530974328518,0.24222402274608612,0.4119803011417389,-0.07189387083053589,0.10057778656482697,-0.05840029567480087,-0.0035394742153584957,0.15002569556236267,-0.47246044874191284,0.03464624285697937,-0.17148488759994507,-0.13547441363334656,-0.08476617187261581,0.707417368888855,-0.17451617121696472,0.15905028581619263,0.2667731046676636,-0.4211049973964691,-0.7522298097610474,0.17375925183296204,-0.3874877989292145,-0.16649594902992249,-0.3065028786659241,0.16373184323310852,-0.1848183572292328,0.23111467063426971,-0.5241750478744507,-0.4539508819580078,0.5834522843360901,0.22324450314044952,0.05327695608139038,-0.013315176591277122,-0.09393581002950668,0.11502963304519653,-0.6816693544387817,0.10136355459690094,0.007453233003616333,-0.28823408484458923,-0.09855503588914871,-0.06447557359933853,-0.003742069471627474,-0.15801703929901123,0.6803820133209229,0.23212596774101257,-0.9963706135749817,0.2804831564426422,-0.48963290452957153,0.676038920879364,0.33327651023864746,-0.22801677882671356,-0.29241743683815,0.33792465925216675,-0.09756257385015488,-0.03420950844883919,-0.1225840225815773,-0.21277901530265808,0.04450272396206856,-0.1936323493719101,1.1188958883285522,-0.14861805737018585,-0.06283062696456909,0.23215541243553162,0.3345596194267273,-0.48857107758522034,-0.072151780128479,-0.012406843714416027,-0.6742202043533325,-0.15665248036384583,-0.016574274748563766,-0.23070970177650452,-0.0883086770772934,0.1406525820493698,0.24367618560791016,0.07823554426431656,-0.3096727132797241,-0.22021865844726562,0.02641371451318264,-0.10701970756053925,-0.6503850817680359,-0.3045266568660736,0.25439709424972534,0.06865660846233368,0.003303850768133998,-0.19928911328315735,0.17042073607444763,-0.0770566463470459,-0.4650159478187561,0.14899380505084991,-0.24808759987354279,-0.011649507097899914,-0.4679064154624939,0.32826340198516846,-0.3384438157081604,0.4643131196498871,-0.03005838394165039,0.1453099548816681,0.14563041925430298,-0.28667011857032776,0.045278407633304596,0.033345192670822144,0.010303613729774952,-1.5488567352294922,0.21027235686779022,-0.10294704139232635,0.1323927938938141,-0.5550223588943481,0.040395040065050125,-0.547482967376709,0.060981523245573044,0.512520968914032,-0.07792425155639648,0.37599682807922363,0.21975329518318176,0.24195389449596405,-0.238328218460083,0.03959793597459793,-0.5118029713630676,-0.5258170366287231,-0.008813572116196156,-0.351616233587265,-0.046970434486866,-0.4969128668308258,-0.12533919513225555,-0.23705823719501495,-0.01599736139178276,0.2932705879211426,0.06314025074243546,-0.09303112328052521,-0.05574383586645126,0.21951571106910706,-0.34094294905662537,-0.023418063297867775,-0.07345964014530182,-0.003187625203281641,0.12968981266021729,-0.18594293296337128,0.35004785656929016,-0.2283429652452469,-0.11986786127090454,1.6063266230048612e-05,0.11435296386480331,-0.468437135219574,-0.1467275619506836,0.27583402395248413,0.04005558416247368,0.04928579926490784,-0.5776291489601135,-0.2263963669538498,0.3237226605415344,0.21762549877166748,-0.16435396671295166,0.0976569801568985,-0.13182726502418518,0.08111492544412613,-0.503114640712738,0.2106318473815918,0.35171300172805786,-0.25783494114875793,-0.012267853133380413,0.03587549924850464,-0.03832858055830002,-0.28304868936538696,-0.32483920454978943,-0.11385069787502289,0.0535443015396595,0.19452346861362457,-0.09966976195573807,-0.00893297977745533,-0.16211137175559998,-0.3389533758163452,-0.13156762719154358,-0.2706983983516693,0.10427670180797577,0.12578585743904114,0.019842876121401787,-0.11614793539047241,0.41984719038009644,0.2443312704563141,-0.04358777403831482,0.37027496099472046,0.009570712223649025,-0.12017659097909927,-0.8533291816711426,0.11452100425958633,-0.05004691332578659,0.014231440611183643,-0.014030231162905693,-0.00815127044916153,0.023377474397420883,0.2070167064666748,-0.4450254440307617,-0.09367244690656662,-0.3470665514469147,-0.029105806723237038,-0.4217531681060791,0.019295748323202133,-0.07091304659843445,0.15038177371025085,0.2969019114971161,-0.13096138834953308,0.8374307751655579,0.08237670361995697,-0.35223254561424255,-0.17504233121871948,-0.016022706404328346,-0.02532181702554226,-0.35287216305732727,0.0021649121772497892,-0.18208108842372894,-0.2850014567375183,0.0657854825258255,-0.3010459840297699,0.8510707020759583,0.0014459214871749282,-0.49151843786239624,-0.09780766069889069,0.08774839341640472,-0.13672325015068054,-0.49616894125938416,-0.1986873894929886,-0.2860803008079529,0.19737955927848816,0.05659913271665573,0.04945544898509979,-1.1061463356018066,0.42205610871315,0.2074134647846222,0.024390608072280884,0.15144450962543488,0.03529712185263634,0.1660735309123993,-0.060591768473386765,0.08345676213502884,-0.6778315305709839,-0.04133104905486107,-0.03820669651031494,0.6292784810066223,-0.3760250508785248,-0.05956585332751274,0.10989199578762054
CID000004513,262,-0.07485629618167877,-0.07684654742479324,-0.2190430909395218,-0.16198132932186127,0.37008002400398254,0.1243535503745079,-0.10104501247406006,0.01039586029946804,-0.11944844573736191,-0.008647525683045387,0.08736620098352432,-0.45947685837745667,-0.026751667261123657,-0.15306204557418823,0.08373060077428818,-0.053043656051158905,0.029356321319937706,-0.03789673000574112,0.0484892837703228,0.04032262787222862,0.016158217564225197,-0.13512639701366425,0.12037865072488785,0.2542511224746704,-0.012839687056839466,0.037903089076280594,-0.137686088681221,-0.07042111456394196,-0.056435324251651764,0.20756880939006805,-0.05912250280380249,-0.41082486510276794,-0.09394100308418274,-0.0322519950568676,-0.6492876410484314,0.05390530824661255,-0.18062356114387512,-0.19932633638381958,-0.1862451285123825,-0.0337386354804039,0.007672918029129505,-0.12801770865917206,-0.04502255842089653,-0.11212702840566635,0.1415667086839676,0.03983220458030701,0.08608084917068481,0.16927488148212433,-0.06430014967918396,-0.17329901456832886,-0.11780784279108047,-0.023145753890275955,0.038700252771377563,-0.19993728399276733,0.16797570884227753,-0.046668969094753265,-0.14378120005130768,0.07495469599962234,0.32377681136131287,0.10597391426563263,-0.875583291053772,0.26779982447624207,-0.19882947206497192,0.28018060326576233,0.22332629561424255,0.10914387553930283,-0.11090867221355438,0.2999137043952942,-0.02588936686515808,-0.014776796102523804,-0.05148712545633316,0.10238828510046005,-0.05483642965555191,-0.23539039492607117,0.18247094750404358,0.014738088473677635,0.11337514966726303,0.05546146631240845,0.13194799423217773,-0.06201919913291931,-0.21565496921539307,0.07105031609535217,0.021792907267808914,-0.035286664962768555,-0.21932680904865265,0.07123563438653946,-0.127101868391037,-0.008566689677536488,0.4413991868495941,-0.1638881415128708,-0.0023929199669510126,0.05335470288991928,-0.03257620334625244,-0.05004580691456795,-0.5197404026985168,-0.045838743448257446,-0.1298827975988388,0.2660605311393738,-0.04557303339242935,-0.10322795063257217,0.22813177108764648,0.286857545375824,-0.35330915451049805,0.004084229469299316,0.038566552102565765,0.11827628314495087,-0.6335014700889587,0.13745678961277008,-0.00985860824584961,0.13634978234767914,0.010835927911102772,0.1590522974729538,0.19494691491127014,0.16626489162445068,0.039562858641147614,0.09249445050954819,0.004038018174469471,-0.22576725482940674,0.0032420740462839603,0.2533249855041504,-0.31421488523483276,-0.7014402747154236,0.10627702623605728,-0.049344807863235474,-0.43383654952049255,0.00042157768621109426,-0.015651971101760864,0.25974276661872864,-0.027109552174806595,0.005887144710868597,-0.2941695749759674,0.18574431538581848,-0.4618958532810211,-0.28726521134376526,-0.13834980130195618,-0.15014071762561798,0.2947004735469818,-0.10611238330602646,-0.11210072040557861,0.0413462333381176,-0.0625665932893753,0.26153549551963806,-0.2419818937778473,-0.05053906515240669,0.06994316726922989,-0.2199901044368744,0.08067332208156586,0.19942450523376465,0.17167961597442627,-0.14578571915626526,-0.05661537125706673,-0.18635357916355133,0.03114560805261135,-0.033233221620321274,-0.05714663118124008,-0.04488459974527359,-0.08139648288488388,-0.16242536902427673,-0.03034353256225586,0.06662819534540176,0.16061916947364807,0.05324351042509079,-1.0059349536895752,0.04913702607154846,0.29533711075782776,0.19160431623458862,-0.10585887730121613,-0.09666931629180908,0.08767276257276535,0.05135542154312134,-0.06477345526218414,-0.04435861110687256,0.2282096892595291,-0.12889763712882996,-0.013833075761795044,0.1292746216058731,0.10820114612579346,0.1942625641822815,-0.4811198115348816,-0.07004594802856445,0.2934659719467163,0.16451731324195862,-0.03185184672474861,0.04692298546433449,-0.1121114045381546,-0.09351826459169388,-0.03640330955386162,-0.13947735726833344,0.614759624004364,0.07583298534154892,0.18011592328548431,-0.21666021645069122,-0.013053730130195618,-0.037427596747875214,-0.10225971043109894,0.4401857256889343,0.04486863687634468,-0.019689302891492844,-0.12712764739990234,-0.2292030304670334,-0.12067721039056778,-0.11900041997432709,-0.19225668907165527,0.24020524322986603,-0.43765562772750854,0.22846543788909912,0.13017423450946808,-0.024169813841581345,-0.06728707253932953,0.08870662748813629,0.18611426651477814,0.09022174030542374,0.01752493903040886,-0.13661673665046692,0.40459832549095154,0.037725914269685745,0.42074236273765564,-0.07885266840457916,-0.10218892991542816,-0.3186136484146118,-0.08017716556787491,-0.018758956342935562,-0.5427082777023315,0.07858911901712418,0.3610173761844635,-0.1593025028705597,0.19648727774620056,-0.34720033407211304,0.9265686273574829,0.14631806313991547,-0.2824475169181824,-0.17672713100910187,-0.008275198750197887,-0.1614343225955963,-0.6256011128425598,-0.22100040316581726,-0.09475715458393097,0.16739711165428162,-0.006286501884460449,-0.013760870322585106,-0.14447441697120667,-0.03221197798848152,0.09481638669967651,0.13133764266967773,0.040039900690317154,-0.12710222601890564,0.16323018074035645,-0.18327666819095612,-0.2439771145582199,-0.7178027033805847,0.02106630802154541,0.07778675854206085,0.18607980012893677,-0.13175609707832336,-0.03915729746222496,0.1359310746192932
CID000003702,263,-0.17871735990047455,0.07859635353088379,-0.05062605068087578,-0.06641549617052078,0.17740993201732635,0.2681935727596283,0.08809415996074677,-0.04933012276887894,-0.33927053213119507,-0.15502360463142395,-0.04991894215345383,-0.2783893644809723,0.0853264331817627,-0.2660098671913147,0.008271098136901855,0.10027828067541122,-0.16035015881061554,0.1606713980436325,0.1880490630865097,-0.10642357915639877,0.019206801429390907,0.07638739049434662,0.042725853621959686,0.002447491977363825,-0.029995406046509743,-0.07308779656887054,0.01718275621533394,-0.08888153731822968,-0.18301713466644287,0.2485872507095337,-0.14497965574264526,-0.21852871775627136,-0.0900358334183693,0.04311024025082588,-0.3867400884628296,0.0006071716779842973,-0.31455859541893005,-0.28681808710098267,-0.1855558156967163,-0.06632582098245621,0.00927627645432949,0.005555868148803711,-0.24801349639892578,-0.17551644146442413,0.21900281310081482,-0.13469050824642181,-0.10313141345977783,0.04791008681058884,-0.1897975206375122,-0.06545503437519073,-0.3543340265750885,0.15863530337810516,-0.12213127315044403,-0.02269052341580391,-0.053353987634181976,0.02890022099018097,-0.06541948020458221,-0.012429428286850452,0.030533473938703537,0.02826778031885624,-0.9640806317329407,0.08542376756668091,-0.3167223632335663,0.29195889830589294,-0.07205470651388168,0.12959900498390198,-0.15945014357566833,0.12306176126003265,0.028528746217489243,0.2543124556541443,-0.17036597430706024,0.18598027527332306,-0.016971226781606674,-0.13257527351379395,0.11265871673822403,-0.07186578214168549,-0.01426320057362318,0.065818652510643,0.06391368061304092,0.01056165061891079,-0.15513421595096588,0.20586879551410675,-0.24562802910804749,-0.04947453364729881,-0.15177904069423676,-0.021999750286340714,-0.21441754698753357,-0.08021608740091324,0.3511398732662201,-0.14587737619876862,-0.10709984600543976,-0.059263043105602264,-0.19402466714382172,-0.02912084385752678,-0.44158807396888733,0.11776465177536011,-0.23383386433124542,0.3299331068992615,0.22681787610054016,-0.34915322065353394,0.2636277973651886,0.16393044590950012,-0.05895286798477173,-0.12307541072368622,-0.11358325183391571,0.1567533016204834,-0.32479721307754517,0.2631358504295349,-0.16392041742801666,0.10642459243535995,0.07191739976406097,0.025113439187407494,0.49343952536582947,0.031853921711444855,-0.03149273991584778,0.05334855243563652,-0.095425546169281,-0.06969431787729263,0.12365657091140747,0.07955676317214966,0.007474605925381184,-0.6501964926719666,-0.10390006005764008,-0.2959432005882263,-0.4416578412055969,0.13625654578208923,-0.07306544482707977,0.30208176374435425,0.25257372856140137,0.10341499000787735,-0.11262452602386475,0.005895465612411499,-0.5235759019851685,-0.29280203580856323,0.175260528922081,-0.21153514087200165,0.10993204265832901,-0.06719467788934708,-0.05737439543008804,0.1403115689754486,-0.08002327382564545,0.07761122286319733,-0.050415296107530594,-0.013341602869331837,-0.019976679235696793,-0.15271905064582825,-0.06589948385953903,-0.11463841050863266,-0.09286381304264069,0.028618961572647095,-0.1021597757935524,0.045281291007995605,0.07576943188905716,0.06785517930984497,-0.003940409515053034,0.07470027357339859,-0.12473602592945099,-0.3133464455604553,0.05182801932096481,0.10656745731830597,0.21152906119823456,-0.04364592209458351,-0.8337812423706055,-0.01987457275390625,0.1057293564081192,0.2900809645652771,-0.21942050755023956,-0.1474730521440506,0.29759693145751953,-0.010215315036475658,-0.1455574631690979,-0.11727546155452728,0.2598572373390198,-0.01900792494416237,-0.2640863060951233,0.009638982824981213,0.08483681082725525,0.18120940029621124,-0.4273877739906311,-0.15022702515125275,0.30562126636505127,0.35396742820739746,0.06513237953186035,0.022297721356153488,-0.027165669947862625,0.04687662795186043,-0.37909138202667236,-0.06814105808734894,0.3710396885871887,0.018981309607625008,0.10257197916507721,-0.0037107779644429684,-0.2130400687456131,-0.16176073253154755,-0.2389720380306244,0.42512544989585876,0.018250692635774612,0.08114652335643768,-0.1425473839044571,0.01788838766515255,-0.03129645064473152,-0.12408243119716644,-0.22353342175483704,0.16440990567207336,-0.07375894486904144,0.19270488619804382,0.03851144388318062,-0.13214509189128876,-0.05681576207280159,0.2894812822341919,0.0004517987254075706,0.22059960663318634,-0.005301305558532476,0.026874955743551254,0.138919860124588,0.039026737213134766,0.36075618863105774,0.03705064207315445,-0.21976134181022644,-0.3559897541999817,0.0513601116836071,-0.045535992830991745,-0.30278295278549194,0.10823146253824234,0.259237140417099,-0.12083625793457031,0.1875757873058319,-0.15322813391685486,0.5662449598312378,0.05211483687162399,-0.12148328870534897,-0.18548555672168732,-0.027829524129629135,-0.17270098626613617,-0.4410185217857361,-0.2213517129421234,-0.23918847739696503,0.23761621117591858,0.2712112069129944,-0.021989736706018448,-0.013815070502460003,0.05712289735674858,0.11129574477672577,0.051832713186740875,0.007068218197673559,-0.18176977336406708,0.216864675283432,-0.17045502364635468,0.043642040342092514,-0.5906504988670349,0.014831739477813244,-0.026932835578918457,0.19903866946697235,-0.06663168221712112,0.02793835662305355,-0.0027913779485970736
CID000005672,264,0.06021614000201225,0.12178613990545273,-0.022597085684537888,0.09069134294986725,0.31277745962142944,0.28440195322036743,0.14094868302345276,-0.05361037328839302,-0.2860209047794342,-0.10640542209148407,-0.022158095613121986,-0.5492566823959351,0.15430039167404175,-0.18250778317451477,-0.20231136679649353,-0.1064382940530777,0.048537176102399826,-0.16079181432724,0.14917215704917908,-0.0858391672372818,0.2168041169643402,-0.14683982729911804,-0.28117838501930237,-0.021604225039482117,-0.09888704866170883,-0.1777937412261963,0.23152799904346466,0.11402799934148788,-0.060250699520111084,0.4433833956718445,-0.20516809821128845,0.31565728783607483,0.05884129926562309,0.03396449238061905,-0.7229305505752563,-0.017496515065431595,-0.19545131921768188,-0.2501758933067322,-0.22109869122505188,0.014665323309600353,-0.01435072161257267,0.1269688755273819,-0.2890426218509674,0.12925954163074493,0.3709504306316376,-0.005587625317275524,0.030514264479279518,0.11390261352062225,-0.002834522631019354,-0.22935780882835388,-0.6608964204788208,0.006815409753471613,-0.3582630753517151,-0.24340131878852844,0.08493779599666595,0.011862332001328468,0.0010761417215690017,-0.15250526368618011,0.43677711486816406,0.09811694175004959,-0.9933514595031738,0.11796003580093384,-0.28263747692108154,0.1111009493470192,-0.1294996589422226,-0.03159668669104576,-0.17000547051429749,0.4972001910209656,0.0743577778339386,-0.03536607697606087,-0.3026210069656372,-0.1514255553483963,-0.10999822616577148,0.21691933274269104,0.2680024802684784,0.19373345375061035,0.2411169707775116,0.27342689037323,-0.024754857644438744,-0.04873936250805855,-0.10093705356121063,-0.07813872396945953,0.062470972537994385,0.06341265141963959,-0.02711457572877407,-0.013550224713981152,-0.34473752975463867,0.1523124873638153,0.4427562654018402,-0.015370050445199013,-0.09834829717874527,-0.11460453271865845,0.01430667657405138,-0.15379740297794342,-0.5406878590583801,-0.02455996908247471,-0.1600271463394165,0.21507127583026886,0.14340993762016296,-0.22690100967884064,0.2927474081516266,0.04081939533352852,-0.17561587691307068,0.20398421585559845,-0.16656090319156647,-0.16404692828655243,-0.4410551190376282,0.18422703444957733,0.080471470952034,0.23010623455047607,0.11419931799173355,0.08146145194768906,0.15021133422851562,0.12245456129312515,0.2923482060432434,0.041041821241378784,-0.00943138636648655,-0.5474697947502136,-0.01809588447213173,-0.08211380243301392,0.10435064136981964,-0.9306182861328125,-0.13946646451950073,-0.1687115877866745,-0.4101324677467346,0.1632550209760666,0.15026560425758362,0.3108741044998169,0.13408760726451874,0.1494636833667755,0.09218378365039825,-0.1284964680671692,-0.5599997043609619,-0.3141626715660095,0.09596739709377289,-0.006144925020635128,0.28360071778297424,-0.36611199378967285,-0.03721330314874649,-0.15306463837623596,-0.06373956799507141,0.20151229202747345,0.09740734845399857,-0.04819401726126671,-0.22191353142261505,-0.06911547482013702,-0.2140093296766281,-0.010497601702809334,0.1842944324016571,-0.08301873505115509,0.05782528966665268,0.1500329077243805,-0.11165817081928253,0.22765664756298065,0.16871802508831024,-0.03546186164021492,-0.10569801181554794,-0.46220284700393677,-0.12536397576332092,0.18393771350383759,-0.03670841455459595,-0.14032487571239471,-1.002846121788025,0.12420885264873505,0.5577216148376465,0.1553851068019867,-0.10376904159784317,0.10115597397089005,0.06665612757205963,0.1203262060880661,-0.1658651977777481,-0.2849602699279785,0.32724782824516296,-0.06387455761432648,-0.09109602123498917,0.07793490588665009,0.11697540432214737,-0.1338813304901123,-0.38844093680381775,-0.006051498465240002,0.4767058491706848,0.26419728994369507,0.0607466883957386,-0.1169528141617775,0.011043905280530453,-0.06190480664372444,-0.25056061148643494,-0.05340989679098129,0.691146194934845,-0.12316979467868805,0.06491197645664215,-0.3293549418449402,-0.005020550452172756,0.059336356818675995,-0.10878492891788483,0.24902622401714325,0.08615663647651672,-0.16652223467826843,-0.3187764286994934,0.11686499416828156,-0.011736643500626087,-0.22381439805030823,-0.34985271096229553,0.05839170143008232,-0.11595861613750458,0.0531599335372448,-0.00486866245046258,-0.1346844583749771,-0.3082067370414734,-0.09719888865947723,0.22468671202659607,-0.03503534942865372,-0.024813838303089142,-0.0044508157297968864,0.17424914240837097,-0.20633569359779358,0.6007022857666016,0.026694783940911293,0.07202662527561188,0.093175008893013,0.028115710243582726,-0.20357784628868103,-0.5850679278373718,-0.16747987270355225,0.36644044518470764,-0.051883649080991745,0.13550212979316711,-0.2827886939048767,0.9362039566040039,0.25645941495895386,-0.02053973078727722,-0.07585075497627258,0.03532787412405014,0.08020366728305817,-0.5517625212669373,-0.24283663928508759,-0.10572554171085358,0.07419450581073761,0.33489111065864563,0.15570969879627228,-0.3709927201271057,-0.03147799149155617,0.01758381724357605,0.017744386568665504,-0.009045111946761608,-0.11393067985773087,0.15686944127082825,0.05070763826370239,0.16407208144664764,-1.017981767654419,-0.15868696570396423,0.5101091265678406,0.2384263277053833,0.11244205385446548,0.03451415151357651,0.03302557021379471
CID000001983,265,0.07224075496196747,-0.13684239983558655,-0.062513567507267,-0.09732599556446075,0.4372246265411377,0.37838077545166016,-0.07940956205129623,0.09438666701316833,-0.5528823733329773,0.11167915165424347,0.21920867264270782,-0.4696972966194153,0.19025282561779022,-0.2335130274295807,-0.25863271951675415,-0.004568296484649181,0.2846835255622864,0.05090053007006645,-0.10241600126028061,-0.0017499089008197188,-0.021662846207618713,0.09988822042942047,-0.03665501996874809,-0.046485770493745804,-0.0641229972243309,-0.06713660061359406,0.25798454880714417,-0.004268434830009937,-0.14333225786685944,0.4566815495491028,-0.3023587465286255,-0.10519468784332275,0.23982927203178406,-0.024532541632652283,-0.37756839394569397,0.02215234562754631,-0.30822426080703735,-0.17492835223674774,-0.1433866024017334,0.20396330952644348,0.09122243523597717,-0.06385437399148941,-0.18947526812553406,-0.22105851769447327,0.22453530132770538,0.16456030309200287,0.2798449397087097,-0.002151107881218195,0.16396424174308777,0.06858409941196442,-0.5481119751930237,-0.08423557132482529,-0.14637507498264313,-0.26738399267196655,-0.07612154632806778,0.21909765899181366,0.16256554424762726,0.0011773348087444901,0.6510882377624512,0.008662121370434761,-0.748643696308136,-0.27467861771583557,-0.3816143572330475,0.22609886527061462,0.08282113075256348,-0.11221517622470856,-0.9225068092346191,-0.13144484162330627,-0.25138673186302185,0.07994746416807175,-0.5898399353027344,0.1665583997964859,-0.13787293434143066,-0.11357178539037704,0.4844328463077545,-0.001195475459098816,-0.23702049255371094,0.029973555356264114,-0.16893057525157928,-0.021290898323059082,-0.2950849235057831,0.12666115164756775,-0.04280848056077957,-0.21092447638511658,-0.08849380910396576,0.0174446702003479,-0.15727058053016663,-0.02930336631834507,0.4561062753200531,0.002847162541002035,-0.05498455837368965,-0.18706664443016052,0.18225421011447906,0.1509435474872589,-0.4653363823890686,0.007255428936332464,-0.08294671773910522,0.3581792116165161,0.07201507687568665,-0.16353802382946014,0.34941616654396057,-0.08014892041683197,-0.05425151437520981,0.18655142188072205,-0.1250419020652771,-0.2189415693283081,-0.4317967891693115,0.26154449582099915,0.026854444295167923,0.8346983194351196,-0.028754428029060364,0.055168069899082184,0.27933621406555176,-0.11647312343120575,0.1815406233072281,-0.36585482954978943,0.1693357527256012,-0.381791353225708,0.12354640662670135,-0.19799014925956726,0.11097259819507599,-0.7395684123039246,0.338840514421463,-0.4696044921875,-0.46232524514198303,0.12557442486286163,-0.0750381201505661,0.45416146516799927,0.027515292167663574,-0.0071809603832662106,-0.07359421253204346,0.06550807505846024,-0.4448271691799164,-0.3393338918685913,-0.07381249964237213,-0.15529170632362366,0.3221319615840912,-0.36622312664985657,0.2503241002559662,-0.25783950090408325,0.07411222159862518,0.602091908454895,0.15129736065864563,0.09457268565893173,0.1461259126663208,-0.1130041852593422,0.2135220766067505,0.1546046882867813,0.17294248938560486,0.033974550664424896,-0.02313530072569847,-0.04904800280928612,-0.02005995623767376,0.08513064682483673,0.22797489166259766,-0.07042723894119263,-0.08006374537944794,-0.44052863121032715,-0.009007349610328674,-0.07558779418468475,-0.07302068173885345,-0.1566242277622223,-0.9850516319274902,-0.21673139929771423,0.4234221875667572,0.14820340275764465,-0.2801773250102997,0.04232742264866829,0.29061925411224365,0.04104498773813248,-0.16252978146076202,-0.004566207528114319,0.6895447373390198,-0.18714430928230286,0.14655393362045288,0.06427934020757675,0.24196097254753113,0.0360959991812706,-0.23543281853199005,0.05082009360194206,0.22335512936115265,0.20517995953559875,0.011841252446174622,-0.04064241051673889,-0.13968901336193085,-0.0006513803964480758,-0.2651081383228302,0.06258299946784973,0.6534184217453003,-0.16249002516269684,0.1136958971619606,-0.5874601602554321,0.004776949994266033,0.04036516323685646,-0.002389469649642706,0.7496134042739868,-0.14020702242851257,-0.06695736944675446,-0.1831352263689041,-0.14868104457855225,-0.22616425156593323,-0.17623500525951385,-0.5036863088607788,0.2934599816799164,0.1859430968761444,0.5627090930938721,-0.017649611458182335,-0.30414214730262756,-0.2526837885379791,0.1222352534532547,0.07821665704250336,0.16397807002067566,0.1880919635295868,0.18163365125656128,0.3415836691856384,-0.09346987307071686,0.47357654571533203,-0.22473196685314178,-0.109011709690094,-0.232015460729599,-0.08175458759069443,0.10913725197315216,-0.7257685661315918,-0.05133127048611641,0.13569563627243042,-0.047443680465221405,0.050424329936504364,-0.7368689179420471,0.835849940776825,-0.0018603235948830843,-0.1816607564687729,-0.052094947546720505,-0.17021560668945312,0.06958650052547455,-0.5575892329216003,-0.15953510999679565,0.1308092176914215,0.17531371116638184,0.23712487518787384,0.013865155167877674,-0.44214367866516113,0.03480087220668793,0.1422758400440216,-0.23251445591449738,-0.0493328683078289,-0.6965558528900146,0.45444026589393616,0.2393820732831955,-0.043447550386190414,-0.6360011100769043,0.3235763907432556,0.3702452480792999,0.2776629328727722,-0.08697129786014557,-0.058508336544036865,-0.07143078744411469
CID000002269,266,0.05558624118566513,0.05577949434518814,-0.019534669816493988,-0.013059991411864758,0.2874041199684143,0.49177783727645874,0.007276612333953381,0.14353935420513153,-0.40514954924583435,-0.13356080651283264,0.04551954194903374,-0.4118744730949402,0.028159940615296364,-0.24038323760032654,-0.1420348584651947,0.0862964540719986,0.17172853648662567,0.1125749945640564,0.0038487822748720646,-0.011921393685042858,0.1366637945175171,0.13001157343387604,0.2025037556886673,0.054399967193603516,0.23537282645702362,-0.07773785293102264,0.029116392135620117,0.10993096977472305,-0.12232812494039536,0.37951216101646423,-0.08567050099372864,0.0011496172519400716,-0.14071369171142578,-0.12050089985132217,-0.63491290807724,0.06887589395046234,-0.5863054990768433,-0.23325307667255402,-0.17963212728500366,-0.2807750999927521,-0.16170479357242584,0.06619726866483688,0.0005769521230831742,0.0588616244494915,0.5303052663803101,-0.2196497917175293,0.04132026433944702,-0.08846891671419144,0.0934736356139183,0.11969654262065887,-0.7368651628494263,-0.03670849651098251,-0.23436085879802704,-0.19561834633350372,0.13618826866149902,-0.09902326762676239,-0.05059920623898506,-0.09886714071035385,0.947308361530304,-0.30715081095695496,-0.9319990277290344,0.0858803242444992,-0.15967470407485962,0.37912750244140625,-0.11105719953775406,-0.40957966446876526,-0.09571387618780136,-0.12429015338420868,0.0973542183637619,-0.2428443431854248,-0.638471782207489,-0.175114244222641,-0.04372970387339592,-0.08906720578670502,0.6142046451568604,-0.0659693256020546,0.07234720885753632,0.28388577699661255,0.20106887817382812,-0.10456454753875732,-0.12086722999811172,-0.0912487730383873,-0.07142485678195953,-0.01802951656281948,-0.14683152735233307,0.030848616734147072,-0.15217094123363495,0.12047779560089111,0.23785290122032166,-0.21315200626850128,-0.19221170246601105,-0.20616252720355988,-0.1083185225725174,0.1436685174703598,-0.5646081566810608,0.1530384123325348,-0.02244720235466957,0.24021291732788086,-0.04349881410598755,-0.11013784259557724,0.09866173565387726,0.03895986080169678,-0.3289012610912323,0.15111064910888672,-0.1779189258813858,0.06450487673282623,-0.7948029041290283,0.4532914161682129,-0.22341565787792206,0.13820880651474,-0.6209757328033447,-0.20458264648914337,-0.005842721555382013,-0.07799513638019562,0.20371630787849426,0.03701084852218628,-0.08930991590023041,-0.3438430726528168,0.2634839415550232,-0.035467762500047684,-0.011562123894691467,-0.7539777159690857,-0.0022698002867400646,-0.6754329204559326,-0.25588423013687134,0.4907625615596771,0.04460960626602173,0.23485025763511658,0.22477813065052032,0.10546233505010605,-0.19254891574382782,0.07253535091876984,-0.5498725771903992,-0.6211654543876648,-0.012327531352639198,-0.20235805213451385,0.206508606672287,-0.4743331968784332,0.13644209504127502,-0.010744547471404076,0.20409390330314636,0.16418032348155975,0.07014236599206924,-0.023386279121041298,0.06384800374507904,0.2826429307460785,0.18479791283607483,0.34676671028137207,0.0805666595697403,0.3004809319972992,0.14144912362098694,-0.05147244408726692,-0.20524092018604279,-0.10724087804555893,-0.035446614027023315,0.016044190153479576,0.2222549468278885,-0.16940318048000336,0.15087053179740906,0.2506718039512634,0.42995685338974,-0.08635208755731583,-0.9385639429092407,-0.09704328328371048,0.3799206614494324,0.1876910924911499,-0.15174813568592072,0.292494535446167,-0.315019816160202,-0.11115263402462006,-0.2180396318435669,-0.0980943962931633,0.35347428917884827,0.2133808583021164,-0.10767883062362671,-0.03184284642338753,0.232706218957901,-0.009631043300032616,-0.21806970238685608,-0.051508594304323196,0.2771572470664978,0.34360581636428833,0.325702965259552,-0.17782799899578094,0.10562262684106827,-0.007465166039764881,0.04579300805926323,0.26439982652664185,0.4910682141780853,0.1319090574979782,0.1960507333278656,-0.3123486638069153,0.03858669847249985,0.05355348065495491,-0.29355669021606445,0.7469785809516907,-0.0273238904774189,-0.1448664367198944,-0.06787265837192535,0.06659076362848282,0.10056324303150177,-0.02027617022395134,-0.06548656523227692,0.12778392434120178,-0.17520788311958313,0.30768778920173645,0.05206261947751045,0.10394962131977081,-0.36762985587120056,-0.022979915142059326,0.09219144284725189,-0.009067828767001629,0.20679089426994324,0.08513297140598297,0.03873634338378906,-0.1514338254928589,0.9752775430679321,-0.3323460519313812,0.05956432968378067,-0.2033221274614334,-0.0157613568007946,-0.07950180768966675,-0.4907606244087219,-0.021706074476242065,0.1809881031513214,-0.16375894844532013,-0.020835667848587036,-0.2872921824455261,0.9473435282707214,-0.04887254908680916,-0.2568443715572357,-0.041385918855667114,0.12351785600185394,0.011778098531067371,-0.8217002153396606,-0.3952715992927551,-0.09854358434677124,0.14981570839881897,-0.18559899926185608,-0.22485077381134033,-0.871174693107605,0.19578441977500916,-0.00989514123648405,0.22813832759857178,-0.006059269420802593,-0.6164602041244507,0.10868635028600693,0.11446927487850189,0.07979390025138855,-0.7351250052452087,0.045435357838869095,0.20341217517852783,0.4413403570652008,-0.09121668338775635,0.05463424324989319,0.10425738990306854
CID000002308,267,-0.45564931631088257,-0.01971946284174919,-0.12338714301586151,-0.07526323199272156,-0.054213959723711014,0.4399975836277008,0.13754607737064362,0.18373149633407593,-0.5835728049278259,-0.42181652784347534,0.16087427735328674,-0.649111270904541,0.273184210062027,-0.4681001305580139,-0.011498594656586647,0.01998906396329403,0.04059816524386406,0.1686902642250061,-0.48243141174316406,-0.1326599419116974,-0.15174174308776855,-0.32932907342910767,0.07337914407253265,0.12054900825023651,0.28185340762138367,-0.13302133977413177,0.0976867824792862,0.02689281478524208,0.008401807397603989,0.2691996097564697,0.1324053704738617,-0.06316372007131577,-0.39046037197113037,0.029498780146241188,0.020990857854485512,0.15142521262168884,-0.14619292318820953,-0.3492373526096344,-0.12410217523574829,-0.09587268531322479,0.26177382469177246,0.2905855178833008,-0.27565765380859375,0.029257487505674362,0.680568277835846,0.015471008606255054,-0.15047192573547363,-0.09645088762044907,-0.13869667053222656,-0.09113103151321411,-0.07550688832998276,0.31919175386428833,-0.11824218183755875,-0.15610787272453308,-0.051579661667346954,-0.13014397025108337,-0.02997739240527153,-0.01630239374935627,0.2795282304286957,0.12372563034296036,-0.6222131848335266,-0.011553344316780567,-0.3343444764614105,0.35093945264816284,0.07986011356115341,0.12894773483276367,-0.12919186055660248,-0.1762283891439438,0.17631153762340546,0.06570637226104736,-0.19829979538917542,0.05594966560602188,-0.06200028583407402,-0.40604811906814575,0.260821133852005,0.060052525252103806,0.04666363447904587,0.5281015634536743,0.3073287606239319,0.348635733127594,-0.1902545988559723,-0.07093050330877304,-0.4757201671600342,-0.16580495238304138,-0.017698246985673904,-0.022710781544446945,-0.4886595606803894,-0.023332279175519943,0.13944968581199646,0.06305738538503647,-0.1240287572145462,-0.4327244758605957,0.11603351682424545,-0.08390995115041733,-0.20384308695793152,0.045363884419202805,-0.17762844264507294,0.3188645541667938,0.2960342764854431,-0.4616532325744629,-0.039750341325998306,0.18825696408748627,-0.07274114340543747,-0.15181244909763336,-0.5223364233970642,0.07161720842123032,-0.19740422070026398,0.34420767426490784,-0.20454545319080353,0.12432225048542023,0.3592456877231598,-0.09000241756439209,0.2431071549654007,-0.1147259846329689,-0.010463843122124672,-0.02449175901710987,-0.24700327217578888,-0.20553810894489288,0.611179769039154,-0.39250078797340393,-0.4346701502799988,-0.2685605585575104,-0.07750555127859116,-0.09339112043380737,-0.30719321966171265,0.4454992711544037,0.026120632886886597,0.5338864326477051,0.41950440406799316,-0.018860474228858948,-0.12301291525363922,0.03301675245165825,-0.5503722429275513,-0.4053819179534912,0.07437567412853241,-0.16214874386787415,-0.15129254758358002,-0.391056090593338,0.06399453431367874,-0.4738110899925232,-0.179159015417099,0.16813233494758606,-0.08323178440332413,0.0006344154244288802,-0.08313504606485367,0.17519250512123108,0.4207359850406647,-0.08680767565965652,-0.20004694163799286,-0.1922963559627533,-0.06453831493854523,-0.08580880612134933,-0.21868804097175598,0.08140607178211212,0.11239691078662872,0.08228229731321335,-0.12193039804697037,-0.3011745810508728,0.33205488324165344,0.06436330080032349,0.45558494329452515,-0.1122678741812706,-0.6655226349830627,-0.22608418762683868,0.2728743255138397,0.3847000002861023,-0.08321486413478851,0.14946778118610382,0.20356884598731995,-0.13595053553581238,-0.2825583517551422,-0.08974198251962662,0.3859531283378601,-0.028013024479150772,0.009495468810200691,-0.07020622491836548,0.012431991286575794,0.13892525434494019,-0.5810142159461975,-0.2612476050853729,0.15809378027915955,0.5121108889579773,-0.03402641788125038,-0.18258243799209595,0.10401368141174316,0.10095103085041046,-0.007465590722858906,-0.3457754850387573,-0.029436513781547546,-0.025753021240234375,0.24946539103984833,0.004703468177467585,-0.07302258163690567,-0.011613642796874046,-0.3771197497844696,0.5272494554519653,0.025034885853528976,-0.03995400294661522,-0.1244460940361023,-0.22204788029193878,-0.1762184351682663,0.2580779492855072,-0.1974831223487854,0.17935588955879211,-0.07088454067707062,0.3789786696434021,-0.11152780055999756,-0.26269441843032837,-0.6016395688056946,0.1870734691619873,-0.2504420578479767,0.11727695167064667,0.05202507972717285,0.10664723068475723,-0.06704585999250412,-0.003541618585586548,0.30153194069862366,0.1206635981798172,-0.12291226536035538,-0.33756354451179504,0.04170258343219757,0.027494113892316818,-0.31422197818756104,0.09153054654598236,0.1916963756084442,0.022847890853881836,0.3097013831138611,-0.08414577692747116,0.4209856390953064,0.18731997907161713,-0.21712620556354523,-0.17909817397594452,-0.15011444687843323,0.01688513532280922,-0.21847045421600342,-0.3685075640678406,-0.04456417262554169,0.5843743681907654,0.46956831216812134,0.024901671335101128,-0.08030939847230911,0.16965603828430176,-0.011847792193293571,0.03316289931535721,0.35818809270858765,-0.08957616239786148,0.13693296909332275,0.312333345413208,0.4261980652809143,-0.2905988097190857,0.047108329832553864,0.07250310480594635,-0.07286267727613449,-0.28758782148361206,0.036340467631816864,-0.30936291813850403
CID000004603,268,-0.1387248933315277,-0.181619331240654,-0.21355774998664856,-0.1654289960861206,0.3199998438358307,0.28792911767959595,-0.09170126914978027,0.03853399306535721,-0.2803708016872406,-0.24448220431804657,-0.0031415284611284733,-0.3568100333213806,-0.014846308156847954,-0.15536950528621674,0.16971361637115479,-0.05174654722213745,-0.025814974680542946,0.21231010556221008,-0.007332113571465015,-0.08819516003131866,-0.04282846301794052,0.08811338245868683,0.11113141477108002,0.10116066038608551,-0.025816475972533226,-0.13756822049617767,0.08858921378850937,-0.0071305991150438786,-0.08935827761888504,0.2598801851272583,0.05171802639961243,-0.30622807145118713,-0.06946627795696259,-0.023104950785636902,-0.45547422766685486,0.011857143603265285,-0.2018059492111206,-0.2774185836315155,-0.08478423207998276,-0.09436006098985672,0.020097950473427773,0.09923259913921356,-0.11486146599054337,-0.16105084121227264,0.16375331580638885,0.06740175932645798,0.19254527986049652,0.01165896374732256,-0.17574991285800934,-0.12950275838375092,-0.04300127923488617,0.17309723794460297,0.0059792534448206425,-0.05403686314821243,0.08337630331516266,-0.05387488007545471,-0.09391719102859497,-0.16145168244838715,0.07150953263044357,-0.024797549471259117,-0.9479542970657349,-0.1112004742026329,-0.33803072571754456,0.26725998520851135,0.12161942571401596,0.1402633935213089,-0.07935857027769089,0.10926955938339233,-0.10912902653217316,0.12008793652057648,-0.08476226031780243,0.27094537019729614,-0.08218725025653839,-0.17057520151138306,0.036647818982601166,-0.09831149876117706,-0.08117532730102539,0.009327303618192673,0.13971345126628876,-0.05913471058011055,-0.145431250333786,-0.030713994055986404,-0.20202116668224335,-0.049098335206508636,-0.07192728668451309,-0.13963493704795837,-0.24286262691020966,-0.2728821337223053,0.18977144360542297,-0.06213470175862312,-0.06277702003717422,-0.11794289201498032,0.0005555391544476151,0.04118628054857254,-0.40494608879089355,0.011172409169375896,-0.12701529264450073,0.31956711411476135,0.18750783801078796,-0.3388064503669739,0.10778872668743134,0.26228785514831543,-0.2683945298194885,-0.07771633565425873,-0.22099439799785614,0.0877135619521141,-0.4809536933898926,0.25362512469291687,-0.03553766384720802,0.16401341557502747,0.1165863648056984,0.07293973863124847,0.19904783368110657,0.09030766785144806,0.045360468327999115,0.19609643518924713,-0.12291209399700165,-0.08682097494602203,0.14667615294456482,0.02620840072631836,-0.20796597003936768,-0.5575326085090637,0.06554117053747177,-0.14669452607631683,-0.3709595799446106,0.15286855399608612,-0.06741021573543549,0.32164356112480164,0.15366624295711517,-0.11549624055624008,-0.2524244785308838,0.06094564124941826,-0.5066438317298889,-0.27916818857192993,-0.12971369922161102,-0.15613697469234467,0.03101326897740364,-0.10643129050731659,-0.10108081251382828,0.0292432252317667,4.931166586175095e-06,0.18212822079658508,-0.2737967073917389,-0.07329125702381134,-0.004432047717273235,-0.018683355301618576,0.1052899956703186,-0.12322882562875748,-0.03507199138402939,0.17384494841098785,-0.010841933079063892,-0.040991656482219696,0.052340067923069,0.14611396193504333,0.11136329174041748,-0.08759291470050812,-0.09915029257535934,-0.27820885181427,0.12827175855636597,0.02999754622578621,0.10938302427530289,-0.07791942358016968,-0.8226617574691772,0.03330983594059944,0.16602769494056702,0.24534133076667786,-0.149612158536911,-0.15715107321739197,0.09084845334291458,-0.017278719693422318,-0.11090423166751862,-0.22515931725502014,0.24111886322498322,-0.18117132782936096,0.08011003583669662,-0.05407930165529251,-0.09242673218250275,0.19673755764961243,-0.5252760648727417,-0.23254430294036865,0.23506590723991394,0.31869184970855713,0.022846702486276627,-0.035111770033836365,-0.07295183837413788,0.020577285438776016,-0.16563867032527924,0.038608141243457794,0.3771950602531433,-0.27463996410369873,0.21777872741222382,0.010729635134339333,-0.08573635667562485,-0.15730948746204376,-0.10271918773651123,0.27431169152259827,-0.03281665965914726,0.020403500646352768,-0.09007550776004791,-0.1885862946510315,-0.046989016234874725,-0.06002949923276901,-0.05847100168466568,0.09128737449645996,-0.14802664518356323,0.1838010549545288,0.030196696519851685,-0.12560519576072693,-0.005866737570613623,-0.05552654713392258,-0.009462553076446056,0.17005911469459534,0.04761359095573425,0.015343266539275646,0.0579754114151001,0.2745092809200287,0.2573733329772949,0.08242254704236984,-0.13175396621227264,-0.34942054748535156,0.007927903905510902,-0.14295214414596558,-0.35884571075439453,0.0938432440161705,0.21359559893608093,-0.14641277492046356,0.15458109974861145,-0.2558450996875763,0.6422580480575562,0.03643553704023361,-0.21996378898620605,-0.12726715207099915,-0.1404607594013214,-0.08626492321491241,-0.5813332796096802,-0.17199012637138367,-0.026452014222741127,0.14207538962364197,0.2701736092567444,-0.17208977043628693,-0.05863475799560547,-0.11682999134063721,-0.01190614141523838,0.1204049363732338,0.08847464621067047,-0.07293319702148438,0.16050712764263153,-0.07104166597127914,0.104051373898983,-0.5778893232345581,-0.026485854759812355,0.04048321396112442,0.10653773695230484,-0.17138011753559113,0.11393443495035172,0.032210953533649445
CID000000598,269,0.014524283818900585,0.01548863761126995,0.003307963954284787,-0.1646963655948639,0.6458028554916382,0.4308406710624695,-0.2484906166791916,0.034107230603694916,-0.5150784254074097,-0.06232132762670517,0.3063622713088989,-0.6539160013198853,0.017691219225525856,-0.23523108661174774,-0.1421615183353424,0.10548122227191925,-0.027186598628759384,-0.18924158811569214,0.09202457964420319,0.3172963261604309,-0.04147878289222717,0.2665599286556244,-0.03291500359773636,0.07490130513906479,0.1818658411502838,0.06591929495334625,-0.24945864081382751,-0.04389675706624985,0.15520957112312317,0.317682683467865,0.09549354016780853,-0.06539095193147659,-0.04137871786952019,-0.0706835612654686,-0.292304664850235,0.01197947096079588,-0.46551552414894104,-0.3337572515010834,-0.28467345237731934,-0.10880774259567261,0.06899457424879074,-0.12327980995178223,-0.3181348145008087,0.0034688853193074465,0.5063356161117554,0.2037915289402008,-0.13292141258716583,0.48524659872055054,-0.13022646307945251,-0.026843082159757614,-0.4108956754207611,0.051191963255405426,-0.20215687155723572,-0.37544354796409607,-0.05615951865911484,0.09483516216278076,0.06660304963588715,-0.15236589312553406,0.5830793976783752,0.3722144663333893,-0.8099972605705261,0.03857838362455368,-0.16264912486076355,0.35455602407455444,-0.166575625538826,0.25349074602127075,-0.5705029964447021,0.04463217034935951,0.09160877764225006,-0.01608819141983986,-0.49028530716896057,0.12012685835361481,-0.08948498964309692,-0.12685257196426392,0.3046475052833557,0.09615406394004822,-0.11988741159439087,0.25476503372192383,0.33902549743652344,-0.24890336394309998,-0.27045971155166626,0.13806354999542236,-0.14458389580249786,-0.029933303594589233,-0.04125326871871948,0.1886209398508072,-0.07099388539791107,0.30388274788856506,0.44255274534225464,-0.05412450432777405,-0.1497579962015152,-0.2532491385936737,-0.04297203943133354,-0.06198795884847641,-0.3795376718044281,0.13864466547966003,-0.13143989443778992,0.33155950903892517,-0.0333525612950325,-0.11450592428445816,0.30087810754776,0.10947123914957047,-0.14232055842876434,0.28742673993110657,-0.0050058066844940186,0.13283538818359375,-0.3617202639579773,0.17203016579151154,0.06354104727506638,0.19664987921714783,0.2026076316833496,-0.25399109721183777,0.449483722448349,-0.06475727260112762,0.2553354799747467,-0.035310693085193634,0.12686005234718323,-0.8687832951545715,0.3113402724266052,0.005560589022934437,-0.14459015429019928,-0.732722282409668,-0.16817937791347504,-0.24932101368904114,-0.35722121596336365,0.2557602524757385,0.03130408376455307,0.44713321328163147,0.06037459522485733,-0.1443154215812683,0.07283443212509155,0.04114493355154991,-0.5002646446228027,-0.4560893476009369,-0.2929843068122864,-0.08067907392978668,0.32067951560020447,-0.5104939341545105,0.36617204546928406,-0.41827672719955444,-0.009684944525361061,0.047313082963228226,0.2933007776737213,-0.013503742404282093,0.020952755585312843,-0.11363907158374786,-0.11325456202030182,0.17636169493198395,0.041978172957897186,0.26385024189949036,-0.04799323529005051,-0.04546723887324333,0.010367939248681068,-0.09240676462650299,-0.17727887630462646,0.07341214269399643,-0.1289616972208023,-0.3702154755592346,-0.1714380979537964,0.07111380249261856,0.21685945987701416,0.05586717277765274,-0.980516791343689,-0.005140362773090601,0.46676915884017944,0.39624738693237305,-0.17127485573291779,0.29608476161956787,0.23820896446704865,0.14460548758506775,-0.2226099669933319,-0.3858914375305176,0.49956217408180237,-0.2988779842853546,-0.20550069212913513,0.3954426348209381,-0.037264250218868256,0.1590043157339096,-0.3251698911190033,-0.06191980093717575,0.37279632687568665,0.14447936415672302,0.08024321496486664,0.03483189269900322,-0.1417427957057953,-0.05693662166595459,-0.30476561188697815,-0.5116409063339233,0.3381391167640686,0.2315203696489334,0.2126317024230957,-0.4926135540008545,0.023937292397022247,0.08977583795785904,-0.18615038692951202,0.6236817240715027,-0.04475899785757065,-0.08540788292884827,-0.27977779507637024,-0.09885134547948837,-0.4239045977592468,0.06918946653604507,-0.6306012272834778,-0.022132236510515213,-0.02324976585805416,0.23809432983398438,-0.4107899069786072,-0.12905625998973846,-0.5947002172470093,0.04399945214390755,0.14306727051734924,-0.04334716126322746,-0.15162964165210724,-0.08098682016134262,0.5750654935836792,-0.4521644711494446,0.5940595865249634,-0.20705416798591614,-0.219650536775589,-0.21201257407665253,-0.22389058768749237,0.13178549706935883,-0.5636822581291199,0.07269292324781418,0.22636787593364716,0.04861165210604668,-0.08593497425317764,-0.23397736251354218,0.7995510101318359,0.2809878885746002,-0.1719762533903122,-0.20017901062965393,0.05879729241132736,-0.0608750581741333,-0.4681018888950348,-0.32224687933921814,-0.08801311254501343,0.3262929916381836,0.42532357573509216,-0.34466689825057983,-0.6896430850028992,-0.03237064927816391,0.1375219076871872,-0.15242598950862885,-0.035677719861269,-0.37992340326309204,0.33243462443351746,-0.009762635454535484,-0.12108860164880753,-0.651972234249115,0.0167633518576622,0.51148521900177,0.260877788066864,-0.1442468911409378,0.039399079978466034,-0.042437996715307236
CID000060877,270,-0.08651995658874512,-0.14411461353302002,0.1431693732738495,-0.12919728457927704,0.49018287658691406,0.3728759288787842,0.12145910412073135,0.03863812983036041,-0.3301370441913605,-0.22700092196464539,0.035938769578933716,-0.4989294111728668,0.1971275359392166,-0.29865187406539917,0.1243257075548172,0.07169806212186813,-0.12216450273990631,0.10990630090236664,-0.03875289112329483,0.13374729454517365,-0.189723938703537,0.21797282993793488,0.03386335074901581,-0.027689361944794655,0.06431157886981964,-0.13546516001224518,0.1623544692993164,-0.09034167975187302,-0.18675640225410461,0.5432955622673035,0.007926085963845253,-0.16898007690906525,0.10091061890125275,-0.04219263419508934,-0.3823299705982208,0.12681862711906433,-0.16628079116344452,-0.20599360764026642,-0.22677576541900635,-0.0033262684009969234,0.000693458307068795,0.11205399036407471,-0.20332209765911102,-0.020057961344718933,0.18837970495224,-0.09560959786176682,-0.023246783763170242,0.13098737597465515,-0.0021067499183118343,-0.14104625582695007,-0.0537753701210022,0.11703385412693024,-0.11435051262378693,-0.06303264200687408,0.10521572828292847,-0.08320873975753784,-0.03607010841369629,-0.2775636911392212,0.17599251866340637,0.1682037115097046,-0.9174988865852356,-0.15243680775165558,-0.4608384072780609,0.14720503985881805,0.16731970012187958,0.15264712274074554,-0.3058525323867798,0.08217038959264755,0.022525468841195107,0.11953206360340118,0.012853178195655346,0.17956681549549103,0.15764440596103668,-0.30582934617996216,0.14629481732845306,-0.01638132892549038,-0.16737715899944305,0.06803325563669205,0.07320581376552582,-0.14921222627162933,-0.22367961704730988,-0.14148053526878357,-0.23008210957050323,-0.10215511173009872,-0.026560768485069275,-0.10805113613605499,-0.2923778295516968,-0.06020110845565796,0.18274398148059845,-0.13893651962280273,-0.10347793996334076,-0.20861873030662537,-0.0476825013756752,-0.03629782423377037,-0.33607912063598633,0.08007363229990005,0.09095899760723114,0.1594408005475998,0.12465882301330566,-0.36324360966682434,-0.01036988664418459,0.16422972083091736,-0.17458026111125946,0.1195068359375,-0.3732251822948456,0.116011843085289,-0.41218796372413635,0.3428407609462738,-0.16331303119659424,0.5066590905189514,0.1990819275379181,-0.0118550481274724,0.2283465564250946,0.06545943021774292,0.008780525997281075,-0.04098818451166153,-0.00661337748169899,-0.5360022783279419,0.034788697957992554,0.08148448169231415,-0.1794457733631134,-0.4434731602668762,0.405322402715683,-0.10939179360866547,-0.3631512224674225,0.1540379524230957,0.056427158415317535,0.32240167260169983,0.030662938952445984,-0.11918870359659195,0.05409420654177666,0.14541476964950562,-0.40442556142807007,-0.27646690607070923,0.016111701726913452,-0.1852194219827652,0.018932949751615524,-0.193588986992836,-0.07318337261676788,-0.1670784056186676,-0.142424076795578,0.4060247540473938,-0.2565343976020813,0.10950609296560287,-0.031450606882572174,-0.06876058131456375,0.06598939001560211,0.017127111554145813,-0.22381654381752014,0.23480252921581268,0.042653076350688934,-0.015724077820777893,-0.10958985984325409,0.009673898108303547,0.12731769680976868,0.10529579967260361,0.14119276404380798,-0.5227664709091187,0.041069287806749344,0.16477489471435547,0.04041394218802452,-0.10152249038219452,-0.7066560387611389,-0.15803425014019012,0.25697919726371765,0.1166190356016159,-0.3019658625125885,-0.20117172598838806,-0.07342703640460968,0.02337620034813881,-0.1716027408838272,-0.03310583159327507,0.3891250193119049,-0.01676870323717594,-0.09686301648616791,-0.025063222274184227,0.015697145834565163,0.03720880672335625,-0.38630208373069763,-0.2850605845451355,0.23992352187633514,0.35229796171188354,0.09456542134284973,-0.16226954758167267,-0.03920353576540947,-0.02161937952041626,-0.19883403182029724,-0.1874884068965912,0.2752682566642761,-0.17922915518283844,0.26358887553215027,-0.3901030421257019,0.050547659397125244,-0.2048681229352951,-0.03817316144704819,0.33700627088546753,0.014624720439314842,0.0399431437253952,-0.3435754179954529,-0.18625271320343018,0.05200039595365524,0.12001729011535645,-0.1013273224234581,0.2414613962173462,-0.09974397718906403,0.29223766922950745,0.07109582424163818,-0.18228144943714142,-0.031984515488147736,-0.2094871699810028,-0.02829889953136444,0.030208300799131393,-0.07497863471508026,0.03807927668094635,0.11669909954071045,-0.011102497577667236,0.3694639503955841,0.0015607759123668075,-0.29905515909194946,-0.3366491198539734,0.15430501103401184,-0.10342539846897125,-0.3142161965370178,-0.13774242997169495,-0.13593466579914093,-0.1523895561695099,0.1693977266550064,-0.26974183320999146,0.6393629908561707,0.13269558548927307,-0.19879794120788574,-0.168941468000412,-0.11098824441432953,0.0007502570515498519,-0.46467065811157227,-0.22203664481639862,-0.05566514655947685,0.03674479201436043,0.3430902659893036,-0.12173996865749359,-0.2232164442539215,0.06706179678440094,0.08818365633487701,-0.03687005117535591,-0.03911006450653076,0.0021170531399548054,0.3123933970928192,-0.06288357824087143,0.329428106546402,-0.4446372985839844,0.46713000535964966,0.21766097843647003,0.08169423043727875,-0.06464501470327377,0.12673987448215485,-0.00033380984677933156
CID000000581,271,-0.1352161318063736,-0.15868248045444489,-0.22637717425823212,-0.04574873298406601,0.434560626745224,0.3578633666038513,-0.03061554953455925,-0.04818747192621231,-0.016617679968476295,-0.25472724437713623,0.1354217678308487,-0.2579439580440521,0.30874717235565186,-0.17174860835075378,-0.3664360046386719,0.01186993159353733,0.14257356524467468,0.07666129618883133,-0.21245479583740234,-0.1312216818332672,0.2953759729862213,-0.04888886585831642,0.04615619033575058,-0.15388470888137817,0.29796987771987915,0.17995575070381165,-0.1465291678905487,-0.3441210985183716,0.1859762817621231,0.5579550862312317,0.10414423048496246,-0.09930527210235596,-0.004099911544471979,-0.13709449768066406,-0.3323270082473755,-0.06160954758524895,-0.18830429017543793,-0.3163093030452728,0.014651398174464703,0.026496518403291702,0.1866731345653534,-0.08461222797632217,-0.2450494021177292,-0.21531884372234344,0.195070281624794,0.12372805923223495,0.020567551255226135,-0.09931883960962296,-0.07333218306303024,0.01886591874063015,-0.10503321886062622,0.14560070633888245,-0.05408213287591934,-0.37573468685150146,0.015888694673776627,0.09175367653369904,0.08893132954835892,0.0015001945430412889,0.19847431778907776,0.27431151270866394,-0.8080916404724121,-0.2850629687309265,-0.25228849053382874,0.16261397302150726,0.11790461838245392,-0.07926914840936661,-0.2366999387741089,-0.10713430494070053,-0.09760261327028275,0.15368905663490295,-0.4752911627292633,0.15131966769695282,-0.10395972430706024,-0.21245911717414856,0.17201997339725494,-0.1837608963251114,-0.0925934687256813,0.2161751240491867,0.05181770399212837,0.040708817541599274,-0.35747891664505005,-0.10719962418079376,-0.2723042964935303,-0.17936401069164276,-0.07926145195960999,0.04182922840118408,-0.3103165626525879,0.07960374653339386,0.4345923364162445,0.1881626546382904,-0.17236895859241486,-0.1066688522696495,0.1734972894191742,-0.022621814161539078,-0.5098615288734436,0.006108872592449188,-0.2707638442516327,0.329634428024292,-0.004803523421287537,-0.17048823833465576,0.13717913627624512,0.061989735811948776,-0.2724456191062927,0.13253207504749298,-0.21546339988708496,-0.04249945655465126,-0.46304211020469666,0.283041775226593,-0.18076995015144348,0.36060747504234314,0.16109876334667206,-0.14163248240947723,0.4621632695198059,-0.11852158606052399,0.06273408234119415,0.012111179530620575,-0.08223047107458115,-0.3507744371891022,0.26888832449913025,0.04458291083574295,-0.13579437136650085,-0.5756654143333435,-0.06172419711947441,-0.49528875946998596,-0.24116377532482147,0.16655254364013672,0.19592496752738953,0.45844966173171997,0.23745819926261902,0.010247895494103432,-0.4174624979496002,0.07810041308403015,-0.37633493542671204,-0.40435686707496643,-0.0826534628868103,-0.25908276438713074,0.5363377928733826,-0.3026197552680969,-0.015551124699413776,-0.07440854609012604,-0.015094241127371788,0.11470172554254532,0.3822617530822754,0.03078458271920681,-0.04406370967626572,0.013248692266643047,0.06215999275445938,-0.035080116242170334,0.22114197909832,-0.0887971743941307,-0.0549505352973938,0.01685257814824581,-0.4118759036064148,-0.13525262475013733,0.003814566181972623,0.05792609974741936,-0.14143119752407074,-0.5643802881240845,0.19831183552742004,0.1401863694190979,0.1439543217420578,-0.028744002804160118,-0.8800042867660522,0.20336592197418213,0.36297309398651123,0.3634541630744934,-0.07650414854288101,0.04275687411427498,0.21858935058116913,0.13354504108428955,-0.1910180151462555,-0.08533711731433868,0.5716744661331177,-0.11336009204387665,-0.04429447650909424,-0.13567395508289337,-0.054125022143125534,0.2422238141298294,-0.30026569962501526,-0.13818669319152832,0.2539547383785248,0.33421432971954346,-0.12256985902786255,-0.08656032383441925,-0.018123343586921692,-0.09329304099082947,-0.5466481447219849,-0.17401017248630524,0.3678818345069885,-0.14630432426929474,0.12552595138549805,-0.30719611048698425,0.10839130729436874,-0.026139413937926292,-0.03936569020152092,0.505024254322052,0.022380536422133446,0.2439408004283905,0.02617930807173252,-0.03423257917165756,0.0278412364423275,0.22357992827892303,-0.5450246930122375,-0.16184653341770172,0.04502420499920845,0.28149574995040894,0.14267918467521667,-0.18558348715305328,-0.37760472297668457,-0.1666090190410614,-0.22659897804260254,0.2666988670825958,-0.09635026752948761,-0.02028457447886467,0.07733915001153946,0.2378735989332199,0.42806634306907654,0.059856414794921875,-0.20809197425842285,-0.19672617316246033,0.09703586250543594,-0.04249114543199539,-0.5666713714599609,0.18596234917640686,0.4174076020717621,0.2036856710910797,0.18873341381549835,-0.22259119153022766,0.7589230537414551,0.05846180394291878,-0.03806187957525253,-0.2373644858598709,-0.16120749711990356,-0.054246462881565094,-0.3710753321647644,-0.1438142955303192,-0.14284764230251312,0.27753108739852905,0.10335449874401093,-0.3192586898803711,-0.4243738651275635,0.11563341319561005,0.018593762069940567,-0.0741705670952797,0.2778274118900299,-0.3392617106437683,0.1773235946893692,0.1560722291469574,0.25614604353904724,-0.49786168336868286,-0.14547832310199738,-0.18871648609638214,0.23559291660785675,-0.15910370647907257,-0.0707845538854599,-0.25860103964805603
CID000087177,272,0.06926514208316803,0.07700572907924652,0.004754194524139166,0.0746995285153389,0.6547021269798279,0.5144264698028564,0.17073214054107666,0.23858554661273956,-0.4858151078224182,-0.21158456802368164,0.19417086243629456,-0.42377883195877075,0.09230033308267593,-0.17548081278800964,0.0865047425031662,0.05755632370710373,0.24795246124267578,0.36181342601776123,-0.024485982954502106,-0.0709628239274025,0.016132164746522903,0.07857496291399002,0.36287763714790344,0.14954742789268494,0.30225616693496704,-0.02357301115989685,-0.09344186633825302,0.22928674519062042,-0.021646816283464432,0.5057929158210754,-0.04330490902066231,-0.28917399048805237,-0.21275290846824646,-0.14858348667621613,-0.4872233271598816,-0.05412532761693001,-0.3011549711227417,-0.33958548307418823,-0.025799980387091637,-0.12950922548770905,-0.147268608212471,-0.12995323538780212,-0.1909487545490265,-0.019661029800772667,0.46322527527809143,0.14048239588737488,-0.01263456977903843,-0.1683938205242157,-0.0027164011262357235,0.004136911127716303,-0.18483003973960876,0.021014440804719925,-0.05976758524775505,-0.48894137144088745,0.11029694229364395,-0.13877227902412415,0.0693206712603569,-0.0409347340464592,0.7047978639602661,-0.004149492830038071,-0.9216512441635132,0.3194454312324524,-0.2457185536623001,0.33656570315361023,0.07846995443105698,-0.23351454734802246,-0.06834015995264053,-0.2659301161766052,-0.014469211921095848,-0.21852490305900574,-0.5637863278388977,-0.23762039840221405,-0.10765204578638077,-0.14846840500831604,0.5129479765892029,0.21782812476158142,0.09779863804578781,0.3162509500980377,0.34907227754592896,-0.6588929295539856,-0.09356226027011871,0.14385777711868286,0.018382355570793152,-0.06202750280499458,0.04541383311152458,0.12567967176437378,-0.1133187785744667,0.03064614161849022,0.17828506231307983,-0.10043592751026154,-0.36021310091018677,-0.12112362682819366,0.18695004284381866,0.24043825268745422,-0.3962940573692322,0.017696719616651535,-0.18676160275936127,0.18843001127243042,0.17816919088363647,-0.0652565211057663,0.19411495327949524,0.19942310452461243,-0.2561383843421936,0.16907267272472382,-0.020793363451957703,-0.002225324511528015,-0.6007932424545288,0.6314119100570679,0.0904606431722641,0.22171363234519958,-0.554750919342041,0.06963799148797989,0.03632845729589462,-0.18523412942886353,0.26788821816444397,0.26277247071266174,0.06852639466524124,-0.38499966263771057,0.3237605690956116,-0.1841803938150406,-0.13632243871688843,-0.6416921019554138,-0.07490561902523041,-0.5205597877502441,-0.13948555290699005,0.10269013792276382,0.11074329912662506,0.28145545721054077,-0.05138791725039482,0.09197168052196503,-0.1096622571349144,0.07885939627885818,-0.36199745535850525,-0.5854194760322571,0.21596363186836243,-0.37436532974243164,0.17709694802761078,-0.2947729229927063,0.057047583162784576,-0.18940773606300354,0.006055769510567188,0.15835882723331451,-0.1390637457370758,-0.03551334887742996,0.28150850534439087,0.3792334496974945,0.008847263641655445,0.10950841009616852,0.001466737361624837,0.14307019114494324,0.11494270712137222,-0.06180453300476074,-0.32103419303894043,-0.288150817155838,-0.04405833035707474,-0.11125443130731583,0.30507993698120117,-0.44025707244873047,0.06646199524402618,0.11764712631702423,0.3934369385242462,-0.09002626687288284,-0.8337279558181763,0.11476971209049225,0.2135484665632248,0.30119603872299194,0.07400093972682953,0.12015044689178467,-0.12104685604572296,-0.026198983192443848,-0.39289340376853943,-0.3826618790626526,0.39352792501449585,-0.14011256396770477,-0.11531336605548859,-0.14621710777282715,0.12136785686016083,-0.07206632196903229,-0.25874724984169006,-0.0857897475361824,0.30652958154678345,0.14782758057117462,0.29732292890548706,-0.14058110117912292,-0.07408709824085236,0.088026262819767,-0.20807667076587677,0.11728562414646149,0.3773050010204315,0.3116879165172577,0.2571633458137512,-0.3249652683734894,0.1295960247516632,0.11658763885498047,-0.09915485233068466,0.7490602731704712,-0.03931742534041405,-0.19267989695072174,-0.29221266508102417,0.2541695237159729,-0.09138325601816177,0.14457808434963226,-0.12411034107208252,0.24410095810890198,-0.16321007907390594,0.09477308392524719,-0.2264714539051056,0.1127709150314331,-0.48774781823158264,0.1401737630367279,0.08062393963336945,-0.09262724220752716,-0.003232046263292432,-0.11686811596155167,0.2508876919746399,-0.11085285246372223,0.9545483589172363,-0.17136451601982117,-0.2056402713060379,-0.3871394395828247,-0.19479230046272278,-0.004705420229583979,-0.8030128479003906,0.031935207545757294,0.23323658108711243,-0.022918473929166794,0.13139435648918152,-0.4133984446525574,0.9384902119636536,0.042345501482486725,-0.22117094695568085,-0.0418504998087883,0.04461926966905594,0.09670843183994293,-0.5961266756057739,-0.4284084737300873,0.1865980625152588,0.21002396941184998,-0.23105525970458984,0.0037655308842658997,-0.9808526039123535,0.30685675144195557,-0.05167325586080551,0.27943331003189087,-0.14998231828212738,-0.5938764810562134,0.00803360901772976,0.32522061467170715,0.07400192320346832,-0.6702709794044495,-0.20038357377052307,0.17019447684288025,0.5146567225456238,0.02168750762939453,-0.06642553210258484,0.10609491169452667
CID000003158,275,-0.22030243277549744,-0.028308887034654617,0.15085092186927795,-0.1961190104484558,0.3620312213897705,0.4139835834503174,-0.11893963813781738,0.14888575673103333,-0.4449353814125061,-0.2120496779680252,-0.009580055251717567,-0.2603899836540222,0.1840992569923401,-0.17852535843849182,0.06457450985908508,0.11824492365121841,0.04247603937983513,0.05648968368768692,-0.11721476167440414,-0.11521609872579575,-0.15704455971717834,0.07708019018173218,0.1305040568113327,-0.07841489464044571,0.09815192967653275,-0.2480934113264084,0.2645326554775238,-0.04595453292131424,-0.1923084408044815,0.18626543879508972,0.06003959849476814,-0.13313205540180206,-0.1994207203388214,-0.09839893877506256,-0.2640232443809509,0.0020405054092407227,-0.286262184381485,-0.3162064850330353,-0.21277758479118347,-0.027788996696472168,0.28737345337867737,0.11029054969549179,-0.22538772225379944,-0.3371496796607971,0.16119593381881714,0.12288250029087067,-0.01894889399409294,0.018615562468767166,0.10151238739490509,-0.07071481645107269,-0.14577440917491913,0.29280802607536316,-0.17143507301807404,-0.27992355823516846,0.13428501784801483,-0.0075706481002271175,-0.08390085399150848,-0.21323099732398987,0.13925936818122864,0.19292624294757843,-0.7871788740158081,0.017779117450118065,-0.2056284248828888,0.5169368982315063,0.23204156756401062,0.18083453178405762,-0.13627418875694275,-0.022414710372686386,0.09022960811853409,0.0733545571565628,-0.16398195922374725,0.019623219966888428,-0.02721843682229519,-0.2978963255882263,0.020926568657159805,-0.12537536025047302,-0.15307654440402985,-0.02554074488580227,0.02145388349890709,-0.06274787336587906,-0.27387529611587524,0.10369835048913956,-0.38867223262786865,-0.2104611098766327,0.08337455987930298,-0.11398868262767792,-0.2973549962043762,-0.15419360995292664,0.2406209260225296,0.13703225553035736,0.01540570892393589,-0.2512134611606598,-0.018710840493440628,0.040425412356853485,-0.303669273853302,0.1305728554725647,-0.2510206997394562,0.4756143093109131,0.21568730473518372,-0.22724361717700958,0.15589676797389984,0.2872399389743805,-0.0465986467897892,0.062124866992235184,-0.24856504797935486,0.06883414089679718,-0.20663785934448242,0.32704246044158936,-0.0979742780327797,0.31400129199028015,0.08401302993297577,-0.06614694744348526,0.5270074605941772,-0.11144669353961945,-0.13469523191452026,0.12869605422019958,-0.015401983633637428,-0.01253451406955719,0.12817522883415222,-0.08302032947540283,-0.11213400214910507,-0.43673616647720337,0.2536342740058899,-0.2752862870693207,-0.4580455422401428,0.2367234230041504,-0.08073030412197113,0.3500204086303711,0.24523389339447021,-0.10557625442743301,0.05100325867533684,0.16187281906604767,-0.48353806138038635,-0.33243125677108765,-0.16218295693397522,-0.17854592204093933,-0.051874496042728424,-0.22341375052928925,-0.026383977383375168,0.0760263055562973,-0.16168028116226196,0.3161444067955017,-0.13332538306713104,0.061290234327316284,-0.003387430217117071,-0.14546065032482147,0.15847018361091614,-0.0922992005944252,-0.172000914812088,0.04239485785365105,-0.059861112385988235,0.07551053166389465,-0.15816012024879456,0.28491002321243286,0.12984707951545715,0.13335657119750977,-0.087046317756176,-0.2781747281551361,0.10031001269817352,0.15041157603263855,0.2508619427680969,-0.049065444618463516,-0.730230450630188,-0.12676769495010376,0.06755343824625015,0.3433534502983093,-0.21847817301750183,-0.05879401043057442,0.2810141444206238,-0.10845156013965607,-0.14537948369979858,-0.014146095141768456,0.3678019642829895,-0.13115529716014862,-0.059010885655879974,-0.11313171684741974,0.23081035912036896,-0.003034967230632901,-0.4657129645347595,-0.27502602338790894,0.18289820849895477,0.24369391798973083,0.10304896533489227,-0.09287777543067932,0.005300295539200306,0.06533097475767136,-0.2964707911014557,-0.25994330644607544,0.2176637202501297,-0.11806784570217133,-0.03696463257074356,-0.0022247149609029293,-0.10168948024511337,-0.1417829990386963,-0.27797994017601013,0.42685604095458984,0.17824243009090424,-0.07908757030963898,-0.08708008378744125,-0.10732525587081909,-0.005281352903693914,0.15581239759922028,-0.263867050409317,0.10116157680749893,-0.13605234026908875,0.27274590730667114,0.13933232426643372,-0.2950165867805481,-0.03587299585342407,-0.038630161434412,-0.09434372186660767,0.14042071998119354,0.11020030826330185,-0.0180070661008358,0.21676018834114075,0.03364238142967224,0.22823373973369598,0.27552101016044617,-0.004024405963718891,-0.34620237350463867,-0.05289794132113457,-0.0485939159989357,-0.34167543053627014,-0.014095952734351158,0.1883736401796341,0.15603548288345337,0.24583196640014648,-0.303063303232193,0.5311288237571716,0.2259012907743454,-0.0652981698513031,-0.2558741271495819,-0.021017974242568016,-0.07069246470928192,-0.30920833349227905,-0.245928093791008,-0.19222556054592133,0.17209820449352264,0.18791547417640686,-0.23948685824871063,0.020310338586568832,0.09571582078933716,0.26164132356643677,0.013366070576012135,-0.0870881974697113,-0.36001041531562805,0.3937188982963562,0.09817355871200562,0.1768726408481598,-0.40132036805152893,0.2207055538892746,-0.048170801252126694,0.010421058163046837,-0.1684550791978836,0.07007229328155518,-0.1211017593741417
CID000004666,276,-0.01920342817902565,0.04579860717058182,-0.06339959055185318,-0.010980037972331047,0.2660602927207947,0.2846803069114685,0.17359575629234314,-0.030014481395483017,-0.228028804063797,-0.25116467475891113,0.08857288211584091,-0.6470297574996948,0.3590136766433716,-0.1277002990245819,-0.1423303186893463,-0.17339986562728882,0.1498834639787674,-0.20433107018470764,0.12956930696964264,-0.13718295097351074,0.3972432017326355,-0.2366107702255249,-0.24575862288475037,-0.211033895611763,0.13525822758674622,-0.06501337140798569,0.07692499458789825,0.05532602220773697,-0.040349140763282776,0.42982083559036255,-0.1668681800365448,0.3182904124259949,0.1595853865146637,0.05063946917653084,-0.6326528787612915,0.09236160665750504,-0.06239435821771622,-0.2943132519721985,-0.2066022902727127,-0.04920642077922821,0.07614268362522125,0.1670442521572113,-0.43754491209983826,0.2210182249546051,0.41684475541114807,0.05243031308054924,-0.11875486373901367,0.052801985293626785,0.10859308391809464,-0.25535285472869873,-0.47295984625816345,0.059998057782649994,-0.2193375527858734,-0.3995653986930847,0.1649758219718933,-0.0719476267695427,0.05103640630841255,-0.15931572020053864,0.383100688457489,-0.04024963825941086,-0.8451215028762817,0.20945271849632263,-0.433826744556427,-0.06330938637256622,-0.16675697267055511,0.13520607352256775,-0.08841383457183838,0.3199170231819153,0.06224782392382622,0.0656643882393837,-0.1899925172328949,-0.15247198939323425,-0.07420264184474945,0.08491753786802292,0.2564771771430969,0.21997904777526855,0.08283483982086182,0.36886852979660034,-0.1172461062669754,-0.04207596927881241,-0.19443979859352112,-0.21478720009326935,-0.036317531019449234,-0.010182946920394897,-0.12360401451587677,0.06827834993600845,-0.4447323679924011,-0.1197257786989212,0.3526032865047455,-0.12328888475894928,-0.0263933427631855,-0.17533190548419952,0.10109920799732208,-0.12125708162784576,-0.4604649543762207,0.1071576476097107,-0.052614111453294754,0.1231500506401062,0.19543792307376862,-0.182005375623703,0.14034053683280945,0.14014026522636414,-0.20366701483726501,0.24193601310253143,-0.2533879280090332,-0.08576308190822601,-0.4902404844760895,0.17311692237854004,-0.12506216764450073,0.1836720108985901,0.32676661014556885,-0.029089560732245445,0.16878116130828857,0.1990302950143814,0.2697826623916626,-0.09656393527984619,-0.09667842090129852,-0.5946269035339355,0.13958922028541565,0.039070338010787964,-0.03498826548457146,-0.7693975567817688,-0.2290792167186737,-0.052276860922575,-0.3599969744682312,0.18573090434074402,0.13950616121292114,0.2862755060195923,0.14784440398216248,0.09792210161685944,0.027976613491773605,-0.05625126510858536,-0.553510308265686,-0.30751463770866394,0.12225804477930069,-0.11358753591775894,0.1258840560913086,-0.25977131724357605,-0.08601652085781097,-0.3256199061870575,-0.3140223026275635,0.15481892228126526,0.09549368917942047,-0.17138291895389557,-0.13830211758613586,-0.07869311422109604,-0.13228517770767212,-0.08874491602182388,0.4209129810333252,-0.13482871651649475,-0.059304408729076385,0.3226190507411957,-0.1986493319272995,0.17005416750907898,-0.020976442843675613,-0.00031900257454253733,-0.04916275292634964,-0.4423445165157318,-0.0593695342540741,0.12977884709835052,-0.07741405814886093,-0.060920797288417816,-0.8528571128845215,-0.020221520215272903,0.6134604215621948,0.15766826272010803,-0.11149299144744873,0.12871375679969788,0.042165786027908325,-0.06747718900442123,-0.23309163749217987,-0.26858288049697876,0.3514694273471832,-0.02727529965341091,-0.21807324886322021,-0.027628127485513687,0.15497155487537384,0.04691353440284729,-0.44717803597450256,-0.033760640770196915,0.29305845499038696,0.22812910377979279,0.025367790833115578,-0.18554633855819702,0.022014616057276726,-0.13804826140403748,-0.18474134802818298,0.008352508768439293,0.5727052092552185,0.07048340141773224,0.20893743634223938,-0.4215429425239563,-0.062047649174928665,-0.07581955194473267,-0.08128394186496735,0.30836981534957886,0.01625366136431694,-0.045092206448316574,-0.2838023602962494,0.1207590103149414,-0.024362556636333466,-0.013173410668969154,-0.2447148561477661,0.13023445010185242,0.03828488290309906,0.11097834259271622,0.030521297827363014,-0.24808888137340546,-0.36060574650764465,-0.22961083054542542,0.09890083968639374,-0.028287936002016068,-0.016030464321374893,-0.005810333415865898,0.03863927721977234,0.08027081191539764,0.5282108187675476,-0.04712437838315964,0.08624482154846191,-0.06263826787471771,-0.08692812919616699,-0.12845000624656677,-0.5626033544540405,-0.18206799030303955,0.15583129227161407,-0.1547653079032898,0.21196241676807404,-0.27456241846084595,0.9468172788619995,0.24584658443927765,-0.15827806293964386,-0.057387422770261765,0.023911606520414352,0.09709813445806503,-0.5016751289367676,-0.15452735126018524,-0.22391898930072784,0.07886215299367905,0.40746164321899414,-0.023324448615312576,-0.32746702432632446,-0.13982932269573212,0.03533025458455086,-0.11778672784566879,0.15652737021446228,-0.07953117787837982,0.19044038653373718,0.0720272809267044,0.29144951701164246,-0.8674491047859192,-0.13016022741794586,0.5029922723770142,0.1965802013874054,0.0717427209019661,-0.005242372862994671,-0.11374789476394653
CID000002713,277,-0.06565222889184952,-0.2119273841381073,0.32849979400634766,-0.2296590805053711,0.7649884819984436,0.339812695980072,-0.3823878765106201,0.043740347027778625,-0.24811437726020813,-0.26363101601600647,-0.07531120628118515,-0.268611341714859,0.13111020624637604,0.014085243456065655,0.34764495491981506,0.08897968381643295,0.002482697367668152,-0.16399700939655304,0.10940674692392349,-0.03637867048382759,0.23133325576782227,-0.09618636965751648,0.1384761929512024,0.03222762420773506,0.1809423416852951,-0.05981248617172241,0.1817038357257843,0.006301858928054571,-0.06486088037490845,0.5311674475669861,0.0032623610459268093,-0.09731923043727875,-0.026089739054441452,-0.037936560809612274,-0.4274977743625641,0.016285985708236694,-0.16243216395378113,-0.35769402980804443,-0.1885775923728943,0.06317004561424255,0.1816418468952179,0.08830154687166214,-0.22319667041301727,-0.10448585450649261,0.030481308698654175,-0.04863189533352852,-0.06743569672107697,0.29125896096229553,0.10589805990457535,-0.13655981421470642,-0.3032051920890808,0.18863984942436218,-0.05509333685040474,-0.6350681185722351,0.15100330114364624,-0.05799787491559982,0.006939655635505915,0.006495269946753979,0.12630772590637207,0.06631029397249222,-0.968239426612854,-0.1440792828798294,-0.41785645484924316,0.17333273589611053,0.09702374041080475,0.10898293554782867,-0.2568141520023346,0.16409258544445038,0.07126350700855255,0.05783703178167343,-0.39745277166366577,-0.27081218361854553,0.06233072280883789,-0.16507725417613983,0.0955505296587944,0.06732146441936493,-0.1257617473602295,-0.17590203881263733,0.008721357211470604,-0.28534460067749023,-0.44242316484451294,0.48637691140174866,-0.023245234042406082,-0.24841603636741638,-0.10473301261663437,-0.20668426156044006,-0.2816224694252014,-0.1420287936925888,0.5821813344955444,0.03420592471957207,-0.2608654499053955,-0.13355857133865356,-0.10696648061275482,0.05251508951187134,-0.5446939468383789,0.13232216238975525,-0.20921292901039124,0.15512514114379883,0.17553843557834625,-0.030308213084936142,0.3558550775051117,0.11103041470050812,-0.03958597779273987,0.425497829914093,-0.10511060804128647,0.18903014063835144,-0.38188642263412476,0.29961246252059937,-0.06681206077337265,0.3198595345020294,0.05859262868762016,0.37376245856285095,0.3737535774707794,-0.004947438836097717,-0.07456047087907791,0.1138668805360794,-0.1531737744808197,-0.29470744729042053,-0.055796973407268524,0.30359524488449097,0.1219131126999855,-0.6956006288528442,0.39349818229675293,-0.3270501494407654,-0.4109131395816803,0.23876336216926575,0.056701790541410446,0.5648062229156494,0.12477948516607285,-0.11896975338459015,0.017757445573806763,0.21052727103233337,-0.41105979681015015,-0.34078946709632874,-0.4003099799156189,-0.14965587854385376,0.36754971742630005,0.011781605891883373,0.10094926506280899,0.10955506563186646,0.09811004251241684,0.31917956471443176,-0.24957218766212463,0.16421286761760712,0.01605307124555111,-0.20932765305042267,-0.11695971339941025,-0.071522556245327,0.16637694835662842,-0.10198092460632324,-0.013093347661197186,-0.09297488629817963,-0.2997041344642639,0.004284328315407038,0.24133603274822235,0.13110977411270142,0.04161583632230759,-0.4478842616081238,0.15818104147911072,-0.1430635154247284,-0.051225267350673676,-0.08368591964244843,-0.8325134515762329,0.1949634999036789,0.3819650411605835,0.31315499544143677,-0.2716096043586731,0.03502010554075241,0.14640870690345764,-0.09542341530323029,-0.12137390673160553,-0.12318442016839981,0.7364944219589233,0.20001289248466492,-0.01042843796312809,0.1611267626285553,0.0645209327340126,0.01333029568195343,-0.4085295796394348,-0.14723345637321472,0.14574620127677917,0.17537716031074524,0.18487690389156342,-0.10761295258998871,-0.019460102543234825,0.05212285369634628,-0.6718839406967163,0.1317722499370575,0.43251705169677734,0.00045831798342987895,0.23691387474536896,-0.3564133048057556,0.029041316360235214,-0.11404712498188019,0.02443561516702175,0.29315364360809326,-0.03945772722363472,0.03690321370959282,-0.26710402965545654,0.17047879099845886,0.06873617321252823,0.15773041546344757,-0.45007461309432983,0.2759217619895935,-0.0456194207072258,0.5143789052963257,0.11054092645645142,-0.20668545365333557,0.06352801620960236,0.1877959668636322,0.19495145976543427,0.1634712517261505,-0.007058885879814625,0.11192774772644043,0.5497342944145203,0.16403762996196747,0.3518702983856201,0.03240469843149185,-0.19155971705913544,-0.2485605925321579,-0.11664297431707382,-0.0006783947465009987,-0.5303128361701965,-0.009365811012685299,0.13202610611915588,-0.11074703931808472,0.23940765857696533,-0.4791331887245178,0.46474403142929077,0.16943037509918213,0.022410688921809196,-0.1596260964870453,-0.07194457203149796,0.18171903491020203,-0.4563332498073578,-0.2746717035770416,-0.23299434781074524,-0.06258751451969147,0.3112451732158661,0.3520106375217438,-0.2005733996629715,-0.014394640922546387,0.2621687054634094,0.17309649288654327,0.08598585426807404,-0.2632805407047272,0.3629642724990845,-0.14650067687034607,0.19176660478115082,-0.634106457233429,0.3194657266139984,0.08838072419166565,0.14744552969932556,0.009900493547320366,-0.24227459728717804,-0.28720328211784363
CID000004601,278,-0.09166399389505386,0.0030322931706905365,-0.05502830073237419,-0.09835667163133621,0.895003616809845,0.222307488322258,-0.2710583806037903,0.017354464158415794,-0.05892183631658554,0.07709047198295593,0.15874192118644714,-0.475250244140625,0.09114787727594376,0.012681474909186363,-0.09692402929067612,-0.14645299315452576,0.07187352329492569,-0.21136526763439178,-0.25530630350112915,0.09390896558761597,-0.039701156318187714,-0.1403149664402008,0.06589208543300629,0.19538334012031555,0.385204941034317,-0.11286529153585434,-0.18463380634784698,0.020058657974004745,0.13081476092338562,0.2577230930328369,0.10263441503047943,-0.2884885370731354,0.0105683458968997,0.03470566123723984,-0.567145824432373,0.015965944156050682,-0.11920619010925293,-0.30481988191604614,-0.20353782176971436,-0.14165174961090088,0.05617762356996536,-0.08719184994697571,-0.1612204760313034,-0.2384030818939209,0.12062187492847443,0.11787855625152588,0.027178645133972168,0.09013917297124863,0.04423067718744278,-0.01739390194416046,-0.10334277153015137,0.036518651992082596,-0.052854038774967194,-0.36670809984207153,0.25246039032936096,-0.054165203124284744,-0.05343407392501831,0.18791425228118896,0.32420700788497925,0.30209439992904663,-0.8066262006759644,0.25049376487731934,-0.23697137832641602,0.0082648154348135,0.1405157595872879,0.20209145545959473,-0.27606528997421265,0.11390044540166855,-0.007582982070744038,-0.07087959349155426,-0.16491761803627014,-0.09094695746898651,0.05793827772140503,-0.10481991618871689,0.21218255162239075,-0.027612799778580666,-0.03265544772148132,0.036350004374980927,0.04405386000871658,-0.2933243215084076,-0.27614274621009827,-0.1415439248085022,-0.03434368968009949,-0.05548097565770149,-0.11800160259008408,0.10283918678760529,-0.022332970052957535,0.16266123950481415,0.43172115087509155,0.07717497646808624,-0.16555912792682648,0.015691228210926056,-0.10808465629816055,0.17707137763500214,-0.4726143777370453,0.036389369517564774,-0.1413835734128952,0.17682838439941406,0.03110802173614502,0.14439265429973602,0.3321778178215027,0.10857047140598297,-0.11694862693548203,0.3384673297405243,-0.06724147498607635,0.04840359836816788,-0.6310399174690247,0.11605189740657806,0.13201113045215607,0.11725902557373047,0.17320197820663452,-0.146807000041008,0.1151907667517662,0.08592177927494049,0.01654007099568844,0.006217645946890116,0.029377494007349014,-0.2690834701061249,0.044333625584840775,0.02831520512700081,-0.4281678795814514,-0.7711144685745239,0.348251610994339,-0.16344116628170013,-0.4832780361175537,0.042618606239557266,-0.03373521566390991,0.2992402911186218,-0.07370256632566452,0.03154824301600456,-0.2822814881801605,0.11506976187229156,-0.2645099461078644,-0.3841702342033386,-0.24176163971424103,-0.15563447773456573,0.49436911940574646,-0.1316729635000229,-0.015400027856230736,0.03563626855611801,-0.0511564239859581,0.27482229471206665,-0.03901132196187973,-0.06729769706726074,0.11811749637126923,-0.22815608978271484,0.34480050206184387,0.2473374605178833,0.07364000380039215,-0.19717442989349365,-0.22628894448280334,-0.14322003722190857,-0.28456494212150574,-0.016136687248945236,-0.22143837809562683,0.07622503489255905,-0.04220718890428543,-0.25757771730422974,-0.1312703639268875,0.06708406656980515,0.13260948657989502,0.1335144340991974,-0.9730303883552551,0.0022838604636490345,0.33921903371810913,0.22673054039478302,-0.19642062485218048,0.016231179237365723,0.061082761734724045,0.1517326831817627,-0.10721045732498169,-0.07271690666675568,0.3610236346721649,-0.009477895684540272,-0.03382272645831108,0.053510189056396484,0.186367467045784,0.01818065345287323,-0.3955139219760895,-0.08863550424575806,0.21759212017059326,0.02382517047226429,0.04573281854391098,-0.0996796116232872,-0.09982043504714966,-0.2132103145122528,-0.1488879919052124,-0.19373172521591187,0.6166146397590637,0.07967519760131836,0.33390799164772034,-0.5309985280036926,0.0808231383562088,-0.0444251224398613,-0.04590199515223503,0.6996638178825378,-0.10769236087799072,-0.09314179420471191,-0.05103694647550583,-0.16175112128257751,-0.08271709829568863,-0.16606324911117554,-0.29872962832450867,0.13612738251686096,-0.11519324779510498,0.2925528287887573,0.09286630153656006,-0.10156966745853424,-0.04251430928707123,-0.15417364239692688,0.11560585349798203,0.04163309559226036,-0.11567646265029907,-0.2389848679304123,0.4905223250389099,-0.2575182020664215,0.4760134816169739,-0.030262986198067665,-0.10452711582183838,-0.36327311396598816,-0.054159294813871384,-0.06342913210391998,-0.6290416121482849,0.07592029869556427,0.32543936371803284,-0.12459669262170792,0.24734246730804443,-0.37548255920410156,0.7054147720336914,0.03800877928733826,-0.009827124886214733,-0.10432734340429306,-0.07754545658826828,-0.03817065432667732,-0.6557456254959106,-0.19526682794094086,-0.12433578073978424,0.06452219933271408,-0.05845336988568306,-0.1339782178401947,-0.17055678367614746,0.023507704958319664,0.14060187339782715,-0.019558561965823174,0.04406066983938217,-0.16592487692832947,0.26990994811058044,0.14383196830749512,-0.1241416484117508,-0.671237587928772,0.1758715659379959,0.023124471306800842,0.06603137403726578,-0.15350250899791718,0.021984288468956947,-0.011743920855224133
CID000002267,279,-0.1047932356595993,0.04833034798502922,-0.06934040039777756,-0.10023999214172363,0.3112899661064148,0.27655717730522156,0.07659308612346649,0.031051674857735634,-0.254349023103714,-0.2062184065580368,-0.21700215339660645,-0.3556748032569885,0.07370776683092117,-0.13923251628875732,0.05830748751759529,0.1127953752875328,-0.05676688998937607,0.3024858832359314,0.2167162448167801,0.053900331258773804,0.07236261665821075,0.11163897812366486,0.09062685817480087,0.00845482386648655,0.030186962336301804,-0.05267409607768059,0.022066961973905563,-0.05101750046014786,-0.08540810644626617,0.22970867156982422,-0.0925121158361435,-0.1494893729686737,-0.05955110862851143,0.040669478476047516,-0.5453101992607117,-0.11393357813358307,-0.22351709008216858,-0.22071346640586853,-0.12111468613147736,0.04876086860895157,-0.015436488203704357,0.12187938392162323,-0.18998190760612488,-0.3648321330547333,0.12941493093967438,-0.11040110886096954,-0.009841173887252808,0.10280263423919678,-0.29157906770706177,-0.08000662922859192,-0.1725996732711792,0.0362405963242054,-0.021692540496587753,-0.09405497461557388,0.10225220024585724,-0.014999831095337868,-0.12676292657852173,-0.10536019504070282,0.037481892853975296,-0.060938768088817596,-1.0597440004348755,0.08757694065570831,-0.4424423575401306,0.27387529611587524,-0.013472256250679493,0.03348427265882492,-0.01442408561706543,0.3092999756336212,0.04902476817369461,0.06434895843267441,0.011945970356464386,-0.050506554543972015,0.0710417628288269,0.013074874877929688,0.20103654265403748,-0.03072759136557579,0.005675036925822496,0.05223479121923447,0.21181638538837433,0.021276375278830528,-0.17151546478271484,0.1502474844455719,-0.2813989222049713,-0.09411446005105972,-0.1268998235464096,-0.12433426082134247,-0.1378502994775772,-0.17437562346458435,0.25298064947128296,0.21936388313770294,0.03207863122224808,-0.10921092331409454,-0.17927499115467072,0.03551433980464935,-0.5140511393547058,-0.021240612491965294,-0.2167774885892868,0.31514912843704224,0.021030211821198463,-0.29844754934310913,0.22576315701007843,0.10013041645288467,-0.15949171781539917,0.06466756016016006,-0.12875957787036896,-0.005948317237198353,-0.3190157413482666,0.22671744227409363,0.06413426250219345,0.08546559512615204,-0.13025698065757751,-0.035468801856040955,0.351900577545166,0.005580601282417774,0.029732201248407364,0.2347564697265625,-0.12773782014846802,-0.21506492793560028,0.10780031979084015,0.17563669383525848,-0.10643880069255829,-0.6545203924179077,0.00502388458698988,-0.29072415828704834,-0.4305485785007477,0.11352495104074478,-0.00784892775118351,0.21748852729797363,0.0792129635810852,0.008186815306544304,-0.02730279043316841,0.1491549164056778,-0.5617864727973938,-0.29325684905052185,0.16913723945617676,-0.15340308845043182,0.1749574840068817,-0.049223389476537704,-0.14410704374313354,0.1256168782711029,-0.12095212936401367,0.17417649924755096,-0.02541499212384224,-0.07410460710525513,0.012410021387040615,0.14821895956993103,-0.12574675679206848,-0.05256611108779907,0.046698130667209625,0.03989260643720627,-0.025203783065080643,0.020576512441039085,0.02278059720993042,0.012907248921692371,-0.01513556856662035,0.10442997515201569,-0.20009520649909973,-0.34967607259750366,-0.05676692724227905,0.0789995789527893,0.1213323101401329,-0.05624333769083023,-0.9176431894302368,0.03926047682762146,0.15592513978481293,0.2724113464355469,-0.21706119179725647,-0.2374970018863678,0.12584175169467926,-0.09363315999507904,-0.10699462890625,-0.037486426532268524,0.2650509476661682,0.022939402610063553,-0.1499669849872589,0.03539469838142395,-0.057527344673871994,0.1457047313451767,-0.5412730574607849,-0.010513781569898129,0.2740072011947632,0.2950374484062195,0.0371624156832695,-0.14274808764457703,0.10410847514867783,-0.03572205454111099,-0.3087586760520935,0.05954838916659355,0.3840945363044739,-0.0592515654861927,0.09083855152130127,0.04572097212076187,-0.2863308787345886,-0.11148206889629364,-0.15014761686325073,0.2887677550315857,0.218841552734375,0.01484861969947815,-0.1088857501745224,0.14202478528022766,0.0654926672577858,-0.20443964004516602,-0.10280823707580566,0.186794251203537,-0.06435029953718185,0.153251051902771,-0.04565839841961861,-0.19887706637382507,-0.007307672407478094,0.14664927124977112,-0.04299197345972061,0.08348505198955536,-0.05992424488067627,-0.03819103538990021,0.19680804014205933,0.14821594953536987,0.3766597509384155,0.3166836202144623,-0.10841231048107147,-0.28660187125205994,0.02533402480185032,-0.01142014842480421,-0.373729407787323,0.05035790801048279,0.3195531964302063,-0.10482414811849594,0.12961722910404205,-0.35001200437545776,0.6369211673736572,-0.015251601114869118,-0.18264715373516083,-0.10448851436376572,-0.03916757181286812,-0.09426607191562653,-0.5616273283958435,-0.1618739366531372,-0.13418199121952057,0.10690301656723022,0.16535750031471252,-0.24974647164344788,-0.04430706053972244,-0.0727001428604126,0.05913018062710762,0.19062557816505432,-0.044087737798690796,-0.0070596425794065,0.1167699545621872,-0.16454318165779114,-0.12883993983268738,-0.6952001452445984,0.11076007783412933,0.0990629643201828,0.2514726519584656,-0.1581602394580841,0.038965754210948944,0.013083170168101788
CID000003386,280,-0.23131079971790314,-0.021411027759313583,0.3452565371990204,0.04123201221227646,0.5101238489151001,0.3621860146522522,0.0004704922321252525,0.09945721924304962,-0.3099824786186218,-0.19155988097190857,-0.028127670288085938,-0.34668126702308655,0.27212145924568176,-0.1701161414384842,0.1442953199148178,0.05204412341117859,-0.060296863317489624,0.32551389932632446,-0.1613418459892273,0.22177007794380188,-0.29781532287597656,-0.000756999128498137,0.06885106861591339,-0.022397702559828758,0.20271942019462585,-0.06758497655391693,-0.09217621386051178,0.08341159671545029,0.03234138339757919,0.3534905016422272,-0.03234211727976799,-0.15974187850952148,-0.12476553022861481,0.016824519261717796,-0.23924680054187775,-0.165355384349823,-0.19231204688549042,-0.37814122438430786,0.005533486604690552,-0.15002503991127014,0.2771625220775604,0.13297004997730255,-0.119249127805233,-0.16163048148155212,0.33880630135536194,0.15308579802513123,0.1749761402606964,-0.04621708020567894,-0.033819835633039474,-0.05945945903658867,-0.2934718132019043,0.12111467123031616,-0.13580089807510376,-0.2098807990550995,-0.041831694543361664,0.050426822155714035,-0.0004584774433169514,0.011751482263207436,0.04373239725828171,0.014269614592194557,-0.8239977955818176,0.13133758306503296,-0.3135067820549011,0.11437387764453888,0.05581254884600639,0.2325456142425537,-0.3374825716018677,0.08231677860021591,0.14914710819721222,-0.11309178173542023,-0.11091796308755875,-0.23223905265331268,0.17852625250816345,-0.20698098838329315,0.07686018943786621,-0.0751175507903099,0.09140101820230484,0.18363472819328308,0.14176711440086365,-0.02119520865380764,-0.1940988451242447,0.030920062214136124,-0.12423491477966309,-0.21928754448890686,-0.07295125722885132,0.017905324697494507,-0.09813086688518524,0.13706322014331818,0.3294256329536438,0.24021175503730774,-0.13441689312458038,-0.12418560683727264,-0.22397470474243164,0.17087827622890472,-0.3977605998516083,-0.01221996359527111,-0.36538833379745483,0.34605544805526733,0.18981346487998962,-0.12773172557353973,0.34565669298171997,-0.015657316893339157,0.050602030009031296,0.32557111978530884,-0.24097847938537598,0.052871547639369965,-0.16369423270225525,0.23544463515281677,0.0189509280025959,0.12852743268013,0.006942628882825375,-0.07222052663564682,0.46074581146240234,-0.07083704322576523,0.15821948647499084,-0.013209807686507702,0.03188612312078476,-0.11863963305950165,0.06729628890752792,-0.0003822624566964805,-0.157789945602417,-0.5891827940940857,0.1281014382839203,-0.47749990224838257,-0.47921013832092285,0.19935676455497742,0.03726784512400627,0.24798128008842468,0.2702840566635132,0.0390239842236042,0.32924190163612366,-0.0892413854598999,-0.42843589186668396,-0.36892157793045044,0.10092835128307343,-0.09928743541240692,0.2686360478401184,-0.44635719060897827,-0.0015307605499401689,0.10807701200246811,-0.1433529406785965,0.07548029720783234,-0.18973077833652496,0.016133155673742294,-0.01717137172818184,0.14421948790550232,0.17066824436187744,0.24191908538341522,-0.36751335859298706,-0.05721348524093628,-0.1460295021533966,0.06680326163768768,-0.19715583324432373,0.15924331545829773,-0.24656672775745392,-0.05570672079920769,-0.15838907659053802,-0.4292628765106201,0.1027035266160965,0.05652691796422005,0.28877222537994385,0.02308383211493492,-0.8394761085510254,0.01785801723599434,0.12493036687374115,0.24222227931022644,-0.12198002636432648,0.07158438861370087,0.3341588079929352,-0.01874176226556301,0.019062887877225876,-0.14788520336151123,0.3046394884586334,-0.19978466629981995,0.17494189739227295,-0.06485168635845184,0.04571538418531418,0.07125379890203476,-0.5194494724273682,-0.05711435154080391,0.07744284719228745,0.2094329297542572,-0.001941527472808957,-0.0493713840842247,0.01263746153563261,-0.051731012761592865,-0.4661940932273865,0.03329736366868019,0.24011225998401642,-0.023196090012788773,0.03564289212226868,-0.07304172962903976,0.016307666897773743,-0.2245539128780365,-0.08629356324672699,0.5295407176017761,0.11888481676578522,-0.05504252761602402,-0.0965571328997612,0.3001408576965332,0.021596340462565422,0.036986224353313446,-0.3210951089859009,0.07090994715690613,-0.06204760819673538,0.2183670550584793,-0.004569105803966522,-0.3631049692630768,-0.18474127352237701,0.02432888373732567,0.005622357130050659,0.3477722704410553,-0.055668510496616364,0.0022607326973229647,0.23503883183002472,-0.1892845630645752,0.3365614712238312,0.26137226819992065,-0.05482166260480881,-0.24389779567718506,0.0614364929497242,0.09182408452033997,-0.4250805974006653,0.01901492476463318,0.4576854705810547,0.1181110367178917,0.2226986587047577,-0.2811499238014221,0.41313624382019043,0.01893891952931881,0.0077118100598454475,-0.10188210010528564,-0.04435790330171585,-0.01731356419622898,-0.31503552198410034,-0.23248298466205597,-0.20840907096862793,0.1648787260055542,0.11040809005498886,-0.03507982939481735,0.018519144505262375,0.09477777034044266,0.029944170266389847,-0.17350342869758606,-0.07705952972173691,-0.3117929697036743,0.1878935545682907,0.11129061132669449,0.08332513272762299,-0.5911141633987427,0.19148840010166168,-0.09784895181655884,0.20750728249549866,-0.16000771522521973,0.04046846181154251,-0.07814383506774902
CID000002435,281,-0.09866299480199814,-0.1059652790427208,0.0191785991191864,-0.16229739785194397,0.28883424401283264,0.2201038897037506,-0.0516025647521019,-0.042482197284698486,-0.2561625838279724,-0.15602079033851624,-0.030639242380857468,-0.3085046708583832,-0.0861026868224144,-0.1582348793745041,-0.025559866800904274,-0.0933762937784195,-0.054848670959472656,-0.09592291712760925,0.09984612464904785,0.10369829833507538,-0.01038478035479784,0.045778751373291016,-0.049197059124708176,0.07384833693504333,-0.0010800242889672518,0.06945034861564636,0.04225672036409378,-0.08212193846702576,0.022549618035554886,0.16222913563251495,-0.06111745908856392,-0.3383116126060486,-0.09389634430408478,0.014406099915504456,-0.48255252838134766,-0.04325972497463226,-0.19869916141033173,-0.1996854841709137,-0.1300133764743805,-0.09793346375226974,0.018098916858434677,-0.01997353509068489,-0.24488940834999084,-0.2420247495174408,0.11215557903051376,-0.17342661321163177,-0.06281646341085434,0.2602962851524353,-0.2106492966413498,-0.04459692910313606,-0.14211063086986542,0.07622496038675308,0.13111017644405365,-0.19735200703144073,0.030199866741895676,0.018287209793925285,-0.07992526143789291,0.18411225080490112,0.17693960666656494,-0.1316802203655243,-0.8916818499565125,-0.09788358211517334,-0.36838585138320923,0.17014080286026,0.0956459790468216,0.17846812307834625,-0.26248082518577576,0.13225670158863068,0.03050370141863823,0.04227263107895851,-0.11358199268579483,-0.01526346243917942,-0.06977030634880066,-0.20850706100463867,0.18648819625377655,-0.07898469269275665,-0.09388921409845352,-0.04650989547371864,0.2404596358537674,0.12415502965450287,-0.17294450104236603,0.0907367467880249,-0.1664242446422577,-0.20867785811424255,-0.17737069725990295,0.004588605370372534,-0.18627959489822388,-0.159725159406662,0.34581607580184937,-0.1480105221271515,0.029103834182024002,-0.05773521587252617,0.017874371260404587,-0.020210254937410355,-0.4626563489437103,-0.0008487060549668968,-0.22488753497600555,0.33267226815223694,0.023399410769343376,-0.23823633790016174,0.27288877964019775,0.21995115280151367,-0.10830974578857422,0.002753719687461853,-0.1172948032617569,0.08461656421422958,-0.4554043412208557,0.2678268551826477,-0.060318149626255035,0.23466643691062927,0.1440429538488388,-0.05859125778079033,0.21136131882667542,0.007735767867416143,0.05254713445901871,0.18778096139431,-0.12014374881982803,-0.06081024929881096,0.028818801045417786,0.04353605955839157,-0.14071370661258698,-0.6652018427848816,-0.06003428250551224,-0.15367767214775085,-0.3281294107437134,0.061052750796079636,-0.06359528005123138,0.2421824038028717,0.13870617747306824,0.049468718469142914,0.11696897447109222,0.10362403094768524,-0.5110138654708862,-0.2385246753692627,-0.07305388152599335,-0.12075120210647583,0.14032498002052307,0.010022783651947975,-0.08846567571163177,0.048668112605810165,0.03388383239507675,0.2694961428642273,-0.13870462775230408,-0.0792369395494461,-0.021823938935995102,-0.35376521944999695,-0.034890420734882355,0.07764846831560135,-0.024284953251481056,0.1143551617860794,-0.049501385539770126,-0.0802740603685379,0.013778239488601685,-0.041989006102085114,0.09145090728998184,0.019070947542786598,-0.19410306215286255,-0.26720699667930603,-0.05254242569208145,0.04083578661084175,0.22713398933410645,-0.031896594911813736,-0.9826951026916504,0.10152179002761841,0.1772504597902298,0.2379821091890335,-0.2920127511024475,-0.014744537882506847,0.1446528136730194,0.16677775979042053,-0.09812086820602417,-0.12289495766162872,0.3261983096599579,-0.04213610664010048,-0.18779759109020233,0.22098347544670105,-0.016875257715582848,0.05922833830118179,-0.4084027409553528,-0.06130112335085869,0.15036919713020325,0.26533979177474976,0.0504225492477417,0.046311937272548676,-0.05902695655822754,0.08027081936597824,-0.18759065866470337,0.13648110628128052,0.4985905587673187,-0.11895902454853058,0.27412018179893494,-0.0738336443901062,0.04987957328557968,-0.018851760774850845,-0.06583581864833832,0.41787242889404297,0.07548369467258453,-0.00264471466653049,-0.03783617168664932,0.10951296240091324,-0.16663558781147003,-0.10191690921783447,-0.16115646064281464,0.19426922500133514,-0.05558387190103531,0.20254066586494446,-0.09338594973087311,-0.15155604481697083,-0.026731837540864944,0.1974625289440155,0.1556878238916397,0.24114616215229034,-0.051768697798252106,0.06146327778697014,0.24880273640155792,0.09436860680580139,0.31720349192619324,-0.017369460314512253,-0.196881502866745,-0.32117486000061035,0.004020415246486664,-0.08485840260982513,-0.4416869282722473,0.13114669919013977,0.3177393078804016,-0.09493608772754669,0.0632476732134819,-0.3109646141529083,0.6310145258903503,0.1719369739294052,-0.10267593711614609,-0.19562844932079315,-0.2127821147441864,-0.17974531650543213,-0.5705580115318298,-0.1866893470287323,-0.045022763311862946,0.07658695429563522,0.26540789008140564,-0.1522088348865509,-0.1941145658493042,0.01473093032836914,0.10698620975017548,0.16686095297336578,0.11568647623062134,-0.25931185483932495,0.1172858476638794,-0.07652519643306732,-0.126763254404068,-0.6460165977478027,-0.003785419510677457,0.011552163399755955,0.2836184501647949,-0.07612304389476776,0.06869219243526459,0.08236806094646454
CID000004253,282,0.12418557703495026,0.14011457562446594,0.0708533376455307,-0.25553542375564575,0.3675457239151001,0.3360905051231384,-0.22221088409423828,0.09185773879289627,-0.31473928689956665,-0.31345465779304504,0.1549900472164154,-0.7847870588302612,-0.10952629894018173,-0.5043730139732361,-0.1709899604320526,0.13275663554668427,0.5209410190582275,-0.26512306928634644,0.28873148560523987,0.08134356141090393,0.11580213159322739,-0.04268660396337509,0.16962753236293793,0.19146884977817535,0.06450869143009186,-0.16028441488742828,-0.17287960648536682,-0.030976612120866776,0.035004954785108566,0.5314896106719971,-0.1830306500196457,-0.11752575635910034,0.3390151858329773,0.042931534349918365,-0.5395628809928894,-0.03149102255702019,-0.42851653695106506,-0.25421494245529175,-0.23417989909648895,0.1166820302605629,0.12774169445037842,0.1745852679014206,-0.369387686252594,-0.036882854998111725,0.1707039326429367,0.17594197392463684,-0.1692751944065094,-0.07149079442024231,0.21555471420288086,-0.08731973171234131,-0.3711860179901123,-0.21477310359477997,-0.1862386167049408,-0.11330810934305191,0.10506932437419891,0.057802796363830566,0.02758515439927578,-0.13020506501197815,0.5934005379676819,-0.052245132625103,-0.8058953285217285,0.1927681863307953,-0.38625189661979675,0.0543178915977478,-0.03862279653549194,0.5132312178611755,-0.2418203353881836,0.050359416753053665,0.051253609359264374,0.12892019748687744,-0.07848911732435226,0.2967212498188019,0.1698635071516037,0.38105401396751404,0.16810694336891174,0.2061830461025238,-0.10073497146368027,0.178287535905838,0.2231752872467041,-0.19511766731739044,-0.4737672805786133,-0.0379900187253952,0.060969941318035126,-0.11372150480747223,-0.09719756245613098,-0.16235287487506866,-0.3514215350151062,0.11816801875829697,0.3690267503261566,0.2610107958316803,-0.008666789159178734,-0.17803636193275452,0.22686012089252472,0.010978810489177704,-0.6027814745903015,0.011048613116145134,-0.17899005115032196,0.4104485511779785,0.14522528648376465,-0.45570841431617737,0.3480045199394226,0.07599015533924103,0.019280482083559036,0.024991605430841446,-0.273870587348938,0.06493326276540756,-0.3879307806491852,0.3505566716194153,0.15014508366584778,0.1306029111146927,-0.1807248443365097,0.044784437865018845,0.2789565324783325,-0.06712622940540314,0.0777004286646843,0.2814721465110779,-0.10675255954265594,-0.41158872842788696,0.10272864252328873,0.1046370267868042,-0.18321406841278076,-0.7082152366638184,-0.2617834210395813,-0.16431380808353424,-0.21766886115074158,-0.07060740888118744,0.23041638731956482,0.12489472329616547,-0.012525951489806175,0.06099582836031914,-0.09259433299303055,0.23666787147521973,-0.5566624999046326,-0.3630748689174652,-0.2697344422340393,-0.24307675659656525,0.21949389576911926,-0.20775023102760315,-0.1490824818611145,-0.34404003620147705,0.18422970175743103,0.1568830907344818,0.07860739529132843,-0.13643740117549896,0.25814151763916016,-0.17680668830871582,-0.14468792080879211,0.06556917726993561,0.12647496163845062,-0.012119876220822334,0.05428708717226982,-0.39677366614341736,-0.2257767915725708,-0.05246443673968315,-0.08968278765678406,-0.02743888460099697,-0.047568824142217636,-0.3952823281288147,-0.20095375180244446,-0.1825089454650879,-0.16541573405265808,0.148490309715271,-0.7752648591995239,0.02835864946246147,0.3613246977329254,0.210159569978714,-0.206281378865242,0.05382617563009262,0.009486123919487,-0.16073553264141083,-0.2332557886838913,-0.016321292147040367,0.6556678414344788,-0.17390954494476318,-0.14099529385566711,-0.20193593204021454,0.12801901996135712,-0.022137891501188278,-0.42727145552635193,0.3141586482524872,0.17244848608970642,0.24080833792686462,0.15721352398395538,0.07925654947757721,0.05778210237622261,-0.20122268795967102,-0.23107323050498962,0.05786893889307976,0.5671969056129456,0.18532583117485046,0.35590091347694397,-0.49286094307899475,-0.14117120206356049,-0.3472425043582916,-0.5097734928131104,0.7502416372299194,0.05520694702863693,0.15871046483516693,-0.6860083937644958,-0.4331984519958496,0.2568589150905609,-0.3779473900794983,-0.4145777225494385,0.1272587776184082,0.15679746866226196,0.5925752520561218,-0.1984599083662033,-0.1582719385623932,-0.08572389930486679,-0.002145069884136319,0.12952546775341034,0.11375109851360321,-0.04447020962834358,0.20707544684410095,-0.018719768151640892,-0.09364894777536392,0.6635848879814148,0.40580758452415466,-0.04785643145442009,-0.1081792339682579,-0.2184792459011078,0.10594496876001358,-0.46028590202331543,0.15045218169689178,0.12646684050559998,0.10094846785068512,0.019816474989056587,-0.07866168022155762,0.7004053592681885,-0.13215234875679016,-0.08001138269901276,-0.3081541955471039,-0.1939183473587036,0.11663107573986053,-0.3689793050289154,-0.3784964382648468,0.2193344086408615,0.24718669056892395,-0.10486825555562973,0.1347172111272812,-0.35099124908447266,-0.012329650111496449,0.06246461719274521,0.23069438338279724,0.18902994692325592,-0.21973779797554016,0.8458274602890015,-0.05034804344177246,0.08076762408018112,-0.8161827325820923,-0.023589584976434708,0.17826856672763824,0.3960406482219696,0.12526097893714905,0.12632712721824646,-0.02651873789727688
CID000003476,283,-0.08894313871860504,0.0012267291313037276,-0.16560620069503784,0.02661001682281494,0.10037010908126831,0.337189644575119,-0.1962875872850418,-0.10620477050542831,-0.15949930250644684,-0.20176856219768524,0.013523995876312256,-0.17514565587043762,0.35407739877700806,-0.2959008812904358,-0.0055446014739573,-0.14655689895153046,-0.13154181838035583,0.14636263251304626,-0.1451023817062378,-0.2745148539543152,-0.16508714854717255,-0.011119979433715343,-0.043705590069293976,-0.06820689141750336,0.29972416162490845,-0.12348578870296478,0.19540604948997498,-0.15275335311889648,-0.09609540551900864,0.3680945932865143,-0.25730618834495544,-0.048027459532022476,-0.037960778921842575,-0.15121401846408844,-0.24421986937522888,-0.07288001477718353,-0.13644927740097046,-0.24651291966438293,-0.18170547485351562,0.0735725611448288,0.10986826568841934,-0.02213376760482788,0.0735848918557167,-0.24583368003368378,0.29500043392181396,0.2045009881258011,-0.11052205413579941,0.017711345106363297,0.13523545861244202,-0.03979203850030899,-0.36033326387405396,0.27510467171669006,-0.2231457531452179,0.1256757527589798,-0.05371718853712082,0.06055383011698723,0.12392089515924454,-0.43517541885375977,-0.07515811920166016,-0.004862843547016382,-0.7554337978363037,0.16709885001182556,-0.42398732900619507,0.21784095466136932,0.202602818608284,0.08872542530298233,-0.3910999298095703,0.043416451662778854,0.01772179827094078,0.0820966511964798,-0.27543142437934875,0.3474135398864746,-0.09543770551681519,-0.3709799647331238,-0.05141879990696907,-0.06285709142684937,-0.16018159687519073,0.16505444049835205,0.09589509665966034,0.08320599794387817,-0.2299024611711502,0.002620579209178686,-0.21148934960365295,-0.28569304943084717,-0.11000996828079224,0.017731571570038795,-0.4311976432800293,0.040170568972826004,0.4478929042816162,-0.001962724607437849,-0.13658973574638367,-0.22074341773986816,0.041307203471660614,-0.04226871579885483,-0.4789421558380127,-0.06117876619100571,-0.24228107929229736,0.3296148180961609,0.3860994875431061,-0.7595846056938171,0.26017409563064575,0.09133891016244888,-0.04451392963528633,-0.20873072743415833,-0.02868862822651863,0.0017517090309411287,-0.281807005405426,0.2853245735168457,0.031070496886968613,0.43787866830825806,0.2621016204357147,0.11679228395223618,0.6421446800231934,0.122072234749794,0.06973448395729065,-0.12898628413677216,0.028286317363381386,-0.28793686628341675,0.1258360743522644,0.010730968788266182,-0.030458560213446617,-0.6927521824836731,0.08732415735721588,-0.3772203326225281,-0.568998396396637,-0.017180655151605606,-0.009815854020416737,0.4538831114768982,0.1622919738292694,0.06319243460893631,-0.288364976644516,-0.21221773326396942,-0.5057173371315002,-0.2177528440952301,-0.09992966800928116,-0.025911862030625343,0.307614266872406,-0.1702694594860077,-0.044215451925992966,0.22004541754722595,-0.046746063977479935,0.5603643655776978,0.050446875393390656,-0.12928031384944916,-0.10294654220342636,-0.11726422607898712,0.1513480246067047,-0.18260398507118225,-0.08469972759485245,-0.03219940513372421,-0.22019347548484802,-0.003190678311511874,-0.1808292418718338,0.10345405340194702,0.07144148647785187,0.18936006724834442,-0.11195826530456543,-0.3497926890850067,0.10743904113769531,-0.1483314335346222,0.21028976142406464,-0.21136188507080078,-0.7194936871528625,0.09640774130821228,0.27172917127609253,0.2462802231311798,-0.23299698531627655,-0.22978778183460236,0.3414231240749359,0.11927412450313568,0.1462126523256302,-0.014215394854545593,0.4884646534919739,-0.2524374723434448,-0.10119447857141495,0.04087350144982338,0.26855188608169556,0.07308165729045868,-0.3407208323478699,-0.1398129165172577,0.36208441853523254,0.6262098550796509,-0.029052507132291794,-0.12829914689064026,-0.19276931881904602,0.14335601031780243,-0.7336506843566895,-0.11734560877084732,0.35564959049224854,0.21005578339099884,0.21545162796974182,-0.17187370359897614,0.09920264780521393,-0.050874851644039154,-0.18560221791267395,0.46668410301208496,-0.07087791711091995,0.00824059545993805,-0.20602381229400635,-0.3701942563056946,-0.03700290247797966,0.17156200110912323,-0.4532526433467865,0.18832482397556305,0.08249140530824661,0.2237611711025238,-0.06039512902498245,-0.15406353771686554,-0.2250957041978836,0.01233179122209549,0.005968314595520496,0.3735121190547943,0.049314066767692566,-0.01389061938971281,-0.16280414164066315,-0.05205276608467102,0.5153367519378662,0.1896815001964569,-0.11026867479085922,-0.25139564275741577,-0.032300252467393875,0.004576484207063913,-0.3754997253417969,-0.01106222067028284,0.30216267704963684,0.045599110424518585,0.3094385862350464,-0.2212340384721756,0.5062214136123657,-0.05035208910703659,0.10992977768182755,-0.17108896374702454,0.11221059411764145,-0.19022005796432495,-0.3300546109676361,-0.3239345848560333,-0.040398918092250824,0.07724010944366455,0.450397253036499,0.15568269789218903,0.05376313254237175,-0.06210968643426895,-0.015264667570590973,-0.18176957964897156,-0.14554232358932495,-0.17656394839286804,0.4266432225704193,-0.020388593897223473,0.1578131914138794,-0.599550187587738,0.09664712846279144,-0.08444337546825409,0.2486666738986969,0.09717502444982529,0.1610794961452484,-0.20154741406440735
CID000130881,284,0.02918851003050804,0.11064650863409042,-0.060244280844926834,0.02227712795138359,0.16903936862945557,0.25342726707458496,0.18962177634239197,0.0511995330452919,-0.20581333339214325,-0.3422299921512604,0.1501174122095108,-0.5252769589424133,0.40848594903945923,-0.3457465171813965,-0.22827081382274628,-0.23675604164600372,-0.019740741699934006,-0.09170646965503693,0.09847631305456161,-0.07211373746395111,0.37187474966049194,-0.03580467402935028,-0.10197138786315918,-0.25545668601989746,0.029243063181638718,-0.18739235401153564,0.39198580384254456,-0.04442837834358215,-0.016485463827848434,0.4074521064758301,-0.10732729732990265,0.18737617135047913,-0.10627385228872299,0.03930317237973213,-0.6637816429138184,0.13428662717342377,-0.0673370361328125,-0.34518519043922424,-0.28117290139198303,-0.003927923273295164,0.197782963514328,0.06971389800310135,-0.3730286657810211,0.24358110129833221,0.5156365633010864,0.2063104808330536,0.14405885338783264,0.08314111828804016,0.1537752002477646,-0.1524769365787506,-0.5313917398452759,0.14696437120437622,-0.3821386992931366,0.005608025472611189,0.18032053112983704,-0.2240525782108307,0.02398841455578804,0.04372020810842514,0.40013575553894043,0.10933323949575424,-0.8184924125671387,0.2308216094970703,-0.5289126038551331,0.009766096249222755,-0.08322655409574509,0.2180263251066208,-0.24027375876903534,0.3833201825618744,0.12460528314113617,0.13662312924861908,-0.10642242431640625,-0.09004928171634674,-0.06990619748830795,0.20417730510234833,0.3601783812046051,0.13478824496269226,0.09551195800304413,0.4075186848640442,0.04182368516921997,-0.2074851244688034,-0.12500977516174316,0.06596717238426208,-0.04193378612399101,-0.018580425530672073,-0.15559299290180206,0.07175236940383911,-0.22775229811668396,0.08474038541316986,0.3383890986442566,-0.060255181044340134,0.0348186269402504,-0.040748484432697296,0.09005175530910492,-0.042292408645153046,-0.36728838086128235,-0.08283499628305435,-0.044524699449539185,0.07993147522211075,0.23461198806762695,-0.33371883630752563,0.15850870311260223,0.08512850105762482,-0.28709104657173157,0.10425976663827896,-0.11998182535171509,0.08785279095172882,-0.48929136991500854,0.18132853507995605,0.11053810268640518,0.20667453110218048,0.27781105041503906,0.26811832189559937,0.11975400149822235,0.12799903750419617,0.11952438205480576,0.07226080447435379,-0.03571031242609024,-0.5643434524536133,0.31490954756736755,0.09455427527427673,-0.11715681850910187,-0.7575641870498657,-0.08601889759302139,-0.09068126231431961,-0.3648415505886078,0.24421611428260803,0.1746232509613037,0.452176570892334,0.22325992584228516,0.057118404656648636,0.02480519935488701,-0.1312853991985321,-0.6072210073471069,-0.3418397009372711,-0.004331094212830067,-0.038736891001462936,0.12512074410915375,-0.31650295853614807,0.0580151304602623,-0.24504180252552032,-0.16024670004844666,-0.05237971618771553,0.15105783939361572,-0.19359563291072845,-0.24411046504974365,-0.05609966441988945,-0.2046777307987213,-0.022333448752760887,0.3137684464454651,0.03847202658653259,0.006010475568473339,0.2833464741706848,-0.11274945735931396,0.1130223274230957,0.2875427007675171,0.015363368205726147,-0.09221605956554413,-0.4277251362800598,0.02982151135802269,0.2201472967863083,-0.09360295534133911,-0.06227768585085869,-0.8240512609481812,-0.08235661685466766,0.5918525457382202,0.16121041774749756,-0.17396390438079834,0.18200668692588806,-0.012734043411910534,-0.035545043647289276,-0.25022098422050476,-0.2984253168106079,0.30486634373664856,-0.1017547994852066,0.027205850929021835,-0.04413118213415146,0.1567734181880951,-0.010361921973526478,-0.4436551630496979,0.10947452485561371,0.3151550889015198,0.2337818592786789,0.13054534792900085,-0.141231507062912,-0.052471376955509186,-0.13387128710746765,-0.1461053192615509,-0.21453717350959778,0.4511926770210266,0.15314629673957825,0.09994421899318695,-0.38613080978393555,-0.014415210112929344,-0.1972188949584961,-0.17262978851795197,0.2513056993484497,-0.030238797888159752,-0.056868456304073334,-0.2722075581550598,0.16129815578460693,0.026668619364500046,-0.18379774689674377,-0.14013034105300903,-0.07483537495136261,0.009862852282822132,0.10535700619220734,-0.10832808166742325,0.03437616303563118,-0.43914204835891724,0.0577838234603405,0.09403060376644135,0.08320841193199158,-0.14016304910182953,0.01007708627730608,0.05110359936952591,-0.18475353717803955,0.5763548016548157,0.033408187329769135,0.0750041976571083,-0.05091891437768936,-0.11797364801168442,-0.028265777975320816,-0.5098564624786377,-0.08228744566440582,0.2072497308254242,-0.2382255345582962,0.3083842694759369,0.06441058218479156,0.9600292444229126,0.012779861688613892,-0.21933288872241974,-0.11738321930170059,-0.09257179498672485,0.042877547442913055,-0.413430780172348,-0.21234647929668427,0.022068511694669724,0.3110327124595642,0.30419522523880005,0.21169069409370422,-0.3210783898830414,-0.03700805827975273,0.09774044156074524,0.0973353236913681,0.11939990520477295,-0.08309350162744522,0.16081757843494415,0.0027152509428560734,0.2810356318950653,-0.8285163044929504,0.016228485852479935,0.5353050231933594,0.21022462844848633,-0.02705594338476658,0.014704945497214794,-0.2251249998807907
CID000003348,285,-0.09631103277206421,0.048677705228328705,-0.08626376837491989,-0.22145895659923553,0.587573230266571,0.3243406414985657,0.06930743157863617,0.022836601361632347,-0.44392266869544983,-0.09542300552129745,-0.117705799639225,-0.32165291905403137,0.05796629190444946,-0.13530907034873962,-0.04694043844938278,0.011330733075737953,-0.026092862710356712,-0.048046790063381195,-0.0983891561627388,-0.1569042205810547,0.19476348161697388,-0.23915410041809082,0.09317457675933838,0.1375046968460083,-0.01111592072993517,0.04845070838928223,-0.03147946670651436,0.05647196248173714,-0.16900542378425598,0.32208067178726196,0.16402390599250793,-0.14173001050949097,-0.0788194090127945,0.015253802761435509,-0.4278923571109772,-0.02874670922756195,-0.13713762164115906,-0.34108656644821167,-0.025528257712721825,-0.10899454355239868,0.2587137520313263,0.0571981780230999,-0.02292110025882721,0.012381832115352154,0.04231760650873184,0.07974956184625626,0.2517518997192383,-0.014481330290436745,0.11230697482824326,-0.03599763661623001,-0.2406848669052124,0.10836835205554962,-0.03380011394619942,-0.2372521460056305,0.1251036375761032,0.11713974177837372,0.1432931125164032,-0.02042919397354126,0.12650273740291595,-0.02877010405063629,-0.7891974449157715,-0.22982032597064972,-0.18752241134643555,0.16806931793689728,0.18577589094638824,0.3005877435207367,-0.31899890303611755,0.10412931442260742,0.14526820182800293,-0.08921633660793304,-0.04440758004784584,-0.27042511105537415,0.020876577123999596,-0.18769307434558868,0.09246329963207245,-0.06548773497343063,-0.10632006078958511,0.04170747846364975,0.16195230185985565,-0.1311478465795517,-0.45145148038864136,-0.060127757489681244,-0.01542661152780056,-0.3294762074947357,-0.017779190093278885,-0.1284419447183609,-0.2805081307888031,-0.11824939399957657,0.26827460527420044,-0.09546667337417603,-0.039871107786893845,-0.11433855444192886,-0.11822192370891571,-0.04882042855024338,-0.4182387888431549,-0.10761392116546631,-0.2726697325706482,0.42089852690696716,0.3281455636024475,-0.2037816345691681,0.307613343000412,0.2733628749847412,0.19398672878742218,0.22801677882671356,-0.1065017357468605,-0.09153692424297333,-0.2718628942966461,0.3447380065917969,-0.026535773649811745,0.300552636384964,-0.06754299253225327,0.039417777210474014,0.42696309089660645,0.06462092697620392,-0.09982897341251373,-0.2572493553161621,-0.15169672667980194,0.01209266297519207,0.11535026878118515,0.057453930377960205,-0.1630559265613556,-0.5058448910713196,0.167031928896904,-0.2429962158203125,-0.5308672189712524,0.10493631660938263,0.0009768560994416475,0.27810606360435486,0.10084853321313858,0.022163424640893936,-0.15137958526611328,0.2549484372138977,-0.5308742523193359,-0.2028113156557083,-0.044430993497371674,-0.13379043340682983,0.062466226518154144,0.05720413848757744,-0.18114931881427765,-0.07303816080093384,-0.21023640036582947,0.2403506487607956,-0.0381731353700161,0.02863464690744877,0.04939408600330353,-0.05459761619567871,0.0993119552731514,-0.02768727019429207,0.1403007060289383,-0.1913340538740158,-0.1473073810338974,-0.037828851491212845,-0.03748278692364693,0.04499884694814682,0.09686186164617538,0.09043364971876144,0.060066837817430496,-0.36854642629623413,0.16852997243404388,-0.0931994691491127,0.26396313309669495,-0.201425239443779,-0.9000228047370911,0.17825159430503845,0.1009400337934494,0.2534821629524231,0.02712290547788143,0.047253359109163284,0.2278977334499359,-0.09181670844554901,0.14112527668476105,-0.04520111158490181,0.4830375611782074,-0.32463258504867554,0.1668241322040558,0.017292072996497154,0.26223525404930115,-0.01918865740299225,-0.2909504771232605,0.060100190341472626,0.16816270351409912,0.2804376780986786,-0.11555521190166473,0.12294977903366089,-0.0908769741654396,-0.010300802998244762,-0.0783793181180954,-0.13438951969146729,0.49004703760147095,-0.14745166897773743,-0.028954774141311646,-0.1304059475660324,0.23829925060272217,-0.29239553213119507,-0.2001882791519165,0.3940928876399994,0.09284625202417374,-0.12844130396842957,-0.31509822607040405,0.20322652161121368,0.01689903996884823,0.16807708144187927,-0.21474429965019226,0.21668238937854767,-0.06586632132530212,0.3264691233634949,-0.0023960948456078768,-0.12379477173089981,-0.05421147495508194,-0.1883356273174286,0.13848116993904114,0.15958604216575623,-0.03199844807386398,0.02401738427579403,0.4652036726474762,-0.03941813111305237,0.3924376368522644,0.06388816982507706,-0.1500544399023056,-0.2557874321937561,0.034773536026477814,0.054998356848955154,-0.4381449222564697,-0.12741929292678833,0.2408519685268402,0.11348021030426025,0.3342363238334656,-0.3609427213668823,0.571001410484314,0.15472909808158875,0.17285504937171936,-0.2937115728855133,-0.0472860112786293,0.077052041888237,-0.3282650411128998,-0.3568173944950104,-0.05200430005788803,0.22703306376934052,0.13727936148643494,0.02454211935400963,0.030703360214829445,-0.11178497225046158,0.1664225459098816,-0.12607023119926453,0.07698895037174225,-0.32996469736099243,0.2670323848724365,-0.0693911463022232,0.13439592719078064,-0.5319064855575562,0.13863123953342438,0.0012409389019012451,0.1301511824131012,0.06546294689178467,-0.045850444585084915,-0.12550204992294312
CID000001775,286,0.03644969314336777,-0.17968033254146576,-0.004920965526252985,-0.01061904989182949,0.2794826328754425,0.21196937561035156,-0.03760681673884392,0.030417153611779213,-0.19966860115528107,-0.14486773312091827,0.07236446440219879,-0.3205682337284088,-0.143621027469635,-0.20319995284080505,0.0950189083814621,-0.0018333435291424394,-0.03306526690721512,-0.1231057420372963,-0.23609387874603271,-0.09110573679208755,0.020601045340299606,-0.04809512570500374,0.03535023331642151,0.1611807644367218,-0.14302398264408112,-0.05156983807682991,0.07914147526025772,-0.0029336470179259777,-0.006656488869339228,0.3637683093547821,-0.07754336297512054,-0.3061273694038391,0.03366092965006828,0.018328016623854637,-0.5961287021636963,-0.12545476853847504,-0.46349596977233887,-0.2067336142063141,-0.17600537836551666,0.028795842081308365,-0.05775251239538193,0.12889201939105988,-0.1456514298915863,-0.11945152282714844,0.321066677570343,-0.13669221103191376,0.050478506833314896,0.28769123554229736,-0.14635641872882843,0.143870547413826,-0.42955175042152405,0.16281183063983917,0.1266992837190628,0.03922601416707039,0.034629371017217636,0.0018017261754721403,-0.12319280207157135,0.09082674980163574,0.21828916668891907,-0.10370407998561859,-0.9551517367362976,-0.025616366416215897,-0.22719863057136536,0.23134472966194153,0.1320069581270218,0.07752133905887604,-0.07734282314777374,0.057086098939180374,-0.1673985719680786,0.03593600541353226,-0.24467682838439941,0.14989736676216125,-0.1444760113954544,-0.11265420913696289,0.5242741703987122,-0.21793337166309357,-0.06576647609472275,0.034505680203437805,0.09287119656801224,0.009213989600539207,-0.10776820033788681,-0.19833746552467346,-0.13626909255981445,-0.031718771904706955,-0.18411454558372498,0.05357425659894943,-0.20876415073871613,-0.07426343858242035,0.33518511056900024,-0.15362805128097534,0.02875911071896553,-0.052913784980773926,-0.036262862384319305,0.08366385847330093,-0.5759776830673218,-0.03217577934265137,-0.1878586858510971,0.26652079820632935,0.07117976248264313,-0.29402217268943787,0.2391592264175415,0.21791067719459534,-0.11733345687389374,-0.0985557809472084,-0.14609651267528534,-0.05260070413351059,-0.7050525546073914,0.25225916504859924,-0.022588616237044334,0.19522781670093536,0.03292868658900261,-0.014737164601683617,0.1278969794511795,-0.036731041967868805,0.08196036517620087,0.26981407403945923,-0.2676382064819336,-0.2683689296245575,0.0545550175011158,0.07932727038860321,-0.03747262805700302,-0.7402080297470093,-0.014582604169845581,-0.27849674224853516,-0.3543257415294647,-0.010817468166351318,-0.17082959413528442,0.3064209520816803,-0.036523256450891495,-0.07864516973495483,-0.04417905956506729,-0.12620076537132263,-0.41833218932151794,-0.24296215176582336,-0.12050733715295792,-0.26299911737442017,0.20701365172863007,-0.2589048147201538,0.017784615978598595,-0.042283643037080765,0.11242815107107162,0.11596553027629852,-0.2102036029100418,-0.019994881004095078,-0.0190292801707983,-0.17573373019695282,0.31056398153305054,0.03798852115869522,0.0722828283905983,0.006723892875015736,-0.07385177165269852,-0.14950135350227356,0.03711477667093277,-0.0008838892099447548,0.10337631404399872,-0.0758691355586052,-0.22421781718730927,-0.4123810827732086,0.030925799161195755,0.14077642560005188,0.04810342565178871,-0.11436567455530167,-0.9592272639274597,0.20667898654937744,0.024728652089834213,0.14616575837135315,-0.19479331374168396,-0.10570035129785538,0.11990268528461456,-0.09086588770151138,-0.07362068444490433,-0.25348010659217834,0.2317885160446167,0.028880411759018898,0.09502749145030975,0.11059622466564178,-0.05424514412879944,0.04242498427629471,-0.47266483306884766,-0.08257266879081726,0.14031383395195007,0.22858360409736633,-0.010105111636221409,-0.017504561692476273,-0.011155074462294579,-0.07567320019006729,-0.24423503875732422,-0.0014500677352771163,0.580845057964325,-0.08117008209228516,0.10244159400463104,-0.17802290618419647,0.09807177633047104,-0.013861139304935932,-0.13166020810604095,0.5339301824569702,-0.08630885928869247,-0.07114259898662567,-0.24121637642383575,-0.1506216675043106,-0.1678730547428131,-0.024641400203108788,-0.09953006356954575,0.05807067081332207,-0.013137400150299072,0.2028888463973999,0.03617357835173607,0.03198421746492386,-0.13632060587406158,-0.1040324792265892,0.1603122353553772,0.04845726862549782,-0.03190475329756737,-0.08766405284404755,-0.0767074003815651,0.0035048723220825195,0.4620000720024109,0.09108838438987732,-0.13001403212547302,-0.2563711702823639,0.04009098559617996,-0.12019604444503784,-0.4298306107521057,0.08102601766586304,0.30786168575286865,-0.27994710206985474,0.09859678894281387,-0.05431733652949333,0.701464056968689,0.04806455224752426,-0.1022781953215599,-0.08459658920764923,-0.1711358278989792,0.07499580085277557,-0.6970489025115967,-0.23353078961372375,0.05322154611349106,0.06400113552808762,0.13861878216266632,-0.1450718492269516,-0.5215588808059692,-0.028212040662765503,0.06819042563438416,0.3559696674346924,0.18608364462852478,-0.33205699920654297,0.1481262743473053,-0.06829577684402466,0.07998712360858917,-0.7743332386016846,0.0726318210363388,-0.03576488047838211,0.19309788942337036,0.037937093526124954,0.12051691859960556,0.06571142375469208
CID000003410,287,-0.04580248147249222,0.21884965896606445,0.2668318450450897,-0.06845654547214508,0.768875241279602,0.38943377137184143,0.4375617504119873,-0.04834797978401184,-0.3507784307003021,-0.0838155597448349,0.030921941623091698,-0.3685623109340668,0.2550489008426666,-0.15673351287841797,-0.26056167483329773,0.15875734388828278,-0.015350419096648693,0.017678815871477127,-0.06235145404934883,0.004455435089766979,0.1575312316417694,0.23427562415599823,-0.03504884988069534,0.047459863126277924,0.05861766263842583,0.013967178761959076,-0.13171051442623138,0.060653846710920334,-0.09506697207689285,0.26957961916923523,-0.2276095151901245,-0.0545477457344532,-0.06862159073352814,-0.035032372921705246,-0.39554721117019653,-0.0633242055773735,-0.3817847669124603,-0.507607102394104,0.06218763440847397,-0.18753784894943237,0.13087019324302673,-0.1321437805891037,-0.17775025963783264,-0.06055328994989395,0.21669182181358337,0.09849262237548828,-0.09220319986343384,0.16447508335113525,0.051446277648210526,-0.08329370617866516,-0.44734805822372437,0.044429365545511246,-0.24880866706371307,-0.3934671878814697,-0.14027373492717743,0.0760897621512413,0.029850464314222336,-0.09895522892475128,0.26960310339927673,0.011395731009542942,-0.8153530955314636,-0.13677255809307098,-0.1385132372379303,0.33182185888290405,-0.2434072047472,0.22653165459632874,-0.29042747616767883,0.07342136651277542,0.19694846868515015,0.19942574203014374,-0.2829887568950653,0.05017406865954399,0.12432388216257095,-0.2148149013519287,0.16101284325122833,0.032296039164066315,-0.07498185336589813,0.15093402564525604,0.007112158928066492,-0.3822878897190094,-0.12993177771568298,0.11458776146173477,-0.17532497644424438,-0.006419080309569836,0.019136184826493263,0.05320432037115097,-0.0013997495407238603,0.08606911450624466,0.6024882197380066,-0.022624224424362183,-0.117212675511837,-0.06736887991428375,0.03630372881889343,0.07944097369909286,-0.3900582194328308,0.04297333210706711,-0.2749502658843994,0.5043373703956604,0.10797248035669327,0.013959044590592384,0.5206146836280823,-0.006104073021560907,0.20444436371326447,0.3303881585597992,-0.14520396292209625,0.1501189023256302,-0.23634035885334015,0.27789780497550964,-0.19143536686897278,0.13616350293159485,-0.005303239915519953,-0.013897677883505821,0.31033459305763245,-0.11689679324626923,0.24321648478507996,-0.3221047520637512,0.16630390286445618,-0.13866350054740906,0.1578563153743744,-0.137044757604599,0.029528528451919556,-0.7367613315582275,0.1561981439590454,-0.2853808104991913,-0.5151692628860474,0.08674045652151108,-0.11406127363443375,0.23315751552581787,0.2567508816719055,-0.03981608897447586,0.23766937851905823,-0.061068229377269745,-0.34768059849739075,-0.27379080653190613,0.28934237360954285,0.07664456218481064,0.1350361406803131,-0.1754048615694046,0.09697897732257843,-0.014897475019097328,-0.006022208835929632,0.14594228565692902,0.19092151522636414,0.05554967373609543,0.06884284317493439,-0.06422141194343567,0.08405984938144684,-0.01352043729275465,-0.10986648499965668,0.22691325843334198,-0.16756674647331238,0.037812523543834686,0.070101298391819,-0.014606690034270287,-0.0875367820262909,0.0028687536250799894,0.09142108261585236,-0.26159411668777466,0.008135037496685982,0.2135782241821289,0.29435932636260986,0.08204773813486099,-0.8604961633682251,-0.043559323996305466,0.11491074413061142,0.3091897964477539,-0.20611581206321716,-0.0624331459403038,0.337851345539093,0.2655709683895111,-0.10687575489282608,-0.229252889752388,0.5129737854003906,-0.22006666660308838,-0.05236685276031494,0.11240798234939575,0.17499835789203644,-0.05291493609547615,-0.31557151675224304,0.09183666110038757,0.3480845093727112,0.07140940427780151,-0.01503064762800932,0.12099975347518921,0.006701850797981024,-0.04767460376024246,-0.22988417744636536,0.12175524234771729,0.5476395487785339,-0.09061309695243835,-0.040136128664016724,-0.05523562431335449,-0.056364499032497406,-0.18833398818969727,-0.0882226899266243,0.6539491415023804,0.05584108829498291,0.07172738015651703,-0.1592722088098526,0.009775495156645775,-0.11148639023303986,0.18713977932929993,-0.2966840863227844,0.06056676432490349,-0.05580391362309456,0.3567575514316559,0.16999424993991852,-0.18372556567192078,-0.09647023677825928,0.2176409214735031,-0.02501160465180874,0.07332765311002731,-0.08611845225095749,0.009020542725920677,0.4362095296382904,-0.3290516436100006,0.45649299025535583,0.09072983264923096,-0.015427708625793457,-0.3369380831718445,-0.08581266552209854,0.034626126289367676,-0.4556023180484772,0.058744072914123535,0.32113710045814514,0.13169576227664948,-0.006269806530326605,-0.3148878514766693,0.6181083917617798,-0.007309257984161377,0.1816082000732422,0.038835298269987106,0.0216263085603714,-0.0348631851375103,-0.4776519238948822,-0.20253828167915344,-0.30076009035110474,0.005210912320762873,0.06299035251140594,0.01872875727713108,-0.033638909459114075,0.09256857633590698,0.04143095016479492,-0.40351057052612305,-0.2656548023223877,-0.4878273904323578,0.24696624279022217,0.0919199138879776,0.06241738051176071,-0.6952463984489441,0.22608692944049835,0.1910059154033661,0.33435142040252686,0.04757389426231384,-0.06595350801944733,0.07446359843015671
CID000004159,288,-0.09820477664470673,0.0010683361906558275,0.050588954240083694,-0.16721417009830475,0.20871922373771667,0.46114110946655273,0.2262469083070755,0.023290419951081276,-0.4751572012901306,-0.20161107182502747,0.04030253365635872,-0.49349918961524963,0.2322341948747635,-0.3647376000881195,0.1354156881570816,0.1347382366657257,0.1105499267578125,0.2952260375022888,-0.4414251446723938,-0.27640995383262634,-0.10876766592264175,-0.2885381281375885,0.07847703993320465,0.16152165830135345,0.11463183164596558,-0.04157809540629387,-0.013256670907139778,-0.015675682574510574,-0.006901507265865803,0.513411819934845,0.2375524938106537,-0.16408592462539673,-0.2690712809562683,0.0022336833644658327,-0.23836958408355713,-0.0508432611823082,-0.0980391651391983,-0.38551944494247437,-0.040850065648555756,0.11590136587619781,0.17484194040298462,0.1656470149755478,-0.05500364303588867,0.024906372651457787,0.2999034523963928,-0.07874564081430435,-0.025038788095116615,-0.1906002014875412,-0.2626345753669739,-0.059262145310640335,-0.21464762091636658,0.1883421242237091,-0.3484758734703064,-0.3139583468437195,-0.010992239229381084,-0.14148060977458954,0.0057678548619151115,0.10623892396688461,0.35283035039901733,0.060993243008852005,-0.8275845646858215,0.062106333673000336,-0.14206373691558838,0.37001824378967285,0.0868912935256958,-0.05230157449841499,-0.06762166321277618,-0.00927446223795414,0.06958833336830139,-0.2262192666530609,-0.4195379614830017,0.30307167768478394,-0.09182519465684891,-0.11046737432479858,0.23949548602104187,0.1925545185804367,-0.07658997923135757,0.3943602442741394,0.1541672646999359,0.0758148580789566,-0.1625443994998932,-0.009319255128502846,-0.18266446888446808,-0.01370974164456129,-0.07625339925289154,0.0526290163397789,-0.4606285095214844,-0.022936750203371048,0.3078621029853821,-0.03268992900848389,0.04152245447039604,-0.1593274176120758,0.038893334567546844,-0.0790739431977272,-0.3097427189350128,-0.13918361067771912,-0.17283758521080017,0.32111746072769165,0.08489540219306946,-0.2903063893318176,0.0812549740076065,-0.0029597445391118526,-0.15788964927196503,0.13290710747241974,-0.19864818453788757,0.09519894421100616,-0.25900280475616455,0.2719570994377136,-0.08445904403924942,0.07310415804386139,0.28648823499679565,0.17165105044841766,0.1079249158501625,0.025987524539232254,-0.03411155194044113,0.01038389652967453,-0.31066522002220154,-0.15126067399978638,0.4497620165348053,-0.4431445002555847,-0.40593767166137695,-0.5789717435836792,-0.24878577888011932,0.06251531094312668,-0.2239973098039627,0.2511865198612213,0.023396648466587067,0.3838529586791992,0.3727877140045166,0.03371540084481239,-0.09289342164993286,-0.03043266572058201,-0.581214189529419,-0.3575703203678131,0.31217432022094727,-0.07717088609933853,0.1199970617890358,-0.1408599615097046,-0.03477554768323898,-0.26189976930618286,0.10029424726963043,0.14795689284801483,0.02073395624756813,0.039720095694065094,0.007570209912955761,0.197121262550354,0.3715905249118805,-0.10054584592580795,-0.10860057175159454,-0.16325847804546356,-0.0072893546894192696,-0.24590733647346497,-0.1873917281627655,0.07598459720611572,0.13301101326942444,0.11035673320293427,0.022182706743478775,-0.44627171754837036,0.24699930846691132,-0.14359691739082336,0.34676653146743774,-0.09575910121202469,-0.7923017740249634,-0.18054898083209991,0.34275445342063904,0.3245178163051605,0.04922983795404434,0.12736250460147858,0.19873806834220886,-0.13339129090309143,-0.07684570550918579,0.06939458847045898,0.4473094940185547,0.1857072412967682,0.04032261297106743,-0.35508209466934204,-0.06592948734760284,0.24532142281532288,-0.4445773959159851,-0.0832996517419815,0.2153906375169754,0.380001962184906,-0.028568942099809647,-0.22548440098762512,0.11230723559856415,0.18183957040309906,-0.15045283734798431,-0.09567705541849136,0.40964475274086,0.08123543113470078,0.19079065322875977,-0.06288560479879379,-0.1260334700345993,-0.02422958053648472,-0.2982944846153259,0.4826575219631195,-0.09295608848333359,-0.12575094401836395,-0.13035482168197632,-0.2705686688423157,-0.10503187030553818,0.0796266570687294,-0.2833924889564514,0.20209825038909912,0.08847955614328384,0.32308679819107056,0.10666384547948837,-0.2488478124141693,-0.22963972389698029,0.08596784621477127,-0.13087007403373718,0.025505859404802322,0.06588530540466309,-0.22060558199882507,-0.030661875382065773,-0.05140576884150505,0.5175799131393433,0.058475978672504425,-0.012930294498801231,-0.17570586502552032,-0.023294635117053986,-0.06767633557319641,-0.5900050401687622,0.1099671870470047,0.21915075182914734,-0.20728306472301483,0.216048002243042,-0.2584189772605896,0.7289360761642456,-0.05074749514460564,-0.2965564727783203,-0.14088797569274902,-0.02953309379518032,0.1114731878042221,-0.34792560338974,-0.3612745702266693,-0.10704313218593597,0.37920188903808594,0.49561890959739685,0.07303325831890106,-0.1392463743686676,0.017471466213464737,0.10145622491836548,0.09033968299627304,0.29701775312423706,-0.23821333050727844,0.019648181274533272,0.37576454877853394,0.30826491117477417,-0.5757079720497131,-0.1067524179816246,0.35760733485221863,0.049706555902957916,-0.20458996295928955,0.007812892086803913,0.04835306480526924
CID000004819,291,-0.08954271674156189,-0.15858754515647888,-0.13957874476909637,-0.16110427677631378,0.4400899410247803,0.2322823703289032,-0.08602748066186905,0.11986478418111801,-0.2522434592247009,-0.18660736083984375,0.10143158584833145,-0.41081899404525757,-0.08673863112926483,-0.12361542880535126,0.24002747237682343,-0.035743437707424164,0.006553976330906153,0.06916682422161102,-0.059514306485652924,-0.05028912425041199,0.08036275207996368,0.0749395564198494,0.0759832113981247,0.07573666423559189,0.004206118173897266,-0.035975806415081024,-0.11495184898376465,0.033505555242300034,-0.06693939119577408,0.28928282856941223,0.061018843203783035,-0.40652933716773987,-0.051575519144535065,0.0022791519295424223,-0.5153952836990356,0.010433891788125038,-0.18894700706005096,-0.2586250603199005,-0.06759729236364365,-0.0999125987291336,0.06524435430765152,-0.04218681529164314,-0.10317114740610123,-0.09996114671230316,0.16932670772075653,0.007927793078124523,0.059662044048309326,0.19335196912288666,-0.147722989320755,-0.10849283635616302,-0.024025321006774902,0.08181574195623398,0.07258998602628708,-0.1450524479150772,0.11593888700008392,-0.09291771799325943,-0.15863703191280365,-0.017940068617463112,0.20456428825855255,-0.046899862587451935,-0.9416020512580872,-0.1072211042046547,-0.24342533946037292,0.20729967951774597,0.13356921076774597,0.11111743748188019,-0.09658932685852051,0.08002106845378876,-0.05980634689331055,0.10893476009368896,-0.09757053852081299,0.16972069442272186,0.016564780846238136,-0.18948131799697876,0.06391079723834991,-0.08044274896383286,-0.1601959615945816,-0.041291527450084686,0.24496862292289734,-0.13940319418907166,-0.2041432410478592,-0.06116211414337158,-0.11523739993572235,-0.016662240028381348,-0.10275524854660034,-0.1928543746471405,-0.1936606913805008,-0.13978257775306702,0.26841220259666443,-0.15884606540203094,0.029194286093115807,-0.03022822178900242,0.021134493872523308,0.014554706402122974,-0.42767858505249023,-0.006032269448041916,-0.07327470928430557,0.23863057792186737,0.13853523135185242,-0.2355276644229889,0.15915776789188385,0.19838038086891174,-0.2967352867126465,0.0015500247245654464,-0.1641465723514557,0.0773717612028122,-0.5720070004463196,0.28409236669540405,0.07097119092941284,0.05549740791320801,0.18146641552448273,0.172380730509758,0.11931242048740387,0.0709221214056015,0.030846858397126198,0.19161102175712585,-0.08304154127836227,-0.10805945098400116,0.14414742588996887,0.11673058569431305,-0.2503739595413208,-0.5589011907577515,0.14198222756385803,-0.06159375235438347,-0.38562026619911194,0.1043476015329361,-0.06719021499156952,0.3790426254272461,0.0878191739320755,-0.09776022285223007,-0.26144787669181824,0.06857462227344513,-0.4527962803840637,-0.27402549982070923,-0.16318024694919586,-0.21863627433776855,0.08033372461795807,-0.08639255911111832,-0.03994198516011238,-0.048282869160175323,0.048692844808101654,0.09558043628931046,-0.3963153064250946,0.0003151744604110718,0.05397414416074753,-0.10205403715372086,0.1406206339597702,-0.053416453301906586,0.14949433505535126,0.1435299813747406,-0.026061495766043663,-0.05059407278895378,-0.02165405824780464,0.08228657394647598,0.01612534560263157,-0.13439258933067322,-0.10566365718841553,-0.2716546058654785,0.09763642400503159,0.04052391275763512,0.05550893023610115,-0.007779729552567005,-0.8893348574638367,0.06615513563156128,0.21826091408729553,0.238449364900589,-0.1535106748342514,-0.0855783075094223,0.07374848425388336,0.039263688027858734,-0.11811619997024536,-0.2168741673231125,0.2544529139995575,-0.06985557079315186,0.01009863056242466,0.1355827897787094,-0.057116974145174026,0.1934179961681366,-0.5265200734138489,-0.19518831372261047,0.221617192029953,0.21511021256446838,0.07739358395338058,-0.024272168055176735,-0.09887512773275375,0.006053687538951635,-0.11106500774621964,0.06601274013519287,0.44185957312583923,-0.1800958812236786,0.3112477660179138,-0.14691971242427826,-0.05402066558599472,-0.08458007127046585,-0.05217736214399338,0.3322347104549408,-0.02861068770289421,-0.02770613506436348,-0.11825364828109741,-0.22265759110450745,-0.053454261273145676,0.02527019940316677,-0.07029395550489426,0.1640288084745407,-0.12324275821447372,0.18469341099262238,0.002767004771158099,-0.057314373552799225,-0.026644179597496986,-0.0570797435939312,0.08325737714767456,0.005148100666701794,0.03649744763970375,0.10629358142614365,0.13050389289855957,0.15341965854167938,0.28678813576698303,-0.08218572288751602,-0.0578036792576313,-0.31825852394104004,-0.0081935478374362,-0.13792696595191956,-0.43825656175613403,0.07479631900787354,0.12320365011692047,-0.16432012617588043,0.17731642723083496,-0.21431401371955872,0.6983402967453003,0.06923128664493561,-0.21065834164619446,-0.07484372705221176,-0.19114065170288086,-0.0619097463786602,-0.6713265776634216,-0.20855803787708282,0.047294992953538895,0.1468816101551056,0.27854907512664795,-0.04581934213638306,-0.1675306260585785,-0.0639052540063858,0.03036569617688656,0.20758509635925293,0.05695690959692001,-0.1307862550020218,0.12347213923931122,-0.08560770750045776,0.025318991392850876,-0.5558003783226013,0.08190028369426727,0.07183974236249924,0.16109244525432587,-0.1093183383345604,0.0897836834192276,-0.0009498894214630127
CID000000271,292,-0.07907263189554214,-0.02090696431696415,0.022763049229979515,0.02651689387857914,0.5727367401123047,0.29372265934944153,0.07377094030380249,0.37503424286842346,-0.5677236318588257,-0.526608943939209,-0.026333684101700783,-0.4263310432434082,0.20415720343589783,-0.3629586398601532,-0.14635266363620758,0.038467634469270706,-0.15595337748527527,-0.32115766406059265,-0.09397710114717484,0.05196771025657654,-0.3039174973964691,-0.1721445918083191,-0.17519617080688477,0.07731493562459946,0.1333865225315094,-0.13588252663612366,-0.09538186341524124,0.04684609919786453,-0.1631922423839569,0.6651403307914734,0.11099334806203842,-0.18855814635753632,0.0039557660929858685,-0.20279757678508759,-0.13419391214847565,-0.043634261935949326,-0.4248031675815582,-0.465768963098526,-0.22709378600120544,-0.01131964661180973,0.4626046121120453,0.192628413438797,-0.2251780927181244,0.015368285588920116,0.4928070604801178,-0.0024218678008764982,-0.04587680101394653,-0.06551382690668106,0.1082974225282669,-0.02981601655483246,0.024818498641252518,0.3706852197647095,-0.04998273402452469,-0.23425428569316864,0.07986743748188019,0.12912708520889282,-0.029771339148283005,-0.1533333957195282,0.18894924223423004,0.14695556461811066,-0.5819341540336609,-0.16094036400318146,-0.35573524236679077,0.2030918151140213,-0.011791768483817577,0.13241754472255707,-0.2931477427482605,-0.11209466308355331,-0.013617117889225483,-0.14283975958824158,-0.2596847712993622,0.21138831973075867,0.09487523138523102,-0.29356783628463745,0.08700568974018097,0.12359044700860977,0.04419456422328949,0.419547975063324,0.3473024368286133,-0.3866344094276428,-0.3768773674964905,0.23742787539958954,-0.3630249798297882,-0.333960622549057,-0.033030759543180466,0.10970878601074219,-0.2802879214286804,0.19991949200630188,0.2534593939781189,0.15853753685951233,-0.03912968561053276,-0.4089736044406891,-0.23876330256462097,-0.024966992437839508,-0.3064725399017334,0.02814910188317299,-0.158253014087677,0.24649181962013245,0.30083245038986206,-0.2995546758174896,0.0862034410238266,0.137529656291008,-0.16852617263793945,0.3367854356765747,-0.5758160948753357,0.038593653589487076,-0.38089120388031006,0.4216333031654358,0.02080605924129486,0.49602562189102173,0.232159823179245,-0.14688673615455627,0.12387806177139282,-0.12672647833824158,-0.05077714845538139,-0.02786596491932869,-0.10046330839395523,-0.29303881525993347,0.43196606636047363,0.00995219312608242,-0.1846359223127365,-0.4194997251033783,-0.011332368478178978,-0.44316941499710083,-0.6243511438369751,0.19509091973304749,0.11704090982675552,0.3540928363800049,0.2433978021144867,-0.09904047101736069,-0.10299821943044662,-0.11382903903722763,-0.4141504168510437,-0.2889110743999481,0.13857197761535645,-0.38556456565856934,0.15446823835372925,-0.3330225944519043,0.11860091984272003,-0.30596187710762024,-0.2178012877702713,0.3983987271785736,0.3036542534828186,-0.060666151344776154,-0.08940784633159637,-0.35950636863708496,0.20791450142860413,0.16550494730472565,-0.26487821340560913,-0.15575067698955536,-0.11202357709407806,-0.11999903619289398,-0.29488056898117065,0.20752175152301788,-0.0720505490899086,0.01939784176647663,-0.14201992750167847,-0.407064825296402,0.1767255663871765,0.1310335397720337,0.06830332428216934,-0.057723842561244965,-0.5816136598587036,0.08351629227399826,0.19422893226146698,0.4555056691169739,-0.19468237459659576,0.21415133774280548,0.3119991719722748,-0.22313423454761505,-0.19056503474712372,-0.36649319529533386,0.5076390504837036,-0.041041187942028046,-0.06584637612104416,-0.03595161810517311,0.12514637410640717,0.07661189138889313,-0.40766558051109314,-0.2100728452205658,0.08096041530370712,0.2843269109725952,0.1373915821313858,0.026707276701927185,0.053609978407621384,0.02316972054541111,-0.3383778929710388,-0.26160386204719543,-0.03822103887796402,-0.1572607159614563,0.2248688042163849,-0.40150290727615356,0.026468317955732346,-0.25944918394088745,-0.46263450384140015,0.5273398160934448,0.016132542863488197,-0.14984281361103058,-0.26947712898254395,-0.12805010378360748,0.014881853945553303,0.17702025175094604,-0.6075083017349243,0.026928585022687912,-0.060063254088163376,0.3370259702205658,-0.34858107566833496,-0.23727092146873474,-0.3695348799228668,0.2046692669391632,-0.20805546641349792,0.26357561349868774,-0.01739424839615822,-0.07331244647502899,0.3242937922477722,-0.24792245030403137,0.44983476400375366,0.05766340345144272,-0.05815058946609497,-0.2281322479248047,0.359201043844223,-0.02548832632601261,-0.4562131464481354,-0.09585525095462799,0.2523728609085083,0.06268005073070526,0.4272778034210205,-0.2210836112499237,0.6370287537574768,0.23630276322364807,-0.16755928099155426,-0.08818411827087402,-0.389117032289505,-0.005995029117912054,-0.3133193850517273,-0.416948139667511,0.05224200338125229,0.19832247495651245,0.30232566595077515,-0.08002990484237671,-0.25296467542648315,-0.024620356038212776,0.06856869161128998,-0.05877838656306267,-0.017343789339065552,-0.24840354919433594,0.24783504009246826,-0.11112339794635773,0.27146220207214355,-0.4698858857154846,-0.021216221153736115,-0.1199260950088501,0.030941998586058617,-0.1309022158384323,-0.023441646248102188,-0.27352896332740784
CID005353980,295,-0.10670240223407745,-0.011154741048812866,-0.002660995814949274,-0.08664768934249878,0.22734227776527405,0.29773610830307007,0.06840856373310089,-0.08462323993444443,-0.3428921699523926,-0.10436179488897324,-0.013976526446640491,-0.3254687488079071,0.0229831300675869,-0.14046362042427063,-0.07451455295085907,-0.003386902855709195,-0.17155691981315613,0.1974349319934845,0.1406877338886261,0.08345340192317963,-0.19354620575904846,0.138204425573349,0.11496615409851074,0.016742238774895668,-0.2429935485124588,0.030971070751547813,0.0569612979888916,0.015584135428071022,0.058260537683963776,0.12949486076831818,-0.10781273990869522,-0.2678401470184326,-0.16471579670906067,-0.046299926936626434,-0.4734443128108978,0.0050605712458491325,-0.4818965494632721,-0.17195230722427368,-0.10012765228748322,-0.067864790558815,0.05800720304250717,0.05234800651669502,-0.2944299578666687,-0.2366684228181839,0.19455298781394958,-0.14958558976650238,-0.11946116387844086,0.1482994556427002,-0.27017679810523987,-0.06630741059780121,-0.41851186752319336,0.002831018064171076,0.0211409330368042,-0.028534650802612305,0.04035244509577751,0.0030593168921768665,-0.05174003913998604,-0.0790240690112114,0.22614988684654236,-0.02642996609210968,-1.0238131284713745,-0.05815355107188225,-0.18117597699165344,0.3920539617538452,0.020824871957302094,0.05601919814944267,-0.06171374395489693,0.3466408848762512,-0.04330826923251152,0.11069133132696152,-0.31852513551712036,0.19323217868804932,-0.08002348244190216,-0.20656588673591614,0.14183199405670166,-0.11799389123916626,0.028450075536966324,0.0793125182390213,0.17343227565288544,-0.00908763986080885,-0.18173739314079285,-0.04056474566459656,-0.2118743360042572,0.003123325062915683,-0.20417514443397522,-0.05979592725634575,-0.18028995394706726,-0.2084617167711258,0.3388367295265198,-0.29917070269584656,0.11855195462703705,-0.07465275377035141,-0.05090230703353882,-0.0021096437703818083,-0.5712553262710571,-0.0015471145743504167,-0.24818913638591766,0.360600084066391,0.028165817260742188,-0.31050819158554077,0.30914387106895447,0.27051305770874023,-0.1391390860080719,-0.1327126920223236,-0.08608320355415344,0.0895456075668335,-0.3770454525947571,0.2102368175983429,-0.02438526228070259,0.14832951128482819,0.06821408122777939,-0.290592759847641,0.3323478102684021,-0.0735970288515091,-0.012651920318603516,0.20545487105846405,-0.0819358304142952,-0.09990192949771881,0.08205001056194305,0.09177535772323608,0.02856312319636345,-0.7361469268798828,-0.15515489876270294,-0.10945264995098114,-0.3609921634197235,0.08922038972377777,-0.1124953031539917,0.33610406517982483,0.14349929988384247,0.06397560238838196,0.032763976603746414,0.05781979486346245,-0.5565295219421387,-0.3555232882499695,0.1575947105884552,-0.07854564487934113,0.08352269977331161,-0.16156040132045746,-0.02097213827073574,0.12829990684986115,-2.086162567138672e-05,0.10618937015533447,-0.03582487627863884,-0.1150604709982872,-0.0800136923789978,-0.1057363897562027,-0.09466306865215302,0.035027533769607544,-0.23556101322174072,0.13046100735664368,0.018758824095129967,0.0439525805413723,0.25004690885543823,0.06259344518184662,0.06103842332959175,-0.017561664804816246,-0.19013777375221252,-0.24326400458812714,0.07461942732334137,-0.1438547670841217,0.29904094338417053,-0.04605596885085106,-0.9948068857192993,0.04550470784306526,0.07798535376787186,0.21880042552947998,-0.11029622703790665,-0.14761769771575928,0.23994672298431396,0.13025233149528503,-0.2215900868177414,-0.1971651017665863,0.20925581455230713,0.03573756664991379,-0.25611692667007446,0.02925075963139534,0.003954887390136719,0.17936724424362183,-0.47058337926864624,0.03696293383836746,0.22555561363697052,0.30171331763267517,0.006805754266679287,-0.013861912302672863,0.041684590280056,-0.0030207247473299503,-0.2805197536945343,0.051311999559402466,0.5990392565727234,-0.1788313388824463,0.08510468155145645,0.04122621566057205,-0.05282236263155937,-0.10969416797161102,-0.14426946640014648,0.25075751543045044,0.07705582678318024,-0.008922492153942585,0.012870955280959606,0.0033406256698071957,-0.07092670351266861,-0.1571357548236847,-0.20823068916797638,0.11426403373479843,-0.15235282480716705,0.10297040641307831,-0.07231302559375763,0.055367112159729004,-0.043044913560152054,0.052338264882564545,-0.01238461397588253,0.012541288509964943,0.018279895186424255,-0.03563745692372322,0.06185309961438179,0.1248473972082138,0.42167291045188904,-0.19765529036521912,0.01637296937406063,-0.23406079411506653,-0.03857146576046944,-0.0614456906914711,-0.5178683996200562,0.12662939727306366,0.36865997314453125,-0.12077419459819794,-0.07467450201511383,-0.18344227969646454,0.6683641672134399,-0.0034880973398685455,-0.14040985703468323,-0.11162040382623672,-0.012098485603928566,-0.020595300942659378,-0.546309232711792,-0.08053763210773468,-0.06648782640695572,0.14544570446014404,0.19665023684501648,-0.40131473541259766,-0.1728443056344986,0.11655522882938385,0.04169399291276932,0.1586892306804657,0.10534840822219849,-0.24931497871875763,0.06832507252693176,-0.11034116894006729,-0.12098230421543121,-0.7664077281951904,-0.051716744899749756,0.2182469666004181,0.33888721466064453,-0.06679676473140717,0.03326006606221199,0.03125251457095146
CID000003255,296,0.08706242591142654,0.08329887688159943,-0.04473193734884262,-0.14351986348628998,0.35561418533325195,0.48475104570388794,-0.031825512647628784,0.08150327205657959,-0.48009318113327026,-0.04977365583181381,0.08509804308414459,-0.4884563982486725,0.05330519750714302,-0.2702254354953766,-0.20162272453308105,0.0021635473240166903,0.29845088720321655,0.08498573303222656,-0.10037310421466827,0.11486842483282089,0.06793928146362305,0.12925994396209717,0.007972532883286476,0.09987267106771469,0.26566678285598755,-0.0692678764462471,-0.12263970077037811,0.11999282985925674,-0.1481119692325592,0.35675373673439026,0.001201373292133212,-0.016107162460684776,-0.23831459879875183,-0.1256311535835266,-0.555224597454071,0.13484260439872742,-0.5341524481773376,-0.2875281274318695,-0.02881925366818905,-0.17016039788722992,-0.0917854756116867,-0.028302794322371483,-0.0514393076300621,0.044290442019701004,0.6535980701446533,-0.25554588437080383,0.03799086809158325,0.012875777669250965,0.26102662086486816,0.16433794796466827,-0.8306770324707031,0.08637192100286484,-0.19494250416755676,-0.20549452304840088,0.10135133564472198,-0.052339207381010056,-0.02928856387734413,-0.3067017197608948,0.8464374542236328,-0.2954075336456299,-1.0640512704849243,0.13820390403270721,-0.2036631852388382,0.48336610198020935,-0.05218782275915146,-0.355633944272995,-0.05584989860653877,-0.10291534662246704,0.0010183617705479264,-0.0010501742362976074,-0.5836461186408997,-0.19112983345985413,-0.08205001056194305,-0.2624166011810303,0.5475317239761353,0.05081969499588013,0.06045124679803848,0.36294281482696533,0.2605770230293274,-0.11480925977230072,-0.0717850774526596,-0.16662603616714478,-0.14722231030464172,-0.12659162282943726,-0.11722104251384735,0.07356435060501099,-0.13680168986320496,0.09075938165187836,0.178054541349411,-0.16378183662891388,-0.10052941739559174,-0.3621145188808441,-0.12758739292621613,0.15914413332939148,-0.4642610549926758,0.10801011323928833,-0.042511798441410065,0.29457888007164,0.053027085959911346,-0.16629599034786224,-0.013066339306533337,0.05407225340604782,-0.3658207058906555,0.33434954285621643,-0.06749147921800613,0.12563742697238922,-0.6801748871803284,0.5098735690116882,-0.220656156539917,0.10811357200145721,-0.4954948425292969,-0.17223843932151794,0.04722297564148903,-0.21362316608428955,0.20866063237190247,0.16012510657310486,-0.09442180395126343,-0.3233669400215149,0.2842729687690735,-0.06239253282546997,-0.04663066565990448,-0.650137186050415,0.013095068745315075,-0.5837468504905701,-0.23360057175159454,0.4843831956386566,0.019057119265198708,0.24800030887126923,0.3013329803943634,0.14446470141410828,-0.16105933487415314,0.19260796904563904,-0.5244380235671997,-0.6092263460159302,-0.04559340327978134,-0.18010973930358887,0.00017044693231582642,-0.6686087846755981,0.0042978981509804726,-0.19900278747081757,0.18534953892230988,0.0922912135720253,0.10232247412204742,-0.020225893706083298,0.16819362342357635,0.2299124002456665,0.15093229711055756,0.17768345773220062,0.006643539760261774,0.31407442688941956,0.11180585622787476,-0.03060954436659813,-0.22017578780651093,-0.16812542080879211,-0.0863415002822876,0.009600246325135231,0.241642028093338,-0.18921439349651337,0.14541172981262207,0.28300511837005615,0.3175533413887024,-0.15835002064704895,-0.8421039581298828,-0.1292479932308197,0.273472398519516,0.25385794043540955,-0.036064114421606064,0.249175027012825,-0.19267477095127106,-0.12693388760089874,-0.3020981252193451,-0.11105316877365112,0.2955944538116455,0.23043230175971985,-0.05073557049036026,0.07551046460866928,0.30939048528671265,-0.044870298355817795,-0.29277482628822327,-0.005289959721267223,0.2861499488353729,0.24965301156044006,0.26579025387763977,-0.15697544813156128,0.05962385982275009,0.08105303347110748,-0.08310458064079285,0.23208323121070862,0.3686177134513855,0.10463783890008926,0.23319141566753387,-0.16704349219799042,0.006223547272384167,0.11912362277507782,-0.23810608685016632,0.7221319079399109,0.04066305607557297,-0.10339801013469696,-0.11468802392482758,0.025184154510498047,0.07686282694339752,0.04273874685168266,-0.07849778234958649,0.1059754341840744,0.014803454279899597,0.18700581789016724,-0.02363109588623047,-0.02123335190117359,-0.5393791794776917,-0.10667175054550171,0.018353277817368507,0.07877229154109955,0.21459290385246277,0.02424340322613716,0.24102988839149475,-0.11656536161899567,0.8851081728935242,-0.24860408902168274,0.08246955275535583,-0.2453335076570511,0.1027822270989418,-0.13894572854042053,-0.5771378874778748,-0.008961385115981102,0.21021565794944763,-0.06504646688699722,0.05945312976837158,-0.1927178055047989,0.923113226890564,0.06820265203714371,-0.33777400851249695,-0.040139634162187576,0.16844721138477325,0.09269433468580246,-0.7012593150138855,-0.4487188458442688,-0.08922471106052399,0.1729092299938202,-0.09909677505493164,-0.2121797502040863,-0.6112062335014343,0.08218635618686676,0.0070030828937888145,0.2745262682437897,0.09931548684835434,-0.42514681816101074,0.008377864956855774,0.1863630712032318,0.07300211489200592,-0.6713523864746094,-0.11734473705291748,0.14281487464904785,0.45338088274002075,-0.23351013660430908,0.12123967707157135,0.16383150219917297
CID000002554,297,-0.13002988696098328,-0.12128157913684845,0.07967978715896606,-0.280047744512558,0.49198371171951294,0.3871265649795532,-0.16772472858428955,-0.35150226950645447,-0.23214967548847198,-0.29413512349128723,0.1855093538761139,-0.34945130348205566,-0.13910333812236786,-0.26130178570747375,0.0718919187784195,0.16801902651786804,0.033485978841781616,0.1558474451303482,0.07960309833288193,-0.29941803216934204,-0.13955986499786377,-0.010812741704285145,-0.01750016212463379,-0.10359847545623779,0.2669575810432434,-0.02850373089313507,0.20668017864227295,-0.1665715128183365,-0.15774990618228912,0.6182571649551392,-0.11138059198856354,0.06503909081220627,-0.00900255423039198,0.10085580497980118,-0.36676186323165894,0.08197329938411713,-0.8435553312301636,-0.4225546717643738,-0.1820654571056366,0.09459084272384644,-0.08944912999868393,0.06499243527650833,-0.35560667514801025,-0.09630191326141357,0.4100440442562103,0.20286925137043,0.08132866024971008,-0.15209880471229553,0.0033570050727576017,0.06662233173847198,-0.20132103562355042,0.14308451116085052,-0.19040705263614655,-0.21697983145713806,0.06044787913560867,0.04409440606832504,0.08761429786682129,0.10370056331157684,0.10963340103626251,0.028436023741960526,-0.6677945852279663,0.058648865669965744,-0.0877542570233345,0.3936072587966919,0.050099484622478485,0.4352492392063141,-0.1630803793668747,-0.06560318171977997,-0.260741651058197,0.025503268465399742,0.030860209837555885,-0.0568145327270031,0.047567062079906464,-0.29569077491760254,0.014375312253832817,0.13910481333732605,-0.12498585879802704,0.15656785666942596,-0.13230982422828674,0.02128889225423336,-0.16658715903759003,0.09031684696674347,-0.0034600584767758846,-0.42640456557273865,0.17409086227416992,0.00899854302406311,-0.22815117239952087,-0.010194930247962475,0.8040050268173218,-0.15720060467720032,-0.09588953107595444,-0.10276512056589127,0.14885851740837097,0.11245179176330566,-0.5542302131652832,0.02401134744286537,-0.40519633889198303,0.5679924488067627,0.10113432258367538,-0.14350828528404236,0.4862223267555237,0.040525056421756744,-0.1640663594007492,0.05618934705853462,-0.2121218740940094,0.0338020958006382,-0.17668382823467255,0.19024543464183807,-0.04576169699430466,0.3512822687625885,0.13378390669822693,0.07672993838787079,0.4048655927181244,-0.3196032643318176,0.12932422757148743,-0.028751304373145103,-0.08649210631847382,-0.218720480799675,0.19193409383296967,0.10047890990972519,0.018306290730834007,-0.6193277835845947,0.10985622555017471,-0.35640668869018555,-0.3598208725452423,-0.040779128670692444,0.1671047955751419,0.30855119228363037,0.04809948429465294,0.05499442294239998,0.0026567145250737667,0.2590790390968323,-0.5879358649253845,-0.19561909139156342,-0.0599140040576458,0.41719236969947815,0.3943617343902588,-0.18062707781791687,0.07776959985494614,-0.029230128973722458,0.07936089485883713,0.2354435920715332,-0.11346469819545746,0.17704910039901733,-0.017308305948972702,0.10806796699762344,-0.02898283675312996,-0.17803683876991272,-0.21422231197357178,-0.11241588741540909,-0.04965982958674431,-0.08244790881872177,-0.3188382089138031,-0.20137301087379456,0.3769339919090271,0.14148399233818054,-0.0251272264868021,-0.5445295572280884,-0.007930010557174683,0.016163108870387077,0.109998419880867,0.048532698303461075,-0.8249761462211609,-0.042031772434711456,0.034885473549366,0.3310887813568115,-0.208429217338562,-0.02715756557881832,0.10483956336975098,0.06945686042308807,-0.38640934228897095,-0.11122871935367584,0.4704349935054779,-0.18035957217216492,0.040984056890010834,-0.27870091795921326,0.1817426085472107,0.03310216963291168,-0.22366611659526825,-0.10612910985946655,0.17016157507896423,0.3434952199459076,-0.012548008933663368,0.024476494640111923,-0.01500606071203947,-0.07603321224451065,-0.6119643449783325,-0.0313638374209404,0.5505719780921936,-0.012316414155066013,0.03987155109643936,-0.1700524091720581,0.07065478712320328,-0.37502822279930115,-0.17467376589775085,0.6588187217712402,-0.20492234826087952,-0.07020311802625656,-0.7232612371444702,-0.03286709636449814,-0.024513863027095795,0.20181898772716522,-0.5275324583053589,0.2517581880092621,-0.09626993536949158,0.2201361209154129,0.0640813484787941,-0.21525268256664276,-0.16059471666812897,0.06977173686027527,0.021793147549033165,0.19418001174926758,0.01666208729147911,-0.15406866371631622,0.3001331686973572,-0.16065290570259094,0.21206362545490265,-0.1700322926044464,-0.15392707288265228,-0.20198988914489746,-0.15236139297485352,-0.0014033528277650476,-0.5191472768783569,0.025158818811178207,0.2944372594356537,0.30842816829681396,0.14632219076156616,-0.1603277027606964,0.4983745515346527,0.15106990933418274,-0.17334523797035217,-0.3263523578643799,-0.23535163700580597,0.1001596599817276,-0.20867741107940674,-0.23269414901733398,-0.057591963559389114,0.08418475091457367,0.1510593146085739,0.10593287646770477,-0.20870089530944824,0.20780543982982635,-0.029299771413207054,-0.2621803879737854,0.0022840858437120914,-0.5351971387863159,0.27112922072410583,0.022523056715726852,0.12029937654733658,-0.6905995607376099,0.1067732572555542,0.016519779339432716,0.21578264236450195,0.07017849385738373,-0.13351522386074066,-0.13737435638904572
CID000002617,298,0.2135821282863617,-0.18495281040668488,-0.08399733155965805,-0.3022518455982208,0.8952469825744629,0.38364890217781067,0.24867932498455048,0.1476852148771286,-0.4595658779144287,0.006341731641441584,-0.06515436619520187,-0.24507002532482147,-0.17142395675182343,-0.10013629496097565,-0.16622769832611084,-0.039753466844558716,0.03247348964214325,0.11323913186788559,-0.30926018953323364,-0.06890743225812912,0.12799370288848877,-0.19147786498069763,0.12535996735095978,-0.14252682030200958,-0.02144913747906685,-0.47998371720314026,0.2578452229499817,-0.2551591098308563,0.10513369739055634,0.1567973643541336,-0.34771066904067993,0.35160884261131287,-0.3550518751144409,-0.06040040776133537,-0.6480318903923035,0.20711414515972137,-0.5281642079353333,-0.2584289014339447,-0.0975915789604187,-0.0424322709441185,-0.25214919447898865,-0.14160104095935822,-0.13211531937122345,0.16454415023326874,0.3667447566986084,0.035071052610874176,-0.16950348019599915,-0.23097261786460876,-0.07063005864620209,0.01998252049088478,-0.7687045931816101,-0.21530863642692566,0.06185628101229668,-1.1081383228302002,0.06378173828125,-0.22161242365837097,0.2257290780544281,0.04782631993293762,1.142248272895813,-0.38319769501686096,-1.165374755859375,0.06428824365139008,0.017436271533370018,0.47114744782447815,-0.04809971898794174,-0.5244041681289673,-0.5217093229293823,0.3688240349292755,0.062330614775419235,-0.19259905815124512,-0.7707794308662415,0.142368882894516,-0.16996216773986816,-0.1522374451160431,0.6375546455383301,-0.18652570247650146,0.15715426206588745,-0.008202766999602318,-0.07767721265554428,0.2671758532524109,-0.094977006316185,0.11470349133014679,0.21336981654167175,-0.03865917772054672,-0.04132995381951332,0.09579100459814072,0.06691338866949081,0.17745642364025116,0.7238553762435913,0.1772526502609253,-0.05407201126217842,0.25049442052841187,-0.28068041801452637,0.0062192706391215324,-0.7338360548019409,0.13468113541603088,0.021565362811088562,0.4111916422843933,-0.1323450654745102,-0.0006648155977018178,0.40238651633262634,0.3829752802848816,0.08453834056854248,0.38739266991615295,0.09798125922679901,0.007931103929877281,-0.5428811311721802,0.16206780076026917,-0.395449161529541,0.610680103302002,-0.4947642385959625,-0.1583910584449768,0.22907903790473938,-0.3055114150047302,0.04431804269552231,-0.042339157313108444,-0.20256726443767548,-0.1647476702928543,0.0899042934179306,-0.04335064813494682,0.24163635075092316,-1.1973040103912354,0.13618722558021545,-0.3323175311088562,-0.4648873209953308,0.16358959674835205,0.09164078533649445,0.3816260099411011,-0.015345138497650623,-0.13707759976387024,0.03300843387842178,0.3312210440635681,-0.6699186563491821,-0.25925934314727783,-0.043304674327373505,-0.23491773009300232,0.5786300897598267,-0.4103671908378601,0.1558883935213089,0.01377657987177372,0.26158326864242554,0.5003000497817993,0.0678972452878952,0.1367710530757904,0.12203846871852875,0.0508553571999073,-0.025944966822862625,0.08482100069522858,0.061405282467603683,0.11497393995523453,-0.1305980682373047,0.12559309601783752,0.0650792270898819,0.2602989971637726,0.06868314743041992,0.09934429824352264,0.1726367473602295,-0.11637405306100845,-0.09307053685188293,-0.08060166239738464,0.39717355370521545,0.020312251523137093,-1.1502516269683838,-0.008043656125664711,0.46739253401756287,0.15400421619415283,0.001063656760379672,0.38851016759872437,0.013566618785262108,0.09389449656009674,-0.1360701620578766,-0.4802066683769226,0.6691343784332275,0.33118319511413574,-0.05667529255151749,-0.06261640787124634,0.02202635630965233,-0.0642688199877739,-0.17088744044303894,0.07255767285823822,0.037039417773485184,0.054815538227558136,-0.05184704065322876,-0.4296392500400543,-0.12857909500598907,-0.21682679653167725,-0.060217998921871185,0.139499694108963,0.7628421187400818,-0.05455753207206726,0.21761545538902283,-0.3996095657348633,-0.13481469452381134,0.2438773810863495,-0.11824347823858261,0.5374220013618469,0.07401817291975021,0.030392300337553024,-0.24904482066631317,-0.21093635261058807,-0.16875313222408295,-0.16128353774547577,-0.33643415570259094,0.048933278769254684,-0.23713453114032745,0.19956742227077484,0.1431712508201599,-0.5260436534881592,-0.1285019963979721,0.12458427995443344,0.43753284215927124,-0.2166520059108734,-0.09308092296123505,-0.03920314460992813,1.4441699981689453,0.08105827867984772,0.8747143745422363,-0.03476259112358093,-0.007825324311852455,0.09486424922943115,0.11253814399242401,0.1390794962644577,-0.8847827911376953,0.1299075186252594,0.21287408471107483,0.3028762936592102,-0.3493759334087372,-0.6278434991836548,0.997752845287323,0.28750643134117126,-0.04944933205842972,-0.6686306595802307,0.20172473788261414,0.1268625259399414,-0.3964596092700958,-0.16389915347099304,-0.3446730375289917,0.05979902669787407,-0.34189659357070923,0.026382222771644592,-0.33233267068862915,0.18504709005355835,0.17788103222846985,0.10088968276977539,0.04678041487932205,-0.8449681401252747,0.28586310148239136,0.09760706126689911,0.09855297207832336,-0.9413595199584961,0.019345100969076157,0.15112902224063873,0.46679455041885376,-0.011292683891952038,-0.10932792723178864,0.2028140276670456
CID000054688,299,0.03421887010335922,0.07306759804487228,-0.02918090857565403,-0.20697596669197083,0.3921848237514496,0.511894702911377,-0.018620556220412254,0.10536353290081024,-0.5088182687759399,-0.035970550030469894,0.043422240763902664,-0.48033037781715393,0.03435130417346954,-0.18574756383895874,-0.15934792160987854,0.057222019881010056,0.22268816828727722,0.08744628727436066,-0.03247718885540962,0.12882840633392334,0.04669661819934845,0.16406145691871643,0.0633920282125473,0.061975669115781784,0.2789806127548218,-0.055170804262161255,-0.14663363993167877,0.14532293379306793,-0.16148753464221954,0.32103514671325684,0.02248501218855381,0.05912729352712631,-0.30355215072631836,-0.20521888136863708,-0.5440577268600464,0.15924063324928284,-0.49523764848709106,-0.2741263508796692,-0.05286358669400215,-0.19137679040431976,-0.08522628247737885,-0.05841086432337761,-0.05221397802233696,0.05710463970899582,0.508565366268158,-0.28931567072868347,0.053154729306697845,0.062061894685029984,0.27520817518234253,0.18739129602909088,-0.7836759090423584,0.06893941760063171,-0.23037287592887878,-0.3209049105644226,0.1394381821155548,-0.10001738369464874,-0.04641777649521828,-0.2690815031528473,0.8322250247001648,-0.32773321866989136,-1.0655128955841064,0.12355722486972809,-0.20975008606910706,0.5212410092353821,-0.07372641563415527,-0.3427278399467468,-0.12936607003211975,-0.09086786210536957,0.024248946458101273,-0.046672023832798004,-0.6455559730529785,-0.2328401356935501,-0.07706037908792496,-0.27102112770080566,0.566857099533081,0.05473215505480766,0.12676455080509186,0.24204817414283752,0.22414784133434296,-0.13136336207389832,-0.09598945081233978,-0.1507769525051117,-0.07923772186040878,-0.08628490567207336,-0.16298867762088776,0.09282439947128296,-0.18778195977210999,0.10988643020391464,0.19936558604240417,-0.15817990899085999,-0.1296757161617279,-0.37525320053100586,-0.13680866360664368,0.15827146172523499,-0.45430731773376465,0.08273825794458389,-0.02021409198641777,0.26340946555137634,0.005986431147903204,-0.09926826506853104,0.041286639869213104,0.06771381199359894,-0.30531972646713257,0.3076944053173065,-0.029962580651044846,0.18640384078025818,-0.645563006401062,0.4680961072444916,-0.2733840346336365,0.18420693278312683,-0.49483734369277954,-0.21084299683570862,0.03721366077661514,-0.20384767651557922,0.2095186412334442,0.22623813152313232,-0.07560525834560394,-0.31243330240249634,0.19549892842769623,-0.08577432483434677,-0.06141474097967148,-0.6755902767181396,0.011194134131073952,-0.603087842464447,-0.19443371891975403,0.4882473945617676,0.03459436818957329,0.24613957107067108,0.2999233603477478,0.14577093720436096,-0.20359739661216736,0.21446450054645538,-0.5364987850189209,-0.6023149490356445,-0.06898127496242523,-0.17597076296806335,-0.047534506767988205,-0.44292449951171875,-0.017201125621795654,-0.16863290965557098,0.15671171247959137,0.20700494945049286,0.07570010423660278,-0.051048338413238525,0.15900485217571259,0.2853189706802368,0.11404825747013092,0.19857661426067352,-0.009822863154113293,0.34408849477767944,0.17728307843208313,-0.02952946163713932,-0.2417469322681427,-0.19636811316013336,-0.12005840241909027,-0.0379272922873497,0.2601833641529083,-0.22005948424339294,0.10153255611658096,0.30904436111450195,0.3840195834636688,-0.12443754822015762,-0.8665456771850586,-0.17848524451255798,0.28535258769989014,0.26273518800735474,-0.062437135726213455,0.26132938265800476,-0.18327274918556213,-0.1300947070121765,-0.2753906548023224,-0.16674375534057617,0.36996176838874817,0.2495817393064499,-0.07438845932483673,0.07912581413984299,0.4095621109008789,-0.026554429903626442,-0.23408278822898865,-0.02476952038705349,0.2751401364803314,0.31550586223602295,0.24321694672107697,-0.2555561363697052,0.06896158307790756,0.0752226710319519,-0.04163849353790283,0.2612932622432709,0.3791807293891907,0.06771645694971085,0.24116834998130798,-0.17390188574790955,0.020009201020002365,0.10986451059579849,-0.17940044403076172,0.7647998929023743,-0.04792329668998718,-0.09464837610721588,-0.08829700946807861,0.06748275458812714,0.02911531925201416,0.11959771811962128,-0.09054647386074066,0.15122851729393005,-0.11022379249334335,0.2408297061920166,-0.014870288781821728,-0.037967972457408905,-0.44112443923950195,-0.10387077182531357,0.08320559561252594,0.06362660229206085,0.22905942797660828,-0.000764372933190316,0.23093679547309875,-0.14118503034114838,0.873038649559021,-0.218301922082901,0.04840505123138428,-0.2574819326400757,0.07035832107067108,-0.12773779034614563,-0.5776440501213074,-0.010165619663894176,0.22948963940143585,-0.09024219959974289,0.015897877514362335,-0.3911753296852112,0.9235356450080872,0.03858884423971176,-0.27664023637771606,-0.03191430866718292,0.16269242763519287,0.11475857347249985,-0.7438833713531494,-0.3826943635940552,-0.1416744440793991,0.12385163456201553,-0.055206019431352615,-0.2550458312034607,-0.633683443069458,0.05738304927945137,-0.06412923336029053,0.32572752237319946,0.08087537437677383,-0.48299726843833923,0.0692475438117981,0.2259252965450287,0.0482511967420578,-0.6969140768051147,-0.141870379447937,0.1335391253232956,0.42976927757263184,-0.2524928152561188,0.1094486340880394,0.13567155599594116
CID000004614,300,-0.11957617104053497,-0.19734346866607666,-0.06534762680530548,-0.198980450630188,0.4579353332519531,0.22839811444282532,-0.10831449180841446,0.13237996399402618,-0.2134000062942505,-0.18216803669929504,0.1276806741952896,-0.3915562033653259,-0.09254415333271027,-0.16875801980495453,0.18650613725185394,-0.013787967152893543,0.023840872570872307,-0.015495908446609974,-0.15218248963356018,0.03662771359086037,0.12927071750164032,0.10205111652612686,0.05843619629740715,0.09612049162387848,-0.003996360115706921,-0.01611262559890747,-0.04786006733775139,0.03837137669324875,-0.02550198696553707,0.2764574885368347,0.05087585374712944,-0.3854237198829651,-0.0956454649567604,0.02090558223426342,-0.4510985016822815,-0.03281645104289055,-0.2363414317369461,-0.1966104507446289,-0.055175166577100754,-0.039874117821455,0.09789828211069107,-0.03722434863448143,-0.14040742814540863,-0.18305788934230804,0.04479776695370674,0.02242513932287693,0.018740329891443253,0.22822913527488708,-0.05832093209028244,-0.031303368508815765,0.003052663756534457,0.10779879987239838,0.14229954779148102,-0.15557603538036346,0.1070735901594162,-0.04839123785495758,-0.137238010764122,0.09554312378168106,0.20825910568237305,-0.007607868406921625,-0.9041951298713684,-0.08716288208961487,-0.2313833236694336,0.1598074734210968,0.18689033389091492,0.12770703434944153,-0.1950283795595169,0.005502843763679266,-0.07786818593740463,0.03830624744296074,-0.05737759917974472,0.20035848021507263,-0.020267408341169357,-0.19197571277618408,0.05393769219517708,-0.11113687604665756,-0.1630626618862152,-0.1311841905117035,0.2667357325553894,-0.1473366767168045,-0.22156080603599548,-0.05597497150301933,-0.2144649773836136,-0.05340702459216118,-0.15758411586284637,-0.1490723192691803,-0.19464623928070068,-0.10763145983219147,0.31187140941619873,-0.13017670810222626,0.008288566954433918,0.0016159057850018144,0.0404227077960968,-0.002907167188823223,-0.4292151927947998,-0.01515871100127697,-0.1797814965248108,0.2363697737455368,0.12996694445610046,-0.26465052366256714,0.16539651155471802,0.17778678238391876,-0.26977747678756714,0.008181673474609852,-0.09692631661891937,0.017863105982542038,-0.541473925113678,0.28785014152526855,0.03935014083981514,0.15825219452381134,0.16159704327583313,0.1413528025150299,0.11324934661388397,0.015015676617622375,0.004518516361713409,0.20992012321949005,-0.11289451271295547,-0.03313025087118149,0.009298823773860931,0.03610973805189133,-0.2647840976715088,-0.6045407056808472,0.0003408849297557026,-0.1111002191901207,-0.33975353837013245,0.01184398215264082,-0.08517765998840332,0.35178253054618835,0.10344381630420685,-0.08117665350437164,-0.15737664699554443,0.061615247279405594,-0.39871087670326233,-0.2623916268348694,-0.15747103095054626,-0.22133037447929382,0.06741455942392349,0.09490939229726791,0.012349468655884266,-0.04779154062271118,0.05463992431759834,0.21251003444194794,-0.3652942180633545,-0.0221670214086771,0.06034817546606064,-0.24984189867973328,0.22977140545845032,-0.006442466285079718,0.22139394283294678,0.13877852261066437,-0.06815236061811447,-0.09640636295080185,-0.009856832213699818,0.04211890324950218,0.11714808642864227,-0.10041534900665283,-0.1524723470211029,-0.25938066840171814,0.0769885927438736,0.061504513025283813,0.10262127965688705,-0.0024646699894219637,-0.933146595954895,0.08821789920330048,0.10218224674463272,0.2810959815979004,-0.16342896223068237,-0.10155663639307022,0.16621991991996765,0.09085533767938614,-0.10775543749332428,-0.0883052796125412,0.30999404191970825,-0.028502512723207474,0.015517840161919594,0.17166690528392792,0.10029377788305283,0.12198732793331146,-0.46795105934143066,-0.14653626084327698,0.1898428499698639,0.24027685821056366,0.06988849490880966,-0.02907254733145237,-0.13360606133937836,0.09799067676067352,-0.14537660777568817,0.06501591205596924,0.4484198987483978,-0.09157586842775345,0.2786320745944977,-0.12026852369308472,0.026387324556708336,-0.07664011418819427,-0.020687585696578026,0.4405985474586487,-0.026005083695054054,-0.021450042724609375,-0.07650680840015411,-0.2204529345035553,-0.08026672899723053,-0.01613180711865425,-0.06094764545559883,0.17097678780555725,-0.13137002289295197,0.24873729050159454,-0.006580967456102371,-0.07246200740337372,0.04612760618329048,-0.0192045159637928,0.005556315183639526,0.034829914569854736,0.10648395121097565,0.11445045471191406,0.14750568568706512,0.09280703216791153,0.2704741358757019,-0.020457977429032326,-0.10340585559606552,-0.388022780418396,-0.009310903958976269,-0.13789387047290802,-0.4096526503562927,0.032892461866140366,0.20689019560813904,-0.09456716477870941,0.20465712249279022,-0.21634916961193085,0.6436883211135864,0.09308985620737076,-0.1770104616880417,-0.09262868016958237,-0.22744667530059814,-0.052743565291166306,-0.6283807158470154,-0.1953631490468979,0.029501914978027344,0.08401824533939362,0.24607384204864502,-0.013876592740416527,-0.22027599811553955,-0.020898044109344482,0.08065011352300644,0.20233190059661865,0.11128506809473038,-0.20580823719501495,0.16060969233512878,-0.0015014291275292635,-0.051287584006786346,-0.5560668706893921,-0.0027808130253106356,-0.03014553152024746,0.17206375300884247,-0.051938243210315704,0.06659112870693207,0.037955574691295624
CID000005544,301,-0.16988328099250793,-0.12189938127994537,-0.1083989292383194,-0.2948892414569855,0.06435437500476837,0.5694752931594849,-0.05466277524828911,-0.1083778589963913,-0.43435487151145935,-0.1610739380121231,-0.02369384467601776,-0.3214282989501953,0.25935885310173035,-0.24001875519752502,0.03881857544183731,0.0068021053448319435,-0.18963786959648132,0.029637057334184647,-0.0295240581035614,-0.14363384246826172,-0.13729169964790344,0.14991898834705353,0.12904176115989685,0.23075373470783234,-0.03265388682484627,0.11926492303609848,-0.16283981502056122,-0.2281682938337326,-0.11908421665430069,0.32178500294685364,0.21550540626049042,-0.23934943974018097,-0.48298150300979614,-0.005116959102451801,-0.2748902440071106,0.10923658311367035,-0.26173457503318787,-0.2744291126728058,-0.04326435178518295,0.057994164526462555,0.1435227394104004,0.03288540989160538,-0.10567979514598846,0.21780934929847717,0.4125900864601135,0.27617284655570984,-0.09916186332702637,0.21486882865428925,-0.06977677345275879,0.05638239532709122,-0.43046969175338745,-0.16894836723804474,-0.2508174479007721,-0.28939157724380493,0.07427147775888443,-0.36811041831970215,-0.022888218984007835,-0.1452924907207489,0.7606428861618042,-0.006733351852744818,-0.8193095922470093,0.00680898129940033,0.015653587877750397,0.5071686506271362,-0.06891369074583054,-0.31111642718315125,-0.04932687431573868,0.09936261177062988,0.508254885673523,-0.06264112144708633,-0.5234538316726685,-0.16004209220409393,0.031397201120853424,-0.12675048410892487,0.543573796749115,0.21141886711120605,0.016326678916811943,0.32709839940071106,-0.07922517508268356,-0.06550873816013336,-0.0359257347881794,-0.03353226184844971,0.09967765212059021,0.08924068510532379,0.04635046795010567,-0.3677067160606384,-0.638066828250885,0.03679186850786209,0.4914826452732086,0.07159005105495453,0.012246696278452873,-0.3207133114337921,-0.17058074474334717,-0.050537776201963425,-0.6212371587753296,-0.054754503071308136,-0.06410002708435059,0.3611709773540497,0.199991375207901,-0.15838852524757385,0.4802505075931549,0.23891589045524597,0.00512469420209527,-0.062416352331638336,-0.3424850106239319,0.09651897102594376,-0.07080762088298798,0.18172979354858398,-0.052071332931518555,0.20838801562786102,0.21025343239307404,-0.0033880448900163174,0.2811978757381439,-0.11448714882135391,0.08846057951450348,-0.09462706744670868,-0.4132654070854187,-0.14571945369243622,0.2972988486289978,-0.16121593117713928,0.10201472043991089,-0.6284781694412231,-0.05796166509389877,-0.03809709474444389,-0.5417839288711548,0.08953796327114105,-0.1371273696422577,0.5077205896377563,0.42508888244628906,-0.08260320127010345,-0.10684178024530411,0.30698609352111816,-0.7655550837516785,-0.5124356150627136,0.05029340833425522,0.06000141054391861,0.22427336871623993,-0.4588257670402527,0.054618217051029205,-0.1782415211200714,0.09530864655971527,0.1419195830821991,0.1071796864271164,-0.14100484549999237,-0.22271160781383514,0.07568363100290298,-0.048953231424093246,0.07033556699752808,-0.08998402953147888,0.2805634140968323,0.019487211480736732,-0.16592207551002502,0.020077530294656754,-0.007330700755119324,-0.10440609604120255,0.055784087628126144,0.012944405898451805,-0.28271833062171936,0.2899872064590454,-0.08096512407064438,0.510137140750885,-0.24950096011161804,-0.9292984008789062,-0.12387488037347794,0.4241815507411957,0.27597013115882874,-0.12738676369190216,0.16696897149085999,0.24550822377204895,-0.048799507319927216,-0.042818937450647354,0.0681058019399643,0.46631860733032227,-0.024783264845609665,0.022593753412365913,0.034224532544612885,0.08170963078737259,0.07727061957120895,-0.464488685131073,0.06750999391078949,0.23110289871692657,0.3790837824344635,-0.07387802004814148,-0.3374895453453064,0.20413687825202942,-0.007373462431132793,0.028947195038199425,-0.1216861829161644,0.6346978545188904,-0.023868942633271217,0.08525880426168442,0.04271773248910904,-0.012459286488592625,0.41300973296165466,-0.1669234037399292,0.3860195279121399,0.2762811779975891,-0.06537777930498123,-0.08157536387443542,0.22347767651081085,-0.08618222177028656,-0.030305912718176842,-0.03771422430872917,0.20343029499053955,0.026760626584291458,0.3132917284965515,0.24216821789741516,-0.0010992676252499223,-0.32404473423957825,0.16843202710151672,0.14725542068481445,-0.00022324919700622559,0.12361763417720795,0.3835870921611786,0.03012143447995186,-0.05717581510543823,0.43966859579086304,0.15449410676956177,0.11070555448532104,-0.12663798034191132,0.37276798486709595,-0.2510923445224762,-0.4805377423763275,0.044049423187971115,0.3664698898792267,-0.09279237687587738,0.2537101209163666,-0.3524375855922699,0.5257281064987183,0.12736621499061584,-0.09487972408533096,-0.23774833977222443,0.0871000587940216,0.1036926656961441,-0.30532005429267883,-0.257082462310791,-0.019544709473848343,0.43882912397384644,0.4970065951347351,-0.154932901263237,-0.018182644620537758,0.28538575768470764,0.1162254586815834,0.07919605076313019,0.28712761402130127,-0.41202348470687866,0.1430954784154892,0.17932505905628204,0.06797560304403305,-0.49117618799209595,0.06867320835590363,0.478971391916275,0.04799366742372513,-0.04261425510048866,0.09521236270666122,-0.14522424340248108
CID000002907,302,0.008086706511676311,-0.06995303183794022,-0.1514270007610321,-0.07530071586370468,0.5091721415519714,0.1498868316411972,-0.19016167521476746,-0.013730645179748535,-0.07689110934734344,-0.05896996334195137,0.14824435114860535,-0.5200072526931763,0.010458153672516346,-0.2840482294559479,0.07550082355737686,-0.147913858294487,0.07926149666309357,-0.11713790893554688,0.07540854066610336,0.031113505363464355,-0.03532952070236206,-0.023989176377654076,0.06276921927928925,0.2476312220096588,0.10453005135059357,-0.0162931177765131,0.1450127810239792,-0.029626179486513138,0.08108172565698624,0.3062572181224823,-0.005650860257446766,-0.16292715072631836,-0.0746878981590271,-0.028242910280823708,-0.6390703916549683,-0.006127834320068359,-0.1216498464345932,-0.22723564505577087,-0.04236176982522011,0.002879813313484192,0.05964287370443344,-0.2153509110212326,-0.036125004291534424,-0.15546032786369324,0.14377711713314056,0.04898569732904434,0.06373031437397003,0.17809312045574188,-0.010758882388472557,-0.15155579149723053,-0.08877015113830566,-0.0815557986497879,-0.04780546575784683,-0.09363968670368195,0.2315763235092163,-0.016435453668236732,-0.07472972571849823,0.05997028201818466,0.3775032162666321,0.3248845338821411,-0.8429217338562012,0.3078248202800751,-0.2218663990497589,0.1587420403957367,0.11676772683858871,0.18620260059833527,-0.23049533367156982,0.142995685338974,-0.2022443562746048,0.06074340268969536,-0.0867033451795578,0.19915375113487244,-0.019716519862413406,-0.17206554114818573,0.12652352452278137,0.052829891443252563,-0.09410606324672699,0.04482631757855415,0.09402817487716675,-0.23886999487876892,-0.23540277779102325,-0.03398928791284561,-0.03344457596540451,0.005035701207816601,-0.03277955949306488,0.09605441242456436,-0.1067451611161232,0.14559297263622284,0.40182095766067505,-0.10458481311798096,-0.04984363913536072,0.04248843342065811,0.031315408647060394,0.04279089719057083,-0.4327352046966553,-0.03483080863952637,-0.12346191704273224,0.33498039841651917,0.06227438896894455,-0.16038551926612854,0.2288322150707245,0.16191764175891876,-0.24779710173606873,0.06509993225336075,-0.09622788429260254,0.15557679533958435,-0.6402813196182251,0.13606847822666168,-0.03009212017059326,0.2655010223388672,0.15931305289268494,0.12046344578266144,0.09717416763305664,0.10246400535106659,-0.0227963924407959,0.04151421785354614,0.057855188846588135,-0.3785528540611267,0.07412973791360855,0.1635870486497879,-0.30041494965553284,-0.6569234132766724,0.3235841691493988,0.028491893783211708,-0.4265013337135315,-0.04006155580282211,0.09523777663707733,0.3024320602416992,-0.05248541384935379,-0.04082803800702095,-0.27710989117622375,0.11885891109704971,-0.38757017254829407,-0.231774240732193,-0.3239132761955261,-0.15011689066886902,0.35816025733947754,-0.15565207600593567,-0.054942406713962555,-0.057810116559267044,0.04544674605131149,0.35276588797569275,-0.2675391733646393,-0.01353649515658617,0.1109955906867981,-0.2615337371826172,0.06974652409553528,0.19780926406383514,0.03517356514930725,-0.031157230958342552,-0.01666111685335636,-0.18620286881923676,-0.017698751762509346,-0.016681896522641182,0.14272871613502502,-0.03932866454124451,0.057198964059352875,-0.30950161814689636,0.0012459636200219393,0.13208922743797302,0.10937098413705826,0.10138396173715591,-0.9406987428665161,0.06529117375612259,0.35343673825263977,0.24619320034980774,-0.08694862574338913,-0.21349498629570007,0.02051803469657898,0.11530685424804688,0.04020112380385399,-0.13776282966136932,0.3276469111442566,-0.008352836593985558,0.054788727313280106,0.2009204924106598,0.21359464526176453,0.0796847715973854,-0.4343593716621399,-0.025702988728880882,0.2685432732105255,0.21355485916137695,0.06397801637649536,-0.059681475162506104,-0.09775243699550629,0.030788833275437355,-0.021501803770661354,-0.32536640763282776,0.6106439828872681,0.12067796289920807,0.2523036599159241,-0.3964897394180298,-0.03049837425351143,-0.12246169149875641,-0.0915146991610527,0.4171569347381592,-0.10112263262271881,-0.04627888649702072,-0.2035706490278244,-0.372419148683548,-0.08386891335248947,-0.09502409398555756,-0.233611062169075,0.23114070296287537,-0.28246158361434937,0.22638528048992157,0.15850526094436646,-0.02884598635137081,-0.12195972353219986,-0.052962470799684525,0.2088157683610916,0.10565958172082901,0.028596406802535057,-0.19779691100120544,0.10598383843898773,-0.11023183166980743,0.4633743166923523,0.01142049115151167,-0.02488083764910698,-0.34729820489883423,-0.08520226180553436,-0.1243433952331543,-0.5163940191268921,0.03731313347816467,0.34533753991127014,-0.18660378456115723,0.15870243310928345,-0.2947165369987488,0.804186999797821,0.04566013067960739,-0.1725539267063141,-0.15941935777664185,0.05044924095273018,-0.0491684265434742,-0.6775093078613281,-0.1503417193889618,-0.1688758134841919,0.1998586654663086,0.12531203031539917,-0.07051638513803482,-0.24894802272319794,-0.035316549241542816,0.08940596878528595,-0.009358132258057594,0.06118052080273628,-0.07152607291936874,0.2212413251399994,-0.10272824764251709,-0.057555072009563446,-0.6311203241348267,0.24811962246894836,0.2633848488330841,0.18351157009601593,-0.03038419410586357,0.03588176518678665,0.09272542595863342
CID000003652,303,0.12539903819561005,-0.03211585804820061,-0.05644311383366585,-0.1713409125804901,0.46757054328918457,0.29359832406044006,-0.214269757270813,-0.14865975081920624,-0.234096959233284,-0.043287940323352814,0.0908890813589096,-0.45209160447120667,0.03509233146905899,0.013063231483101845,-0.15811221301555634,0.011533265933394432,-0.06739653646945953,-0.13162055611610413,-0.024427663534879684,0.12184230983257294,0.05584733933210373,-0.0035522966645658016,-0.11879974603652954,-0.003611534833908081,-0.026433506980538368,0.031206315383315086,-0.2605980336666107,0.026282722130417824,-0.007684615440666676,0.42915263772010803,0.010463094338774681,-0.3554401397705078,-0.03542344644665718,-0.09226270020008087,-0.4066656231880188,-0.037766341120004654,-0.29941263794898987,-0.30369269847869873,-0.03257770836353302,-0.026014288887381554,0.013440543785691261,0.02273687720298767,-0.3364437222480774,-0.12613002955913544,0.19170591235160828,0.2938995957374573,0.01467286329716444,0.16718177497386932,-0.25162649154663086,-0.01191994734108448,-0.3439982831478119,0.06585001200437546,0.0197009090334177,-0.11600057035684586,0.1706382930278778,0.054531920701265335,-0.17598888278007507,-0.13201278448104858,0.18082118034362793,-0.019130036234855652,-0.9082338213920593,-0.22263367474079132,-0.3414067029953003,0.3349355459213257,0.11619670689105988,0.04995023086667061,-0.12093707174062729,0.20739403367042542,-0.12665684521198273,-0.019831541925668716,-0.40580615401268005,0.2436971366405487,0.08548436313867569,-0.03845386952161789,0.07083849608898163,0.1326567381620407,-0.0976584330201149,-0.013883844017982483,0.029946763068437576,-0.16774943470954895,-0.17535151541233063,0.02684410847723484,-0.23574765026569366,0.05435200408101082,-0.10543489456176758,0.005279639270156622,-0.19192084670066833,-0.538760781288147,0.4193737506866455,-0.11619000136852264,-0.02689254842698574,0.0023698359727859497,0.03348986431956291,-0.09400875121355057,-0.49409112334251404,0.027710001915693283,-0.062158189713954926,0.18192149698734283,0.06570465862751007,-0.17095240950584412,0.08304140716791153,0.10783357918262482,-0.4093101918697357,-0.09115831553936005,-0.10069581121206284,-0.0640469565987587,-0.37584158778190613,0.07903523743152618,-0.25182124972343445,0.2584069073200226,0.23378248512744904,-0.01101744081825018,0.42030540108680725,0.02091107703745365,0.03838715702295303,0.291660875082016,-0.22912247478961945,-0.16634008288383484,0.1991012841463089,0.06399406492710114,0.03735559061169624,-0.8432317972183228,-0.011638129130005836,-0.005894954316318035,-0.3218767046928406,-0.08359044045209885,-0.12809428572654724,0.34222525358200073,0.015565064735710621,0.0221206396818161,-0.21129688620567322,0.11412079632282257,-0.4454386830329895,-0.3720371425151825,-0.22241730988025665,-0.03537435457110405,0.24622830748558044,-0.15316374599933624,-0.03673859313130379,-0.03670908883213997,0.18655404448509216,0.1666676253080368,0.06341541558504105,-0.040488071739673615,-0.07878858596086502,-0.31050342321395874,0.09405947476625443,0.060352593660354614,0.061395931988954544,0.017083579674363136,-0.11358262598514557,0.026707489043474197,0.031239980831742287,-0.05685549974441528,-0.08968421071767807,-0.061089832335710526,0.04296194016933441,-0.4153110086917877,0.22810153663158417,0.03630845993757248,0.11087898910045624,-0.12134642899036407,-0.9226124882698059,0.18727946281433105,0.29123491048812866,0.2782329320907593,-0.06768356263637543,-0.09374953806400299,0.12141301482915878,0.10110604763031006,-0.24812941253185272,-0.15404435992240906,0.4335583746433258,-0.31685855984687805,0.05082840844988823,0.08133105933666229,-0.17085760831832886,0.04998986795544624,-0.36541473865509033,-0.06748432666063309,0.14827294647693634,0.43706178665161133,0.05507557466626167,0.02756306529045105,0.009819519706070423,0.05820728465914726,-0.35587823390960693,0.10442161560058594,0.6001572608947754,-0.308787077665329,0.23200252652168274,-0.08008792251348495,-0.026110980659723282,-0.14652134478092194,-0.09664420038461685,0.26027917861938477,-0.057472676038742065,-0.009012674912810326,-0.14508068561553955,-0.22185763716697693,0.06971839815378189,-0.11988435685634613,-0.3247576057910919,0.22194798290729523,-0.08445115387439728,0.25442200899124146,-0.015872091054916382,-0.039009012281894684,-0.2990717887878418,0.09225170314311981,-0.1121945008635521,0.10916300117969513,0.16237828135490417,-0.0822143629193306,0.1914859116077423,0.435569703578949,0.31041309237480164,-0.036965299397706985,-0.1749745011329651,-0.21876049041748047,-0.12066006660461426,-0.09172751009464264,-0.4366280138492584,0.023197120055556297,0.11148103326559067,-0.1512422263622284,0.11594271659851074,-0.3678549528121948,1.0311156511306763,-0.04636816307902336,-0.2756359875202179,-0.21917502582073212,-0.14600370824337006,0.024420063942670822,-0.3289722800254822,-0.11938860267400742,-0.20081333816051483,0.0819217786192894,0.4884316027164459,-0.18545784056186676,-0.19492292404174805,-0.0005516588571481407,0.01129321102052927,0.1735611855983734,0.2194555252790451,-0.33116522431373596,0.1950438916683197,-0.025223439559340477,0.13147182762622833,-0.8097058534622192,-0.12520632147789001,0.34826719760894775,0.15805760025978088,0.09347812086343765,-0.09106564521789551,-0.053018249571323395
CID000002153,304,0.27662837505340576,-0.3678898811340332,0.021196043118834496,-0.00843991618603468,0.4784165918827057,0.46574506163597107,-0.3291687071323395,-0.02870384231209755,-0.4087234437465668,-0.22238369286060333,0.47329020500183105,-0.4544091820716858,0.06181565672159195,-0.226293683052063,0.0891282856464386,0.11654970794916153,-0.050987791270017624,0.09078923612833023,-0.07461891323328018,-0.09857457876205444,-0.1975502073764801,0.26653966307640076,0.05821967124938965,0.19826988875865936,0.25753864645957947,-0.06546898186206818,-0.01872122660279274,0.045618586242198944,-0.16724801063537598,0.5170206427574158,-0.015658915042877197,0.16647277772426605,-0.06736131012439728,-0.13566598296165466,-0.5437604188919067,0.03378373011946678,-0.3585030138492584,-0.29637598991394043,-0.4190399646759033,0.27280017733573914,0.03110019490122795,0.1482352614402771,-0.3587203621864319,-0.05247711390256882,0.5451682806015015,0.16092243790626526,-0.01444593071937561,-0.15044254064559937,0.38915830850601196,0.016245385631918907,-0.5315866470336914,0.025847848504781723,-0.14050111174583435,-0.056804705411195755,0.08310531079769135,-0.16857284307479858,-0.0005771949654445052,-0.034598227590322495,0.6599118709564209,0.346009224653244,-0.8410965204238892,0.07277613878250122,-0.3519464135169983,0.23423361778259277,0.08731286972761154,-0.16694588959217072,-0.16670723259449005,-0.08877106755971909,-0.08134438842535019,-0.23063771426677704,-0.4663378596305847,-0.22885584831237793,0.0008458495140075684,-0.10272673517465591,0.28417378664016724,-0.14380700886249542,-0.16038964688777924,0.13128620386123657,0.012332635931670666,-0.202452152967453,-0.22727389633655548,-0.22528377175331116,-0.19833442568778992,-0.2531941533088684,0.13119791448116302,-0.3037812411785126,-0.13983914256095886,-0.27323392033576965,0.3292987644672394,0.0264480821788311,-0.17397113144397736,-0.3363713026046753,0.22822833061218262,-0.22682540118694305,-0.3409822881221771,-0.15053710341453552,-0.08759158849716187,0.23897962272167206,0.1657973825931549,-0.2225610762834549,0.2797645926475525,0.08725640177726746,-0.23265448212623596,0.11269168555736542,-0.08898315578699112,-0.1492118090391159,-0.6363059282302856,0.32377544045448303,-0.3086884617805481,0.1354019194841385,0.24421802163124084,0.4788482189178467,0.03249356895685196,0.1358562558889389,0.1474788635969162,-0.017430752515792847,-0.1085837334394455,-0.5176732540130615,0.44667115807533264,0.15553364157676697,0.08346488326787949,-0.7678868174552917,0.022080672904849052,-0.1160392016172409,-0.35533076524734497,0.20947715640068054,0.08512987196445465,0.2449239194393158,-0.20324957370758057,-0.271536260843277,-0.11362000554800034,-0.032328348606824875,-0.5348629355430603,-0.4216790795326233,-0.44870004057884216,-0.16639050841331482,0.06884434074163437,-0.2680756151676178,0.3686069846153259,0.004568141885101795,0.05994158238172531,0.1670115888118744,-0.11262333393096924,-0.07805435359477997,-0.25532621145248413,0.08606544137001038,0.022839846089482307,-0.09981796890497208,-0.3002489507198334,0.21655456721782684,-0.20995283126831055,-0.17465956509113312,-0.21459965407848358,-0.00029769333195872605,-0.0840044915676117,0.06307047605514526,0.13611526787281036,-0.5008399486541748,-0.11196639388799667,0.3034965991973877,0.07225669920444489,-0.010027460753917694,-0.8045929074287415,-0.03843507915735245,0.4036787152290344,0.2644059658050537,-0.45122265815734863,-0.059792958199977875,0.2567143142223358,0.01280868612229824,-0.3826584219932556,-0.2340647280216217,0.38271743059158325,-0.12645955383777618,-0.24621959030628204,-0.11030595004558563,0.4373301863670349,-0.026798197999596596,-0.37791168689727783,-0.16918905079364777,0.07094787806272507,0.13110283017158508,0.05729518458247185,-0.1905212700366974,-0.047299787402153015,0.0784311518073082,-0.2376459538936615,-0.4145076274871826,0.6578131914138794,0.08796966075897217,0.010197281837463379,-0.3763827681541443,0.2522803544998169,0.180941641330719,-0.32818445563316345,0.7005864977836609,-0.03394841402769089,-0.08413609117269516,-0.20065884292125702,0.27643710374832153,0.00335787539370358,-0.05524250119924545,-0.2483753263950348,-0.010798096656799316,0.02103833481669426,0.3154478669166565,-0.03026820346713066,-0.1795894205570221,-0.2790895700454712,-0.19668421149253845,0.01669255644083023,0.09155535697937012,-0.025736888870596886,0.4730389714241028,0.1430932730436325,0.10962805896997452,0.6376963257789612,-0.08039623498916626,-0.21487045288085938,-0.18374933302402496,-0.4154731333255768,-0.12750586867332458,-0.6486577987670898,-0.09366966784000397,0.13534943759441376,-0.0631852000951767,0.2472020387649536,-0.004680563695728779,0.8941861391067505,-0.02344123087823391,-0.16456444561481476,-0.05315909534692764,-0.07565654814243317,-0.33491164445877075,-0.5002186894416809,-0.2194097936153412,-0.463388592004776,0.2168126106262207,0.5150668025016785,0.32843685150146484,-0.6245660781860352,-0.1932908594608307,-0.01550891250371933,0.026450518518686295,0.02399950660765171,-0.2746887803077698,0.07524004578590393,-0.11395208537578583,0.17022207379341125,-0.8000049591064453,0.11830546706914902,0.48848652839660645,0.367725670337677,-0.04542902857065201,0.13845644891262054,-0.12923987209796906
CID000008953,309,0.09707719087600708,-0.1358087956905365,0.15407344698905945,0.22638604044914246,0.9049274325370789,0.351324200630188,-0.17856019735336304,0.12331907451152802,-0.12250413000583649,0.054535914212465286,0.06828131526708603,-0.19681382179260254,-0.5117524862289429,-0.012183258309960365,0.0026685327757149935,0.01363592129200697,-0.15994122624397278,-0.1956225484609604,0.42907437682151794,-0.2454661875963211,-0.4500727653503418,0.24940375983715057,-0.03209572285413742,-0.11686833947896957,-0.2773790657520294,0.15015530586242676,-0.22603349387645721,-0.10173014551401138,-0.0969487801194191,0.532427191734314,-0.17966313660144806,-0.24794144928455353,0.43764105439186096,-0.16238459944725037,-0.8968685865402222,0.14335021376609802,-0.9029926061630249,-0.15674790740013123,-0.11673994362354279,0.22864671051502228,0.14526695013046265,0.22208118438720703,-0.14005683362483978,-0.27819401025772095,0.3821505606174469,0.07263760268688202,0.07796880602836609,0.16680949926376343,0.03226519748568535,0.08701171725988388,-0.6279869675636292,0.05244714021682739,0.02248489297926426,-0.42818397283554077,-0.23448768258094788,0.2671695351600647,0.028126660734415054,0.002931141760200262,0.4306488037109375,0.4628640115261078,-1.0716660022735596,0.09586997330188751,-0.04025622829794884,0.3844708204269409,0.0014549618354067206,-0.5904484987258911,-0.14407114684581757,0.2856799364089966,0.014744648709893227,-0.030492115765810013,-0.6688138246536255,0.038591913878917694,-0.07997896522283554,-0.2962612211704254,0.6782253384590149,0.24713864922523499,0.08066980540752411,0.1416572630405426,-0.09484124183654785,-0.3141794204711914,-0.008405283093452454,-0.48453354835510254,-0.08322732150554657,0.30460450053215027,-0.0037479549646377563,0.1578805148601532,-0.4002540111541748,-0.06637034565210342,0.9108654260635376,0.26052984595298767,-0.032092608511447906,0.14053626358509064,0.0014890283346176147,0.013762588612735271,-0.8791261911392212,0.17008742690086365,-0.27907851338386536,0.42361554503440857,0.1685566008090973,-0.0827857255935669,0.6874721646308899,-0.31305837631225586,-0.1524081528186798,0.08739245682954788,0.3138459324836731,-0.26084956526756287,-0.4865790009498596,0.23187848925590515,0.2064799964427948,0.21025633811950684,-0.6199531555175781,-0.27109795808792114,0.03591647744178772,0.2309274971485138,0.14023679494857788,0.09272953122854233,0.025331879034638405,-0.8312582969665527,0.048064280301332474,-0.15147839486598969,0.058784883469343185,-1.1014641523361206,-0.4230312705039978,-0.5888527631759644,-0.5604650974273682,-0.07467673718929291,-0.14930152893066406,0.4415154457092285,-0.1689801663160324,-0.08436111360788345,-0.07705535739660263,-0.08454729616641998,-0.34494394063949585,-0.4789215624332428,-0.21688273549079895,-0.373552143573761,0.883647620677948,-0.257541298866272,0.1540127992630005,0.11147163063287735,0.38669121265411377,0.38540828227996826,-0.35622626543045044,0.33654993772506714,-0.015362301841378212,-0.28067100048065186,-0.42412787675857544,-0.05364479869604111,-0.10154016315937042,0.19701318442821503,0.014444366097450256,-0.04074453189969063,0.16696859896183014,0.02867836318910122,-0.25761279463768005,-0.24727120995521545,0.18663984537124634,-0.4685589373111725,-0.10569421201944351,0.15629206597805023,-0.1846257895231247,-0.3206402659416199,-0.9474607706069946,-0.0777483731508255,0.32614395022392273,0.2199150025844574,-0.22097913920879364,0.05808677524328232,0.27714210748672485,-0.13427633047103882,-0.25151821970939636,-0.40117940306663513,0.31545698642730713,0.15317444503307343,0.03495417907834053,-0.09084096550941467,0.005119276233017445,0.086422398686409,-0.25809162855148315,-0.05952201038599014,0.05862243101000786,0.39527472853660583,-0.12556633353233337,-0.005369740538299084,-0.06858843564987183,-0.09086893498897552,-0.8823382258415222,-0.3543473780155182,0.9452375173568726,-0.007347673177719116,0.02615971490740776,-0.5138288140296936,0.07517574727535248,0.37581828236579895,-0.06391622126102448,0.5002944469451904,0.0906122475862503,-0.046323053538799286,-0.35913535952568054,-0.1453341543674469,-0.360647976398468,-0.07540138065814972,-0.29154741764068604,0.00825477484613657,0.03895534947514534,0.218624085187912,0.039897266775369644,0.18801845610141754,-0.25819048285484314,-0.4239377975463867,0.1740100085735321,-0.360024631023407,-0.24801461398601532,0.1353987157344818,0.07542476058006287,-0.05848962068557739,0.8192166090011597,0.03635333478450775,0.009204061701893806,-0.023296382278203964,0.12657232582569122,-0.08872419595718384,-0.8974944353103638,0.22009596228599548,0.3213573098182678,0.06836052238941193,0.23444414138793945,-0.5226690173149109,0.9610997438430786,-0.2512645721435547,-0.03879692405462265,-0.08114390075206757,-0.14226369559764862,0.060298383235931396,-0.3039815127849579,-0.1831451654434204,0.33368879556655884,-0.059868890792131424,-0.19593577086925507,-0.014258268289268017,-0.785129189491272,-0.055819831788539886,0.16607233881950378,0.23200881481170654,0.17423473298549652,-0.337580144405365,0.22288450598716736,0.07141882926225662,-0.1838659942150116,-1.0117051601409912,-0.4420303404331207,0.17882542312145233,0.7415143251419067,0.13225066661834717,0.14653117954730988,0.08753351122140884
CID000000937,310,0.008581558242440224,0.1183391809463501,-0.15735217928886414,-0.15336091816425323,0.6046813726425171,0.22763700783252716,0.1063278466463089,-0.08431021869182587,-0.12542270123958588,0.026171211153268814,0.14680446684360504,-0.38139230012893677,0.09890143573284149,-0.2086133509874344,0.015569901093840599,-0.04492000862956047,0.08456786721944809,-0.0018861412536352873,0.04455065727233887,0.06984321027994156,0.11382494121789932,0.2003767490386963,0.02735062502324581,0.2350080907344818,-0.03487888723611832,-0.08878101408481598,0.06507331877946854,0.0786137506365776,0.042825378477573395,0.1607496291399002,-0.029147198423743248,-0.1479131430387497,-0.08498338609933853,-0.040985263884067535,-0.735817015171051,0.16429740190505981,-0.24858912825584412,-0.24557800590991974,-0.020392509177327156,-0.1458929032087326,-0.009427785873413086,-0.23269350826740265,-0.07298238575458527,-0.2160654515028,0.12803778052330017,0.20168764889240265,-0.10829900205135345,-0.10139814764261246,0.09923063218593597,-0.16229087114334106,-0.210496187210083,-0.07984898239374161,-0.13431867957115173,-0.21653012931346893,0.09714187681674957,-0.013042991049587727,-0.08033772557973862,0.0720246285200119,0.3429950773715973,0.062187425792217255,-0.8626929521560669,0.16144847869873047,-0.10323359817266464,0.3485177457332611,-0.018389901146292686,0.1865195631980896,-0.0330619178712368,0.2809795141220093,0.019339608028531075,0.2621247172355652,-0.1773160994052887,0.1680724173784256,-0.09260903298854828,-0.29043105244636536,0.19214212894439697,-0.04878057911992073,-0.13619928061962128,0.12212423980236053,-0.015187245793640614,-0.22433805465698242,-0.21908554434776306,-0.04686303436756134,-0.08421926200389862,-0.04758838564157486,-0.11405624449253082,0.05488093942403793,-0.004784067161381245,-0.027239572256803513,0.5903679728507996,-0.13472983241081238,-0.05928541347384453,0.0572388656437397,0.09820514172315598,0.08364509046077728,-0.46757230162620544,0.07773594558238983,-0.1435706913471222,0.5051770210266113,-0.036581940948963165,-0.06393368542194366,0.4558422565460205,0.14731158316135406,-0.07329948246479034,0.1426142454147339,-0.052034892141819,0.16180333495140076,-0.55494225025177,0.1746024787425995,-0.05578329414129257,0.055094052106142044,-0.07291866838932037,0.12672999501228333,0.09218553453683853,0.022883901372551918,0.14450106024742126,-0.06120872497558594,0.2162785828113556,-0.2785153090953827,0.1748741716146469,0.02033851481974125,-0.1900307834148407,-0.7304195165634155,0.2541193962097168,-0.06494388729333878,-0.44182348251342773,-0.07691743224859238,-0.04309125989675522,0.2465960532426834,-0.02791999652981758,-0.15179964900016785,-0.20389902591705322,0.05667930096387863,-0.3997724652290344,-0.25105154514312744,-0.06312404572963715,0.020956773310899734,0.3094152510166168,-0.2228819876909256,-0.04851692169904709,-0.03286158666014671,0.03899826854467392,0.27258604764938354,-0.2558606266975403,0.027892524376511574,0.20701864361763,-0.08778645098209381,0.13491201400756836,0.12356636673212051,0.0563456192612648,0.16254380345344543,-0.10746188461780548,-0.1889328956604004,0.07056133449077606,0.04659147188067436,0.1837267428636551,-0.06743142753839493,0.12201061099767685,-0.19369038939476013,0.016831327229738235,0.18842007219791412,0.12218976020812988,0.15157747268676758,-0.9917028546333313,-0.10542003065347672,0.3020876944065094,0.23812563717365265,-0.1380915492773056,-0.20417332649230957,0.017874013632535934,0.19889792799949646,-0.08138035237789154,0.003661429975181818,0.38753485679626465,-0.13236132264137268,-0.15670719742774963,-0.08737391233444214,0.2426104098558426,0.06223515421152115,-0.3988909125328064,0.019905751571059227,0.29396408796310425,0.11407144367694855,-0.018345322459936142,0.08817362785339355,-0.16576169431209564,-0.04756687954068184,-0.0667514055967331,-0.0022651224862784147,0.8049233555793762,0.020958637818694115,0.12493351846933365,-0.2674863636493683,-0.0036537230480462313,-0.04353013634681702,-0.17448624968528748,0.5293475389480591,0.01776484027504921,0.0452762134373188,-0.16057699918746948,-0.39287620782852173,-0.15741053223609924,0.052430134266614914,-0.15163542330265045,0.15706035494804382,-0.3424313962459564,0.31773945689201355,0.25971686840057373,0.010403340682387352,-0.08537651598453522,-0.12094838917255402,0.26135677099227905,0.08058202266693115,-0.038156650960445404,-0.19261690974235535,0.33545759320259094,-0.05137784034013748,0.4903322756290436,-0.03724651783704758,-0.0031144439708441496,-0.32944947481155396,-0.12830030918121338,-0.012965977191925049,-0.5934016108512878,0.08650334924459457,0.408027708530426,-0.011414682492613792,0.059014469385147095,-0.3233630955219269,0.8296948671340942,0.07528647035360336,-0.024204831570386887,0.017131399363279343,0.12391746044158936,-0.13138212263584137,-0.6748778223991394,-0.1611328423023224,-0.14738532900810242,0.09017188847064972,-0.13897554576396942,-0.1076594814658165,-0.09903697669506073,-0.09287048876285553,0.005835993681102991,-0.1474735289812088,-0.19181600213050842,-0.317037433385849,0.1856195628643036,-0.041092850267887115,-0.11543555557727814,-0.797174870967865,0.18792961537837982,0.19213436543941498,0.2863237261772156,0.0413375124335289,0.012776421383023262,0.25552862882614136
CID000054454,311,-0.280351459980011,0.03869221732020378,-0.17120158672332764,-0.04877912253141403,0.11651276051998138,0.5363160967826843,0.1670149266719818,0.36678895354270935,-0.5844656825065613,-0.36149862408638,-0.2147691696882248,-0.3995409607887268,0.3676356375217438,-0.5609673261642456,0.0015600919723510742,0.009692857041954994,0.03305535390973091,-0.0016261797863990068,0.10942032188177109,-0.1312602311372757,0.13464513421058655,-0.11774826049804688,0.03282216936349869,-0.02033139392733574,0.1378297209739685,-0.04324154928326607,0.12318575382232666,-0.1646403819322586,0.15914586186408997,0.4916800558567047,0.007578337099403143,-0.2769130766391754,-0.24417228996753693,0.018082495778799057,-0.37144333124160767,-0.1525418907403946,-0.31348296999931335,-0.21799084544181824,0.06984438747167587,-0.2030688226222992,0.09558351337909698,0.20736956596374512,-0.05454070493578911,-0.18359749019145966,0.5542310476303101,0.09500400722026825,0.1716228574514389,-0.14587421715259552,-0.22928369045257568,0.0401628315448761,-0.019500315189361572,0.1680619716644287,-0.11708364635705948,0.039769478142261505,-0.024268638342618942,-0.04943195730447769,0.0013853281270712614,-0.11091941595077515,0.2122751772403717,0.16940882802009583,-0.7803183197975159,0.11401927471160889,-0.34680816531181335,0.12090654671192169,0.14541809260845184,0.005407324526458979,-0.17165915668010712,0.05186726897954941,-0.05271802470088005,0.12142156064510345,-0.6484708786010742,0.22485825419425964,0.26390475034713745,-0.1140715479850769,0.26691147685050964,0.12965144217014313,0.2247471809387207,0.3561052680015564,0.10099812597036362,0.015689391642808914,-0.37043172121047974,-0.0138283371925354,-0.2173978090286255,-0.042690347880125046,-0.006655076052993536,0.03617238998413086,-0.2654070258140564,0.2063494473695755,0.27206742763519287,0.09164921939373016,-0.08915997296571732,-0.2500525116920471,0.10104112327098846,0.02903837524354458,-0.29169780015945435,-0.09235626459121704,-0.23166143894195557,0.280757337808609,0.07270707190036774,-0.44616422057151794,0.1471196860074997,-0.024749141186475754,-0.0863407701253891,0.07272335141897202,-0.11868973821401596,-0.17761847376823425,-0.414240300655365,0.20894961059093475,-0.05778360366821289,-0.04437746852636337,-0.02932811714708805,0.3532686233520508,0.3451433479785919,-0.1540270745754242,0.28167980909347534,-0.04222778603434563,-0.06170233339071274,-0.40241432189941406,0.4940371513366699,-0.012251622974872589,-0.25959157943725586,-0.5395947694778442,-0.15821003913879395,-0.40637755393981934,-0.44168439507484436,0.25889351963996887,0.14056935906410217,0.4203442633152008,0.32476967573165894,-0.10564273595809937,-0.08083377033472061,0.05138784646987915,-0.49235278367996216,-0.4850126802921295,0.22204959392547607,-0.4017545282840729,0.08284544199705124,-0.09802453219890594,-0.06352568417787552,-0.14205405116081238,-0.31761807203292847,0.013511450961232185,0.07038718461990356,-0.13805916905403137,-0.05967339128255844,0.1617814004421234,-0.038376111537218094,-0.05158575624227524,0.17639568448066711,-0.20989787578582764,-0.11942503601312637,-0.1065702810883522,-0.10501642525196075,0.004846441559493542,0.15999528765678406,0.2479531317949295,-0.14298658072948456,-0.4832351803779602,0.03092535398900509,0.0014243840705603361,0.22871999442577362,-0.06249278783798218,-0.694682240486145,0.13329334557056427,0.4541476368904114,0.22903044521808624,-0.07752689719200134,0.20295198261737823,0.2554187476634979,-0.1632436215877533,-0.054839540272951126,0.0319579616189003,0.39678817987442017,-0.054599057883024216,0.19584281742572784,-0.0838802382349968,-0.24795642495155334,-0.09001276642084122,-0.4714016318321228,-0.015753764659166336,0.22710254788398743,0.3842632472515106,-0.004929547198116779,-0.20312540233135223,0.050314296036958694,-0.22194106876850128,-0.5996865034103394,-0.03641052544116974,0.1939641535282135,0.015178489498794079,0.3338364362716675,-0.24826030433177948,0.015012507326900959,0.07711519300937653,-0.5258704423904419,0.5258836150169373,0.030209701508283615,-0.032205089926719666,-0.07651254534721375,-0.34660565853118896,0.13459818065166473,0.07879096269607544,-0.40931758284568787,0.12363831698894501,-0.2459041327238083,0.34698161482810974,-0.21344821155071259,-0.007671379949897528,-0.4650590419769287,-0.00728205731138587,-0.2539752721786499,0.029102658852934837,-0.084141805768013,0.03044918179512024,0.03525010496377945,-0.1201309934258461,0.6514156460762024,-0.019571995362639427,-0.18391864001750946,-0.19422999024391174,-0.01921512372791767,0.05096715688705444,-0.5166365504264832,-0.05123065784573555,0.28147783875465393,-0.08750063925981522,0.07915077358484268,-0.001864285790361464,0.7462425231933594,0.15331152081489563,-0.04031900316476822,-0.09769604355096817,-0.0872880220413208,-0.14458167552947998,-0.3852742612361908,-0.29319071769714355,-0.016063731163740158,0.7240951061248779,0.0032951354514807463,0.11768094450235367,-0.3325498402118683,0.05839407444000244,-0.1627553403377533,0.006332898046821356,-0.013822573237121105,-0.1986810863018036,0.16336029767990112,0.09519661217927933,-0.049627434462308884,-0.6305314898490906,-0.00031919480534270406,0.12968052923679352,0.21262435615062714,-0.055424947291612625,0.09339848905801773,-0.20681381225585938
CID000104741,314,-0.18558521568775177,0.05612122267484665,-0.039103202521800995,-0.005173456855118275,0.6200986504554749,0.4382607042789459,0.0787326917052269,0.18973752856254578,-0.3810965418815613,-0.1694881170988083,-0.15108144283294678,-0.32688337564468384,0.28155574202537537,-0.006956011056900024,-0.32410985231399536,0.11195024102926254,0.0007719852146692574,0.32050055265426636,0.19202446937561035,0.18411001563072205,-0.19301024079322815,0.15515924990177155,0.03655223175883293,0.10942671447992325,-0.06731098145246506,-0.22916488349437714,0.31313785910606384,-0.114898681640625,0.03481411188840866,0.2402903139591217,-0.0032644630409777164,-0.06025172024965286,-0.21952016651630402,-0.0312476996332407,-0.449960857629776,-0.14628653228282928,-0.28902047872543335,-0.32066065073013306,0.11890615522861481,-0.19478556513786316,0.2578142285346985,0.029868662357330322,-0.21944840252399445,-0.4639294743537903,0.09926959872245789,-0.08397452533245087,0.027640730142593384,0.23424692451953888,-0.3603386878967285,-0.08996303379535675,-0.2515760660171509,0.08143436908721924,-0.03502291440963745,-0.2952384352684021,0.09246783703565598,0.009606090374290943,0.013672825880348682,-0.24630585312843323,0.014290397986769676,0.14921483397483826,-0.9908515810966492,-0.07694666087627411,-0.20543888211250305,0.23841340839862823,-0.09700119495391846,0.04311532899737358,-0.20116248726844788,0.1836567223072052,0.18883052468299866,-0.010674969293177128,-0.20487698912620544,-0.0426836721599102,0.18704399466514587,-0.11194795370101929,0.004837569780647755,0.20364657044410706,0.10287858545780182,0.1423559933900833,-0.05834709480404854,-0.24800245463848114,-0.11578547954559326,0.18467414379119873,-0.20652034878730774,0.02255469746887684,0.04093040153384209,-0.042450349777936935,-0.014053029008209705,-0.13251501321792603,0.2947830557823181,0.12717264890670776,-0.019942769780755043,-0.051696132868528366,0.023440813645720482,0.04886840283870697,-0.4600624144077301,-0.02300112321972847,-0.30748799443244934,0.2771868407726288,0.20904414355754852,-0.20396621525287628,0.26152363419532776,0.14936086535453796,-0.009567570872604847,0.2988536059856415,-0.18540026247501373,-0.053075045347213745,-0.18187367916107178,0.27800971269607544,-0.07699964940547943,0.25783467292785645,-0.11038479954004288,0.19399747252464294,0.5352299213409424,0.01915120705962181,-0.07363463938236237,-0.10840511322021484,-0.02471352182328701,-0.17298461496829987,0.06194689869880676,0.06480638682842255,0.028796663507819176,-0.6844277381896973,0.15837830305099487,-0.3292558193206787,-0.45879608392715454,-0.06812168657779694,0.12317480146884918,0.24583680927753448,0.27096354961395264,0.006614489946514368,-0.13912443816661835,0.11264938116073608,-0.3703775107860565,-0.31350910663604736,0.058005549013614655,-0.19701535999774933,0.006749103311449289,-0.24401119351387024,0.022307327017188072,0.14350561797618866,-0.25782689452171326,0.3465706408023834,0.27608299255371094,0.12723539769649506,0.02178909257054329,0.238019660115242,-0.15169265866279602,-0.037831321358680725,-0.16302962601184845,0.017000192776322365,0.020114367827773094,0.03922582417726517,0.042449768632650375,0.15837548673152924,0.1264655739068985,-0.06842168420553207,-0.1806715875864029,-0.3354829251766205,0.010212743654847145,0.01795496977865696,0.24325191974639893,-0.008708718232810497,-0.8448801040649414,0.14361491799354553,0.21043913066387177,0.38104525208473206,-0.024376001209020615,0.014259075745940208,0.20603811740875244,0.08910293132066727,0.033193983137607574,0.10166336596012115,0.3556545674800873,0.18511830270290375,0.017567390576004982,0.30939123034477234,-0.03925485536456108,0.15031877160072327,-0.5301743745803833,-0.05003076791763306,0.3835614025592804,0.26070135831832886,0.049391284584999084,-0.09589200466871262,-0.02322736382484436,-0.10886124521493912,-0.4491492211818695,0.005923575256019831,0.3253977298736572,-0.09449128806591034,0.07628967612981796,0.029749233275651932,-0.19039590656757355,-0.018342260271310806,-0.030017992481589317,0.48861604928970337,0.3201149106025696,0.06342624872922897,0.026472249999642372,-0.05451693385839462,0.0007666237652301788,-0.0017509550089016557,-0.2789543867111206,0.18431350588798523,-0.033730633556842804,0.16865114867687225,0.10073439031839371,-0.09879442304372787,-0.0855812057852745,0.13440397381782532,-0.02510528638958931,0.021199101582169533,-0.019532352685928345,-0.07885679602622986,0.3358393609523773,0.058017659932374954,0.3458298444747925,0.11653764545917511,0.014231754466891289,-0.2693938910961151,-0.02287876605987549,-0.0965256541967392,-0.43367165327072144,0.10921011865139008,0.3467250466346741,0.10646331310272217,0.1671953648328781,-0.44874438643455505,0.5817152261734009,0.125878244638443,0.10469499975442886,-0.14208589494228363,-0.0469871424138546,0.0029960901010781527,-0.2407815158367157,-0.29015210270881653,-0.11724735796451569,0.00545263709500432,0.09690578281879425,-0.012767423875629902,-0.0083675067871809,-0.022568492218852043,0.10509760677814484,-0.13825169205665588,-0.035176586359739304,-0.11818840354681015,0.04232843592762947,-0.029429703950881958,-0.005539111793041229,-0.5325282216072083,0.26166003942489624,0.15245863795280457,0.2253129929304123,0.11260835826396942,-0.03765352815389633,-0.14122438430786133
CID000005514,315,0.12361476570367813,-0.04713600501418114,0.0046209185384213924,-0.010963993147015572,0.3331226408481598,0.34159547090530396,0.10439784824848175,0.19461403787136078,-0.246366947889328,-0.09954468905925751,-0.08114190399646759,-0.3807028830051422,0.030092114582657814,-0.311591774225235,0.06766195595264435,0.0686178058385849,0.2345248907804489,0.3249899446964264,0.02413315325975418,0.016670603305101395,-0.17662766575813293,0.04226201772689819,0.16156066954135895,0.05351371318101883,0.2970757484436035,0.012157696299254894,-0.07098392397165298,0.1899859607219696,-0.20202820003032684,0.3704373836517334,-0.11037145555019379,-0.1476486623287201,-0.12244175374507904,-0.10516826063394547,-0.5835665464401245,0.026733245700597763,-0.24303999543190002,-0.23134057223796844,0.017207274213433266,-0.009272508323192596,-0.025579292327165604,-0.026567500084638596,-0.23053331673145294,-0.27291223406791687,0.4090707302093506,0.09309674054384232,-0.13563434779644012,-0.12260031700134277,-0.054449260234832764,-0.07675672322511673,-0.5565382242202759,0.17342396080493927,-0.13349148631095886,0.03642786666750908,0.17162206768989563,-0.20410509407520294,0.03337421268224716,-0.06239005923271179,0.3491019606590271,-0.0752708837389946,-1.0699361562728882,0.2994890809059143,-0.41264867782592773,0.19413140416145325,0.2142307311296463,0.03357374668121338,0.09787271916866302,-0.03609659522771835,-0.11546220630407333,-0.06639482825994492,-0.16829387843608856,-0.16723105311393738,0.10339297354221344,-0.20693953335285187,0.2998841106891632,0.028404220938682556,-0.16445401310920715,0.25705578923225403,0.21677052974700928,-0.1346411257982254,-0.08062519133090973,-0.1014804095029831,-0.17490634322166443,-0.04113468527793884,-0.07258345931768417,0.06750316917896271,-0.2776288390159607,-0.1960471272468567,0.28209012746810913,-0.0701928585767746,-0.16106048226356506,-0.19210392236709595,0.1255139410495758,0.13622117042541504,-0.4512151777744293,0.07901155948638916,-0.24895258247852325,0.3328094482421875,0.15577875077724457,-0.22885529696941376,0.16846448183059692,0.13230456411838531,-0.3308633863925934,-0.16030609607696533,0.10633156448602676,0.0706726536154747,-0.5836064219474792,0.3275744318962097,-0.003237419296056032,-0.0274386964738369,-0.31599706411361694,0.072044737637043,0.128871887922287,-0.012483304366469383,0.016559498384594917,0.2770689129829407,0.0784478634595871,-0.21442505717277527,0.2581472396850586,-0.11596117168664932,-0.05150457099080086,-0.593008816242218,0.2963141202926636,-0.4125831127166748,-0.16044315695762634,-0.07491954416036606,0.09114561229944229,0.3364461660385132,0.08535703271627426,0.04557981342077255,-0.09956382215023041,0.05588740110397339,-0.43353843688964844,-0.4508344531059265,-0.0007623612764291465,-0.3412790298461914,0.11852780729532242,-0.21691255271434784,-0.31952476501464844,0.0069986311718821526,0.09498576819896698,0.0076359957456588745,-0.16616681218147278,-0.025957411155104637,0.23787644505500793,0.27740973234176636,0.11514929682016373,0.004118544049561024,-0.2375992238521576,0.12210340797901154,0.02591354213654995,-0.05717989802360535,-0.24284234642982483,-0.25801771879196167,-0.029946768656373024,-0.09923772513866425,0.2674029767513275,-0.4178285002708435,0.18247823417186737,-0.08898774534463882,0.15330885350704193,-0.019156550988554955,-0.8830912709236145,-0.07931900024414062,0.21073803305625916,0.22946950793266296,0.06324131786823273,-0.05997992306947708,-0.007993632927536964,-0.052682001143693924,-0.23754163086414337,-0.014074238017201424,0.2029716968536377,-0.24822881817817688,-0.17627285420894623,-0.0603838674724102,0.12510354816913605,0.023275891318917274,-0.29071468114852905,-0.3538016378879547,0.22318550944328308,0.20569615066051483,0.16972452402114868,-0.3031528890132904,-0.1640487015247345,0.07295958697795868,-0.18836310505867004,-0.04678141698241234,0.5029201507568359,0.14896826446056366,0.23539642989635468,-0.2126655876636505,0.15987429022789001,-0.08337073028087616,-0.15646669268608093,0.5668743848800659,-0.079936183989048,-0.04606476426124573,-0.2700769603252411,0.02062879502773285,0.050609804689884186,0.04860445857048035,0.04225892573595047,0.11393429338932037,-0.01745842956006527,0.14556662738323212,-0.015312811359763145,0.12317768484354019,-0.39671745896339417,-0.023638194426894188,0.10192718356847763,0.013429127633571625,0.07192755490541458,-0.0849023312330246,-0.024229077622294426,-0.048066042363643646,0.5491089820861816,0.09311480820178986,-0.056742917746305466,-0.09276283532381058,-0.1168079823255539,-0.1926501989364624,-0.5878151655197144,0.005802514962852001,0.2056368887424469,0.013110053725540638,0.24023833870887756,-0.09791843593120575,0.7245863676071167,0.01555311493575573,-0.24056220054626465,-0.16719822585582733,0.13190579414367676,-0.04055862873792648,-0.6767492294311523,-0.2395937144756317,0.010073259472846985,0.27385932207107544,0.011271360330283642,0.0015284449327737093,-0.34302446246147156,-0.03883473202586174,0.17172154784202576,0.23622266948223114,-0.1038944274187088,-0.2945392429828644,-0.04903833195567131,0.11904606968164444,0.1685364544391632,-0.6882177591323853,0.17153804004192352,0.15683439373970032,0.3310423493385315,0.27895838022232056,0.09047098457813263,0.04774316027760506
CID005282226,318,-0.17708995938301086,0.10435692965984344,-0.023725008592009544,0.024871457368135452,0.20314136147499084,0.4759332239627838,0.1686328500509262,0.2459782063961029,-0.35381919145584106,-0.22568564116954803,-0.1265246570110321,-0.30748623609542847,0.5917978882789612,-0.4822201132774353,0.1875888854265213,-0.13986390829086304,-0.006301510147750378,0.23687508702278137,0.27172669768333435,0.20353810489177704,-0.12915444374084473,-0.049943555146455765,0.07979379594326019,-0.17838141322135925,0.15253961086273193,-0.31608647108078003,-0.1777012050151825,-0.16415302455425262,0.14241454005241394,0.5474890470504761,0.021077532321214676,-0.18409404158592224,-0.2643257677555084,-0.10693564265966415,-0.16549988090991974,-0.18640589714050293,-0.20510026812553406,-0.3954947590827942,-0.1612250804901123,-0.4195065498352051,0.32427603006362915,0.21222910284996033,-0.14102031290531158,-0.21520742774009705,0.4718722403049469,0.07779647409915924,0.15903854370117188,-0.15182693302631378,-0.1377461850643158,0.009797218255698681,-0.31043368577957153,0.19336605072021484,-0.23716214299201965,-0.06177523732185364,-0.1373077780008316,-0.05209509655833244,0.09143811464309692,-0.16164924204349518,-0.18084411323070526,0.10996322333812714,-0.9676540493965149,0.18080644309520721,-0.22267380356788635,0.17498837411403656,0.07580430805683136,0.21077799797058105,-0.21464002132415771,0.06360598653554916,0.02488340437412262,0.06846451759338379,-0.7154549956321716,0.04679020121693611,0.1204446405172348,0.05969882011413574,0.12511467933654785,-0.010447030887007713,0.2697335481643677,0.34365174174308777,0.026953527703881264,-0.07262267917394638,-0.34847521781921387,-0.03344058245420456,-0.31987836956977844,-0.15083712339401245,-0.11419129371643066,0.030449550598859787,-0.12449965626001358,0.42301949858665466,0.29127657413482666,0.10629868507385254,-0.057995520532131195,-0.12721624970436096,-0.12235945463180542,0.10755254328250885,-0.2597247064113617,-0.08222346007823944,-0.35132238268852234,0.22484000027179718,0.029819857329130173,-0.5005384683609009,0.3387379050254822,-0.07423238456249237,0.0021346150897443295,0.2762581706047058,-0.10395332425832748,0.1033443808555603,-0.17010527849197388,0.08095743507146835,-0.12984248995780945,0.3003584146499634,0.15891821682453156,-0.08785370737314224,0.6659402251243591,-0.127563014626503,0.28447049856185913,-0.36638742685317993,-0.03208424896001816,-0.3231000602245331,0.2017907202243805,-0.05484185367822647,-0.3263506591320038,-0.5878554582595825,-0.040769606828689575,-0.564983606338501,-0.5112183094024658,0.06044257432222366,0.04164854809641838,0.4816761910915375,0.23290720582008362,0.13819612562656403,-0.01095019280910492,-0.10376690328121185,-0.4736299514770508,-0.5927689075469971,0.26834654808044434,-0.30605021119117737,0.5170117616653442,-0.42444419860839844,-0.2405107021331787,0.06273408234119415,-0.5265741944313049,0.14217981696128845,-0.1767498254776001,-0.22748622298240662,0.007650047540664673,0.11678848415613174,-0.16742348670959473,0.2956613600254059,-0.08028946816921234,-0.14647313952445984,-0.08606505393981934,0.19566284120082855,-0.2275584191083908,0.28304529190063477,-0.2021934688091278,0.08450783789157867,-0.19375795125961304,-0.5277493596076965,-0.08522112667560577,0.0022588365245610476,0.2896502614021301,-0.01888378895819187,-0.9191293716430664,0.026858676224946976,0.5422112345695496,0.5198214054107666,-0.14368344843387604,0.26888731122016907,0.4075161814689636,-0.18509717285633087,-0.14975658059120178,-0.04155956581234932,0.3096257150173187,-0.014912998303771019,0.14325495064258575,0.0002639591693878174,-0.06556273996829987,0.04255662113428116,-0.39221587777137756,-0.11866060644388199,0.21524646878242493,0.38898083567619324,-0.02227882109582424,-0.05427519604563713,0.18447019159793854,-0.22925427556037903,-0.8619438409805298,0.06778945028781891,0.138159841299057,0.0074834078550338745,0.2368117868900299,-0.21459516882896423,-0.0434042289853096,-0.1549154818058014,-0.2498018443584442,0.48162102699279785,-0.01147433090955019,-0.11236612498760223,0.11271341890096664,-0.006694629788398743,0.185129314661026,-0.2514297366142273,-0.633730411529541,0.2794387638568878,-0.33794134855270386,0.26670709252357483,-0.06733648478984833,-0.09382367134094238,-0.1968388557434082,-0.07779606431722641,-0.16972926259040833,0.22295884788036346,-0.08969501405954361,0.10003384202718735,0.2544723451137543,-0.2028835266828537,0.5244286060333252,0.09889566898345947,0.047503672540187836,-0.17287394404411316,0.0360509492456913,0.02861989475786686,-0.6174351572990417,0.1421845704317093,0.6663578152656555,-0.16541501879692078,0.09069770574569702,-0.12831954658031464,0.6904513835906982,0.07473678886890411,0.03365432471036911,-0.2930290699005127,0.1685163974761963,-0.044651445001363754,-0.38219255208969116,-0.09831131249666214,-0.23575739562511444,0.3835539221763611,0.1355484127998352,-0.11314741522073746,-0.02361408807337284,0.040990594774484634,-0.0388517826795578,-0.2516854703426361,-0.02028915286064148,-0.14724983274936676,0.09031601250171661,0.10022096335887909,-0.15328431129455566,-0.6876658797264099,-0.0767669528722763,-0.09418918937444687,0.1290852129459381,-0.03915508836507797,0.19036999344825745,-0.3044336438179016
CID000003161,321,0.004847669042646885,-0.013499245047569275,-0.20991113781929016,-0.19672243297100067,0.23566408455371857,0.32267338037490845,-0.20665864646434784,-0.14037321507930756,-0.6753500699996948,-0.19787366688251495,0.11772473156452179,-0.4607398509979248,0.1822109818458557,-0.2896251678466797,0.10143907368183136,-0.17974817752838135,0.1523105800151825,-0.1230839267373085,0.4715546667575836,0.11914235353469849,0.20474112033843994,-0.08125917613506317,-0.29455772042274475,-0.4570063650608063,0.03902849555015564,-0.07912757247686386,0.03163030743598938,-0.00782476644963026,-0.06542300432920456,0.19829989969730377,-0.1727694571018219,0.37924879789352417,0.06926615536212921,0.07265870273113251,-0.7065238952636719,-0.1891549676656723,-0.6175902485847473,-0.22913923859596252,-0.27914732694625854,-0.2908340394496918,-0.07428427785634995,-0.08138219267129898,-0.5180867910385132,0.3047616481781006,0.38427990674972534,0.36968499422073364,0.18224510550498962,-0.014081318862736225,0.12580440938472748,-0.07194088399410248,-0.669281005859375,0.040103569626808167,-0.16866834461688995,-0.34747883677482605,0.5519632697105408,-0.017414284870028496,-0.08393512666225433,-0.08158589899539948,0.9438988566398621,-0.10994094610214233,-0.9681860208511353,0.2644534707069397,-0.1258648931980133,0.44081392884254456,-0.28514736890792847,-0.3106730878353119,-0.048453863710165024,0.38519638776779175,0.21759355068206787,0.174332857131958,-0.4089253842830658,0.07868292927742004,-0.01049741543829441,-0.27389222383499146,0.7928255796432495,0.3018465042114258,-0.12257462739944458,0.43521827459335327,0.2539658844470978,-0.17696192860603333,-0.19853612780570984,-0.2398255169391632,-0.07586463540792465,-0.22376731038093567,0.02086598612368107,-0.07390187680721283,-0.46788063645362854,-0.0495196208357811,0.17760640382766724,0.03727371245622635,-0.07501967996358871,-0.18412932753562927,0.19931288063526154,0.049803804606199265,-0.7770431041717529,0.17150400578975677,-0.1504770964384079,0.38685375452041626,-0.009650287218391895,-0.28235459327697754,0.349791944026947,-0.019692057743668556,-0.05099612474441528,-0.0730791687965393,-0.14803895354270935,-0.056757181882858276,-0.5826326012611389,0.19389283657073975,0.2055058479309082,0.07282891124486923,-0.033410388976335526,0.1257181465625763,0.1155630573630333,0.09720900654792786,0.22358426451683044,-0.07802291214466095,0.006470313761383295,-0.2541292607784271,0.3535631597042084,0.06750450283288956,0.35528308153152466,-0.8798414468765259,-0.08886774629354477,-0.24892917275428772,-0.2798936665058136,0.3479844331741333,0.03499846160411835,0.16928613185882568,0.3954853117465973,0.014986452646553516,-0.20835502445697784,0.24694399535655975,-0.6983214616775513,-0.4125708043575287,-0.3408271372318268,-0.02735426463186741,-0.05138220638036728,-0.2715703547000885,-0.009409427642822266,-0.20525774359703064,0.09321113675832748,0.13591080904006958,-0.1221318393945694,0.03245054557919502,0.010504933074116707,-0.010665582492947578,-0.3722327947616577,0.17219963669776917,0.23533649742603302,-0.2939234673976898,-0.10294322669506073,0.2158716470003128,-0.17159190773963928,-0.003004950936883688,-0.15152926743030548,0.013234605081379414,-0.21056511998176575,-0.41746076941490173,-0.045815370976924896,-0.1213768720626831,0.2064010202884674,-0.006433946080505848,-1.0789196491241455,0.06247727945446968,0.43681544065475464,0.08646400272846222,-0.1791272610425949,0.4011197090148926,-0.23265452682971954,0.08910480886697769,-0.36859068274497986,-0.462200790643692,0.42486295104026794,-0.08330358564853668,0.012526500038802624,-0.12409663200378418,0.2317568063735962,-0.25425878167152405,-0.31819257140159607,-0.008495276793837547,0.29956725239753723,0.3051452040672302,0.4746662676334381,-0.215666264295578,0.1686616837978363,-0.3440377712249756,0.03433089330792427,0.19956424832344055,0.6610909700393677,0.04411528259515762,-0.17834152281284332,-0.3968508243560791,0.08009389787912369,0.2590669095516205,-0.21481916308403015,0.43262577056884766,0.09591507911682129,0.24522905051708221,-0.37065809965133667,0.002252298640087247,0.16568352282047272,0.3036535084247589,0.045864082872867584,0.24253793060779572,0.04910958185791969,0.2514496445655823,-0.23526950180530548,-0.13026456534862518,-0.38788679242134094,-0.11927862465381622,0.08341480791568756,0.23553268611431122,-0.0010564744006842375,0.3353919982910156,-0.019378995522856712,-0.014152529649436474,0.6784539818763733,0.1435638964176178,-0.14912636578083038,0.05184211581945419,-0.06547793000936508,0.07369209825992584,-0.6873227953910828,-0.023635832592844963,0.15664978325366974,-0.01797776110470295,0.017344418913125992,-0.3369024395942688,1.2009912729263306,0.04100055620074272,-0.11514703929424286,-0.2071220427751541,0.11338174343109131,0.031107142567634583,-0.6315499544143677,-0.265435129404068,0.08256179094314575,0.18193860352039337,0.020421624183654785,0.23216089606285095,-0.7299022078514099,-0.058236636221408844,-0.08849456161260605,0.18454357981681824,-0.04873272031545639,-0.5688748359680176,0.24997958540916443,-0.13427594304084778,0.01869174838066101,-0.9416583180427551,-0.1235591396689415,0.4277142882347107,0.48891156911849976,-0.12306156009435654,0.08300940692424774,0.11764545738697052
CID000004409,322,-0.0889359563589096,0.08201657980680466,-0.04321979358792305,-0.08345072716474533,0.6930769681930542,0.3808087706565857,0.1955128014087677,-0.11526034027338028,-0.3316797912120819,-0.14701665937900543,-0.019117439165711403,-0.3289390802383423,0.06181744486093521,-0.14247703552246094,-0.24601659178733826,0.0515834204852581,-0.10547465085983276,-0.0214642696082592,-0.1414123773574829,0.05801592394709587,-0.016264230012893677,0.16684547066688538,-0.01823597215116024,0.08013038337230682,-0.2053111046552658,-0.05560893937945366,0.017222043126821518,0.08636126667261124,0.024528492242097855,0.2514476478099823,-0.006483131553977728,-0.11373144388198853,0.004752042703330517,0.14043880999088287,-0.46458005905151367,0.09978345781564713,-0.3115023970603943,-0.37929767370224,0.24629108607769012,-0.3128308355808258,0.15204885601997375,0.11679179966449738,-0.3010455071926117,-0.11289183050394058,0.2541859745979309,0.1501709222793579,-0.08623143285512924,-0.14826631546020508,0.24651408195495605,-0.05593306943774223,-0.20228269696235657,0.08597370237112045,-0.20261943340301514,-0.36291569471359253,0.05726298689842224,0.03761783987283707,0.05670513957738876,0.0618714764714241,0.15340784192085266,-0.23388858139514923,-0.8966968655586243,-0.1962697058916092,-0.23113951086997986,0.3290104269981384,-0.08467043191194534,0.316487193107605,-0.07963494211435318,0.1338815987110138,0.22209377586841583,0.2105940580368042,-0.07491841167211533,0.11273789405822754,-0.19879387319087982,-0.4257046580314636,0.08931443840265274,-0.18695774674415588,-0.11842111498117447,0.0945572778582573,0.0951509103178978,-0.27528509497642517,-0.23012039065361023,-0.0920836478471756,-0.13990898430347443,-0.250686377286911,-0.06361417472362518,-0.14308422803878784,-0.1270710527896881,-0.21296124160289764,0.5183652639389038,-0.07522831112146378,-0.18333545327186584,-0.2046530693769455,0.004227721597999334,0.01879372075200081,-0.3980240523815155,-0.10509449243545532,-0.3572438657283783,0.6386100053787231,0.22572071850299835,-0.04341946542263031,0.5181867480278015,0.15052567422389984,0.10662229359149933,0.1892520636320114,-0.0969170406460762,-0.014600547961890697,-0.2836305499076843,0.3457757830619812,0.06599785387516022,0.20718708634376526,-0.07992539554834366,-0.16164109110832214,0.31028082966804504,-0.2621074914932251,0.18084397912025452,0.012689495459198952,0.06972766667604446,-0.22623972594738007,0.25542205572128296,-0.0818231850862503,-0.021036777645349503,-0.697235107421875,-0.022837381809949875,-0.20400500297546387,-0.43202200531959534,-0.07252621650695801,-0.1844625622034073,0.3328787386417389,0.28690043091773987,-0.10722657293081284,0.08512639999389648,-0.0721735879778862,-0.37787795066833496,-0.24171748757362366,0.01669934391975403,0.08104825764894485,0.08460648357868195,-0.09228288382291794,0.014668810181319714,-0.013532261364161968,-0.005814475007355213,0.13104863464832306,0.1859653741121292,0.09708236902952194,0.06254251301288605,-0.08461508899927139,0.1569819152355194,0.13449615240097046,-0.05290183424949646,0.27058592438697815,-0.12114493548870087,-0.04570050537586212,0.0420343279838562,0.03376578167080879,0.017628004774451256,-0.129757821559906,0.11108527332544327,-0.16975557804107666,0.17382922768592834,0.03023526631295681,0.06897322833538055,0.026812981814146042,-0.946042537689209,-0.006347483489662409,0.11648410558700562,0.2603166699409485,-0.0911422148346901,0.04929190129041672,0.2894640862941742,0.1488277167081833,-0.0870763286948204,-0.1527770459651947,0.44558724761009216,-0.2027934044599533,-0.1905977725982666,-0.2085619866847992,0.2992554306983948,-0.009918635711073875,-0.4277498126029968,0.06438823789358139,0.2117970883846283,0.15898489952087402,0.01937270164489746,-0.0034238998778164387,-0.06496875733137131,-0.04909520596265793,-0.18529877066612244,0.14539659023284912,0.6077335476875305,-0.28257670998573303,0.05311267822980881,-0.06199611350893974,0.1664326786994934,-0.23482413589954376,-0.1443420797586441,0.4765654504299164,0.19116626679897308,0.012808674946427345,-0.2546020746231079,-0.2041548192501068,-0.1286580115556717,0.4066394865512848,-0.17921897768974304,-0.06955083459615707,-0.025032177567481995,0.25748318433761597,0.10387091338634491,-0.1824585646390915,-0.1408604383468628,-0.08185026794672012,0.09282229840755463,0.2699509859085083,-0.14370565116405487,0.0678635761141777,0.3591759502887726,0.09410010278224945,0.29437559843063354,0.07060468196868896,-0.004160965792834759,-0.1861378252506256,-0.026264209300279617,-0.010339662432670593,-0.550828754901886,0.009123558178544044,0.49844056367874146,0.1690751016139984,0.08249873667955399,-0.27908122539520264,0.5839145183563232,0.0203842930495739,0.32544809579849243,-0.0390099473297596,-0.07021262496709824,-0.05516707897186279,-0.43820977210998535,-0.2007559835910797,0.006626498885452747,0.012071621604263783,0.03321041911840439,-0.263780415058136,0.07612892240285873,-0.03603094816207886,-0.09030245989561081,-0.16771063208580017,-0.1181531772017479,-0.4935479164123535,0.2006881982088089,0.011688900180161,0.1241360455751419,-0.6860861778259277,-0.09121580421924591,0.1730613261461258,0.2493617981672287,0.14125250279903412,-0.056586503982543945,0.08543069660663605
CID000077999,323,-0.14048385620117188,0.0070052980445325375,0.08008025586605072,-0.04568134993314743,0.3742230236530304,0.3444204032421112,-0.017580371350049973,-0.044366199523210526,-0.29889315366744995,-0.20367300510406494,-0.06400290876626968,-0.2632350027561188,0.24655432999134064,-0.20507004857063293,-0.10671987384557724,0.061816513538360596,-0.08542347699403763,0.23913435637950897,0.0039051503408700228,-0.18468785285949707,-0.19821879267692566,0.09336962550878525,0.030122220516204834,-0.072416290640831,0.15285228192806244,-0.15961900353431702,0.1061411127448082,-0.15198011696338654,-0.1269170492887497,0.3380858600139618,-0.0823834091424942,-0.15602168440818787,-0.18364761769771576,-0.03807693347334862,-0.2458544224500656,-0.07092032581567764,-0.13638833165168762,-0.3725469410419464,-0.013686001300811768,-0.11742047220468521,0.15294811129570007,0.0707874670624733,-0.09695787727832794,-0.09523014724254608,0.2214590311050415,-0.10624919086694717,-0.07201335579156876,0.08188209682703018,-0.04978698492050171,-0.1110515221953392,-0.3369584083557129,0.1802949756383896,-0.15781573951244354,-0.16478414833545685,-0.02017279900610447,0.006258049514144659,0.0061612846329808235,-0.2121797502040863,-0.03162947669625282,0.06433489173650742,-0.8351575136184692,0.12686119973659515,-0.34349769353866577,0.11075544357299805,-0.04654160141944885,0.2505049705505371,-0.10328289121389389,0.09352027624845505,0.1325390636920929,0.18127641081809998,-0.1083603948354721,0.17358273267745972,-0.08420854061841965,-0.2847115099430084,-0.02268657647073269,-0.08553777635097504,0.01882326230406761,0.14426015317440033,0.14033280313014984,-0.11285003274679184,-0.20910196006298065,0.1817503720521927,-0.25493988394737244,-0.15939319133758545,-0.027764316648244858,-0.07316985726356506,-0.18713772296905518,0.054628558456897736,0.3359430134296417,-0.10317102819681168,-0.07596472650766373,-0.17409422993659973,-0.1235821470618248,0.0008014164632186294,-0.3893795609474182,0.02374778315424919,-0.23732972145080566,0.3361338973045349,0.34820881485939026,-0.20361480116844177,0.28989163041114807,0.07710279524326324,-0.027674417942762375,0.15383493900299072,-0.13990521430969238,0.12542691826820374,-0.20872001349925995,0.2185860574245453,-0.19910408556461334,0.15527759492397308,0.20950178802013397,-0.007845866493880749,0.5101326107978821,-0.03567903861403465,-0.0773426741361618,-0.15131203830242157,0.03814483433961868,-0.013695399276912212,0.3106294274330139,0.04194898530840874,-0.0028373640961945057,-0.6045902967453003,0.13289940357208252,-0.33664241433143616,-0.476539671421051,0.09628987312316895,-0.05714927986264229,0.36743953824043274,0.3172646760940552,0.09152960777282715,0.01570274867117405,-0.06092778965830803,-0.39375799894332886,-0.26266390085220337,0.0257633738219738,-0.08486725389957428,0.09572640061378479,-0.07665999978780746,-0.031750280410051346,0.1795559823513031,-0.057239413261413574,0.1888364851474762,0.04563543573021889,0.03534481301903725,-0.04447009041905403,-0.03399477154016495,0.08062095940113068,-0.13387435674667358,-0.24590912461280823,0.13206343352794647,-0.1270872801542282,0.20089463889598846,-0.07580895721912384,0.08196119964122772,-0.09318716078996658,0.19598180055618286,-0.16548770666122437,-0.36761683225631714,0.26869717240333557,0.01118994876742363,0.28592562675476074,-0.0075006866827607155,-0.7728234529495239,0.01687384769320488,0.07176318019628525,0.3507212996482849,-0.03485153988003731,-0.10821151733398438,0.3286978006362915,-0.025523003190755844,0.06395886838436127,-0.05961846187710762,0.37959814071655273,-0.06458239257335663,-0.23296017944812775,0.08424454927444458,0.12585732340812683,0.11523564159870148,-0.4639424681663513,-0.1859298050403595,0.294668585062027,0.2854525148868561,0.0027716488111764193,-0.07306421548128128,0.022400492802262306,-0.004372388124465942,-0.39764970541000366,-0.04993727058172226,0.2997274100780487,0.06666401773691177,0.12941107153892517,-0.019108211621642113,-0.12784264981746674,-0.25272780656814575,-0.2876564860343933,0.41479840874671936,0.01826433092355728,0.08915873616933823,-0.09265898168087006,-0.056167326867580414,-0.07819096744060516,0.13251537084579468,-0.1941407024860382,0.15126904845237732,-0.0451650470495224,0.25980985164642334,0.027469247579574585,-0.3259013295173645,-0.029029836878180504,0.22057752311229706,-0.07874064147472382,0.29283806681632996,-0.0222485214471817,0.028751248493790627,0.2626878619194031,-0.1820356696844101,0.31513941287994385,0.1058502197265625,-0.05791996046900749,-0.32815471291542053,0.07915958017110825,-0.08662731200456619,-0.21816185116767883,0.06671157479286194,0.3635140359401703,0.01738632656633854,0.1753046214580536,-0.3016517758369446,0.41583094000816345,-0.01674428954720497,-0.08910243958234787,-0.1656716763973236,-0.031037354841828346,-0.04656132310628891,-0.2875335216522217,-0.24135184288024902,-0.3373766541481018,0.11114945262670517,0.40869489312171936,0.0106827262789011,0.1338430643081665,0.14508213102817535,0.07548011839389801,-0.14315634965896606,-0.10673926770687103,-0.17786221206188202,0.2049279510974884,-0.0506257601082325,0.1767093390226364,-0.5146969556808472,0.19862286746501923,-0.05398501828312874,0.09403495490550995,0.015505189076066017,-0.01155845820903778,-0.2276528775691986
CID000110634,324,-0.0025015033315867186,0.040702980011701584,-0.17001263797283173,-0.036166317760944366,0.22478096187114716,0.2598680853843689,0.016067007556557655,0.07989571988582611,-0.23393583297729492,-0.32641297578811646,-0.0024952292442321777,-0.5801212191581726,0.25583869218826294,-0.24140720069408417,-0.3082197308540344,-0.14287813007831573,-0.03062637709081173,-0.1134367361664772,0.12255396693944931,-0.06394945085048676,0.16404195129871368,0.016268739476799965,-0.10938545316457748,0.12820979952812195,-0.1055528074502945,-0.12395922094583511,0.28962379693984985,-0.0016468733083456755,-0.016343705356121063,0.37592726945877075,-0.2089451551437378,0.2557092607021332,-0.04649929702281952,0.12188391387462616,-0.6631953120231628,-0.06233389303088188,-0.134147047996521,-0.20013830065727234,-0.21356062591075897,0.031814537942409515,-0.03402994945645332,0.11005556583404541,-0.29455268383026123,0.14545956254005432,0.4549020230770111,0.147176131606102,0.09638641774654388,0.023893674835562706,-0.01803215779364109,-0.17536661028862,-0.5559746026992798,0.1295570284128189,-0.3787081837654114,-0.052381791174411774,0.2017686814069748,0.02455713227391243,-0.028434699401259422,-0.1617852747440338,0.4059414863586426,0.15101313591003418,-0.8992609977722168,0.12971703708171844,-0.410988986492157,0.14743056893348694,0.003588709281757474,0.06690651178359985,-0.07552456855773926,0.4214112162590027,0.005720595829188824,0.030422519892454147,-0.012100452557206154,-0.23236116766929626,-0.045484017580747604,0.22189810872077942,0.2534101903438568,0.16345110535621643,0.10893962532281876,0.5098212361335754,0.06422486156225204,-0.09556598961353302,-0.13223738968372345,0.10009902715682983,0.0182095468044281,-0.14638784527778625,-0.07982628047466278,-0.06674522161483765,-0.3141552805900574,0.18019835650920868,0.32667723298072815,-0.034743040800094604,-0.12346073240041733,-0.14333675801753998,0.002269017742946744,-0.15374426543712616,-0.37121647596359253,-0.1275801658630371,-0.09236704558134079,0.15197142958641052,0.14930862188339233,-0.327795147895813,0.15833351016044617,0.15829913318157196,-0.20494608581066132,0.07129808515310287,-0.13296933472156525,-0.013165533542633057,-0.48573198914527893,0.3067921996116638,0.22746820747852325,0.0910959392786026,0.1231846958398819,0.25543081760406494,0.06710474193096161,0.15496651828289032,0.2192119061946869,0.09292717278003693,0.10136978328227997,-0.49015966057777405,0.25372514128685,-0.032324254512786865,0.10532758384943008,-0.7881983518600464,-0.2437705099582672,-0.21377721428871155,-0.25760477781295776,0.2770300507545471,0.12240678071975708,0.26504868268966675,0.21158723533153534,0.012636423110961914,-0.04546649381518364,-0.12630575895309448,-0.5469660758972168,-0.3161027431488037,-0.05399617552757263,-0.008522498421370983,0.22557654976844788,-0.27631881833076477,0.07533548772335052,-0.3227373957633972,-0.10006841272115707,0.03724445402622223,0.22298765182495117,-0.0789865106344223,-0.1834907829761505,-0.059111617505550385,-0.1431264877319336,-0.016053205356001854,0.17241650819778442,0.028530091047286987,0.010586857795715332,-0.01571255922317505,-0.06477396190166473,0.20978084206581116,0.3147849440574646,-0.014037972316145897,-0.10168313980102539,-0.46162065863609314,-0.015292143449187279,0.12106122821569443,-0.045172058045864105,-0.10349758714437485,-0.8658263087272644,0.07099918276071548,0.5343632102012634,0.09634695947170258,-0.14935819804668427,0.08349714428186417,-0.11220429092645645,0.03632766008377075,-0.18934576213359833,-0.20962297916412354,0.38416117429733276,-0.11858958005905151,-0.0995924323797226,-0.03834714740514755,-0.035342440009117126,-0.046651702374219894,-0.3721710443496704,-0.04008694365620613,0.36455050110816956,0.21847283840179443,0.19833698868751526,0.03189893811941147,-0.02796415612101555,0.05123867839574814,-0.1225942000746727,-0.31366395950317383,0.5509479641914368,-0.030182253569364548,0.13849350810050964,-0.2258342206478119,-0.032424189150333405,-0.13638213276863098,-0.2569091022014618,0.2432112991809845,-0.07611629366874695,-0.20918114483356476,-0.35913509130477905,0.20529921352863312,0.04187111184000969,-0.19626805186271667,-0.23914091289043427,-0.009875789284706116,-0.01458883285522461,-0.01699838787317276,-0.05127638578414917,-0.0016809448134154081,-0.4797431528568268,-0.0003800392150878906,0.19447100162506104,0.24036797881126404,-0.08343033492565155,0.0999504029750824,0.10167527198791504,-0.2687227427959442,0.5449120998382568,-0.020332444459199905,-0.0008861959213390946,-0.06970705837011337,-0.004005348775535822,-0.13973796367645264,-0.4969376027584076,-0.05937088653445244,0.33578529953956604,-0.06802346557378769,0.14699527621269226,-0.15053224563598633,0.9543697237968445,0.16694922745227814,-0.08971326053142548,-0.03761593624949455,-0.08732658624649048,0.12728172540664673,-0.4702640473842621,-0.28538647294044495,0.04375099018216133,0.18652884662151337,0.3159288465976715,0.19174835085868835,-0.39015868306159973,-0.14645373821258545,-0.07827362418174744,0.1764349639415741,-0.0829237550497055,-0.0319073460996151,0.07172035425901413,0.020710986107587814,0.2612854838371277,-0.8675051927566528,-0.18429844081401825,0.47039613127708435,0.21431875228881836,-0.10293394327163696,0.039075322449207306,-0.011857819743454456
CID000054841,329,-0.11291199922561646,-0.00826978124678135,0.2557637393474579,0.0018642187351360917,0.3068463206291199,0.4711163640022278,0.0013911724090576172,-0.00855785608291626,-0.259407103061676,-0.18576419353485107,-0.08712208271026611,-0.3532651662826538,0.3123427927494049,-0.23392274975776672,0.19462944567203522,0.039948463439941406,-0.005069300532341003,0.3668646514415741,-0.08818615972995758,0.2412090301513672,-0.3124782145023346,0.10444702953100204,0.09345410019159317,-0.049365051090717316,0.217166468501091,-0.09922575205564499,-0.1560135930776596,0.07192174345254898,-0.05378919094800949,0.3227772116661072,-0.01859978213906288,-0.1293356865644455,-0.1428985893726349,-0.04329828917980194,-0.3444397449493408,-0.19956958293914795,-0.13168051838874817,-0.4008226990699768,-0.036336954683065414,-0.10196373611688614,0.21488741040229797,0.12765786051750183,-0.1135326400399208,-0.3028205335140228,0.2288646697998047,0.16740640997886658,0.19397422671318054,-0.13624340295791626,-0.01036101020872593,-0.0694524496793747,-0.3114038109779358,0.09926071763038635,-0.13329799473285675,-0.1543528139591217,0.04802475869655609,-0.00809535663574934,0.009815307334065437,-0.08054424822330475,-0.08475274592638016,0.0218635443598032,-0.8184105157852173,0.03419014811515808,-0.43733030557632446,0.08872838318347931,0.05646052211523056,0.11895813792943954,-0.39582282304763794,0.04349983483552933,0.07190810143947601,-0.1265251636505127,-0.10935978591442108,-0.15811486542224884,0.18494455516338348,-0.09076817333698273,0.040822215378284454,-0.015053649432957172,0.12173917144536972,0.1560915857553482,0.1411462277173996,0.16372109949588776,-0.3079250156879425,0.07865070551633835,-0.21842536330223083,-0.26654332876205444,-0.15124721825122833,0.037991948425769806,-0.1265893131494522,0.04764769226312637,0.2886802554130554,0.2312360256910324,-0.0009087264770641923,-0.2142067402601242,-0.28649812936782837,0.0894017294049263,-0.3804519772529602,-0.0021142661571502686,-0.1997431516647339,0.377471923828125,0.07745011895895004,-0.23920698463916779,0.265929639339447,-0.011011263355612755,-0.14079061150550842,0.248318150639534,-0.13784758746623993,0.01347053237259388,-0.18525560200214386,0.2106582671403885,0.04905758053064346,0.21399693191051483,0.05657355114817619,0.007207822985947132,0.4504548907279968,-0.12685206532478333,0.10491367429494858,-0.044140104204416275,0.10882049798965454,-0.13919278979301453,0.08359452337026596,0.08360087871551514,-0.1232292652130127,-0.5984102487564087,0.13686826825141907,-0.5170515775680542,-0.4882083833217621,0.14730516076087952,0.034272659569978714,0.3126911520957947,0.2834431231021881,0.08077122271060944,0.25441280007362366,-0.104322649538517,-0.5283340215682983,-0.36742687225341797,0.03329671174287796,-0.011596095748245716,0.3229312300682068,-0.20414872467517853,-0.05132099986076355,0.11506132781505585,-0.15431010723114014,0.22444172203540802,-0.2917937636375427,0.095375657081604,-0.05211344361305237,0.16996991634368896,0.01336601935327053,0.22678498923778534,-0.3413207530975342,0.013420820236206055,-0.09198793023824692,0.11387570202350616,-0.21753692626953125,0.02969900332391262,-0.2647611200809479,-0.07956673204898834,-0.07847437262535095,-0.4482763707637787,0.17041829228401184,0.03368101269006729,0.2525959014892578,0.06794562190771103,-0.8507968187332153,0.06362392008304596,0.14510318636894226,0.293116956949234,-0.04069983586668968,-0.01135876215994358,0.31701669096946716,-0.07179897278547287,0.1251477748155594,0.005750775337219238,0.33033615350723267,-0.2100193053483963,0.13617374002933502,-0.19703397154808044,0.09417234361171722,0.09101296216249466,-0.4323047995567322,-0.006917029619216919,0.18615755438804626,0.33870214223861694,-0.013567142188549042,-0.07028857618570328,0.036787524819374084,-0.1832686960697174,-0.457735151052475,0.03729143738746643,0.30652153491973877,-0.025264108553528786,0.06054798513650894,-0.12457205355167389,0.0593729205429554,-0.12923012673854828,-0.11035047471523285,0.5331261157989502,0.11229988187551498,-0.21894721686840057,0.006986199412494898,0.3163467049598694,-0.0005018472438678145,0.015081542544066906,-0.41873422265052795,0.03995434567332268,-0.077886663377285,0.24082882702350616,-0.027581781148910522,-0.37939709424972534,-0.014301593415439129,0.04023294895887375,-0.035022951662540436,0.3092411160469055,0.035309769213199615,-0.039929844439029694,0.23258206248283386,-0.11282328516244888,0.2681109309196472,0.31119275093078613,0.10474441200494766,-0.22584816813468933,0.07089167833328247,0.11990257352590561,-0.420264333486557,0.07126334309577942,0.5093265175819397,0.021296802908182144,0.1972227543592453,-0.37172096967697144,0.5362476706504822,0.011608680710196495,-0.20057108998298645,-0.20060105621814728,-0.036176957190036774,0.0005412563914433122,-0.2341882884502411,-0.29675349593162537,-0.22966733574867249,0.28265053033828735,0.03225727006793022,-0.05153597146272659,0.07075099647045135,0.18992087244987488,0.12985236942768097,-0.1108945831656456,-0.11698625236749649,-0.19499631226062775,0.3002658188343048,-0.0863940566778183,0.06311928480863571,-0.5422060489654541,0.0875304639339447,-0.028333593159914017,0.03297458589076996,-0.11984343826770782,0.14878657460212708,-0.1927931308746338
CID005329102,330,0.09513399004936218,0.14526908099651337,-0.039345692843198776,0.11546800285577774,0.25475579500198364,0.2595742344856262,0.3247569501399994,-0.15671905875205994,-0.1978175938129425,-0.19970223307609558,0.15254317224025726,-0.5595329999923706,0.3856186270713806,-0.24628272652626038,-0.20151987671852112,-0.16323336958885193,-0.03341725841164589,-0.1551201194524765,0.1571630835533142,-0.07545064389705658,0.49780741333961487,-0.18230807781219482,-0.1565057337284088,-0.323393851518631,0.015743425115942955,-0.17435647547245026,0.2774198055267334,0.026030514389276505,-0.001024942146614194,0.4547599256038666,-0.2208220660686493,0.29834994673728943,0.06704304367303848,-0.01712932623922825,-0.7702223062515259,0.16447696089744568,-0.07550113648176193,-0.33872902393341064,-0.35615140199661255,-0.04948477819561958,0.1373947560787201,0.10046648979187012,-0.42830371856689453,0.21661365032196045,0.5516728162765503,0.058730147778987885,0.04186286777257919,0.18260495364665985,0.20215654373168945,-0.19459085166454315,-0.6749833822250366,-0.06680905073881149,-0.36410990357398987,-0.010138710960745811,0.1279895007610321,-0.18535959720611572,0.01856517791748047,-0.0741310566663742,0.4075120985507965,0.013212233781814575,-0.9402285814285278,0.1578185111284256,-0.456989586353302,-0.011184980161488056,-0.19504690170288086,0.13227969408035278,-0.16618356108665466,0.4667624533176422,0.10461412370204926,0.11034595966339111,-0.26048848032951355,-0.02309032715857029,-0.08205731213092804,0.17321808636188507,0.37314361333847046,0.11750759929418564,0.19311077892780304,0.3960246443748474,-0.12277315557003021,-0.14728769659996033,-0.09080342948436737,-0.004404628183692694,0.0966971293091774,0.15716297924518585,-0.16983626782894135,0.08135031163692474,-0.21618075668811798,0.01770390197634697,0.421482652425766,-0.05277102440595627,0.06825099140405655,0.03618834167718887,0.1643582582473755,-0.0720565989613533,-0.5051311254501343,-0.05712356045842171,-0.044541530311107635,0.06576508283615112,0.18512992560863495,-0.2519581615924835,0.28761154413223267,-0.01212317030876875,-0.22042003273963928,0.2563115954399109,-0.12487100064754486,-0.059718988835811615,-0.47213730216026306,0.136962890625,0.00780719518661499,0.10153009742498398,0.21867099404335022,0.1417175531387329,0.15569795668125153,0.20915158092975616,0.21524791419506073,-0.0015877187252044678,-0.08151726424694061,-0.586591362953186,0.2668069303035736,0.06378732621669769,0.021313726902008057,-0.890677273273468,0.04431634396314621,-0.031293973326683044,-0.42896732687950134,0.08651189506053925,0.22579559683799744,0.4487206041812897,0.13771584630012512,0.1527012288570404,0.03419778496026993,-0.16632819175720215,-0.6133826971054077,-0.3068205416202545,0.16367372870445251,0.00710437074303627,0.19819146394729614,-0.43957462906837463,-0.031216662377119064,-0.15167176723480225,-0.21553325653076172,-0.04192343354225159,0.09168335795402527,-0.21361461281776428,-0.2897365093231201,-0.08153930306434631,-0.28171128034591675,-0.00740886852145195,0.46098247170448303,-0.08446018397808075,0.04690553620457649,0.44939732551574707,-0.1290818601846695,0.1953672170639038,0.19198794662952423,-0.02724551036953926,-0.12241493165493011,-0.4080679416656494,-0.11863408982753754,0.2822780907154083,-0.07222659140825272,-0.042568452656269073,-0.8851378560066223,-0.05739123746752739,0.6505923867225647,0.17507304251194,-0.20017750561237335,0.19272497296333313,0.0768120139837265,-0.03992020711302757,-0.18707993626594543,-0.26269397139549255,0.27608722448349,-0.01825197972357273,-0.017667468637228012,0.08389904350042343,0.27603763341903687,-0.0509757399559021,-0.4841851592063904,0.21275293827056885,0.3053625226020813,0.2749854326248169,0.016254836693406105,-0.13930197060108185,-0.059191398322582245,-0.20274707674980164,-0.19521328806877136,-0.05984903499484062,0.6748784780502319,0.10711498558521271,0.041406452655792236,-0.5494041442871094,-0.019652748480439186,-0.09782733023166656,-0.14884284138679504,0.222687765955925,-0.024869302287697792,-0.05052315071225166,-0.28205594420433044,0.06336808204650879,-0.04279668629169464,-0.14628355205059052,-0.29813724756240845,-0.02246355637907982,-0.06542693078517914,-0.0011427908902987838,0.00650398712605238,-0.058250557631254196,-0.5271921753883362,-0.016031336039304733,0.2597826421260834,-0.17486080527305603,-0.13719940185546875,-0.02359367348253727,0.058370448648929596,-0.06965932995080948,0.6097681522369385,0.08323556929826736,0.20374569296836853,0.058869194239377975,-0.09339357912540436,-0.06602391600608826,-0.5542181730270386,-0.15789489448070526,0.19872191548347473,-0.190262570977211,0.26248598098754883,0.04996419697999954,1.0261222124099731,0.05311417579650879,-0.13940274715423584,-0.06995664536952972,0.07004489004611969,0.019230525940656662,-0.45596104860305786,-0.14381499588489532,-0.14082643389701843,0.20834577083587646,0.2739413380622864,0.10243264585733414,-0.3001542389392853,-0.058882176876068115,0.10432696342468262,-0.05275215953588486,0.17374864220619202,-0.13787873089313507,0.09214834868907928,0.05914502590894699,0.268048495054245,-0.9962340593338013,0.08659221231937408,0.6434714198112488,0.3057323396205902,0.14985023438930511,0.06961460411548615,-0.1573362648487091
CID000059708,331,0.06513556838035583,0.05561474710702896,-0.07406250387430191,0.09486906230449677,0.42285165190696716,0.45264047384262085,-0.18206699192523956,0.2998243272304535,-0.14256832003593445,-0.10230138152837753,0.26575803756713867,-0.5768251419067383,0.12476801872253418,-0.11883310973644257,0.0046416642144322395,0.07282067835330963,0.09798596054315567,0.1783251166343689,-0.21257686614990234,-0.28958946466445923,0.3812990188598633,-0.24079668521881104,0.10937370359897614,-0.22671222686767578,0.2553994953632355,-0.002956609707325697,0.007214200682938099,-0.11753828823566437,-0.08592402935028076,0.8398828506469727,0.04991175979375839,-0.1877051740884781,0.2192373275756836,0.07233487069606781,-0.3111822009086609,-0.19867341220378876,-0.2251274287700653,-0.3639901876449585,-0.020051848143339157,0.44699764251708984,0.12903182208538055,-0.2518331706523895,-0.06831119954586029,-0.14175046980381012,0.4210987687110901,-0.1918063908815384,0.14496849477291107,0.018743300810456276,-0.1775289922952652,0.11935536563396454,-0.5112553238868713,0.20975038409233093,-0.19303938746452332,-0.6397958993911743,-0.14527884125709534,0.022463373839855194,0.28190192580223083,0.219893217086792,0.44274935126304626,-0.10847516357898712,-0.6672905087471008,-0.0626458153128624,-0.12911486625671387,-0.12657172977924347,-0.0838911384344101,0.20191442966461182,-0.3540710210800171,-0.09508098661899567,-0.01484563946723938,0.006787472870200872,-0.33878159523010254,0.2491377294063568,-0.018402738496661186,-0.1410156786441803,0.2739107608795166,-0.08910654485225677,-0.15550974011421204,0.5196647047996521,0.3628612458705902,-0.034470971673727036,-0.2730220854282379,0.12933747470378876,-0.0012736916542053223,-0.01936311647295952,0.0320185087621212,0.0984315499663353,-0.2905077338218689,0.17485873401165009,0.4593873918056488,0.003807640168815851,-0.0832003802061081,-0.09706860780715942,0.2349495142698288,0.19647790491580963,-0.6188050508499146,-0.13630156219005585,-0.3064432740211487,0.2359728366136551,0.04318549111485481,-0.14001350104808807,0.4209471642971039,-0.17400848865509033,0.04385910555720329,0.23045770823955536,-0.26511484384536743,-0.18975940346717834,-0.6110078692436218,0.41065269708633423,-0.05466070771217346,0.3274275064468384,-0.019579630345106125,-0.01305426936596632,0.24522721767425537,-0.03632330521941185,0.10847917944192886,-0.21539287269115448,0.11135749518871307,-0.42050090432167053,0.32897043228149414,-0.03174711763858795,-0.06288518756628036,-0.5420256853103638,0.2147439420223236,-0.7646471261978149,-0.31896764039993286,0.07552651315927505,0.09873273968696594,0.3199308514595032,-0.003939503338187933,0.040181729942560196,-0.14928820729255676,0.02416190132498741,-0.5689162611961365,-0.4182819426059723,-0.04902302473783493,-0.46612343192100525,0.5026818513870239,-0.5216869115829468,0.22560663521289825,-0.18927094340324402,0.0733005553483963,0.22242669761180878,-0.1806756854057312,-0.08758733421564102,-0.0396256148815155,-0.04195445775985718,0.3259531855583191,-0.25058531761169434,0.32506000995635986,-0.3620610237121582,0.07562848925590515,0.06041526794433594,-0.3293907940387726,-0.031443968415260315,-0.029338616877794266,0.0096678975969553,-0.052239079028367996,-0.7038135528564453,0.1604272872209549,-0.10962770879268646,-0.24409370124340057,0.0922696590423584,-0.8367336392402649,0.038784779608249664,0.41877564787864685,0.29070669412612915,-0.15705981850624084,-0.16617070138454437,0.17344790697097778,0.08609599620103836,-0.09872283786535263,0.03782547637820244,0.5154945850372314,0.03892023116350174,0.04323689267039299,0.18514570593833923,-0.20738136768341064,0.043264441192150116,-0.6890775561332703,-0.06129477173089981,0.3923315107822418,0.23067113757133484,-0.13596543669700623,-0.0839216411113739,-0.22443898022174835,-0.16003938019275665,-0.27128368616104126,0.026973849162459373,0.5735464096069336,0.007523878011852503,-0.000580346561037004,-0.601249098777771,-0.0515531525015831,-0.4808538556098938,-0.1514926254749298,0.6348849534988403,0.005374589469283819,0.02488146349787712,-0.3015778958797455,-0.01538021583110094,-0.14737200736999512,0.0725637674331665,-0.46027636528015137,0.14929482340812683,0.03659018874168396,0.4184189438819885,-0.3129446804523468,-0.2006620615720749,-0.35386091470718384,0.31893211603164673,-0.06567023694515228,-0.1502712070941925,0.027222102507948875,-0.07662492990493774,0.3770206570625305,-0.019782546907663345,0.5260993838310242,-0.18046648800373077,0.005513632204383612,-0.15746638178825378,-0.25934991240501404,0.016041506081819534,-0.5351916551589966,0.09959825128316879,0.2294650375843048,0.07564796507358551,0.07372444123029709,-0.558082640171051,0.6860969662666321,-0.25204625725746155,-0.15399573743343353,-0.2122999131679535,-0.2046859711408615,-0.008779434487223625,-0.6009492874145508,-0.23975548148155212,-0.15073153376579285,0.19532795250415802,0.1793403923511505,-0.0696120336651802,-0.3246566355228424,0.032761894166469574,-0.07947736978530884,-0.0974193662405014,-0.016879865899682045,-0.558223307132721,0.1807660013437271,0.1636844128370285,0.36904168128967285,-0.5856446027755737,0.17989780008792877,-0.19847576320171356,0.3057398498058319,0.0582827553153038,-0.021470611914992332,-0.18009883165359497
CID000004200,332,-0.057275108993053436,0.06515096127986908,-0.13517414033412933,-0.2547057867050171,0.2782711386680603,0.3596767485141754,-0.0995701402425766,-0.27504435181617737,-0.5735729932785034,-0.13030461966991425,0.12340931594371796,-0.4525114893913269,0.12304842472076416,-0.20141379535198212,0.22940054535865784,-0.12338560819625854,0.1297895312309265,-0.08416979014873505,0.36880162358283997,-0.0031386851333081722,0.37524884939193726,-0.25341418385505676,-0.26249510049819946,-0.44024792313575745,0.07459989935159683,-0.01782582886517048,-0.00726286182180047,0.050892483443021774,-0.0803644210100174,0.2783922553062439,-0.17700175940990448,0.49089616537094116,0.1804717779159546,-0.026633799076080322,-0.7489162683486938,-0.10709031671285629,-0.5004438757896423,-0.19319438934326172,-0.30132538080215454,-0.3803297281265259,-0.09804679453372955,-0.004881566856056452,-0.5731288194656372,0.21708853542804718,0.42170172929763794,0.23705101013183594,0.05384782701730728,0.12140128761529922,0.16737627983093262,-0.14644961059093475,-0.7960323095321655,-0.11771265417337418,-0.26273828744888306,-0.2686960995197296,0.5207909345626831,-0.030515531077980995,-0.06275208294391632,-0.2017066776752472,0.7870523929595947,-0.19428667426109314,-1.074838638305664,0.2032904326915741,-0.09839534759521484,0.4056980609893799,-0.34683957695961,-0.22977812588214874,-0.07304293662309647,0.39907941222190857,0.1983538269996643,0.1257200986146927,-0.5024925470352173,0.07051961123943329,-0.0706864446401596,-0.2769473195075989,0.7637958526611328,0.2670583426952362,-0.056363292038440704,0.43698567152023315,0.05169469118118286,-0.13923180103302002,-0.12871108949184418,-0.18806889653205872,-0.04799855872988701,-0.18504346907138824,-0.009167280979454517,-0.017330992966890335,-0.4719427227973938,-0.10492036491632462,0.20011372864246368,-0.0849991887807846,0.05828286334872246,-0.015557038597762585,0.21016936004161835,0.08545851707458496,-0.7718649506568909,0.05744797736406326,-0.17486092448234558,0.33035895228385925,-0.027193855494260788,-0.2736026644706726,0.4228507876396179,-0.044744204729795456,0.048911064863204956,0.06888756901025772,-0.10672291368246078,-0.12363195419311523,-0.5538156628608704,0.17641207575798035,0.09950725734233856,0.07167039066553116,-0.11084133386611938,0.15912151336669922,0.2968568205833435,0.14089450240135193,0.35850420594215393,-0.22596201300621033,-0.015173536725342274,-0.2318969964981079,0.25173911452293396,0.04928286373615265,0.37208637595176697,-0.9188556671142578,-0.051801204681396484,-0.18321546912193298,-0.2602757513523102,0.31153130531311035,-0.008508267812430859,0.1590903103351593,0.33265000581741333,0.04356060177087784,-0.15592162311077118,0.27974939346313477,-0.6878010630607605,-0.3990698754787445,-0.22208409011363983,-0.02806229516863823,0.07017014920711517,-0.4093090891838074,-0.09052903950214386,-0.12898921966552734,-0.023123348131775856,0.10405862331390381,-0.24843955039978027,-0.008214404806494713,-0.0011146843899041414,0.023228047415614128,-0.3484390377998352,0.1290980875492096,0.33881765604019165,-0.3242313265800476,-0.09432261437177658,0.3240266442298889,-0.2167719304561615,0.06070271134376526,-0.18302902579307556,0.03479888662695885,-0.17481425404548645,-0.4150274395942688,-0.08486580848693848,-0.04506305977702141,0.2977892756462097,-0.016697179526090622,-1.0325393676757812,0.07531367242336273,0.4836057722568512,0.16610103845596313,-0.14622870087623596,0.37863391637802124,-0.16353818774223328,0.07861922681331635,-0.25749093294143677,-0.38295987248420715,0.41610875725746155,0.020588111132383347,-0.02606457844376564,0.021474163979291916,0.2706244885921478,-0.17025628685951233,-0.35921090841293335,0.08666986227035522,0.31458035111427307,0.41952982544898987,0.47957244515419006,-0.2538740038871765,0.06459950655698776,-0.3081679940223694,-0.07467040419578552,0.21558663249015808,0.8153243064880371,0.038952719420194626,-0.23323111236095428,-0.40390434861183167,0.020388424396514893,0.3397338092327118,-0.13527575135231018,0.32312923669815063,0.04395795986056328,0.25028616189956665,-0.3410301208496094,-0.038904182612895966,0.05703826621174812,0.27052807807922363,-0.16896629333496094,0.1993112713098526,-0.03676518797874451,0.13974380493164062,-0.16607928276062012,-0.20285658538341522,-0.45596104860305786,-0.09850724786520004,0.21826569736003876,0.09400568157434464,0.007485426962375641,0.1454223245382309,-0.16157110035419464,0.11889234930276871,0.7115872502326965,0.1305147111415863,0.11282978951931,0.06102505326271057,-0.10732100903987885,0.015161260962486267,-0.6654689908027649,-0.046712689101696014,0.18426723778247833,0.06543068587779999,0.003475284669548273,-0.36498114466667175,1.1336033344268799,0.07752715051174164,0.1467289924621582,-0.1384471207857132,0.24477970600128174,-0.040746934711933136,-0.6291767358779907,-0.2316804826259613,-0.05919110029935837,0.04736042395234108,-0.004074910189956427,0.18428447842597961,-0.5530908703804016,-0.009653928689658642,-0.10265874862670898,-0.07680998742580414,-0.018077557906508446,-0.506504237651825,0.16093459725379944,-0.15093722939491272,0.06708328425884247,-1.0864745378494263,-0.06193804740905762,0.4479212760925293,0.5760146975517273,-0.16281023621559143,-0.015970584005117416,0.09378920495510101
CID000002187,333,-0.08141191303730011,0.04711869731545448,-0.15517428517341614,-0.2253982126712799,0.46890634298324585,0.3139570951461792,0.1808149516582489,-0.06847909837961197,-0.23349007964134216,-0.04504338279366493,0.06327720731496811,-0.40838155150413513,0.01146537996828556,-0.2825387418270111,0.17239989340305328,0.040131889283657074,-0.03185702860355377,-0.05113256722688675,0.028850829228758812,0.034068454056978226,0.3317264914512634,0.2392311841249466,-0.057816796004772186,0.09866960346698761,-0.18709799647331238,0.05782673507928848,-0.2171103060245514,0.1123395711183548,-0.011757740750908852,0.15916672348976135,-0.06735846400260925,-0.2726725935935974,0.05956777185201645,0.026534736156463623,-0.6660152077674866,0.06605126708745956,-0.3161911070346832,-0.20452001690864563,-0.059473566710948944,-0.16841191053390503,0.06639807671308517,-0.10686270892620087,-0.318958044052124,-0.19571620225906372,0.10366374254226685,0.21185532212257385,-0.1217464953660965,0.1023486852645874,0.14901332557201385,-0.12256194651126862,-0.12099313735961914,-0.01159096322953701,-0.034528568387031555,-0.15526282787322998,0.07431818544864655,-0.0026369565166532993,-0.08684369176626205,0.08837837725877762,0.2943808138370514,-0.1466904878616333,-0.9403058290481567,-0.1911313235759735,-0.13305546343326569,0.34616202116012573,-0.01731920801103115,0.1571010947227478,-0.07156842201948166,0.19035978615283966,0.06693366914987564,0.23310795426368713,-0.14018552005290985,0.19561047852039337,0.015284031629562378,-0.21322552859783173,0.17165209352970123,-0.10561510175466537,-0.17441825568675995,-0.07869620621204376,0.04969548061490059,-0.0772535502910614,-0.23331370949745178,0.03160865232348442,-0.1301630437374115,-0.04699642211198807,-0.20024371147155762,-0.15586188435554504,-0.1314958781003952,-0.2507675290107727,0.5660158395767212,-0.16057610511779785,-0.13615666329860687,0.050201840698719025,0.038887374103069305,0.05870404839515686,-0.5091422200202942,0.09724029898643494,-0.1391412615776062,0.3686508536338806,0.04516806825995445,-0.22950959205627441,0.44203004240989685,0.2327725887298584,-0.03607228398323059,-0.04641929268836975,-0.13860073685646057,0.08062564581632614,-0.4797203540802002,0.2902352213859558,0.10174822807312012,0.13437357544898987,-0.10133800655603409,0.23710501194000244,0.2250705510377884,-0.0868990570306778,0.24399180710315704,0.28565743565559387,-0.011491579003632069,-0.29902273416519165,0.15620289742946625,0.1179770827293396,-0.054835330694913864,-0.7142004370689392,0.04865153878927231,-0.08496910333633423,-0.4346372187137604,-0.046438850462436676,-0.18647441267967224,0.3027257025241852,0.12275397777557373,-0.19548816978931427,-0.09372717887163162,0.009997776709496975,-0.4881036877632141,-0.3277791142463684,-0.02098340354859829,-0.025332510471343994,0.14635403454303741,-0.01635328307747841,0.016860872507095337,-0.0907726138830185,0.05032212287187576,0.09776189923286438,-0.30688056349754333,0.03866203874349594,0.1437074840068817,-0.175803080201149,0.11628295481204987,-0.004742679186165333,0.23224954307079315,0.2645677626132965,-0.16956059634685516,-0.1247246116399765,0.15615907311439514,0.014052271842956543,0.032917045056819916,-0.16115377843379974,0.02528616227209568,-0.18063683807849884,-0.007116047199815512,0.180322527885437,0.013866777531802654,0.07556353509426117,-0.9856317639350891,-0.01387349795550108,0.2604779303073883,0.2298056185245514,-0.28194913268089294,-0.06091576814651489,0.13056276738643646,0.22388975322246552,-0.297403484582901,-0.1526491641998291,0.37654179334640503,-0.15357835590839386,-0.10446808487176895,0.03055707737803459,0.23052716255187988,0.1923179179430008,-0.37462007999420166,0.010163456201553345,0.2131728231906891,0.18504765629768372,0.05195898562669754,0.0866723507642746,-0.0889238715171814,-0.010590518824756145,-0.24153967201709747,0.2258019894361496,0.7318992614746094,-0.19932234287261963,0.2186088263988495,-0.2400171309709549,-0.02908567525446415,-0.1503962278366089,-0.0829693078994751,0.40890273451805115,0.05884721875190735,-0.004585248418152332,-0.3255130350589752,-0.24634404480457306,-0.07159215956926346,0.09015409648418427,-0.183718740940094,0.08023875206708908,-0.23198148608207703,0.32410305738449097,0.17225587368011475,0.044373948127031326,0.02820383943617344,-0.0037270658649504185,0.1963200867176056,0.018268132582306862,-0.06957179307937622,0.05506541579961777,0.2514199912548065,0.1666286289691925,0.40545377135276794,0.002901411149650812,-0.11116544157266617,-0.21279816329479218,-0.07808380573987961,-0.04266279935836792,-0.5926791429519653,0.10600994527339935,0.22830507159233093,-0.14986559748649597,0.13566097617149353,-0.13178367912769318,0.7965841293334961,0.11169068515300751,-0.07077063620090485,0.032393358647823334,-0.10243047773838043,-0.051616471260786057,-0.6089795827865601,-0.11592213064432144,0.07477839291095734,0.0749804750084877,0.006699259392917156,0.023025089874863625,-0.27252641320228577,-0.10971088707447052,-0.05777355283498764,0.24054042994976044,-0.07880333811044693,-0.3743419051170349,0.14329883456230164,-0.13558289408683777,-0.16173958778381348,-0.7745144367218018,0.06341507285833359,0.22890940308570862,0.3988109230995178,0.09304835647344589,0.0438564196228981,0.20144085586071014
CID000003749,334,-0.16804254055023193,0.04162289947271347,0.20293839275836945,-0.11819928884506226,0.10722760856151581,0.28311675786972046,0.02193891629576683,0.0018512100214138627,-0.11822137981653214,-0.3401634097099304,0.06890268623828888,-0.3287309408187866,0.2908689081668854,-0.23127469420433044,-0.224732905626297,-0.07448814809322357,0.02293730527162552,0.20237025618553162,0.15797249972820282,0.10450931638479233,-0.15881659090518951,-0.035392388701438904,0.03044602833688259,-0.07539983093738556,0.09981495887041092,-0.07008558511734009,0.15500955283641815,0.05003591254353523,-0.001079405890777707,0.2442699372768402,-0.13700856268405914,0.09710890054702759,-0.11158772557973862,-0.024950647726655006,-0.36185306310653687,-0.07931698858737946,-0.021173842251300812,-0.25864607095718384,-0.15821030735969543,-0.1337595134973526,0.22862601280212402,0.19861949980258942,-0.2169843465089798,-0.1564731001853943,0.353721022605896,0.01790633425116539,0.090121790766716,0.14004677534103394,0.01784222200512886,-0.16922414302825928,-0.37752097845077515,0.18252073228359222,0.02677394449710846,0.0602605827152729,0.05428323149681091,0.000920903286896646,0.06116382032632828,-0.00816487055271864,0.03192179650068283,0.024507861584424973,-0.761193573474884,0.11953719705343246,-0.3773353695869446,-0.035478007048368454,0.011482891626656055,0.16801495850086212,-0.1179443746805191,0.14114335179328918,0.12062893062829971,-0.07289260625839233,-0.006680137012153864,0.0062364935874938965,-0.040524713695049286,-0.12085215747356415,0.02418973669409752,0.09978862851858139,0.10496573150157928,0.33326470851898193,-0.04022131487727165,0.043385591357946396,-0.10337892919778824,-0.010817784816026688,-0.2673303484916687,-0.16789135336875916,-0.22169193625450134,0.08832681179046631,-0.2582307755947113,-0.17325296998023987,0.21757540106773376,-0.04308048635721207,0.15721437335014343,-0.268106073141098,-0.06918694078922272,-0.02403785102069378,-0.3612005114555359,-0.09542424231767654,-0.26267069578170776,0.1495324671268463,0.30676087737083435,-0.3516465425491333,0.22820213437080383,0.2193191796541214,-0.07644662261009216,-0.15864750742912292,-0.21426598727703094,0.10313024371862411,-0.22799082100391388,0.2412898987531662,0.009035256691277027,0.137239009141922,0.2529396712779999,0.06763219088315964,0.2744777798652649,0.03604837507009506,-0.05676786229014397,-0.09113749861717224,0.2173272669315338,-0.13246627151966095,0.19157367944717407,0.054888587445020676,0.0011292785638943315,-0.6409196257591248,-0.27521803975105286,-0.22102013230323792,-0.37285116314888,0.027820179238915443,0.01875358447432518,0.3070983588695526,0.3191205859184265,0.08604570478200912,0.13538190722465515,-0.10807788372039795,-0.46249914169311523,-0.2337869107723236,0.0058336458168923855,-0.012917195446789265,0.12618139386177063,-0.12715382874011993,-0.031358055770397186,0.007666462566703558,-0.1237780898809433,0.12367790937423706,0.18473203480243683,-0.06616601347923279,-0.05497484654188156,0.005520084407180548,0.021648675203323364,-0.0027685866225510836,-0.08547365665435791,-0.058901719748973846,-0.037062112241983414,0.12875118851661682,-0.03980819135904312,0.11389579623937607,-0.0006473303074017167,-0.025645703077316284,-0.22971698641777039,-0.277924507856369,0.1748713105916977,-0.10523339360952377,0.26257941126823425,0.06003308296203613,-0.7506995797157288,0.009690901264548302,0.23541465401649475,0.2530309557914734,-0.14542698860168457,-0.073603056371212,0.14183448255062103,-0.08369550853967667,0.10465233027935028,-0.06133543327450752,0.3249548375606537,-0.040505990386009216,0.017074191942811012,0.10398495197296143,0.16153280436992645,0.10167988389730453,-0.4517756402492523,-0.07961027324199677,0.19841957092285156,0.2968572676181793,0.07724232971668243,0.053897060453891754,-0.027933234348893166,-0.04020457714796066,-0.2309669554233551,-0.09184753894805908,0.4327169358730316,0.10641433298587799,0.16058069467544556,-0.21680434048175812,-0.017404776066541672,-0.1460513174533844,-0.11855532974004745,0.3717072308063507,0.04773929342627525,-0.036758650094270706,-0.0758594498038292,0.15366818010807037,0.060047902166843414,0.0113978898152709,-0.11615495383739471,0.19594743847846985,-0.03629531338810921,0.12087567150592804,-0.00011988580081379041,-0.16584385931491852,-0.25918832421302795,-0.061958469450473785,0.0784807950258255,0.21884222328662872,-0.09240976721048355,0.033208053559064865,-0.027174169197678566,0.0991135910153389,0.31719404458999634,0.1813688725233078,0.18063847720623016,-0.22593751549720764,-0.0179875660687685,-0.09266982972621918,-0.33477583527565,0.11605695635080338,0.36347073316574097,0.030887294560670853,0.32786744832992554,-0.1760633885860443,0.5116236805915833,0.19381308555603027,-0.07091303169727325,-0.17649808526039124,-0.21933285892009735,-0.003211208386346698,-0.3419525623321533,-0.20234528183937073,-0.095463328063488,0.05902516841888428,0.26362723112106323,0.04169248044490814,-0.026317719370126724,-0.06007189676165581,0.2145695686340332,-0.09545307606458664,-0.06809549033641815,-0.039916448295116425,0.09998253732919693,-0.029830629006028175,0.19050993025302887,-0.5828213095664978,-0.106528639793396,0.0780356377363205,0.060423046350479126,-0.037625450640916824,-0.06411582976579666,-0.18489012122154236
CID000001071,335,-0.2037341296672821,-0.14098648726940155,0.012526785023510456,-0.014952677302062511,0.3015180230140686,0.5742399096488953,-0.04473049193620682,0.13520514965057373,-0.48819151520729065,-0.23258355259895325,-0.1171422004699707,-0.2798476219177246,0.2122066468000412,-0.23834601044654846,0.08046381175518036,-0.028366338461637497,0.09640637040138245,-0.31365135312080383,0.17290519177913666,-0.38019782304763794,0.03883323073387146,0.10055182129144669,0.002523507224395871,-0.077486053109169,-0.2467505931854248,-0.04161245748400688,0.05517692118883133,-0.10657788813114166,-0.1300291121006012,0.5867280960083008,-0.07494422048330307,0.19335322082042694,-0.19957235455513,0.14722970128059387,-0.2185441255569458,0.015784667804837227,-0.31543105840682983,-0.20546308159828186,-0.1744224727153778,0.1599128693342209,0.456038236618042,0.055685896426439285,-0.4146541953086853,-0.08340875059366226,0.5263656377792358,0.14435559511184692,0.04801654815673828,-0.09537380933761597,-0.32799679040908813,-0.11314103752374649,-0.3830760419368744,0.17518684267997742,-0.28046536445617676,-0.15805354714393616,0.20621807873249054,0.03444433957338333,0.20938439667224884,-0.14635565876960754,0.37809938192367554,0.29456421732902527,-0.6736689805984497,0.07679980993270874,-0.2784460783004761,0.20059292018413544,0.0925292819738388,-0.2609000504016876,-0.22147007286548615,0.14657427370548248,-0.11432264000177383,-0.0872560366988182,-0.6771979928016663,-0.3179742097854614,0.28440672159194946,-0.505323588848114,0.30880337953567505,-0.17920325696468353,-0.07944820821285248,0.23998872935771942,-0.1389187127351761,0.24248091876506805,-0.13540183007717133,0.08378459513187408,-0.447185754776001,-0.2724127173423767,0.27566105127334595,-0.15226368606090546,-0.2065180242061615,0.22766979038715363,0.47332683205604553,0.12935256958007812,-0.35395151376724243,-0.3260321617126465,0.18354396522045135,-0.06926515698432922,-0.5862303972244263,0.00010007023956859484,-0.09199289232492447,0.32158100605010986,0.3131234049797058,-0.2828527092933655,0.3241303563117981,0.045402102172374725,-0.1464402973651886,0.012121284380555153,-0.36647725105285645,-0.00020609497732948512,-0.30343300104141235,0.032208286225795746,-0.061321258544921875,0.18243913352489471,-0.18077591061592102,0.1565183699131012,0.5094526410102844,-0.060023993253707886,0.1443926990032196,0.10174335539340973,-0.0578714981675148,-0.4694277346134186,0.2243257313966751,-0.11285491287708282,0.06158464029431343,-0.627883791923523,-0.024110371246933937,-0.2861703038215637,-0.821384072303772,0.19017577171325684,0.05666681379079819,0.7164680361747742,0.22177116572856903,-0.1995721161365509,0.0830693319439888,-0.07126959413290024,-0.4646511673927307,-0.4369994103908539,-0.17694224417209625,-0.17590296268463135,0.18914593756198883,-0.4575945734977722,-0.05542280524969101,-0.10127929598093033,0.09637008607387543,0.03838413208723068,-0.014530899934470654,0.08922048658132553,0.015392700210213661,-0.2571052610874176,-0.013202610425651073,-0.18735027313232422,0.06990286707878113,0.12010600417852402,-0.11450223624706268,0.0831882506608963,0.09945379197597504,-0.02156936749815941,0.1573065221309662,0.1338978260755539,0.14719687402248383,-0.5631921887397766,-0.0231306254863739,-0.13256962597370148,0.1816154420375824,0.1013106107711792,-0.8678673505783081,-0.1965818852186203,0.3987097144126892,0.2561472952365875,-0.28854939341545105,-0.09913186728954315,0.4535192549228668,-0.04189527779817581,-0.2473829686641693,-0.04164841026067734,0.3174082636833191,-0.1425536423921585,-0.029865944758057594,-0.1215609461069107,-0.1827940195798874,0.07925835996866226,-0.1841208040714264,-0.13063287734985352,0.23562034964561462,0.32373136281967163,0.18839789927005768,0.1125778928399086,-0.2706305682659149,-0.2139669954776764,-0.3600269854068756,-0.11822718381881714,0.48579245805740356,0.0785888209939003,0.05534201115369797,-0.3630446791648865,0.02932853437960148,0.010630329139530659,-0.06871305406093597,0.3845207095146179,-0.14424748718738556,-0.22035673260688782,-0.09255053102970123,0.17907801270484924,0.125625342130661,0.5566520094871521,-0.297406941652298,0.13867273926734924,-0.005820029880851507,0.2537173628807068,0.18726304173469543,-0.23523736000061035,-0.5957602858543396,0.11915149539709091,-0.29340431094169617,0.17091989517211914,-0.22758319973945618,0.028390934690833092,0.18946915864944458,-0.2844685912132263,0.369071900844574,0.09191656112670898,-0.19390058517456055,-0.1407645046710968,-0.17702579498291016,0.013342013582587242,-0.37547367811203003,0.08645860850811005,0.20627757906913757,0.08450274169445038,0.3922896385192871,-0.3473597466945648,0.48159971833229065,0.09056078642606735,0.06001696735620499,-0.4349655210971832,-0.15908369421958923,-0.12724409997463226,-0.18824684619903564,-0.13998672366142273,-0.11005550622940063,0.17155031859874725,0.042369455099105835,0.20983517169952393,-0.209424689412117,0.19667688012123108,0.08223603665828705,0.111785389482975,0.17547760903835297,-0.31881582736968994,0.12924611568450928,0.2306622564792633,0.2577780783176422,-0.5491349101066589,-0.08423410356044769,0.3097783029079437,-0.13509005308151245,-0.1254872828722,0.025274937972426414,-0.475619375705719
CID000002265,336,-0.06176783889532089,-0.32222288846969604,-0.21525752544403076,-0.16386137902736664,0.4095451235771179,0.263112872838974,-0.17433738708496094,0.04258756339550018,-0.422964483499527,-0.20428553223609924,-0.059539519250392914,-0.4215167462825775,-0.027397077530622482,-0.14896245300769806,-0.06264940649271011,-0.034051381051540375,0.0026567280292510986,0.06686241179704666,0.12658196687698364,0.021224232390522957,0.18970251083374023,0.20368428528308868,0.04702743515372276,0.07248757034540176,-0.1651565134525299,-0.0016843542689457536,-0.021608829498291016,-0.06324919313192368,-0.02536786161363125,0.3029822111129761,0.043685004115104675,-0.19815249741077423,-0.09498872607946396,-0.02673341892659664,-0.5552548170089722,-0.05247582122683525,-0.28819674253463745,-0.24188201129436493,-0.061659909784793854,0.1288112998008728,-0.10526128113269806,-0.002025207970291376,-0.08208214491605759,-0.22076161205768585,0.255561888217926,0.026820242404937744,-0.037471871823072433,0.11069811880588531,-0.1994571089744568,0.027183081954717636,-0.19109944999217987,-0.037086620926856995,0.07092677056789398,-0.0910879448056221,0.14400246739387512,-0.012549230828881264,-0.13046249747276306,-0.09052658081054688,0.29598885774612427,0.0939495787024498,-0.9187776446342468,-0.03752856329083443,-0.325589656829834,0.3213326334953308,0.010171574540436268,0.06644415110349655,-0.014078134670853615,0.17048971354961395,-0.041603200137615204,0.09438909590244293,-0.04860363528132439,0.08792269229888916,-0.031142467632889748,-0.044223397970199585,0.13569240272045135,-0.043318189680576324,-0.11756908893585205,0.03207387030124664,0.31394660472869873,-0.15945228934288025,-0.14871399104595184,-0.017321905121207237,-0.30766916275024414,0.012992138043045998,-0.08006876707077026,-0.1650666445493698,-0.14198364317417145,-0.2921820282936096,0.2908077836036682,0.09998702257871628,-0.06197332218289375,-0.12773022055625916,0.12489249557256699,0.002840766217559576,-0.5068528056144714,-0.0903276652097702,-0.19947700202465057,0.37129130959510803,-0.0207356009632349,-0.2221689224243164,0.15424586832523346,0.20560982823371887,-0.24739816784858704,-0.044290266931056976,-0.10258007049560547,-0.061675768345594406,-0.5473511219024658,0.2131887674331665,0.10802348703145981,0.043309640139341354,0.050968728959560394,0.16213461756706238,0.07248884439468384,0.02219286933541298,0.10310845077037811,0.249149352312088,-0.21627597510814667,-0.2516395151615143,0.1676868498325348,0.15363650023937225,-0.07387468218803406,-0.6820238828659058,-0.021617215126752853,-0.03448895364999771,-0.283873975276947,0.10622769594192505,-0.06519611179828644,0.1651378571987152,0.08139775693416595,-0.23696079850196838,-0.2751205563545227,0.15392063558101654,-0.5002201199531555,-0.2933054566383362,-0.19774681329727173,-0.12647829949855804,-0.04204485937952995,-0.1277405321598053,-0.04243095964193344,-0.0412062332034111,0.08851076662540436,0.1199614629149437,0.019612466916441917,-0.0377124547958374,-0.05184783786535263,0.02937445603311062,-0.06129438430070877,-0.026224885135889053,0.18597999215126038,0.24621477723121643,-0.11550207436084747,-0.009856742806732655,0.219987154006958,0.005568435415625572,0.1157652884721756,0.05029099062085152,-0.1345069855451584,-0.3609994351863861,-0.015489265322685242,0.09752485901117325,0.10146224498748779,-0.0962127223610878,-0.9365601539611816,0.13875308632850647,0.13133852183818817,0.2389989197254181,-0.17728178203105927,-0.29522591829299927,0.1453339010477066,0.1452210247516632,-0.08625376969575882,-0.15462365746498108,0.23893508315086365,-0.0847536250948906,-0.15469184517860413,0.06823308020830154,-0.10818924754858017,0.08849196135997772,-0.5156391859054565,0.007229173090308905,0.3204464614391327,0.17808020114898682,0.06521951407194138,-0.11831756681203842,-0.0990854948759079,-0.07003428041934967,-0.11358283460140228,-0.12345341593027115,0.502314567565918,-0.10212961584329605,0.1588188111782074,0.0755571648478508,-0.15069665014743805,-0.08237675577402115,-0.17839746177196503,0.3580096364021301,0.05539918690919876,0.04128173738718033,-0.10838373750448227,-0.15817448496818542,-0.126261904835701,-0.12617625296115875,-0.08398152142763138,0.07755084335803986,-0.08056946098804474,0.09652811288833618,-0.03326490893959999,-0.04452792555093765,-0.14948441088199615,0.013499406166374683,-0.16428959369659424,0.004378664307296276,-0.014523668214678764,0.03599900007247925,0.0526743046939373,0.23452231287956238,0.38103774189949036,0.13201381266117096,-0.26783469319343567,-0.3218420147895813,-0.011306683532893658,-0.09122661501169205,-0.37208646535873413,-0.04745076969265938,0.15901830792427063,-0.06667498499155045,0.10511724650859833,-0.21523921191692352,0.7750145792961121,0.033829741179943085,-0.1164674311876297,-0.03172067925333977,-0.0658004954457283,-0.12783947587013245,-0.6535132527351379,-0.09836678951978683,0.06331579387187958,0.12409812211990356,0.35605525970458984,-0.09396830946207047,-0.20365074276924133,-0.11087627708911896,-0.03908253833651543,0.20621244609355927,0.08608242124319077,-0.06032013148069382,0.13532033562660217,-0.13421814143657684,-0.031001728028059006,-0.6517115235328674,-0.0017680168384686112,0.2492835819721222,0.29377809166908264,-0.10097014904022217,0.07116558402776718,0.13184067606925964
CID000003911,337,0.32440614700317383,-0.019049691036343575,0.09596730768680573,-0.17004258930683136,0.48124605417251587,0.3044813573360443,0.07966252416372299,-0.014087599702179432,-0.36890846490859985,-0.03290678933262825,0.05420511215925217,-0.6062456965446472,0.2654646337032318,-0.329603374004364,0.027429422363638878,0.25918757915496826,0.20521900057792664,0.18932855129241943,0.22769975662231445,0.06827344000339508,0.236485093832016,0.3678511381149292,-0.026968788355588913,0.10818378627300262,0.18726345896720886,0.13170108199119568,0.018582040444016457,-0.2370644360780716,0.10483372211456299,0.547950267791748,-0.3542899489402771,0.021256189793348312,0.421104371547699,-0.0025303810834884644,-0.5868752598762512,-0.04726823791861534,-0.5268062949180603,-0.3781123459339142,-0.6498776078224182,0.04948245361447334,0.013198772445321083,-0.260213166475296,-0.3771324157714844,-0.21085354685783386,1.0318219661712646,-0.13956299424171448,-0.0278274305164814,-0.2380146086215973,-0.23261813819408417,0.09082780033349991,-0.8201364278793335,-0.21357007324695587,-0.313969224691391,-0.21561817824840546,-0.0962255448102951,0.07611086219549179,0.03499310091137886,0.3067798614501953,0.6977164149284363,-0.21755775809288025,-0.8761928677558899,0.03254392743110657,-0.11401734501123428,0.011348342522978783,-0.0072820051573216915,0.21331270039081573,-0.12466339766979218,0.6085224151611328,0.018657024949789047,0.10138803720474243,-0.16955409944057465,0.32275351881980896,0.08870186656713486,0.02624441310763359,0.7946733236312866,0.006124409846961498,-0.24324798583984375,0.471294105052948,0.03973497077822685,0.01653338596224785,-0.12412641942501068,0.3253304958343506,0.3286263942718506,-0.20943358540534973,0.04960225149989128,-0.11461184173822403,-0.15190887451171875,0.33650845289230347,0.691476047039032,-0.04515916481614113,0.2707396149635315,-0.2012735903263092,0.05012505128979683,0.3114132583141327,-1.0772879123687744,-0.3339366316795349,-0.26821619272232056,0.3357706665992737,-0.33751147985458374,-0.39560574293136597,0.7750576734542847,-0.37727999687194824,-0.005653810687363148,0.7496269941329956,-0.6649795174598694,-0.0694342702627182,-0.6448670625686646,0.4273403286933899,0.3732573390007019,0.052849024534225464,-0.768922746181488,-0.013182803988456726,0.5735685229301453,-0.026213770732283592,0.34986263513565063,-0.33188101649284363,0.03165750950574875,-0.9817701578140259,0.5480746626853943,-0.015362104400992393,0.2780829071998596,-0.875562310218811,-0.20434625446796417,-0.7182492017745972,-0.40904608368873596,0.03957100585103035,0.022157885134220123,0.427468866109848,-0.16598600149154663,-0.07234165817499161,0.041300855576992035,0.2125207483768463,-0.7727221846580505,-0.3359827697277069,0.013667511753737926,-0.1315433531999588,0.47652873396873474,-0.8277028799057007,0.06212199479341507,-0.37813419103622437,-0.30507296323776245,-0.01428946852684021,-0.09308938682079315,0.19807478785514832,0.1792592853307724,0.11921010911464691,0.012247723527252674,-0.143034428358078,0.09226152300834656,0.23601460456848145,0.04223638027906418,-0.12117333710193634,-0.10600180923938751,0.21547944843769073,-0.02609083615243435,0.007409131620079279,-0.01837284490466118,-0.5848820209503174,-0.3060895800590515,0.07018400728702545,-0.05242236703634262,0.27558058500289917,-1.1659053564071655,-0.03621651604771614,0.6811185479164124,0.20180007815361023,-0.5321896076202393,0.030888631939888,0.009307792410254478,0.30488714575767517,-0.5771386623382568,-0.2831222116947174,0.35866355895996094,-0.18661710619926453,-0.12971892952919006,-0.14667527377605438,-0.3807702660560608,-0.10415259748697281,-0.3986646234989166,0.09057935327291489,0.4512403607368469,0.35196295380592346,-0.12409093230962753,0.19106237590312958,-0.15780800580978394,-0.198288694024086,-0.44301390647888184,0.1826615333557129,0.78570556640625,0.1267900913953781,0.05657641962170601,-1.354372262954712,-0.029399942606687546,-0.12181208282709122,-0.3442455232143402,0.4238508641719818,-0.23538890480995178,0.0943823978304863,-1.0936992168426514,-0.29150158166885376,-0.13255789875984192,0.06904424726963043,-0.2934916019439697,-0.13903087377548218,-0.10665097087621689,0.10259781032800674,-0.1374405175447464,-0.21692541241645813,-0.8588712811470032,0.23828795552253723,0.361223042011261,-0.03945609927177429,0.27582380175590515,-0.005535298492759466,0.2978038787841797,-0.23586690425872803,0.772351086139679,-0.15451328456401825,0.1590336263179779,-0.023957986384630203,-0.11857956647872925,-0.0724998340010643,-0.666445791721344,-0.14508774876594543,0.22755277156829834,0.10268139839172363,-0.18071183562278748,-0.2965509593486786,0.6987020969390869,-0.03528483957052231,-0.06767050921916962,-0.10630320012569427,-0.07692952454090118,-0.28077882528305054,-0.24579790234565735,-0.43352898955345154,0.41550928354263306,0.415027916431427,-0.26640552282333374,-0.12343966960906982,-0.8206244707107544,-0.11191076040267944,-0.13488861918449402,-0.09588105976581573,0.15815377235412598,-0.556533694267273,-0.05053498595952988,0.3981519341468811,0.06037801504135132,-1.0486177206039429,-0.11026632785797119,-0.03794638440012932,0.4964352548122406,0.20291829109191895,0.17135298252105713,-0.21587684750556946
CID000005212,338,0.02477586269378662,-0.017968391999602318,-0.1055639386177063,-0.07365375757217407,0.1722756177186966,0.2604024112224579,0.03638705238699913,0.18324019014835358,-0.3360876441001892,-0.314939022064209,0.07912761718034744,-0.5275503396987915,0.2578831911087036,-0.2544584572315216,-0.26827472448349,-0.13152912259101868,0.10213961452245712,-0.16772453486919403,0.07032789289951324,-0.17308534681797028,0.2658562660217285,0.02209746092557907,-0.0980769619345665,-0.053455937653779984,0.01046321727335453,-0.1416446715593338,0.24800510704517365,0.08608356863260269,-0.027803286910057068,0.3709040880203247,-0.11105336993932724,0.07711265981197357,-0.03745339438319206,0.12157466262578964,-0.6017459630966187,0.009168347343802452,-0.12179553508758545,-0.3029634356498718,-0.2717692255973816,0.08741486072540283,0.13630498945713043,0.10321313142776489,-0.4841655194759369,0.16059111058712006,0.5595216155052185,0.2740653455257416,0.059940554201602936,-0.06336228549480438,0.14970740675926208,-0.10184754431247711,-0.46289944648742676,0.24154412746429443,-0.31743526458740234,-0.21297624707221985,0.2020360231399536,-0.07199829071760178,-0.0474967285990715,-0.004814880900084972,0.3630865514278412,0.02375275082886219,-0.8188565969467163,0.24500557780265808,-0.42235398292541504,0.13742493093013763,-0.07564517110586166,0.09933383762836456,-0.11862742900848389,0.37121185660362244,0.09974299371242523,0.08545102179050446,-0.06460145860910416,-0.17737169563770294,-0.025592511519789696,0.23574857413768768,0.2904670834541321,0.10870599746704102,0.06670613586902618,0.46017664670944214,0.13360169529914856,-0.09485220909118652,-0.1320784091949463,0.17894291877746582,-0.06071542575955391,-0.2805196940898895,-0.11458226293325424,0.05116197466850281,-0.3287135362625122,0.1809101104736328,0.32407069206237793,-0.01846262440085411,-0.09615872800350189,-0.21125797927379608,0.009619924239814281,-0.11095654964447021,-0.35534995794296265,-0.021566888317465782,-0.15626907348632812,0.19250759482383728,0.11963434517383575,-0.25522685050964355,0.10442955791950226,0.08848552405834198,-0.30624088644981384,0.10660044103860855,-0.23819908499717712,0.056004416197538376,-0.5302439332008362,0.2956851124763489,0.11693813651800156,0.14824150502681732,0.3300708830356598,0.18531417846679688,0.17161846160888672,0.03900856524705887,0.1956319957971573,-0.020102914422750473,0.016984790563583374,-0.6123868823051453,0.3222233057022095,0.08718448132276535,-0.11405833065509796,-0.6943656206130981,-0.18570418655872345,-0.20227041840553284,-0.27483800053596497,0.30657631158828735,0.11367668211460114,0.2739377021789551,0.15522438287734985,0.02100752480328083,-0.037384845316410065,-0.07513562589883804,-0.5347931385040283,-0.31618237495422363,-0.009758681058883667,-0.10181055217981339,0.0730881318449974,-0.2597196400165558,0.03403347730636597,-0.30691173672676086,-0.1548621654510498,0.13070881366729736,0.1485634744167328,-0.11429236084222794,-0.20692667365074158,-0.08871664106845856,-0.11275305598974228,-0.11953164637088776,0.24372892081737518,0.00528069119900465,-0.04665739834308624,0.15332695841789246,-0.09670732915401459,0.15002653002738953,0.11859078705310822,-0.022625507786870003,-0.047948725521564484,-0.3701454997062683,0.0025383576285094023,0.07082076370716095,-0.07168485224246979,-0.07303823530673981,-0.7658376693725586,0.06588210165500641,0.5901820063591003,0.15641015768051147,-0.1057969480752945,0.17774438858032227,0.008415644988417625,-0.08181824535131454,-0.3907814919948578,-0.30059340596199036,0.2742847800254822,-0.21321234107017517,0.0019458659226074815,-0.10992027819156647,0.07268645614385605,-0.17886614799499512,-0.44566789269447327,-0.11703811585903168,0.355929970741272,0.2158488780260086,0.12421886622905731,0.04807298630475998,0.07704748213291168,-0.04216501861810684,-0.22425512969493866,-0.17705243825912476,0.4498799443244934,0.10820625722408295,0.11167988926172256,-0.30582913756370544,-0.03073047660291195,-0.138910174369812,-0.17249499261379242,0.29299265146255493,0.07474827766418457,-0.09482729434967041,-0.35260048508644104,0.21411927044391632,0.06941042840480804,-0.13282281160354614,-0.16524668037891388,0.02963794767856598,0.06259238719940186,0.09518145024776459,-0.1583164483308792,-0.07291744649410248,-0.5179079174995422,0.06188472360372543,0.05994341894984245,0.12190327793359756,0.031114503741264343,0.08213683217763901,0.0982430949807167,-0.25510892271995544,0.604061484336853,-0.011585930362343788,-0.06358947604894638,-0.13542118668556213,-0.061994682997465134,-0.08566880226135254,-0.5224382281303406,-0.055869173258543015,0.3169980049133301,-0.07524411380290985,0.17302754521369934,-0.062121085822582245,0.9308915138244629,0.13041050732135773,-0.231449693441391,-0.11734159290790558,-0.02337426319718361,0.09196199476718903,-0.5393500328063965,-0.2854462265968323,0.02636871673166752,0.23186752200126648,0.42647114396095276,0.25189512968063354,-0.38467249274253845,-0.0061477660201489925,0.045170653611421585,0.0255562923848629,0.026736820116639137,-0.05954954773187637,0.1143592819571495,0.0275473240762949,0.17208226025104523,-0.7922145128250122,-0.14088624715805054,0.45736390352249146,0.23145675659179688,0.026748960837721825,-0.033304162323474884,-0.09260225296020508
CID000000159,339,-0.304897278547287,0.04297047108411789,-0.23179689049720764,0.05580044910311699,-0.05237780883908272,0.38043755292892456,0.054168932139873505,0.4314495623111725,-0.3283204138278961,-0.3007674515247345,-0.09089704602956772,-0.22185933589935303,0.46478191018104553,-0.39943796396255493,0.06582418829202652,-0.023790832608938217,0.09709953516721725,0.09516704827547073,0.367410272359848,0.22951212525367737,0.07458771020174026,-0.0662216916680336,0.05555899813771248,-0.09478043019771576,0.016509998589754105,-0.05454128235578537,-0.033690910786390305,-0.21505263447761536,0.15683624148368835,0.6346759796142578,-0.12458386272192001,-0.07490594685077667,-0.1852017194032669,-0.1017935648560524,-0.17529119551181793,-0.13572700321674347,-0.11526449769735336,-0.3507232964038849,-0.041986748576164246,-0.16030755639076233,0.4539716839790344,0.11243226379156113,-0.08875509351491928,-0.07749474048614502,0.708296537399292,0.09324800968170166,0.28642839193344116,-0.12553681433200836,-0.2683619558811188,0.025042152032256126,-0.675094723701477,0.2139754295349121,-0.18851034343242645,-0.09266386926174164,-0.03733567148447037,-0.010523820295929909,-0.0013991997111588717,-0.3596416711807251,-0.10843952745199203,0.16349466145038605,-0.8933175206184387,-0.016846682876348495,-0.3260544240474701,0.3207513689994812,0.19518841803073883,0.21545962989330292,-0.21231117844581604,0.031207073479890823,-0.053012870252132416,-0.015555480495095253,-0.5673449635505676,0.032207898795604706,0.12161843478679657,-0.042365312576293945,0.16949518024921417,0.026159118860960007,0.18822996318340302,0.4418102204799652,-0.01632297970354557,0.05737874656915665,-0.2917149066925049,-0.1471938043832779,-0.25861406326293945,-0.06922353059053421,0.11992736160755157,-0.08218531310558319,-0.3049218952655792,0.23627686500549316,0.32913559675216675,0.16974742710590363,-0.03922060504555702,-0.30530911684036255,0.07537031918764114,-0.0792274996638298,-0.3189311623573303,-0.13758641481399536,-0.3943467140197754,0.14059588313102722,0.22787980735301971,-0.46395954489707947,0.3097476661205292,-0.029271041974425316,-0.17025749385356903,-0.11188328266143799,-0.09089186787605286,-0.12838086485862732,-0.25041139125823975,0.11853627860546112,-0.0342273935675621,0.20480039715766907,0.017523646354675293,0.0648144856095314,0.6026596426963806,-0.03980953246355057,0.16953587532043457,-0.2768596112728119,-0.13181132078170776,-0.36889898777008057,0.38401398062705994,0.1014668345451355,0.03560466319322586,-0.4197097420692444,-0.018978381529450417,-0.4438513219356537,-0.441781610250473,0.23226723074913025,0.008137117139995098,0.5576134920120239,0.2676847577095032,0.037420421838760376,-0.16340193152427673,-0.02262747660279274,-0.5013414025306702,-0.39842405915260315,0.04919598251581192,-0.4209100306034088,0.2903769016265869,-0.516089141368866,-0.13243475556373596,0.13231851160526276,-0.30134695768356323,0.12781663239002228,0.08400459587574005,0.04430686682462692,-0.0005308091640472412,0.2023121565580368,-0.15857993066310883,0.24648861587047577,0.20592084527015686,-0.03158322721719742,0.03923449665307999,0.03692707419395447,0.024648386985063553,0.0448806993663311,0.0018025994068011642,0.11987224966287613,-0.16437891125679016,-0.5400973558425903,0.1541253626346588,0.42411842942237854,0.21620965003967285,0.02067490853369236,-0.8232744932174683,0.14358645677566528,0.5494903326034546,0.3771766126155853,-0.29641756415367126,0.09167004376649857,0.5257543325424194,-0.16706953942775726,-0.007430623285472393,0.052512895315885544,0.21536514163017273,-0.01584242656826973,0.18677851557731628,0.08136463165283203,-0.21562346816062927,0.04971340298652649,-0.4403691291809082,-0.1572534739971161,0.3767724931240082,0.43908506631851196,0.013419443741440773,-0.11838016659021378,0.05323396995663643,-0.24188673496246338,-0.6945606470108032,-0.14206409454345703,0.14744964241981506,-0.007250600960105658,0.23286059498786926,-0.06983776390552521,-0.0770561620593071,-0.14960092306137085,-0.3277248740196228,0.35277432203292847,0.08385257422924042,-0.009050863794982433,0.008581975474953651,-0.12446799129247665,-0.005955228116363287,0.031010176986455917,-0.39074915647506714,0.14444182813167572,-0.33512282371520996,0.22681763768196106,0.11756745725870132,-0.03283347561955452,-0.4981114864349365,-0.1334221214056015,-0.16057075560092926,0.2242422103881836,-0.044222306460142136,0.11446018517017365,-0.14738769829273224,-0.08832142502069473,0.46775999665260315,0.08509541302919388,-0.11916960775852203,-0.024906110018491745,0.15337158739566803,0.0582982674241066,-0.37298768758773804,0.06594286859035492,0.4939383566379547,-0.09358644485473633,0.48304423689842224,-0.25677937269210815,0.6410404443740845,0.13267599046230316,0.05088987201452255,-0.2951482832431793,0.15692149102687836,0.07585795223712921,-0.41206058859825134,-0.06516272574663162,-0.0562543049454689,0.4625162184238434,0.3120036721229553,0.02545684017241001,-0.05033206194639206,-0.05981943756341934,-0.01212306134402752,-0.22323915362358093,-0.01109338365495205,-0.06338624656200409,0.08810894191265106,0.036898173391819,0.13955378532409668,-0.5770470499992371,0.005367332603782415,0.038250043988227844,0.26989737153053284,-0.012290433049201965,0.09029088169336319,-0.4268883168697357
CID000152945,340,0.10241011530160904,-0.008403623476624489,0.012815738096833229,-0.10901894420385361,0.3713570535182953,0.3335745930671692,-0.3382348418235779,0.06741802394390106,-0.14906957745552063,0.02784769795835018,-0.06213574483990669,-0.3898172974586487,0.2715405523777008,-0.07362943142652512,-0.006873690988868475,-0.10282213985919952,-0.05104426294565201,0.18228621780872345,-0.020077133551239967,0.030178526416420937,-0.0657094195485115,-0.17051075398921967,0.07481531798839569,-0.04594261944293976,0.1736295074224472,-0.2239132672548294,0.3473075032234192,-0.08672671765089035,-0.07073422521352768,0.513970673084259,-0.1770954430103302,-0.01654992625117302,-0.15971598029136658,-0.03201666101813316,-0.4961182177066803,-0.09184743463993073,-0.16156312823295593,-0.20562247931957245,-0.17004239559173584,0.16933393478393555,0.14423564076423645,0.07516404986381531,-0.17915627360343933,-0.30673545598983765,0.2506243586540222,0.16485857963562012,0.34821048378944397,0.2217823714017868,-0.022937703877687454,-0.10322165489196777,-0.6675176620483398,-0.014139843173325062,-0.017686501145362854,-0.08956243097782135,-0.007941228337585926,0.032440513372421265,0.13119997084140778,0.017467111349105835,0.3154606223106384,-0.0956258624792099,-0.812788188457489,-0.1413097083568573,-0.27132076025009155,-0.05345920845866203,0.03361395001411438,0.13227307796478271,-0.21585774421691895,0.14443831145763397,-0.09399082511663437,-0.14141634106636047,-0.21506956219673157,-0.001973110483959317,-0.1226876750588417,-0.2317730188369751,0.3981008529663086,-0.013513083569705486,-0.12285294383764267,0.15604540705680847,0.0069307745434343815,-0.05644211918115616,-0.0737820714712143,-0.06074581667780876,-0.019107740372419357,-0.2354903519153595,-0.1851181983947754,0.053355954587459564,-0.14575013518333435,-0.037055909633636475,0.4559164047241211,-0.06653908640146255,0.1107238307595253,-0.06684275716543198,-0.06786905974149704,-0.01755012758076191,-0.6600216627120972,-0.04638296738266945,-0.2839955687522888,0.24755731225013733,0.22419042885303497,-0.18250031769275665,0.3972972631454468,-0.04128625988960266,-0.01058921217918396,-0.04436225816607475,-0.04996903985738754,0.020903881639242172,-0.2732468247413635,0.23583438992500305,-0.26647016406059265,0.41748157143592834,-0.05016462877392769,0.01331108808517456,0.5829274654388428,-0.04913393035531044,0.10947928577661514,0.0896804928779602,0.0008418679353781044,-0.1783161461353302,0.07467158138751984,-0.0012892589438706636,0.19567552208900452,-0.8214012384414673,0.03810035064816475,-0.6437027454376221,-0.3433544635772705,-0.09999559074640274,-0.04878075048327446,0.40536028146743774,0.012825575657188892,0.06661293655633926,-0.070833720266819,0.011627733707427979,-0.4408911168575287,-0.25004154443740845,-0.18195800483226776,-0.11864417791366577,0.34905076026916504,-0.25010284781455994,-0.0667758360505104,0.11122766882181168,-0.03069356642663479,0.4973956048488617,-0.17160479724407196,-0.06988432258367538,0.13094207644462585,-0.10242652893066406,0.13548646867275238,-0.05328409746289253,0.06910575926303864,-0.2402174472808838,0.0013920292258262634,0.13400617241859436,-0.11395461857318878,0.03669668361544609,0.17783737182617188,0.04566367343068123,-0.21698136627674103,-0.4434994161128998,0.2536052465438843,-0.32629111409187317,-0.035881709307432175,-0.042454011738300323,-0.8827887773513794,-0.06118849664926529,0.4039241373538971,0.22611212730407715,-0.32315772771835327,-0.21299919486045837,0.2844248414039612,-0.0555703230202198,0.048769522458314896,0.1511303335428238,0.3879808187484741,-0.19707420468330383,0.13614578545093536,0.3796960115432739,0.19095584750175476,0.1655874252319336,-0.41815871000289917,-0.0454132966697216,0.23235492408275604,0.4409611225128174,0.03392903879284859,-0.11484857648611069,-0.027178000658750534,-0.08822833001613617,-0.4119357168674469,0.04796890541911125,0.5765573978424072,-0.16290104389190674,0.007902614772319794,-0.6231604218482971,-0.09110238403081894,-0.15770192444324493,-0.057236798107624054,0.4627837538719177,-0.041991256177425385,-0.18933744728565216,-0.15683922171592712,0.04537905380129814,-0.11000736057758331,0.0102023184299469,-0.25056153535842896,0.32932668924331665,0.20664799213409424,0.18510285019874573,-0.040759358555078506,-0.14327719807624817,-0.23332221806049347,0.10713373124599457,0.273042231798172,0.3092257082462311,-0.016595691442489624,0.036642082035541534,0.1504218578338623,-0.048177193850278854,0.45184245705604553,0.027908658608794212,0.07346285879611969,-0.15437614917755127,-0.07551059871912003,0.015659144148230553,-0.4423587918281555,0.09487937390804291,0.37435001134872437,-0.08871059119701385,0.09644985944032669,-0.5770965814590454,0.5696503520011902,-0.21209093928337097,-0.2284211665391922,-0.18661002814769745,-0.15724487602710724,0.04188716411590576,-0.3933947682380676,-0.16438785195350647,-0.4417528212070465,-0.12160619348287582,0.0704633817076683,-0.06210758537054062,-0.10633999109268188,0.014329051598906517,0.2107193022966385,-0.018762653693556786,-0.12801222503185272,-0.5334291458129883,0.172870934009552,0.006608225405216217,0.03615574166178703,-0.6126089692115784,0.11877040565013885,0.08575679361820221,0.22280550003051758,0.315183162689209,-0.07893607020378113,-0.15701022744178772
CID000004168,341,0.10592842102050781,0.09208663552999496,0.2087397575378418,-0.10668690502643585,0.4463408887386322,0.25082796812057495,-0.11450902372598648,-0.19441616535186768,-0.2517712116241455,0.01955084130167961,-0.03548277169466019,-0.10903952270746231,0.05180433392524719,-0.28663259744644165,-0.11511383205652237,-0.0728396624326706,0.21985355019569397,0.11400644481182098,0.16305601596832275,-0.1870204210281372,-0.04654460400342941,0.19333963096141815,0.0817752331495285,0.006531494669616222,0.02840212918817997,-0.10824121534824371,0.2782334089279175,0.07187487930059433,0.19004860520362854,0.4575803875923157,-0.15557071566581726,0.32323116064071655,0.07307149469852448,-0.13153386116027832,-0.7764164805412292,0.29694539308547974,-0.409046471118927,-0.29580608010292053,0.12350974977016449,0.12493423372507095,0.056842297315597534,0.052076686173677444,-0.09242865443229675,-0.15227654576301575,0.5274027585983276,-0.013147080317139626,-0.29609692096710205,-0.07731243222951889,-0.2306794375181198,-0.19848039746284485,-0.7838914394378662,-0.0813661515712738,-0.2859325408935547,-0.13961859047412872,0.10992813110351562,-0.044972505420446396,-0.035855840891599655,-0.02418540045619011,0.22834499180316925,-0.03922002762556076,-0.7512551546096802,-0.03425293043255806,-0.22417032718658447,0.053589560091495514,-0.02621375396847725,0.05069316551089287,-0.7097765207290649,0.3118250072002411,0.002400078112259507,-0.06393034011125565,-0.3768599331378937,-0.00479986984282732,0.1844443529844284,0.16913752257823944,0.21320709586143494,0.1352711319923401,-0.099662646651268,0.08985674381256104,-0.254525750875473,-0.1397193968296051,-0.2593037486076355,0.15554316341876984,0.32171759009361267,-0.13086408376693726,0.007716766092926264,0.031929437071084976,-0.16284754872322083,0.05372648686170578,0.8011301159858704,0.20855975151062012,0.16992291808128357,-0.14858177304267883,-0.03861939162015915,0.19500598311424255,-0.5250779390335083,-0.11381269991397858,-0.4236738085746765,0.40139856934547424,-0.08997739106416702,-0.25447070598602295,0.6552742719650269,0.06589073687791824,-0.12657184898853302,0.06084113195538521,-0.030010532587766647,-0.0825674757361412,-0.4408504068851471,0.23164889216423035,-0.20363807678222656,0.36802560091018677,-0.39976075291633606,-0.03192298486828804,0.4443839192390442,0.12937584519386292,0.026066133752465248,-0.05149557441473007,0.22384285926818848,-0.4034152925014496,0.25719016790390015,0.0864298939704895,0.02922198548913002,-0.7654471397399902,-0.04026398807764053,-0.36984091997146606,-0.42472973465919495,0.12518373131752014,-0.012996154837310314,0.2752647399902344,0.097139373421669,0.11805398762226105,0.2059483826160431,0.04785175994038582,-0.506543755531311,-0.2572862207889557,-0.13698385655879974,-0.016107896342873573,0.4446926712989807,-0.462648868560791,-0.013063445687294006,0.066107377409935,0.25572407245635986,0.09257861226797104,0.06626958400011063,-0.03307439014315605,0.011673172935843468,0.23674121499061584,-0.0879274532198906,-0.3180733025074005,-0.18242888152599335,0.05062500759959221,0.02048039808869362,-0.22097495198249817,0.010513907298445702,0.054753173142671585,0.11392734199762344,0.14963969588279724,0.07897934317588806,-0.3956133723258972,0.21549661457538605,-0.07250397652387619,0.10139241069555283,-0.046300023794174194,-0.8955682516098022,-0.1430557668209076,0.3564324378967285,0.0755055695772171,0.09745564311742783,0.13723666965961456,-0.0007777765276841819,0.021167898550629616,-0.002344805048778653,-0.016336772590875626,0.48891153931617737,0.02117185667157173,-0.359489768743515,-0.17255300283432007,-0.18693314492702484,0.014174193143844604,-0.49491214752197266,-0.12219073623418808,0.3191215395927429,0.3843531906604767,0.12639786303043365,-0.11340580135583878,-0.15902912616729736,-0.026744406670331955,-0.5006789565086365,-0.2499506175518036,0.9803053140640259,0.028611505404114723,0.09129875153303146,-0.280750572681427,0.02089093253016472,0.01152898371219635,-0.3305821716785431,0.45820751786231995,-0.02108740247786045,-0.013617399148643017,-0.49583935737609863,-0.19848980009555817,0.2264600247144699,-0.13487039506435394,-0.4192582070827484,0.05579904466867447,0.1472073793411255,0.45312991738319397,0.22393670678138733,-0.021984171122312546,-0.2155858278274536,0.0048898132517933846,0.4381534457206726,-0.030558878555893898,-0.07293668389320374,-0.03352673351764679,0.07541550695896149,0.15644708275794983,0.6029009819030762,0.3404107987880707,0.0850357636809349,-0.07860998064279556,-0.12332407385110855,0.042432405054569244,-0.6124964952468872,0.006513980217278004,0.38170236349105835,-0.1667748987674713,0.08207376301288605,-0.19982518255710602,0.7224668264389038,-0.05564040690660477,0.19278864562511444,-0.31382718682289124,0.21939682960510254,-0.05892743542790413,-0.3854531943798065,-0.29049625992774963,-0.1983763873577118,0.3197709321975708,-0.14709487557411194,0.01569543220102787,-0.32626214623451233,-0.1211673766374588,0.17887750267982483,0.06999821215867996,-0.04528485983610153,-0.45565366744995117,0.5989727973937988,-0.003947668708860874,0.1828395575284958,-0.7765917778015137,0.03491654247045517,0.08600101619958878,0.44019389152526855,0.05325420945882797,-0.06863576918840408,-0.09924328327178955
CID000002978,346,-0.06907331198453903,0.1787143349647522,0.19616451859474182,-0.12177733331918716,0.5901846289634705,0.412306547164917,-0.23290686309337616,-0.11189953237771988,-0.34979718923568726,-0.2935832440853119,0.017076309770345688,-0.46736565232276917,0.07035785913467407,-0.4198129177093506,-0.051944635808467865,-0.014260943047702312,0.22779445350170135,0.10903183370828629,0.10483606159687042,0.27248963713645935,-0.2067781388759613,0.08985193818807602,0.14986413717269897,0.09034617245197296,0.13957354426383972,-0.19435520470142365,0.07253886759281158,-0.0679125115275383,0.12505313754081726,0.38200169801712036,0.1878589689731598,-0.24567702412605286,0.04200136661529541,-0.03995165973901749,-0.4846760332584381,-0.17933985590934753,-0.4989968240261078,-0.3635637164115906,-0.06590071320533752,0.10206373780965805,0.17714309692382812,0.23290042579174042,-0.28378739953041077,-0.08323369920253754,-0.023427948355674744,-0.27976757287979126,-0.14717809855937958,0.08523711562156677,0.11060495674610138,-0.05390431359410286,-0.327253520488739,-0.086281418800354,0.009316110983490944,-0.20612378418445587,-0.06770205497741699,0.09443341195583344,-0.1636936217546463,-0.06955330818891525,0.3507709205150604,-0.02667984925210476,-0.8160885572433472,0.15494629740715027,-0.15737953782081604,0.21136817336082458,-0.12303315103054047,0.6019458770751953,-0.30016788840293884,0.31441015005111694,0.2056981772184372,0.19007167220115662,-0.06767432391643524,0.2121543437242508,0.055178724229335785,0.18386802077293396,0.0805283635854721,0.020849671214818954,-0.06846538931131363,0.06741616129875183,0.2288716733455658,-0.2580956518650055,-0.62441086769104,0.21792837977409363,-0.026146477088332176,0.012462710030376911,-0.04917198792099953,-0.25806301832199097,-0.25171518325805664,0.22127015888690948,0.43618708848953247,0.14502158761024475,0.028434285894036293,0.07592429220676422,0.25842946767807007,0.04340752586722374,-0.663425087928772,0.07693838328123093,-0.3672919273376465,0.5773374438285828,0.08506791293621063,-0.3998870253562927,0.5512324571609497,0.06567086279392242,0.062104593962430954,0.07611679285764694,-0.26316651701927185,-0.001759786857292056,-0.15876150131225586,0.37638768553733826,0.07570332288742065,0.2886555790901184,-0.12474332749843597,-0.048546191304922104,0.5595120787620544,-0.06725519895553589,0.06581498682498932,0.2403300553560257,-0.12972834706306458,-0.19322150945663452,0.20053210854530334,-0.18944141268730164,-0.2817915081977844,-0.5819404125213623,-0.3815819323062897,-0.40842151641845703,-0.4098595678806305,-0.009523552842438221,0.13075585663318634,0.2558692395687103,0.0946631208062172,0.14204318821430206,0.1444070041179657,0.047821611166000366,-0.43481016159057617,-0.3330484628677368,0.010352236218750477,-0.20244944095611572,0.20660105347633362,0.019517671316862106,-0.08449475467205048,-0.1733531951904297,-0.04969782009720802,0.5306097269058228,-0.006960222031921148,-0.0942826122045517,0.08153589069843292,-0.05385559797286987,0.03701115399599075,0.30477678775787354,-0.17026081681251526,0.07129336893558502,0.12967266142368317,-0.20692983269691467,-0.214564248919487,0.1336173117160797,-0.10043108463287354,-0.07227027416229248,-0.1977410465478897,-0.3975241184234619,0.032711949199438095,-0.058938611298799515,0.06431994587182999,0.14197999238967896,-0.795894980430603,0.08930442482233047,0.2702416777610779,0.3614029586315155,-0.11007672548294067,0.0433935783803463,-0.033689625561237335,-0.1361679881811142,-0.2607351839542389,-0.12269546836614609,0.6731217503547668,0.08581337332725525,0.06485982239246368,0.00891063828021288,0.46024221181869507,0.17906084656715393,-0.4132777750492096,0.1032753437757492,0.13044026494026184,0.26143679022789,-0.16421166062355042,0.2278996706008911,0.05549874156713486,-0.1141396313905716,-0.3969528377056122,0.19750753045082092,0.4874746799468994,0.08927644044160843,0.26031675934791565,-0.12607701122760773,-0.1917264312505722,-0.3586288094520569,-0.41758179664611816,0.5810642242431641,0.41616225242614746,0.17966824769973755,-0.4515538215637207,-0.311257004737854,0.07468204200267792,-0.029559528455138206,-0.4436185359954834,-0.020652854815125465,0.0879274234175682,0.7666999101638794,-0.1078849583864212,-0.0383620448410511,0.1509118378162384,0.29274773597717285,0.02709362842142582,0.0896681696176529,0.053607694804668427,0.1818881779909134,0.14722344279289246,-0.12977048754692078,0.520136296749115,0.04568343982100487,0.2002204954624176,-0.3152052164077759,-0.18715660274028778,0.10253296047449112,-0.33444321155548096,0.2564048767089844,0.36850446462631226,0.12301211059093475,0.024084756150841713,-0.21907953917980194,0.47302404046058655,0.06437955796718597,0.12123711407184601,-0.3723051846027374,0.007765117101371288,-0.009865591302514076,-0.23067045211791992,-0.39308565855026245,-0.006780643947422504,0.2061310112476349,0.07314135134220123,-0.09223230928182602,-0.2114880383014679,-0.008955803699791431,0.13166706264019012,0.14248327910900116,0.1177004799246788,-0.3726871609687805,0.6209350228309631,0.07443322986364365,-0.071144238114357,-0.68382328748703,-0.2458089143037796,-0.15731528401374817,0.3118118643760681,0.034318868070840836,0.062570720911026,-0.18310250341892242
CID000005379,347,-0.15273776650428772,-0.1856788545846939,0.13553756475448608,-0.12231788784265518,0.08130021393299103,0.3748423457145691,-0.06515311449766159,0.1245715394616127,-0.5013186931610107,-0.30501890182495117,0.25917741656303406,-0.4993619918823242,0.17364570498466492,-0.35485318303108215,-0.3274764120578766,-0.07755894213914871,0.0844302624464035,0.1556592434644699,-0.0996980220079422,-0.04156458377838135,-0.07910056412220001,0.027181286364793777,-0.0036568641662597656,-0.03854021430015564,0.24356219172477722,-0.2241322100162506,0.1133389100432396,0.0013290286296978593,0.017123987898230553,0.4133511483669281,-0.10632773488759995,0.0027581513859331608,-0.19470462203025818,0.0014025152195245028,-0.326789528131485,0.0763373076915741,-0.31401100754737854,-0.27785831689834595,-0.49829959869384766,-0.08886648714542389,0.009670086205005646,0.09684497117996216,-0.26859307289123535,0.2985779345035553,0.31313556432724,0.12483695894479752,-0.003266847226768732,0.11281430721282959,0.03247373551130295,-0.12027331441640854,-0.4957984983921051,0.2760709524154663,-0.10251285880804062,-0.1881614327430725,0.3800394833087921,-0.06860193610191345,-0.08758032321929932,0.06034344434738159,0.37939709424972534,-0.13177809119224548,-0.8223243951797485,0.2145366668701172,-0.3061411380767822,0.24250248074531555,-0.08729977905750275,0.10218989849090576,-0.28784555196762085,0.16698601841926575,-0.005598905496299267,-0.08861684799194336,-0.3184865117073059,0.0759657770395279,0.036595068871974945,0.17826415598392487,0.3707725703716278,0.03245885297656059,-0.10245084762573242,0.21268372237682343,-0.018015723675489426,0.0007785439374856651,-0.27775830030441284,-0.04923288896679878,-0.16457219421863556,-0.09323296695947647,-0.27470019459724426,-0.07542018592357635,-0.3939366936683655,-0.01852933131158352,0.15486377477645874,-0.0779973641037941,0.16266676783561707,-0.2791329622268677,0.13476303219795227,0.0751069113612175,-0.4758971333503723,-0.2724807858467102,-0.04436638951301575,0.1458253562450409,0.20058731734752655,-0.31085750460624695,0.11448496580123901,0.2649209201335907,-0.06807368993759155,-0.12898871302604675,-0.14158234000205994,-0.0279284305870533,-0.5417784452438354,0.1933734118938446,0.18411122262477875,0.06886148452758789,0.14350081980228424,-0.15388375520706177,0.22170981764793396,0.2118416130542755,0.38476812839508057,-0.10356537997722626,-0.02232886664569378,-0.32761475443840027,0.14879412949085236,-0.014564511366188526,0.0688103437423706,-0.6290706396102905,0.01116175390779972,-0.3477528691291809,-0.3091692328453064,0.40369167923927307,-0.1477293223142624,0.15282323956489563,0.23308534920215607,-0.28534582257270813,0.21336805820465088,-0.0046393414959311485,-0.7655931711196899,-0.4144579768180847,-0.09753382951021194,-0.19112172722816467,0.014419129118323326,-0.3633396029472351,0.1625518947839737,-0.333263099193573,0.015963220968842506,0.0316016748547554,0.1524004340171814,-0.18349382281303406,-0.08749015629291534,0.20437650382518768,0.07486572861671448,0.012909606099128723,-0.03238930553197861,-0.02578970231115818,0.17071589827537537,0.049253854900598526,-0.36078935861587524,0.008797699585556984,0.10113014280796051,0.032615210860967636,-0.18679091334342957,-0.3804640471935272,-0.011056932620704174,0.09391964972019196,0.20240089297294617,0.10013347864151001,-0.7628114223480225,-0.12671145796775818,0.4218246340751648,0.29669246077537537,-0.3773477077484131,0.24187028408050537,-0.14564773440361023,0.05142292380332947,-0.13581684231758118,-0.2461295872926712,0.4459729790687561,-0.137840136885643,-0.12868572771549225,-0.006949347443878651,0.03260260820388794,-0.0219857357442379,-0.4006451964378357,-0.08799673616886139,0.09826608747243881,0.18765300512313843,0.37896788120269775,-0.055901240557432175,-0.1296333521604538,-0.2046697437763214,-0.018596995621919632,-0.03767436742782593,0.3180885910987854,0.10641738027334213,0.25575968623161316,-0.375083863735199,0.08207671344280243,-0.17964814603328705,-0.4852229058742523,0.3216075301170349,0.08084049820899963,-0.035733260214328766,-0.2659977078437805,-0.02142249420285225,0.06173670291900635,-0.12796786427497864,-0.22436490654945374,-0.06614664942026138,0.12790170311927795,0.41374221444129944,-0.12590806186199188,-0.15842635929584503,-0.30053234100341797,-0.07066022604703903,-0.02111337147653103,0.10021527111530304,-0.15708060562610626,0.2283850461244583,0.28706949949264526,0.1109984889626503,0.49575701355934143,0.09454114735126495,0.13820677995681763,-0.18942512571811676,-0.142557755112648,0.13757610321044922,-0.5851573944091797,-0.0775386169552803,0.0456770621240139,0.048574384301900864,0.23468244075775146,-0.16880875825881958,0.8275457620620728,0.41213172674179077,-0.24923770129680634,-0.3861526846885681,0.028232287615537643,-0.0755876749753952,-0.5458844900131226,-0.2592281401157379,0.27905771136283875,0.35119664669036865,0.20262698829174042,-0.15797321498394012,-0.2932899594306946,-0.1782548576593399,-0.09034742414951324,-0.04816461354494095,0.09977081418037415,-0.2971086800098419,0.6577396988868713,0.002033013151958585,0.3065657317638397,-0.700476348400116,0.14463980495929718,0.21521112322807312,0.23818902671337128,-0.35939091444015503,0.08044184744358063,0.004611024167388678
CID000104865,348,-0.0033194900024682283,0.0035628913901746273,0.10786356031894684,-0.08352179825305939,0.09805590659379959,0.2709807753562927,0.09376724064350128,-0.00945891160517931,-0.26863136887550354,-0.27457913756370544,0.13356547057628632,-0.5108328461647034,0.40266257524490356,-0.2569116950035095,-0.1501081883907318,-0.031117308884859085,0.0505351796746254,0.016632065176963806,0.07400014251470566,-0.1690707504749298,0.24879190325737,-0.10350396484136581,-0.04995141550898552,-0.0487239733338356,0.20984192192554474,-0.30959686636924744,0.2450815737247467,0.13309527933597565,-0.022489571943879128,0.397041380405426,-0.15116700530052185,0.23804578185081482,0.08307032287120819,-0.05169643089175224,-0.543126106262207,-0.00403462303802371,-0.14431650936603546,-0.29900622367858887,-0.3433322012424469,-0.17182397842407227,0.07103946805000305,0.2779492437839508,-0.4889875054359436,0.12219484895467758,0.3697502613067627,-0.09368657320737839,0.10181927680969238,0.030615489929914474,0.23971867561340332,-0.21092841029167175,-0.4363521933555603,0.06965799629688263,-0.1518559753894806,-0.06889007985591888,0.2013217657804489,-0.05411706119775772,0.039875954389572144,-0.15573850274085999,0.24787864089012146,-0.08290688693523407,-0.8912631869316101,0.28758275508880615,-0.4577268958091736,0.008656829595565796,-0.16951878368854523,0.15346357226371765,-0.19121068716049194,0.324893057346344,0.12282001972198486,-0.06044122576713562,-0.2119491845369339,0.019602470099925995,-0.047461025416851044,0.03396740183234215,0.19394978880882263,0.08680224418640137,0.13881509006023407,0.3314914107322693,-0.0611223503947258,0.04625556617975235,-0.1624528467655182,-0.14653286337852478,-0.008416378870606422,0.015297047793865204,-0.08577471971511841,0.12623852491378784,-0.3638079762458801,-0.024601101875305176,0.3067110478878021,0.0750463530421257,-0.07422611862421036,-0.1886691153049469,0.09348229318857193,-0.07267025113105774,-0.49666881561279297,0.10673093795776367,-0.04505856707692146,0.11097896099090576,0.1874818503856659,-0.35907378792762756,0.1784631609916687,0.18832173943519592,-0.30000266432762146,0.04248310998082161,-0.31067541241645813,-0.09711785614490509,-0.37206655740737915,0.17107847332954407,0.04382673650979996,0.24832944571971893,0.3231571316719055,0.01771935261785984,0.28463584184646606,0.1287982016801834,0.2657591700553894,-0.15767285227775574,-0.05585629865527153,-0.42050856351852417,0.13416104018688202,-0.08526429533958435,0.008892211131751537,-0.7191474437713623,-0.14939717948436737,-0.16620776057243347,-0.43500128388404846,0.13500933349132538,0.05153792351484299,0.2484220266342163,0.20245938003063202,0.08218114078044891,0.19662728905677795,-0.029137950390577316,-0.5298835039138794,-0.286056786775589,0.08529829233884811,-0.15717323124408722,0.06223328039050102,-0.2792356014251709,-0.0850115641951561,-0.17745128273963928,-0.24583932757377625,0.16166992485523224,0.10521455109119415,-0.1329795867204666,-0.16958895325660706,0.07976832240819931,-0.09558863937854767,-0.18592754006385803,0.27353066205978394,-0.0650772750377655,-0.015201176516711712,0.26090365648269653,-0.3296452462673187,0.2045074701309204,0.07252714037895203,-0.038705725222826004,-0.097521111369133,-0.34876254200935364,-0.0936041921377182,0.01964655891060829,0.059551902115345,0.02285119518637657,-0.7966440320014954,0.0036254762671887875,0.4754087030887604,0.23793022334575653,-0.1549222767353058,0.23161260783672333,0.08391693234443665,-0.12792399525642395,-0.16497883200645447,-0.3142831325531006,0.31216245889663696,0.13899663090705872,0.05567052215337753,-0.07589764893054962,0.33106550574302673,-0.0599212646484375,-0.4767857491970062,-0.1061018854379654,0.2573772668838501,0.32384881377220154,0.12707911431789398,-0.07405859231948853,-0.06385429948568344,-0.1320188343524933,-0.24089570343494415,0.07999619096517563,0.5462511777877808,0.06099138408899307,0.15013596415519714,-0.44898781180381775,-0.08094611018896103,-0.10127266496419907,-0.11960647255182266,0.21998231112957,0.0791180282831192,-0.014339345507323742,-0.3054177165031433,0.10060358047485352,0.08540113270282745,-0.021604344248771667,-0.3307657837867737,0.007225853390991688,-0.06369141489267349,0.15430040657520294,-0.09877137839794159,-0.26894864439964294,-0.323971152305603,-0.20301172137260437,0.19643719494342804,-0.030108243227005005,0.03896130248904228,-0.07702068239450455,-0.11039934307336807,0.03977688401937485,0.4682791233062744,0.23253393173217773,0.041662923991680145,-0.039646394550800323,-0.07327248901128769,-0.08727750927209854,-0.5340181589126587,-0.09422072768211365,0.2069607675075531,-0.0870831161737442,0.2300456315279007,-0.21906816959381104,0.9052963256835938,0.3220597505569458,-0.2671055197715759,-0.13613280653953552,0.024547290056943893,0.013608226552605629,-0.501287579536438,-0.20745539665222168,-0.07895759493112564,0.1153440922498703,0.43004530668258667,0.021865684539079666,-0.37533488869667053,-0.10905017703771591,-0.03131098672747612,-0.2194911539554596,0.0729127898812294,-0.09090270847082138,0.22409915924072266,0.14956989884376526,0.32104402780532837,-0.831069827079773,-0.13317131996154785,0.39497679471969604,0.1457689255475998,-0.0008450687164440751,-0.0030095051042735577,-0.09560124576091766
CID000002949,351,-0.13241703808307648,-0.019713042303919792,-0.2197875678539276,-0.10426721721887589,0.17710766196250916,0.3348475396633148,-0.024789661169052124,0.17651249468326569,-0.25471726059913635,-0.26567399501800537,-0.09786500036716461,-0.41815486550331116,-0.02556070126593113,-0.40642794966697693,-0.03945824131369591,0.10994867980480194,0.023558320477604866,0.1031971424818039,0.01647772267460823,-0.04689652472734451,0.18631280958652496,-0.024809282273054123,0.0345771387219429,0.10775502026081085,-0.040902383625507355,0.062034714967012405,0.09668481349945068,-0.03571166843175888,-0.20701858401298523,0.34373024106025696,0.029798472300171852,-0.1928219497203827,-0.04158404469490051,0.03513401746749878,-0.4685232639312744,-0.021980274468660355,-0.18229426443576813,-0.2626083493232727,-0.043448977172374725,0.08058742433786392,0.04658420756459236,0.15657344460487366,-0.09491898864507675,-0.19946348667144775,0.11021395772695541,-0.05159928649663925,-0.022583162412047386,0.11915894597768784,-0.24206790328025818,-0.03434715420007706,-0.01350317895412445,0.07848331332206726,-0.10018036514520645,0.019456272944808006,0.08706282079219818,-0.019776657223701477,-0.1676517277956009,-0.0590217225253582,0.13515415787696838,-0.04058138281106949,-0.8778362274169922,-0.08836300671100616,-0.3974840044975281,0.25117552280426025,0.07794075459241867,0.058716319501399994,-0.03679024800658226,0.1482459455728531,0.015451210550963879,0.08212921768426895,-0.016313228756189346,0.06590888649225235,0.05977052450180054,-0.0852997824549675,0.13472533226013184,-0.005375034175813198,-0.1126365065574646,0.11604306846857071,0.23773641884326935,0.0823199599981308,-0.3146166503429413,0.03837933391332626,-0.3378349542617798,-0.07457158714532852,0.02083873189985752,-0.12665817141532898,-0.2762831747531891,-0.3297966718673706,0.22383971512317657,0.18208277225494385,-0.03131256625056267,-0.24072714149951935,0.035151056945323944,-0.02746104635298252,-0.384011447429657,-0.04084007069468498,-0.23511099815368652,0.368007630109787,0.05259497091174126,-0.3854517638683319,0.06640021502971649,0.2611364722251892,-0.22881579399108887,-0.18901650607585907,-0.2281765192747116,-0.0323205403983593,-0.45144692063331604,0.2830820083618164,-0.015838976949453354,-0.00035775601281784475,-0.01775556243956089,0.1624634861946106,0.09927985817193985,0.08942395448684692,-0.011732975021004677,0.19869160652160645,-0.21111440658569336,-0.1969439685344696,0.3802032768726349,0.13737814128398895,-0.2070232331752777,-0.4714742600917816,0.08066191524267197,-0.0729675218462944,-0.28370192646980286,0.20920877158641815,-0.046703845262527466,0.24014098942279816,0.08777592331171036,-0.03919262811541557,-0.13174213469028473,0.17118869721889496,-0.5779138207435608,-0.3127698004245758,-0.010593700222671032,-0.25422462821006775,-0.03840740770101547,0.08387269079685211,-0.09143408387899399,-0.054300714284181595,-0.06670087575912476,0.02321217954158783,0.04328717663884163,-0.07040812075138092,0.03284154832363129,0.1096535474061966,0.06438101828098297,-0.12049297988414764,0.1911734640598297,-0.01001040916889906,-0.08880718052387238,-0.07493209838867188,0.04023076221346855,-0.08126543462276459,0.21485157310962677,0.106197789311409,-0.04427986219525337,-0.37742331624031067,0.14375880360603333,0.18337568640708923,0.1342356950044632,-0.10317020118236542,-0.7671340703964233,0.003924965858459473,0.08128111064434052,0.22344271838665009,-0.14623120427131653,-0.20761588215827942,0.13554711639881134,-0.12140550464391708,0.002425324870273471,0.061858631670475006,0.37473708391189575,-0.01674230396747589,0.014430677518248558,0.03002897836267948,-0.16880497336387634,0.06720315665006638,-0.5956668853759766,-0.0701771080493927,0.34202414751052856,0.3820044994354248,-0.005745769944041967,-0.13955621421337128,0.022817641496658325,-0.017373373731970787,-0.08476139605045319,-0.10900745540857315,0.2822113037109375,-0.15424995124340057,0.12014629691839218,0.07145227491855621,-0.1279437243938446,-0.014109805226325989,-0.32708248496055603,0.28869539499282837,0.10550470650196075,0.041963763535022736,-0.1265169084072113,-0.06745632737874985,-0.041014574468135834,-0.07818590849637985,0.034676700830459595,0.15633240342140198,-0.05556932091712952,0.4021790623664856,-0.019895127043128014,-0.11988196521997452,-0.0016077614855021238,0.07401363551616669,-0.16797110438346863,0.0211600624024868,-0.006316080689430237,-0.05957372114062309,-0.03179718181490898,0.25145938992500305,0.3408680856227875,0.20892629027366638,-0.173370361328125,-0.28807532787323,0.042755793780088425,-0.03069622814655304,-0.3121304214000702,-0.08217136561870575,0.14458422362804413,-0.013906064443290234,0.17649546265602112,-0.11951027065515518,0.5849617719650269,0.16212059557437897,-0.2861061990261078,-0.08487506955862045,-0.06466417014598846,-0.0939108207821846,-0.5613107085227966,-0.20360295474529266,-0.07089807093143463,0.4370209574699402,0.28521546721458435,0.007914366200566292,-0.10586706548929214,-0.14506006240844727,-0.0032768703531473875,0.18795418739318848,0.08236603438854218,0.03296796977519989,0.1473834216594696,-0.14448805153369904,0.08873163908720016,-0.5290558934211731,0.26107722520828247,0.18982058763504028,0.20339393615722656,-0.19263668358325958,0.0141942473128438,0.032896704971790314
CID000005472,352,0.04594989866018295,-0.12275316566228867,-0.03894522041082382,-0.15541908144950867,0.345205694437027,0.3386998772621155,-0.4451097846031189,0.009932741522789001,-0.08765298128128052,-0.17624671757221222,0.028575483709573746,-0.3866015076637268,-0.033487387001514435,-0.267702579498291,-0.18983601033687592,0.08661766350269318,0.2456957995891571,-0.19549892842769623,0.1024334654211998,-0.039392922073602676,-0.09710615128278732,0.10269616544246674,0.1526523232460022,0.0781005322933197,0.21602633595466614,-0.23222942650318146,-0.09296412765979767,-0.06499463319778442,0.06781645119190216,0.4956461787223816,0.015971805900335312,-0.23034651577472687,0.11053715646266937,-0.008901083841919899,-0.5606786608695984,0.017152244225144386,-0.35378608107566833,-0.3362729251384735,-0.1652550846338272,-0.007421550340950489,0.10885079205036163,0.10012682527303696,-0.28490322828292847,-0.14782966673374176,0.06954672187566757,0.18305693566799164,-0.0445353165268898,0.1634504646062851,0.2454897165298462,-0.025436127558350563,-0.2904922366142273,-0.06318427622318268,-0.05383547395467758,-0.20586708188056946,0.12645520269870758,-0.04565228521823883,-0.02437961846590042,-0.1385534703731537,0.28507357835769653,0.022465964779257774,-0.9048358798027039,0.050041038542985916,-0.334587424993515,0.03495536372065544,0.12101335823535919,0.36216863989830017,-0.1965392380952835,-0.029342707246541977,0.04349159449338913,-0.008573584258556366,-0.10381171852350235,0.29713016748428345,0.09504595398902893,0.11135739088058472,-0.0017344041261821985,-0.06396860629320145,-0.10422627627849579,-0.011458407156169415,0.23739592730998993,0.16682419180870056,-0.3975037932395935,-0.16654470562934875,-0.134728342294693,-0.1015547662973404,-0.0887124091386795,-0.09115564823150635,-0.3469460606575012,-0.02578156068921089,0.377360999584198,0.195554718375206,-0.15092037618160248,-0.20438244938850403,0.056633759289979935,-0.02785005047917366,-0.5705687999725342,-0.011667420156300068,-0.2559240460395813,0.4110502600669861,0.14759764075279236,-0.2992534041404724,0.2811703085899353,0.1983093023300171,-0.24238140881061554,-0.18926292657852173,-0.17954321205615997,-0.051209330558776855,-0.5027915835380554,0.2716139256954193,0.04929912090301514,0.2811083197593689,0.0019508122932165861,-0.24279943108558655,0.31164389848709106,-0.050532810389995575,0.0346747450530529,0.18120335042476654,-0.20877237617969513,-0.21627171337604523,0.06853644549846649,0.14150691032409668,-0.1996782273054123,-0.6526100039482117,0.061367105692625046,-0.20194530487060547,-0.21001262962818146,-0.03249414637684822,0.1332513391971588,0.33175215125083923,0.038905225694179535,-0.1365746408700943,-0.10746435075998306,0.16285893321037292,-0.47643232345581055,-0.33804041147232056,-0.45624375343322754,-0.18899142742156982,0.22394640743732452,-0.10788947343826294,-0.19743457436561584,0.0704767256975174,0.21479609608650208,0.33010414242744446,0.07564122974872589,0.02979627624154091,0.08815352618694305,-0.3042519688606262,-0.06123296171426773,-0.02410433441400528,-0.07110900431871414,0.11237005144357681,-0.015069564804434776,-0.15350106358528137,-0.21386265754699707,-0.0194234736263752,-0.20503370463848114,-0.029755204916000366,-0.019854094833135605,-0.4108017086982727,0.09197347611188889,-0.10990414768457413,-0.056392114609479904,-0.04401644319295883,-0.8231584429740906,0.047012221068143845,0.17630967497825623,0.2049095183610916,-0.2276153564453125,-0.026774972677230835,0.14740480482578278,0.10956619679927826,-0.17391420900821686,-0.01928584836423397,0.5308513045310974,-0.2680773138999939,0.024268226698040962,0.07727819681167603,0.3216462731361389,0.08555452525615692,-0.42518752813339233,0.045606616884469986,0.15975739061832428,0.24575290083885193,0.10093728452920914,-0.03637553006410599,-0.029724404215812683,-0.172079399228096,-0.30646488070487976,-0.03301640599966049,0.5484451651573181,-0.021739507094025612,0.33383476734161377,-0.2926955223083496,0.20555587112903595,-0.20642638206481934,-0.32132047414779663,0.631516695022583,-0.0032690714579075575,-0.07907754182815552,-0.36073946952819824,-0.41216373443603516,0.0884643942117691,-0.2004363238811493,-0.16804011166095734,0.11702872812747955,-0.0016405910719186068,0.4290142059326172,-0.05462126061320305,-0.19904541969299316,0.023620977997779846,-0.061964839696884155,0.03284428268671036,0.21727705001831055,0.014766720123589039,0.016186390072107315,0.04181576147675514,-0.03573688864707947,0.38569068908691406,0.1945452094078064,-0.06821901351213455,-0.20228791236877441,-0.021674636751413345,0.012232540175318718,-0.363040953874588,0.21248742938041687,0.3139115571975708,-0.03968973457813263,-0.018691325560212135,-0.22742781043052673,0.46835166215896606,0.04065873473882675,-0.03698670119047165,-0.3673916757106781,-0.1915026307106018,0.06953258812427521,-0.49114713072776794,-0.28219056129455566,0.05445920303463936,0.1831064224243164,0.08233095705509186,-0.11790343374013901,-0.19084353744983673,0.049511127173900604,0.08720248192548752,0.062081076204776764,0.18256664276123047,-0.12767446041107178,0.5758940577507019,-0.13483119010925293,0.2015395611524582,-0.5922781825065613,0.08572655916213989,0.08760150521993637,0.2616291642189026,0.11777742207050323,0.16321411728858948,0.0060051558539271355
CID000091270,355,0.03820282965898514,0.12145908176898956,0.1259947270154953,-0.07849682867527008,0.17490549385547638,0.3514278531074524,-0.03160751610994339,-0.08738424628973007,-0.3574480414390564,-0.2804570198059082,0.28509312868118286,-0.42504629492759705,0.1933877170085907,-0.4905049800872803,-0.13243022561073303,0.06801719963550568,0.17980284988880157,-0.033565375953912735,0.08191416412591934,0.1484423130750656,0.10294417291879654,-0.030265623703598976,0.03786458820104599,0.16885718703269958,0.08580298721790314,-0.15326817333698273,0.057098932564258575,-0.04612831026315689,0.11471635103225708,0.4118277132511139,-0.27757948637008667,0.10609479993581772,0.1674671471118927,-0.0329192578792572,-0.5369753241539001,0.1431390792131424,-0.3134847581386566,-0.31810277700424194,-0.19881266355514526,-0.12332995235919952,0.07192180305719376,0.08040151745080948,-0.34411242604255676,-0.009072715416550636,0.5773540139198303,-0.03373599052429199,-0.13529124855995178,-0.1763395518064499,0.010176394134759903,-0.06419459730386734,-0.3690296709537506,0.20226821303367615,-0.06653222441673279,-0.06723364442586899,0.1281152367591858,-0.12182042747735977,-0.0007538497447967529,-0.13125887513160706,0.3207159638404846,0.11681151390075684,-0.7845872044563293,0.030675595626235008,-0.3820400834083557,0.16767290234565735,0.054675668478012085,0.2075858861207962,0.005713638849556446,0.25377681851387024,-0.10015252977609634,-0.15901648998260498,-0.10975973308086395,-0.08079906553030014,0.05651286989450455,0.08446313440799713,0.3212314248085022,-0.09421366453170776,-0.033015914261341095,0.5844577550888062,0.11588853597640991,-0.15648046135902405,-0.3094295859336853,-0.23601579666137695,0.07778361439704895,-0.4539070725440979,-0.026476413011550903,-0.02315237745642662,-0.31645315885543823,0.26795440912246704,0.49259287118911743,-0.11373410373926163,0.1972963511943817,-0.2902590334415436,-0.066402867436409,0.09450245648622513,-0.6262372732162476,-0.133027583360672,-0.1949753314256668,0.420283704996109,-0.1168014407157898,-0.5186455845832825,0.42782172560691833,0.07155413925647736,-0.006594137754291296,-0.013655384071171284,-0.214420348405838,0.1730721890926361,-0.37208062410354614,0.3207290470600128,0.10330954939126968,-0.09580300748348236,-0.1786068230867386,0.12049373239278793,0.3997189402580261,-0.05151459574699402,0.31120696663856506,0.4018714427947998,-0.10546563565731049,-0.47836121916770935,0.6930521130561829,0.13835567235946655,-0.0625879317522049,-0.5938199758529663,-0.37871378660202026,-0.3307130038738251,-0.4473961889743805,0.035996876657009125,-0.058186281472444534,0.2723589837551117,0.20785968005657196,0.07957953214645386,0.18145634233951569,-0.033727653324604034,-0.4304099977016449,-0.3123006820678711,-0.1389603316783905,-0.12675637006759644,0.05360661819577217,-0.7008421421051025,0.12207914888858795,-0.1573965847492218,-0.007318317890167236,-0.12194827944040298,0.0865614041686058,-0.06422696262598038,0.06464461982250214,-0.10010528564453125,0.003983327653259039,-0.0075817229226231575,0.24930159747600555,-0.051696766167879105,-0.12896117568016052,-0.07434528321027756,0.08570800721645355,0.2497391700744629,0.24560487270355225,0.10855849087238312,0.043000202625989914,-0.3814775347709656,-0.04584832116961479,-0.030869314447045326,-0.002147034276276827,0.10268205404281616,-0.8161236047744751,-0.27489298582077026,0.3589242398738861,0.2048686444759369,-0.2960849702358246,0.0896531492471695,0.08139722794294357,-0.11316807568073273,-0.08149880170822144,-0.16864997148513794,0.41928988695144653,0.15846510231494904,-0.2556057572364807,-0.12770088016986847,-0.006781064905226231,-0.016500869765877724,-0.4585157036781311,-0.11738733947277069,0.10818326473236084,0.20309419929981232,0.08033084124326706,0.02900189720094204,0.15127918124198914,-0.18791289627552032,-0.29379257559776306,-0.18784236907958984,0.4048762321472168,0.05473114177584648,0.3779863119125366,-0.35608240962028503,0.058608461171388626,0.09887312352657318,-0.5946351289749146,0.5442367196083069,-0.2118200808763504,0.08333297818899155,-0.39498209953308105,-0.01716304011642933,0.03779464215040207,-0.10074406862258911,-0.3213631212711334,-0.10952812433242798,0.05703052133321762,0.3310737609863281,-0.13324561715126038,-0.12909147143363953,-0.5359385013580322,-0.4288536608219147,0.2154746800661087,0.280146062374115,0.051443565636873245,0.11158106476068497,-0.04461183398962021,-0.23979613184928894,0.44528064131736755,0.07368715107440948,-0.046037569642066956,-0.21686458587646484,0.08639717102050781,0.06758128106594086,-0.5349189043045044,0.08116724342107773,0.34582802653312683,0.21020834147930145,0.2035423219203949,0.0033923746086657047,0.7475100755691528,0.08488038927316666,-0.06747755408287048,-0.03250762075185776,-0.042406924068927765,0.008420624770224094,-0.38868552446365356,-0.31778034567832947,0.014726179651916027,0.4912588596343994,0.11920221894979477,-0.04946591705083847,-0.20988380908966064,-0.06460171192884445,-0.031402818858623505,0.550592303276062,0.12717708945274353,-0.25286737084388733,0.2722623944282532,0.17238952219486237,0.13722606003284454,-0.7284380197525024,-0.22119054198265076,0.11783765256404877,0.16713161766529083,0.07553926110267639,0.10525994002819061,-0.19736149907112122
CID000004691,358,0.006097359117120504,0.15046849846839905,0.2575725317001343,-0.001054759486578405,0.41241416335105896,0.3277493119239807,-0.02176176942884922,0.06618157774209976,-0.44460082054138184,-0.35957252979278564,-0.10130560398101807,-0.5259321928024292,0.23315410315990448,-0.31434231996536255,0.05380268022418022,0.04491284489631653,0.054242055863142014,0.1882830113172531,-0.12146987020969391,0.21637436747550964,-0.24014627933502197,-0.06962935626506805,0.14274898171424866,0.06532742828130722,0.14634931087493896,-0.14484956860542297,0.06251896917819977,-0.03313910588622093,0.08501709252595901,0.3157467544078827,0.11886781454086304,-0.09741624444723129,-0.1395142376422882,-0.000867364346049726,-0.437532901763916,-0.37708812952041626,-0.2396330088376999,-0.32301872968673706,0.109099842607975,0.0402139350771904,0.02385764755308628,0.24757607281208038,-0.08088678121566772,-0.18560975790023804,0.09417551755905151,-0.19415995478630066,-0.13691556453704834,0.025380080565810204,0.09370489418506622,-0.19306068122386932,-0.21820256114006042,0.09504208713769913,-0.07628308236598969,-0.3448765277862549,-0.08628849685192108,0.14723393321037292,-0.09390213340520859,0.04910982400178909,0.33991679549217224,-0.10214760154485703,-0.8462751507759094,0.1312406212091446,-0.3990964889526367,0.10747929662466049,0.015394458547234535,0.4872647821903229,-0.32212549448013306,0.21355049312114716,0.185872882604599,0.11343826353549957,-0.016609469428658485,-0.01606358215212822,0.0930146798491478,0.05493142455816269,0.14723584055900574,-0.04258959740400314,0.029222998768091202,0.1182536631822586,0.23695595562458038,-0.11673462390899658,-0.5830977559089661,0.07244322448968887,-0.018823450431227684,-0.08780176937580109,-0.030632685869932175,-0.1561647653579712,-0.30125901103019714,0.2254704236984253,0.39562684297561646,0.0091568473726511,-0.03679851442575455,-0.0879933089017868,0.038720451295375824,0.12114652246236801,-0.6024311780929565,-0.023861179128289223,-0.2073405236005783,0.42667660117149353,0.12165652215480804,-0.2835357189178467,0.4748753011226654,-0.008383726701140404,0.07807924598455429,0.24089102447032928,-0.21004077792167664,0.09906132519245148,-0.1996484249830246,0.3237512707710266,0.19421476125717163,0.17436741292476654,-0.09276631474494934,0.06410010904073715,0.45438989996910095,-0.10746127367019653,0.16837269067764282,0.2665001153945923,-0.06001671031117439,-0.22424283623695374,0.2008950412273407,-0.17142735421657562,-0.30181437730789185,-0.5264097452163696,-0.28970709443092346,-0.31553879380226135,-0.4537300169467926,0.08388068526983261,-0.04819235950708389,0.323272705078125,0.14921166002750397,0.11730150133371353,0.22719009220600128,-0.07469682395458221,-0.392747700214386,-0.30323976278305054,0.09151868522167206,-0.1623627245426178,0.2100561559200287,0.05947355553507805,-0.038324836641550064,-0.21427230536937714,-0.21128308773040771,0.41896766424179077,-0.05200798064470291,-0.0351782888174057,0.131624236702919,0.08615557849407196,0.1969156563282013,0.3372812569141388,-0.21000580489635468,0.09070468693971634,0.047147076576948166,-0.09124675393104553,-0.17642085254192352,0.14598894119262695,0.011555219069123268,0.002947675995528698,-0.1896630972623825,-0.3885858952999115,0.1759556531906128,-0.0641169548034668,0.17099541425704956,0.04014430195093155,-0.8759967684745789,0.18624961376190186,0.25507622957229614,0.2710637152194977,0.029157835990190506,-0.009171977639198303,0.017749270424246788,-0.1958889663219452,-0.041126884520053864,-0.029919778928160667,0.5752111077308655,0.07272270321846008,-0.13086581230163574,-0.0827852338552475,0.2680202126502991,0.1387336254119873,-0.386556476354599,0.040357496589422226,0.05964190885424614,0.22795625030994415,-0.13151557743549347,0.0853477492928505,0.2159346044063568,0.07056938111782074,-0.33370959758758545,0.19346150755882263,0.3864270746707916,0.03898434340953827,0.3034926950931549,-0.028998106718063354,-0.22463521361351013,-0.3730936646461487,-0.3372437655925751,0.5558366775512695,0.41428953409194946,0.12165546417236328,-0.34334754943847656,0.006448659114539623,0.1521499902009964,-0.14062243700027466,-0.44523853063583374,-0.09024608135223389,0.019547468051314354,0.5951017737388611,-0.25139540433883667,-0.3209400773048401,-0.06809313595294952,0.2134733498096466,-0.06604520976543427,0.18595372140407562,-0.04658884555101395,0.09089028835296631,0.31326213479042053,-0.19203610718250275,0.454935222864151,0.038894303143024445,0.11543788760900497,-0.2978765368461609,-0.10580375045537949,0.0598764531314373,-0.3449455797672272,0.057691775262355804,0.4161562919616699,0.08678686618804932,0.16006535291671753,-0.3566884398460388,0.5390132665634155,0.008133208379149437,0.14120297133922577,-0.289730966091156,0.0007194213685579598,-0.015282347798347473,-0.2447582483291626,-0.40060877799987793,0.07131536304950714,0.15188753604888916,0.1625119000673294,-0.1355680227279663,-0.1266079843044281,0.09185896813869476,0.0814569815993309,0.2272452861070633,0.09988631308078766,-0.29739198088645935,0.4811801016330719,0.1562047302722931,-0.09379254281520844,-0.6981759071350098,-0.1854793280363083,-0.09836830198764801,0.19090338051319122,-0.045674048364162445,0.03243611380457878,-0.20036835968494415
CID000003121,359,-0.2084672749042511,-0.005466433707624674,0.16638872027397156,-0.07803823798894882,0.48492202162742615,0.4970822334289551,0.13923975825309753,-0.1133136972784996,-0.428244411945343,-0.07710181176662445,0.27108633518218994,-0.43966785073280334,-0.31629735231399536,-0.14596188068389893,-0.009872352704405785,-0.3312051296234131,-0.12266149371862411,-0.005296903662383556,0.06234586983919144,0.22428825497627258,-0.23626811802387238,-0.07773663103580475,-0.035556353628635406,-0.37889793515205383,-0.3157941699028015,-0.06666188687086105,0.02436184324324131,-0.019905442371964455,-0.10866433382034302,0.5186744928359985,0.006557905580848455,-0.27920618653297424,0.15416795015335083,-0.2132035791873932,-0.7044419050216675,-0.2149115353822708,-0.5875385999679565,-0.21810977160930634,-0.21294939517974854,0.006119879893958569,0.04949972778558731,0.3491511642932892,0.0006024480098858476,0.11825644969940186,0.4656606614589691,0.260242760181427,-0.03577844426035881,0.19034035503864288,-0.14636161923408508,0.09427769482135773,-0.7493604421615601,0.02820305898785591,0.3166216015815735,-0.36271849274635315,-0.015911400318145752,0.2378750592470169,-0.2267264872789383,-0.00026990025071427226,0.16350659728050232,0.1761021912097931,-0.9775206446647644,-0.17229719460010529,-0.08567686378955841,0.24749037623405457,-0.021185290068387985,-0.03692033886909485,-0.2669031620025635,0.22853195667266846,0.16648797690868378,-0.007228192873299122,-0.20509901642799377,-0.1103830561041832,-0.09026243537664413,0.07449790090322495,0.2571078836917877,0.10282566398382187,-0.11439637839794159,0.33745092153549194,-0.013827207498252392,0.03530188649892807,0.08724281936883926,-0.00851103663444519,-0.20570573210716248,0.15721715986728668,-0.13737785816192627,0.03880086541175842,-0.4525710940361023,0.2125891149044037,0.49264946579933167,-0.13744522631168365,-0.11910130828619003,-0.2844603657722473,0.418462336063385,-0.02985764481127262,-0.6393314003944397,0.21240338683128357,-0.2969134747982025,0.3134351074695587,0.13363392651081085,-0.2151123285293579,0.49243393540382385,-0.09259027242660522,-0.36218398809432983,0.08196048438549042,-0.009723353199660778,-0.13993993401527405,-0.5720248818397522,0.304171085357666,0.3263368010520935,0.2760869264602661,0.08600031584501266,-0.13501404225826263,0.15549762547016144,0.23587648570537567,-0.0013455614680424333,0.037138666957616806,-0.03394830599427223,-0.40382814407348633,0.25261637568473816,-0.04848351329565048,0.1600160300731659,-0.807767391204834,-0.11378834396600723,-0.334472119808197,-0.3154711127281189,0.10634472221136093,0.02831440232694149,0.38378772139549255,0.25344544649124146,0.060017816722393036,-0.1269059181213379,-0.013514081947505474,-0.3797859847545624,-0.591323971748352,-0.002568578813225031,-0.1374606192111969,0.316716730594635,-0.49701744318008423,0.020495876669883728,-0.2671641707420349,0.2650687098503113,0.0837114006280899,0.025162940844893456,-0.04013606533408165,-0.11486382782459259,0.08215595036745071,-0.002712567802518606,0.19565343856811523,-0.16640415787696838,-0.027623314410448074,0.01818062923848629,0.11714515835046768,0.28535428643226624,-0.04262140393257141,0.11573603004217148,-0.05927608534693718,0.11517133563756943,-0.3490980565547943,0.22217705845832825,0.2864719033241272,-0.14430436491966248,-0.03349665179848671,-0.8631504774093628,0.2144903689622879,0.3656395971775055,0.15979208052158356,-0.3451182246208191,-0.05483996868133545,0.05613764375448227,-0.2953532934188843,-0.03598286584019661,-0.3197137117385864,0.21437561511993408,-0.3065500855445862,-0.0927920788526535,0.17923399806022644,-0.11842834949493408,0.010167593136429787,-0.3532741069793701,-0.3035370707511902,-0.07995899021625519,0.33566102385520935,0.04127949848771095,0.15677736699581146,0.06268826872110367,-0.18192143738269806,-0.36860889196395874,-0.20840004086494446,0.7125717401504517,-0.2398347556591034,-0.09561346471309662,-0.3169907331466675,-0.19698092341423035,0.11123263835906982,-0.10979844629764557,0.44374170899391174,0.13341954350471497,-0.10414693504571915,-0.4409239888191223,0.1020788922905922,-0.2247805893421173,-0.2953646779060364,-0.2715819478034973,0.23798251152038574,0.04635664075613022,0.10353930294513702,0.10630957782268524,-0.1278204619884491,-0.25956493616104126,0.0404815599322319,0.10917122662067413,0.08127317577600479,-0.0005875676870346069,0.2841259837150574,0.05302544683218002,-0.21852335333824158,0.616184651851654,-0.045561373233795166,-0.16510248184204102,0.007200205232948065,-0.21766431629657745,-0.2194502353668213,-0.6661034822463989,0.22566600143909454,0.5091744065284729,-0.02292337641119957,0.13756874203681946,-0.36356121301651,0.7088396549224854,0.016890699043869972,-0.07746250927448273,-0.15345820784568787,0.18264009058475494,0.06990940868854523,-0.334920197725296,-0.2767077684402466,0.3943738341331482,0.08900459110736847,0.17148466408252716,-0.011956905946135521,-0.11539338529109955,-0.2598392367362976,0.09164679795503616,0.07291091233491898,0.04668588191270828,-0.36447107791900635,0.14243009686470032,0.19199839234352112,-0.02167360857129097,-0.806585967540741,-0.3559570908546448,0.3027852177619934,0.39208459854125977,0.018706928938627243,0.19722025096416473,0.08401133120059967
CID000001134,360,-0.11520739644765854,0.14738239347934723,0.048164527863264084,0.02155401185154915,0.4831298291683197,0.45680904388427734,0.21719007194042206,-0.1809668391942978,-0.5772720575332642,-0.26622673869132996,-0.040903665125370026,-0.6544449925422668,0.23588566482067108,-0.1914859265089035,-0.07598669826984406,0.08619892597198486,-0.2083912342786789,0.13860896229743958,0.2076568603515625,0.10482184588909149,-0.19655156135559082,0.1784866750240326,-0.13962337374687195,0.09981141239404678,-0.08912737667560577,0.05145897716283798,-0.06068379431962967,-0.28647226095199585,-0.182571142911911,0.6350858211517334,-0.29827752709388733,-0.10686060041189194,0.27482733130455017,0.0032110451720654964,-0.7697885632514954,0.17563514411449432,-0.239497572183609,-0.11659282445907593,-0.1573297381401062,0.15917375683784485,-0.29643088579177856,-0.055056191980838776,0.030270885676145554,-0.09458265453577042,0.4882541298866272,0.05727299302816391,0.24506807327270508,0.080629862844944,0.04610875993967056,-0.031102705746889114,-0.09286285936832428,-0.06232466548681259,-0.07484559714794159,-0.11841342598199844,0.10439783334732056,0.04017123207449913,0.14038662612438202,-0.36944398283958435,0.4979209005832672,0.0908995121717453,-0.9498521685600281,-0.32190078496932983,-0.37218406796455383,0.49722155928611755,-0.022795584052801132,0.15618321299552917,-0.3235739767551422,0.3130228519439697,-0.24308237433433533,0.0430898480117321,0.11198128759860992,0.05057522654533386,0.0023003816604614258,-0.04289299249649048,0.6229406595230103,-0.03536752983927727,0.012491581030189991,0.40524283051490784,0.040474750101566315,-0.15253593027591705,-0.13763491809368134,0.18856140971183777,-0.13542409241199493,0.05712706595659256,-0.019951825961470604,0.054580170661211014,-0.21517232060432434,0.20578841865062714,0.20933575928211212,-0.21609511971473694,-0.23637089133262634,-0.2875329554080963,-0.028014803305268288,-0.10749713331460953,-0.5186740159988403,-0.03484337404370308,0.08346567302942276,0.08835141360759735,0.1030850037932396,-0.2709709703922272,0.13040536642074585,0.07627328485250473,-0.27768051624298096,0.11224116384983063,-0.42958277463912964,0.22494494915008545,-0.36629199981689453,0.27747076749801636,-0.10091853141784668,0.5424915552139282,0.0524883046746254,-0.11640331894159317,0.21953415870666504,0.003266632556915283,0.0904688760638237,-0.13473916053771973,0.039575934410095215,-1.0951682329177856,0.22397732734680176,0.03660111874341965,0.00352914328686893,-0.5532864928245544,0.22052903473377228,-0.2117411196231842,-0.26356226205825806,0.37272194027900696,-0.022364815697073936,0.34593671560287476,0.06260687112808228,0.09810556471347809,-0.07147790491580963,0.0917489230632782,-0.27103161811828613,-0.3347923755645752,-0.05613616853952408,-0.13659441471099854,0.09162341058254242,-0.3386963903903961,-0.02559085562825203,-0.2873472273349762,-0.1495252549648285,0.4448036551475525,-0.005253842566162348,0.25343814492225647,-0.11368553340435028,0.22234277427196503,-0.16085590422153473,0.12632879614830017,-0.20446106791496277,0.020742779597640038,-0.05040998384356499,-0.20785391330718994,-0.04657551273703575,-0.02515760064125061,-0.09663432091474533,0.03819245472550392,0.11234398931264877,-0.5007699131965637,-0.17564551532268524,0.20839273929595947,-0.12419644743204117,-0.04174119979143143,-0.6513876914978027,-0.19013847410678864,0.4323933720588684,0.16298122704029083,-0.13686993718147278,-0.17867417633533478,-0.27648821473121643,0.31971296668052673,-0.03544621542096138,-0.08695007115602493,0.49390020966529846,-0.15935739874839783,0.19195958971977234,-0.07146629691123962,0.29938793182373047,0.10807505995035172,-0.3783292770385742,-0.09428812563419342,0.18217605352401733,0.4201442301273346,0.07184875011444092,-0.19356794655323029,-0.23855558037757874,-0.38855910301208496,-0.1829742044210434,-0.10703122615814209,0.3641822934150696,-0.31180140376091003,0.06643117964267731,-0.32849690318107605,0.08840866386890411,-0.08192863315343857,0.030721347779035568,0.2810584008693695,-0.2118772715330124,-0.01647341251373291,-0.7629227638244629,-0.06379672884941101,-0.18430909514427185,-0.0723300576210022,-0.1882302463054657,0.15178754925727844,-0.10953996330499649,0.2523561120033264,0.08872497826814651,-0.0015073418617248535,-0.4284595847129822,0.12685522437095642,-0.0037210651207715273,-0.16018588840961456,-0.16057461500167847,0.017509013414382935,0.023015331476926804,-0.07404103130102158,0.6422531604766846,-0.11631655693054199,-0.3206762373447418,-0.18930315971374512,0.12031998485326767,-0.053492117673158646,-0.3880533277988434,0.09599224478006363,-0.08447537571191788,-0.23376385867595673,0.09244866669178009,-0.39780187606811523,0.8088221549987793,-0.027105871587991714,-0.22924113273620605,-0.014906758442521095,-0.048737782984972,0.09054912626743317,-0.42893996834754944,-0.3764790892601013,0.03288948908448219,0.0799662321805954,0.24411186575889587,-0.24510297179222107,-0.708745002746582,0.13812270760536194,0.1940709501504898,-0.1009380966424942,0.06797736138105392,0.048048198223114014,0.19608375430107117,-0.0013997018104419112,0.27473166584968567,-0.5665880441665649,0.2473890334367752,0.38038650155067444,0.526953399181366,-0.16391609609127045,-0.01204083301126957,0.0650269016623497
CID000003877,361,-0.056678902357816696,-0.2146397829055786,0.0038841485511511564,-0.15082000195980072,0.3471758961677551,0.45159125328063965,-0.05057584121823311,-0.0394250862300396,-0.6730552911758423,-0.16262875497341156,-0.001130182296037674,-0.43315863609313965,0.2095937728881836,-0.34914731979370117,0.13107725977897644,0.1482418179512024,-0.020938122645020485,-0.05161966010928154,0.007116883993148804,0.09244899451732635,-0.31635668873786926,0.2657948136329651,0.08923238515853882,-0.10724438726902008,-0.1340472400188446,-0.07943709939718246,-0.01939610205590725,0.026670735329389572,-0.20152771472930908,0.4460258483886719,-0.06925098598003387,0.09057755768299103,0.08408214151859283,0.05146414041519165,-0.5138905644416809,0.16597335040569305,-0.27952009439468384,-0.29608020186424255,-0.36036714911460876,0.18695083260536194,-0.007604032754898071,0.17675144970417023,-0.381974458694458,-0.14957121014595032,0.3151254951953888,0.1308097392320633,-0.1421736627817154,0.0031753063667565584,0.04348112270236015,-0.09063480794429779,-0.3020835518836975,0.06889979541301727,-0.19931760430335999,0.013048844411969185,0.09936758130788803,-0.0542144775390625,0.05082904174923897,-0.196874737739563,0.5649070143699646,0.10062754154205322,-0.9286392331123352,0.10943102836608887,-0.20884175598621368,0.39332813024520874,0.0898810401558876,0.05247105285525322,-0.22102347016334534,0.13154473900794983,0.03963761404156685,0.1358204483985901,-0.06430120766162872,0.051501620560884476,0.1572706401348114,-0.054109424352645874,0.49851804971694946,-0.17563822865486145,-0.18441614508628845,0.2723718583583832,-0.08747760951519012,-0.1838878095149994,-0.2617857754230499,-0.19054703414440155,-0.3191630244255066,0.09163444489240646,0.01332365907728672,-0.07997985184192657,-0.16965541243553162,-0.10405870527029037,0.2438165247440338,-0.04705754667520523,-0.16150285303592682,-0.32475224137306213,-0.09781517833471298,-0.06431596726179123,-0.5538848042488098,0.018924113363027573,0.08763005584478378,0.24172720313072205,0.04364026337862015,-0.40444493293762207,0.12089180946350098,0.1162383109331131,-0.22777140140533447,0.03451310470700264,-0.0842476412653923,0.06866659224033356,-0.4608050286769867,0.2691466510295868,-0.06637641042470932,0.3731825649738312,0.17060863971710205,0.11040990054607391,0.2055465281009674,-0.008976536802947521,0.04390303045511246,-0.05255042761564255,0.011368632316589355,-0.7887029647827148,0.19622695446014404,0.14703132212162018,-0.17526885867118835,-0.6953888535499573,0.33494025468826294,-0.18701745569705963,-0.2699379026889801,0.3015172779560089,0.04995972663164139,0.20935027301311493,0.006903418805450201,-0.26635435223579407,-0.11687669903039932,0.19562581181526184,-0.4475722908973694,-0.37026476860046387,-0.13625185191631317,-0.08693985641002655,0.09110287576913834,-0.38530823588371277,-0.04310982674360275,-0.03201594203710556,-0.014657077379524708,0.3297918438911438,-0.15786036849021912,0.05622055381536484,-0.10548333823680878,-0.17601856589317322,-0.04823063686490059,0.033990632742643356,-0.24214553833007812,0.3766598105430603,-0.11825831234455109,0.16869239509105682,0.11797727644443512,-0.006826077587902546,0.1113286018371582,0.23713023960590363,0.15587620437145233,-0.5279697179794312,0.025485044345259666,0.20272520184516907,0.09846178442239761,-0.16504566371440887,-0.8131476640701294,-0.05232324078679085,0.366594135761261,0.1572444885969162,-0.3087838888168335,-0.12514802813529968,0.12105245888233185,-0.05166218802332878,-0.19105330109596252,-0.2451193630695343,0.3565625846385956,-0.20079055428504944,-0.222909614443779,-0.02276340126991272,0.12020363658666611,0.06058309227228165,-0.4073680341243744,-0.09743449091911316,0.2678341269493103,0.3361622393131256,0.15896177291870117,-0.11708974838256836,-0.053036756813526154,-0.10190699994564056,-0.3382180333137512,-0.2985350489616394,0.31335046887397766,0.06906993687152863,0.2523340880870819,-0.41284140944480896,0.02818579599261284,-0.12466071546077728,-0.18657474219799042,0.40434280037879944,0.054776739329099655,0.1955176293849945,-0.390981525182724,-0.17934037744998932,0.03969632834196091,0.036159880459308624,-0.14754223823547363,0.1132475882768631,-0.055044662207365036,0.21377797424793243,0.16670124232769012,-0.07161009311676025,-0.2502272129058838,-0.20190215110778809,-0.0694127008318901,-0.13468201458454132,-0.1006205677986145,0.10814913362264633,0.050996195524930954,-0.07460571825504303,0.5557345151901245,0.035959888249635696,-0.13048815727233887,-0.327083557844162,0.11749138683080673,-0.04046626016497612,-0.42751774191856384,0.06349294632673264,-0.07373668253421783,-0.13190726935863495,0.24801702797412872,-0.2210298478603363,0.8361533880233765,0.06476319581270218,-0.04716305807232857,-0.13776591420173645,-0.060088325291872025,0.08958162367343903,-0.4261830449104309,-0.19830018281936646,-0.023782435804605484,0.1666344702243805,0.35706013441085815,0.05571000650525093,-0.5218670964241028,-0.04497264698147774,0.2244434356689453,-0.11757005751132965,-0.07527314871549606,0.001490715192630887,0.18148164451122284,-0.1500854790210724,0.19749736785888672,-0.5774467587471008,0.4790774881839752,0.24213843047618866,0.2007129192352295,-0.07524271309375763,0.07157639414072037,-0.024899208918213844
CID000000838,364,0.1215081661939621,0.025822246447205544,0.4606868624687195,0.34698739647865295,0.512069821357727,0.5310837626457214,0.6267939805984497,0.1929624378681183,-0.19229206442832947,-0.3441006541252136,0.3208663761615753,-0.3428686559200287,0.41470322012901306,-0.39555230736732483,-0.236867755651474,0.18947240710258484,0.06402985751628876,-0.007128390483558178,-0.2568874657154083,-0.21289679408073425,0.4609794616699219,0.15425705909729004,-0.06010002642869949,0.41367095708847046,0.018710661679506302,0.05177653953433037,-0.15962016582489014,-0.02872711792588234,-0.0278836190700531,0.323873907327652,-0.19369450211524963,-0.15177227556705475,-0.09216776490211487,-0.03874664753675461,-0.45604580640792847,0.05461278557777405,-0.4165799021720886,-0.4120195508003235,-0.3630385398864746,0.07018624246120453,0.15808650851249695,-0.07370594143867493,-0.48532184958457947,-0.2639578580856323,0.12232508510351181,0.031148994341492653,0.09715764224529266,-0.0562715157866478,0.029541265219449997,0.11145485937595367,-0.25775566697120667,0.0015550374519079924,-0.19943630695343018,-0.3053186237812042,-0.09380518645048141,0.2415708601474762,0.08059735596179962,-0.14316630363464355,0.336880087852478,-0.20531292259693146,-0.8024593591690063,0.09775234758853912,-0.27583131194114685,0.3035237193107605,-0.1971484273672104,0.01613900251686573,-0.4601922929286957,0.16349709033966064,-0.16898103058338165,0.03430430218577385,-1.1335877180099487,0.17651477456092834,0.026870613917708397,-0.02040255069732666,0.4266894459724426,-0.0476427786052227,0.021750418469309807,0.4128914475440979,-0.13751082122325897,-0.14448663592338562,-0.4171932637691498,-0.23340177536010742,-0.05862133577466011,0.040028270334005356,0.09626822173595428,0.10615098476409912,-0.15544740855693817,0.1370634138584137,0.5938373804092407,-0.07762925326824188,-0.11278283596038818,-0.225434347987175,-0.15544520318508148,0.19959256052970886,-0.6458302736282349,-0.14087578654289246,-0.19119854271411896,0.4964408874511719,0.23298275470733643,-0.3265264630317688,0.5134133100509644,0.0731949657201767,0.24171631038188934,0.2077241837978363,-0.2702486217021942,-0.06837797164916992,-0.22026114165782928,0.2339777946472168,0.018020903691649437,0.40096601843833923,-0.493598997592926,0.30707213282585144,0.5561724901199341,-0.24381375312805176,0.35933899879455566,-0.16451013088226318,0.09122779965400696,-0.5565631985664368,0.2995157241821289,-0.29765552282333374,0.0709732174873352,-0.710598349571228,0.33617132902145386,-0.7461580038070679,-0.6773380637168884,-0.034725598990917206,-0.08052445948123932,0.48228350281715393,-0.13106349110603333,-0.16331538558006287,0.5029672384262085,-0.20478717982769012,-0.434755802154541,-0.4021000862121582,0.5252766013145447,-0.34104543924331665,0.7747164368629456,-0.1901792734861374,0.1562047302722931,-0.22412574291229248,-0.2554357647895813,0.4708530306816101,0.1812162846326828,0.15579113364219666,-0.010549861006438732,0.21321634948253632,0.2090686857700348,-0.04856916144490242,0.3968525528907776,0.10469798743724823,-0.17321425676345825,-0.2174469530582428,-0.3491116464138031,0.1019667237997055,-0.009768631309270859,0.07959333062171936,0.09246887266635895,-0.3769453763961792,-0.06778452545404434,0.4370095729827881,0.09772596508264542,0.14060001075267792,-0.6587668061256409,0.036427468061447144,0.5443137884140015,0.3836527466773987,-0.3233304023742676,0.12009213119745255,0.34082716703414917,0.019657786935567856,-0.5790666341781616,-0.207890123128891,0.7259665727615356,0.1733771562576294,0.08095832169055939,-0.24622192978858948,0.05832619592547417,0.014527427963912487,-0.15105099976062775,0.05244274064898491,-0.025348031893372536,0.3113604784011841,-0.23983879387378693,0.2066158503293991,-0.06632117927074432,-0.06891467422246933,-0.5803739428520203,-0.02338200993835926,0.5921486616134644,0.16126053035259247,0.12728020548820496,-0.5213800668716431,-0.13487723469734192,-0.02226114645600319,-0.36094802618026733,0.5789997577667236,-0.027499819174408913,-0.07193060219287872,-0.032654352486133575,-0.385196715593338,-0.08126312494277954,0.15465950965881348,-0.6731517910957336,0.034566592425107956,-0.003167311195284128,0.6065875291824341,0.21654033660888672,-0.10779067128896713,-0.1787475198507309,-0.1123860701918602,0.09967055916786194,-0.11584452539682388,-0.08986057341098785,-0.23193225264549255,0.3167475163936615,-0.39882877469062805,0.6050511002540588,-0.0010526120895519853,0.17205114662647247,-0.2772068679332733,-0.07371450215578079,-0.02815527282655239,-0.7764387726783752,-0.057149965316057205,0.35999730229377747,0.024758247658610344,0.0966452807188034,-0.43713873624801636,0.6614659428596497,0.06942040473222733,0.23753182590007782,0.035459794104099274,-0.006263166666030884,0.005798765923827887,-0.5274114012718201,-0.3125656247138977,0.11605177074670792,0.2948393225669861,-0.09787514060735703,0.23198743164539337,-0.35698407888412476,-0.05914247781038284,-0.1771533191204071,0.16127385199069977,-0.046889886260032654,-0.6241823434829712,0.32154199481010437,0.12587344646453857,0.06661324203014374,-0.7422427535057068,0.30065834522247314,-0.13691426813602448,0.3558473587036133,-0.007236403413116932,0.07839975506067276,-0.12065935134887695
CID000005596,369,0.05362849682569504,0.03754120692610741,0.1103314608335495,0.05781304091215134,0.2119872272014618,0.415080726146698,0.0736454501748085,0.1683230847120285,-0.10371194779872894,-0.2293592244386673,0.06727851182222366,-0.17034059762954712,0.12163938581943512,-0.2963089346885681,-0.26495224237442017,0.12915173172950745,-0.2360510379076004,-0.028557205572724342,-0.054150473326444626,0.004345750901848078,-0.056438010185956955,0.11775211244821548,0.089207723736763,0.08972453325986862,0.38945522904396057,-0.05157536268234253,0.33414438366889954,-0.05732118338346481,-0.16717378795146942,0.46820268034935,-0.030726289376616478,-0.10794766992330551,0.07803435623645782,0.03430760279297829,-0.5073515176773071,-0.058370113372802734,-0.22605617344379425,-0.2555848956108093,-0.33095893263816833,-0.12181339412927628,0.1325535923242569,0.2869141697883606,-0.18677183985710144,-0.10916832834482193,0.38948115706443787,-0.045935846865177155,-0.3400333821773529,0.1553577333688736,-0.05964982509613037,-0.017832370474934578,-0.4326896667480469,0.13970215618610382,-0.18653209507465363,0.06071506813168526,0.20722660422325134,0.18029774725437164,-0.2194887399673462,0.4638131260871887,0.3323001563549042,-0.06452915817499161,-0.7456004023551941,-0.04359053447842598,-0.47255760431289673,-0.11005046218633652,-0.12893614172935486,0.23424597084522247,-0.12060783058404922,-0.05379253625869751,0.11780945956707001,-0.22816915810108185,-0.2437593638896942,-0.3518393933773041,-0.036360275000333786,0.06110507249832153,0.32270127534866333,-0.12532886862754822,-0.12560255825519562,0.35018521547317505,0.4058530926704407,0.14839956164360046,-0.28830909729003906,-0.1697070151567459,-0.11755962669849396,-0.02533242665231228,-0.0944749116897583,-0.39471960067749023,-0.18793553113937378,-0.004727029707282782,0.34748440980911255,-0.05565373972058296,-0.3824598491191864,-0.0478065088391304,-0.08466725051403046,0.09853924810886383,-0.6175486445426941,0.06849520653486252,-0.1259097307920456,0.2182927429676056,0.062387317419052124,-0.23734049499034882,0.375808984041214,-0.0739702433347702,-0.07740898430347443,-0.04197072237730026,-0.5080552101135254,0.08672601729631424,-0.5968519449234009,0.21017441153526306,0.02671920321881771,0.13970768451690674,0.0401805117726326,-0.17659994959831238,0.13951070606708527,0.050134360790252686,0.11825944483280182,-0.14870218932628632,-0.27414628863334656,-0.0247327983379364,0.33690255880355835,-0.045436035841703415,0.04028191789984703,-0.6667846441268921,0.09354712069034576,-0.3582088053226471,-0.607157826423645,-0.11512943357229233,0.0791977196931839,0.31697770953178406,0.03013843297958374,0.0500805489718914,0.050678033381700516,-0.13258770108222961,-0.5951366424560547,-0.3310043215751648,0.11656539142131805,-0.335935115814209,0.4689110815525055,-0.3850746750831604,0.17970839142799377,0.3358379602432251,0.06771720200777054,0.13709984719753265,0.12223806232213974,-0.0627019926905632,-0.10679356753826141,0.003057378577068448,0.13474704325199127,0.21134325861930847,-0.18478937447071075,0.024143796414136887,0.023785626515746117,-0.024687165394425392,-0.46075791120529175,-0.032974813133478165,0.031345024704933167,0.015650708228349686,0.08322541415691376,-0.31763380765914917,0.15318158268928528,0.24178242683410645,0.3331359028816223,0.06714469194412231,-0.8548241853713989,-0.037569426000118256,0.28124675154685974,0.1955641657114029,-0.18064409494400024,0.09863585233688354,0.01887986622750759,0.0181050356477499,-0.08068396896123886,0.050713516771793365,0.37556859850883484,0.027723710983991623,-0.5211988687515259,0.13496975600719452,-0.0017016828060150146,0.15413455665111542,-0.4993397295475006,-0.06207876279950142,0.1361795961856842,0.35927289724349976,0.1654122918844223,0.22859148681163788,0.21219339966773987,-0.01320998091250658,-0.17750099301338196,-0.0691484659910202,0.4104757308959961,0.049239106476306915,0.2143099009990692,-0.5059152841567993,0.006563916802406311,-0.2406511753797531,-0.36591312289237976,0.5581787824630737,-0.014228813350200653,-0.12703344225883484,-0.07556159794330597,0.3112930357456207,0.046096500009298325,-0.013263213448226452,-0.17116114497184753,0.1844903826713562,0.039812102913856506,0.23342254757881165,-0.22540244460105896,-0.094463050365448,-0.31307655572891235,0.12682437896728516,0.19311222434043884,-0.0063502369448542595,-0.12407070398330688,0.26192185282707214,0.0012980595929548144,-0.1924487203359604,0.49499258399009705,-0.15373677015304565,-0.20386464893817902,-0.02688172459602356,-0.08121169358491898,0.04180917888879776,-0.3443662226200104,-0.03299965709447861,0.07402323186397552,-0.24265436828136444,0.04279294237494469,-0.03997671231627464,0.5606774687767029,-0.11721201986074448,-0.015652572736144066,-0.24862997233867645,-0.13571470975875854,-0.19478218257427216,-0.7638806104660034,-0.2615782618522644,-0.19950756430625916,0.2784862816333771,0.2465725690126419,-0.12327197939157486,-0.7860261797904968,-0.011872884817421436,-0.0001868024410214275,-0.0931873694062233,0.17366597056388855,-0.5865657925605774,0.27759456634521484,0.10438499599695206,0.20521831512451172,-0.6243952512741089,0.23306259512901306,0.070401631295681,-0.04735955595970154,0.5228130221366882,-0.2169181853532791,-0.13968543708324432
CID000002471,370,-0.08770749717950821,-0.020528169348835945,0.1681748628616333,-0.07883594185113907,0.32790905237197876,0.27520284056663513,0.01980738714337349,0.0729714035987854,-0.2149834930896759,-0.2437540590763092,-0.12548969686031342,-0.3696748614311218,0.1951565444469452,-0.23084291815757751,0.19821679592132568,0.0651402622461319,-0.08821723610162735,0.31670767068862915,-0.06015531346201897,0.130783349275589,-0.21356520056724548,0.07344228774309158,0.053140461444854736,0.005221088416874409,0.23890075087547302,-0.13414306938648224,0.08237434923648834,0.02703840658068657,-0.07220612466335297,0.27480417490005493,-0.08174742758274078,-0.033371783792972565,-0.18186423182487488,0.006177152972668409,-0.30929407477378845,-0.05724261328577995,-0.16795971989631653,-0.28802791237831116,-0.1264132261276245,-0.10191486030817032,0.1346866935491562,0.2574544847011566,-0.231770321726799,-0.2853269577026367,0.049830593168735504,0.012243831530213356,-0.12050002813339233,0.04740380868315697,-0.1973712146282196,-0.1296836882829666,-0.20017190277576447,0.2246139943599701,-0.09561049193143845,-0.09857829660177231,0.04254840686917305,-0.14062237739562988,0.04467686265707016,-0.00706909317523241,-0.014410172589123249,0.007050663232803345,-0.909493088722229,0.14008532464504242,-0.4469754099845886,0.05201966315507889,0.10852514207363129,0.20845568180084229,-0.2072322815656662,0.06718254834413528,0.1086827889084816,0.0387270525097847,-0.0526016540825367,0.08588872104883194,-0.031833600252866745,-0.14090876281261444,0.039372146129608154,-0.10624754428863525,-0.08335169404745102,0.03392687439918518,0.16359835863113403,0.14024214446544647,-0.23692533373832703,-0.017535090446472168,-0.3260662257671356,-0.14425162971019745,-0.13314372301101685,-0.04507775977253914,-0.21765699982643127,-0.04446812719106674,0.2658558785915375,0.04667256399989128,-0.07854589074850082,-0.23191864788532257,-0.22202467918395996,0.0269454475492239,-0.40482306480407715,0.006813558749854565,-0.26478415727615356,0.29374510049819946,0.1982152909040451,-0.3420540690422058,0.17733149230480194,0.08780527114868164,-0.0774691104888916,0.2197079211473465,-0.11460518836975098,0.04681353271007538,-0.29233866930007935,0.212863489985466,-0.02632065676152706,0.30154767632484436,0.12361961603164673,-0.055547893047332764,0.36486443877220154,-0.049348436295986176,0.025148745626211166,0.10080709308385849,0.040866486728191376,-0.12310683727264404,0.026551628485322,-0.05242004990577698,-0.20737187564373016,-0.5533110499382019,-0.010388889349997044,-0.35259902477264404,-0.4493325352668762,0.0893874317407608,-0.08060874789953232,0.2653847336769104,0.1490398645401001,0.07883990556001663,0.2352556437253952,0.019918356090784073,-0.5317280888557434,-0.24076314270496368,0.07366441190242767,-0.09153282642364502,0.23444287478923798,-0.026600521057844162,-0.07864739745855331,0.08357729017734528,-0.13308127224445343,0.33889031410217285,-0.21473868191242218,-0.012157171964645386,0.01628032699227333,0.03337622806429863,0.14394867420196533,0.11324884742498398,-0.2347780168056488,0.0669553279876709,-0.05608231946825981,-0.014954954385757446,-0.19309009611606598,0.06573963910341263,-0.00632574874907732,0.012749806046485901,-0.18859100341796875,-0.3146519362926483,0.0754602700471878,0.0954323410987854,0.2530096173286438,-0.012498611584305763,-0.8693225979804993,-0.046289004385471344,0.08777419477701187,0.2940705120563507,-0.16255688667297363,-0.13303343951702118,0.22941258549690247,-0.164998859167099,-0.041434187442064285,-0.02704465016722679,0.34158897399902344,-0.11539743095636368,-0.2278101146221161,-0.00383411580696702,0.048139411956071854,0.15322820842266083,-0.49781280755996704,-0.1738242655992508,0.18195994198322296,0.31642746925354004,0.06579294055700302,-0.1847786009311676,0.06214665248990059,0.17095664143562317,-0.38354524970054626,-0.023010823875665665,0.2776587903499603,0.01351842563599348,0.13616010546684265,-0.0830928310751915,-0.01798619143664837,-0.13008420169353485,-0.07400012016296387,0.46067219972610474,0.1853354126214981,0.012399325147271156,-0.04177195206284523,0.0538591668009758,-0.007159179542213678,-0.0587993748486042,-0.07625021040439606,0.12322866916656494,-0.0505564920604229,0.2671029269695282,-0.010398869402706623,-0.4436933994293213,0.0878768190741539,0.01517390739172697,-0.05849785730242729,0.2533798813819885,0.006841334514319897,0.03972271829843521,0.23601946234703064,-0.06045886129140854,0.23898470401763916,0.27421513199806213,-0.08247651159763336,-0.29537099599838257,0.05535256862640381,-0.04846819117665291,-0.3290706276893616,0.09788061678409576,0.4114452004432678,0.012721526436507702,0.2116861343383789,-0.3178500533103943,0.47458282113075256,0.03447301313281059,-0.13336005806922913,-0.1856612116098404,-0.11781139671802521,-0.0015691027510911226,-0.42884811758995056,-0.23026561737060547,-0.22087588906288147,0.025180215016007423,0.23570069670677185,-0.19579407572746277,0.05436413362622261,0.06252424418926239,0.13389888405799866,-0.014862488023936749,-0.08966602385044098,-0.08389664441347122,0.1905052363872528,0.010369728319346905,0.04665849357843399,-0.523894190788269,0.1010814905166626,-0.05725676938891411,0.06853953748941422,-0.11427587270736694,0.07404278218746185,-0.09920535981655121
CID000003658,371,-0.041238509118556976,-0.08605515956878662,-0.1469184160232544,-0.1404220312833786,0.49339914321899414,0.26128214597702026,-0.03371577709913254,0.023396581411361694,-0.35106343030929565,-0.06212444230914116,0.11783631145954132,-0.17875322699546814,-0.0770999863743782,-0.19225069880485535,-0.08271034806966782,-0.06400517374277115,0.08445224910974503,-0.1450587809085846,-0.07091011852025986,-0.008507579565048218,0.075252965092659,0.22428283095359802,0.05679788440465927,0.0343422070145607,-0.08434658497571945,0.03807368502020836,0.06909077614545822,0.03212502598762512,-0.026874443516135216,0.2629104554653168,0.013106775470077991,-0.13249686360359192,-0.04975977912545204,0.019237510859966278,-0.5709261298179626,-0.04506591707468033,-0.32250362634658813,-0.1892961710691452,-0.0951744094491005,-0.09353071451187134,0.04711935669183731,-0.028953630477190018,-0.26834219694137573,-0.15052899718284607,0.09732523560523987,-0.1467045098543167,-0.08395460993051529,0.07208292186260223,-0.14006368815898895,-0.15012934803962708,-0.19487233459949493,-0.04192368686199188,0.08341948688030243,-0.2724843919277191,0.24676935374736786,-0.0923333615064621,-0.05322388932108879,0.27180084586143494,0.20757286250591278,0.02608419954776764,-0.9160692095756531,-0.1429559886455536,-0.11460788547992706,0.3448489308357239,0.12730909883975983,0.03504498302936554,-0.5494323968887329,0.14264266192913055,0.010964691638946533,-0.03050517663359642,-0.2828356623649597,0.030003946274518967,0.06961186230182648,-0.05480680614709854,0.1645265519618988,-0.05421686917543411,-0.04745149239897728,-0.12511904537677765,0.2005651295185089,0.026128733530640602,-0.30407705903053284,-0.19853033125400543,0.06304757297039032,0.09765928238630295,0.024781009182333946,-0.12583622336387634,-0.1923643797636032,0.18298545479774475,0.4796982705593109,-0.1973654329776764,-0.026348035782575607,0.04477856308221817,0.0732131376862526,0.11828677356243134,-0.4011906683444977,-0.02881615422666073,-0.2788718640804291,0.29993683099746704,0.0777173861861229,-0.1180730015039444,0.3824411928653717,0.3532196581363678,-0.19932830333709717,-0.0807218998670578,-0.019392047077417374,0.012867936864495277,-0.4480503499507904,0.26123136281967163,0.07009398937225342,0.3596307337284088,-0.09275567531585693,-0.08017478883266449,0.27507084608078003,-0.06403939425945282,0.10232601314783096,0.14296855032444,0.06139420345425606,-0.04376956447958946,0.0573299415409565,0.11998715251684189,-0.2876552641391754,-0.7310205101966858,0.18025913834571838,-0.1398991048336029,-0.44709959626197815,0.0283952746540308,-0.06692150235176086,0.5139027833938599,0.12448332458734512,0.12880299985408783,-0.14902079105377197,0.056539058685302734,-0.47348347306251526,-0.3628813922405243,-0.07261073589324951,-0.27085375785827637,0.1768157184123993,0.005979412700980902,0.030503040179610252,0.1636006385087967,0.13809159398078918,0.07951243221759796,-0.041390348225831985,0.041189271956682205,0.07770965993404388,-0.24157372117042542,0.10950861126184464,-0.08506007492542267,0.15212570130825043,0.2531823515892029,-0.139247864484787,-0.10060875117778778,0.1346789449453354,0.011530217714607716,0.08270561695098877,-0.08510508388280869,-0.06697948276996613,-0.19905667006969452,0.00672371219843626,-0.0737302228808403,0.1352507323026657,0.04654598608613014,-1.1259796619415283,0.1149771586060524,0.25975656509399414,0.18078699707984924,-0.10855165868997574,0.03079911135137081,0.0988464504480362,0.11386126279830933,-0.1565420776605606,-0.09590981900691986,0.3288115859031677,0.17009064555168152,-0.13245944678783417,-0.012588858604431152,-0.041353046894073486,0.16997697949409485,-0.5486705899238586,-0.19772091507911682,0.17581839859485626,0.14456358551979065,0.18755945563316345,-0.11595642566680908,-0.12644073367118835,0.043405454605817795,-0.1992878019809723,-0.05750619247555733,0.7321118712425232,-0.12204401195049286,0.20167703926563263,-0.18306809663772583,0.026797529309988022,0.012243473902344704,-0.015447080135345459,0.37767165899276733,0.0866180807352066,-0.06379034370183945,-0.10462596267461777,-0.16134235262870789,0.03874934837222099,-0.2658211588859558,-0.3025084137916565,0.11424104869365692,-0.19168135523796082,0.587742269039154,-0.11488660424947739,0.02745717391371727,0.010602878406643867,-0.234439879655838,0.14895960688591003,-0.1364276111125946,-0.029748138040304184,-0.017060810700058937,0.31727007031440735,-0.09935076534748077,0.46164387464523315,-0.06507190316915512,-0.00912331324070692,-0.21053211390972137,-0.06459014862775803,-0.04840938001871109,-0.5423843264579773,-0.006356014870107174,0.23434996604919434,-0.2894747257232666,0.25945013761520386,-0.1550263613462448,0.8123752474784851,0.30880922079086304,-0.030153458938002586,-0.305250346660614,0.02599097415804863,0.037212204188108444,-0.6110278367996216,-0.14915664494037628,0.060120753943920135,0.22374185919761658,-0.01806202344596386,-0.11860184371471405,-0.2582140564918518,0.11536536365747452,0.07541263103485107,0.20032060146331787,0.021648457273840904,-0.55882328748703,0.35324424505233765,-0.01157945953309536,0.005523336119949818,-0.6455719470977783,0.15165582299232483,0.18005028367042542,0.28546300530433655,0.02104933373630047,0.024403465911746025,0.046040426939725876
CID000002585,372,-0.039937712252140045,0.20295529067516327,0.4883270859718323,0.10935351997613907,0.4829337000846863,0.3095740079879761,-0.11987771093845367,-0.12032504379749298,-0.1977677196264267,-0.19377002120018005,-0.06586592644453049,-0.3045532703399658,0.5066189169883728,-0.012458679266273975,0.11925864219665527,0.28333377838134766,0.007220599800348282,0.3348599076271057,1.6517191397724673e-05,0.25243255496025085,-0.09493634849786758,-0.14447753131389618,-0.0514829158782959,-0.035979367792606354,0.46424588561058044,-0.12245563417673111,-0.10787105560302734,-0.03769776597619057,0.13364648818969727,0.43379703164100647,-0.1346210539340973,-0.0002093188522849232,-0.1292715072631836,-0.02454722486436367,-0.2814922034740448,-0.11490877717733383,-0.15013796091079712,-0.41400688886642456,-0.1091480478644371,-0.07867275178432465,0.13092583417892456,0.18813887238502502,-0.30823907256126404,-0.22058212757110596,0.2555486559867859,0.23881372809410095,-0.022249633446335793,0.005577266216278076,-0.041144661605358124,-0.016072411090135574,-0.46380501985549927,0.17961931228637695,-0.1325383186340332,-0.4287033677101135,0.13179855048656464,0.08675624430179596,0.08713176846504211,-0.04346907138824463,0.01251196675002575,0.04116346314549446,-0.8251039385795593,0.40687888860702515,-0.49011772871017456,0.09068097919225693,0.1147371381521225,0.30918312072753906,-0.17216886579990387,0.33000683784484863,0.00599845964461565,0.2416090965270996,-0.280851274728775,-0.02155008353292942,0.034242089837789536,-0.27443593740463257,0.2577488124370575,-0.061726294457912445,0.2434978038072586,0.3411829173564911,0.2441430538892746,0.025428349152207375,-0.3893246650695801,0.2895711660385132,-0.15897902846336365,-0.2643619775772095,-0.06705617904663086,-0.07329818606376648,-0.16914412379264832,0.05663459748029709,0.4121880531311035,0.06251736730337143,-0.10294339805841446,-0.057493649423122406,-0.07980448752641678,0.1649729460477829,-0.6400028467178345,-0.026670951396226883,-0.19194605946540833,0.4208155572414398,0.21500623226165771,-0.17670610547065735,0.35882240533828735,-0.007117879576981068,-0.09015695750713348,0.47248154878616333,-0.038085613399744034,-0.02293885499238968,-0.11783357709646225,0.1783110350370407,0.09032155573368073,0.2797870635986328,0.07670634984970093,0.005424922797828913,0.6606338620185852,-0.09991561621427536,0.03030698373913765,0.06041455268859863,-0.025617823004722595,-0.5886499285697937,0.2541247010231018,-0.004979768302291632,-0.12065694481134415,-0.5468486547470093,-0.0158129520714283,-0.5496629476547241,-0.6479302048683167,0.17875269055366516,0.03817914053797722,0.5524460077285767,0.03584345430135727,0.20852407813072205,0.628259003162384,0.052029501646757126,-0.5156858563423157,-0.4538894593715668,-0.1424485743045807,0.026062171906232834,0.6517846584320068,-0.2376399040222168,-8.262544724857435e-05,-0.0877409279346466,-0.328861266374588,0.2719889283180237,0.039290767163038254,0.07477924227714539,-0.10746903717517853,0.29016193747520447,-0.02835056185722351,0.368619441986084,0.13536986708641052,-0.164407879114151,-0.15188243985176086,0.04418608546257019,-0.3878520131111145,0.014656913466751575,-0.2968180179595947,-0.013680115342140198,-0.16567495465278625,-0.4870849549770355,-0.07227593660354614,0.35918372869491577,0.16067543625831604,-0.07122018933296204,-0.7546019554138184,0.03637557104229927,0.6955031156539917,0.4497305750846863,-0.05133146047592163,0.10557430982589722,0.2627182900905609,-0.10455036163330078,-0.303535133600235,-0.3526066541671753,0.5157641172409058,-0.22462594509124756,-0.10245543718338013,-0.0994083434343338,0.025059420615434647,-0.04143185541033745,-0.36949658393859863,-0.0556570366024971,0.1487562209367752,0.22165146470069885,0.11588861048221588,-0.061103351414203644,0.16735157370567322,-0.0651647225022316,-0.9048630595207214,0.040966812521219254,0.1680704951286316,-0.015968920662999153,0.40689539909362793,-0.4754590094089508,0.010106056928634644,-0.34332361817359924,-0.12532201409339905,0.39971402287483215,0.011974009685218334,-0.015186096541583538,-0.289264976978302,0.17651675641536713,0.15677431225776672,0.07406000047922134,-0.4719467759132385,-0.01875271275639534,-0.13789036870002747,0.4222031235694885,-0.21606457233428955,-0.36371633410453796,-0.16053882241249084,0.31507664918899536,-0.15032795071601868,0.4071187973022461,-0.04924625903367996,0.08786194026470184,0.39666932821273804,-0.13593719899654388,0.3734895586967468,0.10956883430480957,-0.12548378109931946,-0.3881860375404358,-0.13020527362823486,-0.09707511961460114,-0.5141004323959351,0.08421764522790909,0.4931367039680481,0.052892763167619705,0.19117310643196106,-0.5252008438110352,0.8033908605575562,-0.006215249188244343,-0.14391736686229706,-0.14244428277015686,-0.05500663444399834,-0.07174331694841385,-0.15975052118301392,-0.38675999641418457,-0.22390981018543243,0.10299928486347198,0.2601042687892914,-0.14611805975437164,0.08142689615488052,0.0961344838142395,0.03695172071456909,-0.015977893024683,0.03940366581082344,-0.25556907057762146,0.12677834928035736,0.11756052821874619,-0.03756611421704292,-0.6600788831710815,-0.08955395221710205,0.1486945003271103,0.02945423498749733,-0.040448687970638275,-0.021696195006370544,-0.3473982512950897
CID000003715,373,-0.005394056439399719,0.19802239537239075,0.12556874752044678,-0.17916107177734375,0.13590139150619507,0.30250099301338196,0.14071491360664368,-0.15066663920879364,-0.2708963453769684,-0.27663254737854004,0.03543870523571968,-0.6296569108963013,0.19577857851982117,-0.4707225263118744,-0.16539527475833893,-0.09288584440946579,0.023976914584636688,-0.05643806606531143,-0.05549662560224533,0.19980724155902863,0.1393340528011322,0.1873151659965515,-0.12381686270236969,0.2603364884853363,-0.05685519427061081,-0.21279239654541016,0.09176679700613022,0.1124047040939331,-0.05881998687982559,0.27145764231681824,-0.24609532952308655,0.34479624032974243,-0.04446522518992424,-0.06302930414676666,-0.622075617313385,-0.22658570110797882,-0.21781663596630096,-0.149121955037117,-0.2808153033256531,0.004874383565038443,0.057967931032180786,0.16769666969776154,-0.30191656947135925,-0.009443089365959167,0.44550830125808716,-0.08546235412359238,0.006841707043349743,0.00012398845865391195,-0.10894431918859482,-0.2709515392780304,-0.6828702092170715,0.2563812732696533,-0.2928035855293274,0.028857678174972534,0.10415379703044891,-0.007854948751628399,-0.07066080719232559,-0.14168013632297516,0.36199915409088135,0.012874757871031761,-0.8751628994941711,0.024080608040094376,-0.3809608817100525,0.2453451156616211,-0.012385186739265919,0.17034275829792023,-0.06699933856725693,0.43401098251342773,-0.10890939086675644,-0.270693302154541,-0.06612347811460495,-0.10210864245891571,-0.10528519004583359,0.24741926789283752,0.20111241936683655,0.2962193489074707,0.02222588285803795,0.39482396841049194,0.19765110313892365,0.0348549410700798,-0.21700850129127502,0.08220891654491425,0.15723702311515808,-0.21863457560539246,-0.07434691488742828,-0.07400204241275787,-0.2350570261478424,0.27404457330703735,0.44623008370399475,0.3531932234764099,-0.002338507678359747,-0.20386675000190735,-0.1444009244441986,0.0638635903596878,-0.49650996923446655,-0.21075280010700226,-0.12745656073093414,0.12307753413915634,0.14800480008125305,-0.3704952299594879,0.3078455626964569,0.1956193447113037,-0.28022196888923645,-0.08523882925510406,-0.17060980200767517,0.0060516418889164925,-0.38515505194664,0.3631698787212372,0.2824288010597229,0.05399826914072037,0.12823960185050964,-0.046316929161548615,0.32854729890823364,-0.06444033980369568,0.42298775911331177,0.0066530643962323666,0.21247966587543488,-0.2615400552749634,0.44888630509376526,-0.05790585279464722,0.23985500633716583,-0.792793869972229,-0.1772727072238922,-0.2298545092344284,-0.4036974012851715,0.027843669056892395,0.011725878342986107,0.1658669263124466,0.12259356677532196,0.06806541979312897,0.164337620139122,-0.09832164645195007,-0.590981125831604,-0.2129020243883133,0.20729060471057892,0.04619375988841057,0.21771161258220673,-0.3125346601009369,0.24635934829711914,-0.38312721252441406,0.041557710617780685,0.0045414878986775875,0.1872803270816803,-0.16901716589927673,-0.06738679111003876,0.1625455915927887,0.007881653495132923,0.14412224292755127,0.14109483361244202,0.1847555935382843,-0.055840324610471725,-0.26347866654396057,-0.11962000280618668,0.10090050846338272,0.19884172081947327,-0.17327049374580383,-0.08516858518123627,-0.3993259072303772,-0.09060323983430862,0.13913917541503906,0.16929015517234802,-0.12363783270120621,-0.8313287496566772,0.04505429416894913,0.5682790279388428,0.11666705459356308,-0.17747125029563904,0.08486916124820709,-0.10304029285907745,-0.019109303131699562,-0.1678459495306015,-0.30964821577072144,0.46901875734329224,-0.05781515687704086,-0.16300299763679504,-0.08430252969264984,-0.15304912626743317,0.16632632911205292,-0.3329671025276184,-0.14522647857666016,0.20684799551963806,0.17416156828403473,0.05915474891662598,-0.007622065953910351,-0.08042554557323456,-0.06106449291110039,-0.14498697221279144,-0.19953644275665283,0.5223314762115479,-0.058183830231428146,0.1924780160188675,-0.28055503964424133,-0.0007540583610534668,-0.20141012966632843,-0.45398321747779846,0.2320888787508011,-0.14412018656730652,-0.302304744720459,-0.4713901877403259,0.08998966217041016,0.05830257385969162,-0.24583296477794647,-0.440632164478302,0.020034078508615494,0.09355390071868896,0.2421341836452484,-0.15004685521125793,-0.049724653363227844,-0.6141380071640015,-0.16315460205078125,0.2561342120170593,0.17189109325408936,-0.16018053889274597,0.1647854894399643,0.030673617497086525,-0.29703766107559204,0.5727380514144897,0.3914949893951416,-0.05864870548248291,-0.044453658163547516,0.19901379942893982,-0.0700506716966629,-0.503386378288269,-0.03941970318555832,0.2763000726699829,0.029879923909902573,0.2374085932970047,-0.17281541228294373,0.8920936584472656,0.22855062782764435,-0.17047551274299622,-0.1649651825428009,-0.06828492134809494,-0.04211714491248131,-0.37904074788093567,-0.38559627532958984,0.35773125290870667,0.23576268553733826,0.2324363887310028,0.010235851630568504,-0.2883240580558777,-0.18281742930412292,-0.19080284237861633,0.02113642729818821,-0.22522756457328796,-0.31209930777549744,0.23469610512256622,-0.04444236308336258,0.19744892418384552,-0.8537794351577759,-0.282004714012146,0.5409200191497803,0.11019697040319443,0.08799706399440765,0.174850732088089,-0.05852266401052475
CID000005401,374,0.009258393198251724,0.07610170543193817,0.5662094354629517,0.11896403878927231,0.3887717127799988,0.31945133209228516,-0.17675204575061798,-0.07605930417776108,-0.19069869816303253,-0.07079724222421646,-0.0412258505821228,-0.1342422366142273,0.39733919501304626,-0.06425248831510544,-0.0979318916797638,0.32433396577835083,0.14498357474803925,0.0879356637597084,0.13245795667171478,0.20162752270698547,0.10719528049230576,0.004369920585304499,-0.054543353617191315,0.10012376308441162,0.26277217268943787,0.02401759847998619,0.003556543495506048,-0.08149811625480652,-0.12626254558563232,0.4347572922706604,-0.12660101056098938,0.03302188962697983,-0.07633183151483536,-0.01815868355333805,-0.5064495205879211,0.05562139302492142,-0.21926060318946838,-0.26402610540390015,-0.2538917660713196,-0.06262560933828354,0.2357853204011917,-0.06164625287055969,-0.3701649308204651,-0.4061637818813324,0.32089850306510925,0.3113214671611786,-0.14011836051940918,0.09601719677448273,-0.358104944229126,0.08431313931941986,-0.604337751865387,0.16241998970508575,-0.046854689717292786,-0.3777312636375427,0.07881693542003632,0.028286263346672058,0.045111559331417084,0.03437129780650139,-0.02438955567777157,-0.01398759800940752,-0.7509157061576843,0.2189573049545288,-0.4555773138999939,0.1610417366027832,0.15166275203227997,0.2625892758369446,-0.1018277257680893,0.35785436630249023,-0.12358567863702774,0.24583634734153748,-0.3820101320743561,-0.007401567883789539,0.21191911399364471,-0.2959285378456116,0.3092215657234192,-0.028466636314988136,0.12858812510967255,0.17765846848487854,0.0833752304315567,0.01007627509534359,-0.25027790665626526,0.1527571976184845,-0.1379537433385849,-0.2275940477848053,0.03274044394493103,0.09553593397140503,-0.20794561505317688,-0.35324084758758545,0.5958883762359619,0.02920258603990078,-0.046618979424238205,-0.03973020240664482,0.08091381937265396,0.015079650096595287,-0.5848382711410522,0.018400108441710472,-0.2564716935157776,0.40832528471946716,0.1198076605796814,-0.0881916731595993,0.4429245591163635,-0.011121352203190327,-0.3080624043941498,0.06430593878030777,-0.0637599304318428,-0.0868813544511795,-0.29669368267059326,0.048945389688014984,-0.1772032529115677,0.3089091181755066,0.0469462126493454,0.15235905349254608,0.5302213430404663,0.031889189034700394,-0.028205877169966698,-0.1173088550567627,-0.08330001682043076,-0.573094367980957,0.12103388458490372,0.1511257141828537,0.06040240079164505,-0.5722871422767639,0.06409245729446411,-0.3540557324886322,-0.5655140280723572,0.22108343243598938,0.20905768871307373,0.44733816385269165,0.051075179129838943,-0.017823422327637672,0.6416364312171936,-0.026684854179620743,-0.5866711735725403,-0.41529107093811035,-0.2503192126750946,-0.02592381462454796,0.58299720287323,-0.3326236307621002,-0.038144923746585846,0.014828721061348915,-0.20450039207935333,0.13739855587482452,0.020554402843117714,0.24721606075763702,0.10061224550008774,0.1057608500123024,-0.1592315435409546,0.24176399409770966,0.11916317045688629,-0.09713604301214218,0.06432805955410004,0.05380827188491821,-0.20534200966358185,-0.07326702773571014,-0.06548739969730377,-0.04286147654056549,0.053987063467502594,-0.5013541579246521,-0.09398140758275986,0.3499550521373749,0.13865742087364197,-0.0038238943088799715,-0.6762280464172363,-0.02556898631155491,0.6664426326751709,0.2689352035522461,-0.35943105816841125,0.04840550944209099,0.3031966984272003,0.06879579275846481,-0.30778974294662476,-0.024592969566583633,0.3794960081577301,-0.3037586212158203,-0.16766300797462463,-0.05375545099377632,-0.327562540769577,-0.14849968254566193,-0.21764147281646729,-0.17624303698539734,0.11930622160434723,0.21644215285778046,0.02171795442700386,0.0010442316997796297,0.1527150422334671,-0.2881683111190796,-0.8713349103927612,0.05406435579061508,0.3877423405647278,0.114571712911129,0.23558476567268372,-0.5364474058151245,0.2506900429725647,-0.2563888728618622,-0.024235328659415245,0.2393360137939453,-0.1467881053686142,0.13770760595798492,-0.21659556031227112,-0.015433907508850098,0.2641321122646332,0.16837377846240997,-0.31186631321907043,0.12911775708198547,-0.16777129471302032,0.21358922123908997,0.020027846097946167,-0.05055178329348564,-0.2810670733451843,0.29952487349510193,0.03878684341907501,0.2854991555213928,0.09467636048793793,0.026015525683760643,0.3146341145038605,0.23402342200279236,0.3571817874908447,-0.03895599767565727,-0.0965421050786972,-0.27133920788764954,-0.2550395131111145,-0.08657345920801163,-0.41803979873657227,0.11693904548883438,0.22759179770946503,0.01827491819858551,0.20052962005138397,-0.365499347448349,0.8529775738716125,0.1437987983226776,-0.3385292887687683,-0.2671060860157013,-0.027964498847723007,-0.09463031589984894,-0.2697896361351013,-0.2151908129453659,-0.26948630809783936,0.07299134880304337,0.15291950106620789,0.1077788844704628,0.06897276639938354,0.07718884944915771,0.06046212837100029,-0.14547716081142426,0.06316683441400528,-0.16709327697753906,0.08991694450378418,-0.08052779734134674,0.05567716807126999,-0.6623421907424927,0.22109293937683105,0.23061609268188477,0.22317855060100555,0.027181405574083328,0.06429033726453781,-0.2759550213813782
CID000002764,375,-0.17453667521476746,-0.2547965943813324,0.22143110632896423,-0.07016968727111816,0.11646608263254166,0.36975395679473877,-0.0878659188747406,0.04980281740427017,-0.46494898200035095,-0.2653455436229706,0.2026222199201584,-0.36793917417526245,0.05597950145602226,-0.38572561740875244,-0.3764799237251282,0.015050346031785011,0.0790746733546257,0.15171349048614502,-0.048663340508937836,0.0072593241930007935,-0.2206161469221115,0.05108579993247986,-0.008332434110343456,-0.12973015010356903,0.2681877613067627,-0.09698888659477234,0.06429193168878555,0.04514878988265991,-0.10392586886882782,0.33826059103012085,-0.1455540508031845,-0.03895501792430878,-0.12730345129966736,0.03480210155248642,-0.4418570101261139,0.04071257263422012,-0.2048971951007843,-0.22170118987560272,-0.38096874952316284,-0.09892280399799347,-0.07939999550580978,0.10255572944879532,-0.18819443881511688,0.17512910068035126,0.30031490325927734,0.13403962552547455,0.07990129292011261,0.09423872083425522,0.07017134130001068,-0.0943332090973854,-0.4155503809452057,0.21017098426818848,-0.0630134642124176,-0.016015660017728806,0.4579891264438629,-0.062201134860515594,-0.0946936383843422,0.16486723721027374,0.3635798990726471,-0.24893660843372345,-0.7791026830673218,0.06693940609693527,-0.36429184675216675,0.1895877718925476,-0.03365897387266159,0.03982885926961899,-0.20128753781318665,0.2835066318511963,0.006803755648434162,-0.03089081682264805,-0.30384552478790283,0.09548850357532501,0.10667937994003296,0.266164094209671,0.2699868381023407,0.028140250593423843,-0.11142127215862274,0.2417050153017044,0.03424828499555588,-0.08681708574295044,-0.28631114959716797,-0.03328927233815193,-0.07135575264692307,-0.14668306708335876,-0.16466179490089417,-0.10415630042552948,-0.2787441611289978,-0.11122069507837296,0.18165495991706848,-0.09988527745008469,0.19909313321113586,-0.19789306819438934,0.14762823283672333,0.09827448427677155,-0.45594310760498047,-0.37841978669166565,-0.14695382118225098,0.13007286190986633,0.22139790654182434,-0.1923714429140091,0.2646530270576477,0.30796337127685547,0.04974840581417084,-0.17763498425483704,-0.11446976661682129,0.07301618158817291,-0.4848615527153015,0.17080345749855042,0.157427117228508,-0.06299058347940445,0.10344915091991425,-0.03190433979034424,0.20938202738761902,0.18065981566905975,0.27588191628456116,-0.04204442724585533,-0.051402270793914795,-0.3403486907482147,0.18777726590633392,0.05549014359712601,0.09472958743572235,-0.7383040189743042,0.15727977454662323,-0.19283939898014069,-0.4560782313346863,0.3256620764732361,-0.09704693406820297,0.177024707198143,0.31422096490859985,-0.2589598298072815,0.26829013228416443,-0.010540822520852089,-0.7371915578842163,-0.44054657220840454,-0.2602168619632721,-0.020772110670804977,0.015342560596764088,-0.2902882397174835,0.09049905836582184,-0.08709962666034698,0.14217713475227356,-0.10557162761688232,0.2519865036010742,-0.10935543477535248,-0.14216095209121704,0.16551473736763,0.14292171597480774,0.062451183795928955,-0.11309508979320526,-0.11495435237884521,0.22413380444049835,0.16591867804527283,-0.33386555314064026,-0.010874403640627861,0.04205826669931412,0.10238949954509735,-0.05069698765873909,-0.29835253953933716,0.0037195454351603985,-0.023240098729729652,0.15617361664772034,0.14792880415916443,-0.7797516584396362,-0.1169971451163292,0.40923070907592773,0.20418843626976013,-0.35382574796676636,0.22221358120441437,-0.09154079854488373,0.12113694846630096,-0.07261962443590164,-0.16456767916679382,0.5047531127929688,-0.13190947473049164,-0.051255594938993454,0.039160292595624924,0.047422245144844055,-0.08276592195034027,-0.45505842566490173,-0.07612035423517227,0.12092824280261993,0.18729503452777863,0.3996202051639557,-0.05006112530827522,-0.16875608265399933,-0.2368193119764328,-0.042213551700115204,0.015535986050963402,0.4595750868320465,0.01984642818570137,0.2957893908023834,-0.3726741671562195,0.10500779002904892,-0.214074045419693,-0.48689907789230347,0.329293429851532,0.0757962316274643,0.003399032400920987,-0.232850581407547,-0.09928467124700546,0.12392382323741913,-0.20070621371269226,-0.26769450306892395,-0.08025173842906952,0.12861017882823944,0.34085458517074585,-0.05049366503953934,-0.06776241958141327,-0.37877288460731506,-0.0916479155421257,0.12371840327978134,-0.0035085990093648434,-0.17957615852355957,0.21898646652698517,0.044783540070056915,0.17589117586612701,0.5530332326889038,0.12295673042535782,0.16061004996299744,-0.22759537398815155,-0.23576565086841583,0.14966514706611633,-0.631908118724823,-0.09145335853099823,0.07577623426914215,0.06424140930175781,0.2161802500486374,-0.005939802620559931,0.6851491332054138,0.42637452483177185,-0.1586497575044632,-0.3198510706424713,0.04674801230430603,-0.1314665675163269,-0.4957736134529114,-0.24570409953594208,0.1921619176864624,0.34039658308029175,0.1981758028268814,0.0340593047440052,-0.25462767481803894,-0.18724849820137024,-0.06966498494148254,0.057675801217556,0.12669694423675537,-0.3083138167858124,0.5837942361831665,-0.007119965739548206,0.2697347104549408,-0.7361496686935425,0.19524133205413818,0.3235486149787903,0.1900079995393753,-0.2404332160949707,0.12159943580627441,0.07126675546169281
CID000005538,376,-0.31630992889404297,-0.10766327381134033,0.04367327690124512,0.13928991556167603,0.5333877205848694,0.539384663105011,0.04651039093732834,0.1802525669336319,-0.5718293190002441,-0.26005637645721436,0.02137119509279728,-0.3967002034187317,0.23492559790611267,-0.38685494661331177,0.07969852536916733,-0.05467640236020088,0.0889560729265213,-0.2924767732620239,0.023893017321825027,-0.31214842200279236,0.0719463899731636,0.017109576612710953,-0.02311895601451397,0.029981713742017746,-0.2582342028617859,0.046807337552309036,0.1617809385061264,-0.030519649386405945,-0.10275296866893768,0.6703054308891296,-0.028759200125932693,-0.04090951755642891,-0.26184144616127014,0.1262531876564026,-0.15268486738204956,0.10258903354406357,-0.31259235739707947,-0.17460845410823822,-0.2489733248949051,0.24235253036022186,0.3776601254940033,0.010595126077532768,-0.5004064440727234,-0.035068586468696594,0.5206202268600464,0.127484530210495,0.0027730674482882023,-0.21080811321735382,-0.3119931221008301,-0.10651353746652603,-0.20957429707050323,0.11615999042987823,-0.21689465641975403,-0.2675475776195526,0.0937272161245346,0.11122152954339981,0.1978936344385147,-0.11079007387161255,0.4451962113380432,0.3976169228553772,-0.6655725240707397,0.052451908588409424,-0.24437110126018524,0.2982085645198822,0.006697180215269327,-0.26884353160858154,-0.5070489645004272,0.16103127598762512,-0.208528071641922,-0.042408544570207596,-0.8942129015922546,-0.2596762776374817,0.2765046954154968,-0.2837190628051758,0.46416935324668884,-0.11691872775554657,-0.057560503482818604,0.20467643439769745,0.02565832994878292,0.13221529126167297,-0.14379402995109558,0.15138427913188934,-0.5815231800079346,-0.1848868429660797,0.190072163939476,-0.13157589733600616,-0.25649237632751465,0.39980459213256836,0.49786505103111267,0.1334308683872223,-0.41223055124282837,-0.31903472542762756,0.22574996948242188,-0.08491508662700653,-0.6425429582595825,0.03806895762681961,-0.005598601885139942,0.2920830249786377,0.3423498868942261,-0.3985239863395691,0.1991066336631775,0.19476158916950226,-0.18304987251758575,0.24720188975334167,-0.42096343636512756,0.005484574940055609,-0.30898913741111755,0.08915124833583832,-0.09277110546827316,0.2942107617855072,-0.16776318848133087,0.10061345249414444,0.48002249002456665,-0.12062656879425049,0.2071152925491333,0.3551960587501526,-0.019467437639832497,-0.659917950630188,0.18162520229816437,-0.19822517037391663,-0.08531218767166138,-0.614876389503479,-0.09916169941425323,-0.30071982741355896,-0.9333153963088989,0.16805224120616913,0.015446064993739128,0.777237057685852,0.19446823000907898,-0.16285528242588043,0.07979662716388702,-0.17143672704696655,-0.4288768172264099,-0.43673333525657654,-0.05179671198129654,-0.3173283636569977,0.13555645942687988,-0.47638869285583496,-0.007944350130856037,-0.35559773445129395,-0.13695982098579407,0.1423753798007965,-0.15495800971984863,0.0076789529994130135,0.004266450647264719,-0.1869177520275116,0.016462761908769608,-0.17433011531829834,0.11243317276239395,0.12886495888233185,-0.07602421939373016,0.08331479877233505,0.059251926839351654,-0.08137985318899155,0.20098702609539032,0.19095218181610107,-0.041556231677532196,-0.6222688555717468,-0.009767940267920494,-0.1260063499212265,0.2075391560792923,0.17082944512367249,-0.8820587992668152,-0.2146715670824051,0.5934260487556458,0.31392914056777954,-0.16757312417030334,-0.04974379390478134,0.43159231543540955,-0.1628798544406891,-0.40218043327331543,-0.18075242638587952,0.35976657271385193,-0.05430523678660393,-0.06696067750453949,-0.1853857785463333,-0.1983661651611328,0.08757761865854263,-0.20743687450885773,-0.18798603117465973,0.12024682760238647,0.36748701333999634,0.10416722297668457,0.23431846499443054,-0.2497364729642868,-0.034884460270404816,-0.30254343152046204,-0.17967309057712555,0.42063993215560913,0.015453552827239037,0.18725834786891937,-0.32451027631759644,-0.05177570506930351,0.09543427079916,-0.15279828011989594,0.4094339907169342,-0.22088436782360077,-0.11884528398513794,-0.19526450335979462,0.0850030779838562,0.07661311328411102,0.40276551246643066,-0.5066759586334229,0.2173791378736496,-0.03890438750386238,0.38442134857177734,-0.06582407653331757,-0.3368765711784363,-0.5527217388153076,0.1539161056280136,-0.417689710855484,0.03338585048913956,-0.148067906498909,-0.027314964681863785,0.22365577518939972,-0.3932931423187256,0.4398110508918762,0.07209399342536926,-0.24824821949005127,-0.2698781490325928,-0.1229267343878746,-0.012466947548091412,-0.48640936613082886,0.03488520532846451,0.24706880748271942,-0.016033047810196877,0.33876901865005493,-0.43725666403770447,0.5985738039016724,0.17584411799907684,-0.07796767354011536,-0.3313811123371124,-0.20913782715797424,-0.04149984195828438,-0.17261150479316711,-0.10574318468570709,-0.04234946891665459,0.3098141849040985,0.058253753930330276,0.15752696990966797,-0.33590471744537354,0.32512006163597107,-0.04279721528291702,0.1760336458683014,0.20910879969596863,-0.2518039047718048,0.2551879584789276,0.34266358613967896,0.07149447500705719,-0.524816632270813,-0.1874384731054306,0.3953109383583069,-0.24481244385242462,-0.20277145504951477,0.044174157083034515,-0.59500652551651
CID000004158,381,-0.15481369197368622,-0.11473055183887482,-0.10565457493066788,-0.19352926313877106,0.3836570978164673,0.2681392729282379,-0.2011297047138214,0.0462411530315876,-0.3331461548805237,-0.23964054882526398,0.0819464772939682,-0.3466518819332123,0.2152392417192459,-0.31544724106788635,0.16843873262405396,0.1694091260433197,0.1198408231139183,-0.06943369656801224,-0.2103893756866455,-0.19288508594036102,-0.005165093578398228,-0.17733371257781982,-0.10581133514642715,-0.025800809264183044,0.24710512161254883,-0.03654852882027626,0.01743507571518421,0.16295915842056274,-0.16342422366142273,0.3128949701786041,0.03930837661027908,-0.028117869049310684,-0.19244176149368286,0.04842647910118103,-0.2443777620792389,0.006819167174398899,-0.08413685858249664,-0.29245543479919434,-0.19174784421920776,-0.113189697265625,0.2911512851715088,0.1460714042186737,-0.3348592221736908,-0.05745193362236023,0.015641164034605026,0.09337276220321655,-0.033110179007053375,0.10887902975082397,0.15461298823356628,-0.09998919069766998,-0.11266110092401505,0.29545602202415466,-0.1333385407924652,-0.14801402390003204,0.2521485686302185,0.03183983638882637,0.09298776090145111,0.027541350573301315,0.17674848437309265,0.055141884833574295,-0.7493923306465149,0.030878057703375816,-0.3468523919582367,0.012403729371726513,0.20747220516204834,0.37510061264038086,-0.4721755087375641,-0.06714031845331192,0.0179024338722229,-0.2427949607372284,-0.1459387242794037,-0.14088809490203857,-0.0339784137904644,-0.2946072220802307,-0.08085046708583832,-0.025730544701218605,-0.15422382950782776,0.016479600220918655,0.23169338703155518,0.0383153073489666,-0.39631086587905884,-0.19636036455631256,-0.26136645674705505,-0.34376126527786255,-0.03169737011194229,-0.10016099363565445,-0.22822222113609314,-0.2222522497177124,0.2587748169898987,0.16519173979759216,-0.1860705316066742,-0.32488852739334106,-0.12456154823303223,-0.07943323999643326,-0.36573344469070435,-0.03564707934856415,-0.21134665608406067,0.4243484139442444,0.3889404535293579,-0.37977591156959534,0.20393583178520203,0.0846816822886467,-0.017155637964606285,0.2020178586244583,-0.22379839420318604,-0.007912245579063892,-0.2868916392326355,0.42237305641174316,0.1636350154876709,0.49388399720191956,0.11898043006658554,0.10377460718154907,0.5233429074287415,-0.10171952098608017,-0.01234913058578968,-0.041764989495277405,-0.1922898292541504,-0.02224803902208805,0.04895586892962456,0.018279287964105606,-0.026636535301804543,-0.44198647141456604,0.4405009150505066,-0.26469093561172485,-0.5299815535545349,0.03530469909310341,-0.04748435690999031,0.5074923038482666,0.16320936381816864,-0.006727832369506359,-0.19105805456638336,0.2948899567127228,-0.38813140988349915,-0.26389801502227783,-0.195526123046875,-0.20855197310447693,0.04241836816072464,0.07955734431743622,-0.019731437787413597,-0.014148682355880737,-0.126348078250885,0.3652448058128357,-0.30687427520751953,0.08535223454236984,0.14744915068149567,-0.14736811816692352,0.3157230615615845,-0.14485515654087067,0.05769282579421997,-0.20020096004009247,-0.061435140669345856,0.04398077353835106,-0.36682194471359253,-0.03693526238203049,-0.05637180060148239,0.049747027456760406,0.1095375195145607,-0.28087836503982544,0.07106568664312363,0.13525399565696716,0.2878945469856262,-0.045900072902441025,-0.8058684468269348,-0.09627498686313629,0.1929963231086731,0.24496379494667053,-0.18402865529060364,0.1166691780090332,0.31711345911026,-0.07546136528253555,-0.1237199455499649,0.04701060801744461,0.55888432264328,-0.21944470703601837,-0.11974269151687622,0.11121034622192383,0.19494226574897766,0.18296213448047638,-0.31816166639328003,-0.07932395488023758,0.10080619901418686,0.37707772850990295,-0.05951443314552307,-0.07680753618478775,-0.11214102804660797,0.21962979435920715,-0.14283843338489532,-0.25059881806373596,0.28559011220932007,-0.06123360991477966,0.11855410039424896,-0.3413836359977722,0.23234820365905762,-0.2771196961402893,-0.16757479310035706,0.4815092980861664,-0.04876408353447914,-0.26392605900764465,-0.2728894352912903,0.1345861256122589,0.04570644348859787,0.24832582473754883,-0.23474657535552979,0.1690944880247116,-0.014072291553020477,0.3455362319946289,0.00974784791469574,-0.17076250910758972,-0.10664073377847672,-0.2195802479982376,0.07179977744817734,0.34658733010292053,-0.0022792131640017033,-0.06417514383792877,0.2215946912765503,0.021813862025737762,0.30115005373954773,0.1918254792690277,-0.12743933498859406,-0.2560504078865051,0.11842278391122818,0.03232103958725929,-0.39550548791885376,-0.03115111030638218,0.19292309880256653,0.1899215430021286,0.3444214165210724,-0.22686776518821716,0.5333081483840942,0.1250901222229004,0.13383834064006805,-0.19269075989723206,-0.09867200255393982,-0.00010325685434509069,-0.4490441381931305,-0.3014419674873352,0.05906355381011963,0.2707774043083191,0.29092344641685486,0.15323054790496826,-0.11484003067016602,0.008875872008502483,0.08807475119829178,-0.05495276302099228,0.18558146059513092,-0.445481538772583,0.41531801223754883,0.031988754868507385,0.24027840793132782,-0.4089528024196625,0.35806986689567566,0.016438763588666916,0.05367543548345566,0.09092236310243607,-0.1867493987083435,-0.2581617534160614
CID000004212,382,0.10227988660335541,-0.016422759741544724,-0.07879497855901718,-0.14861492812633514,0.05715004727244377,0.31380945444107056,0.03979920595884323,-0.3748089671134949,-0.3961813449859619,-0.17758409678936005,0.10410203784704208,-0.4851461350917816,0.09452154487371445,-0.3886221647262573,-0.2868170142173767,0.12666630744934082,-0.031574081629514694,0.05203230306506157,-0.2271888256072998,0.24699273705482483,0.09771327674388885,0.007605600170791149,0.3067510426044464,-0.028788024559617043,-0.06403025984764099,-0.2434653341770172,0.3436068594455719,0.15943460166454315,-0.21374721825122833,0.3506144881248474,-0.19826355576515198,0.07575440406799316,0.15284951031208038,0.19871917366981506,-0.5271589159965515,0.1312558650970459,-0.46269655227661133,-0.36450207233428955,-0.16315582394599915,0.08364753425121307,0.15784423053264618,0.12635020911693573,-0.22592052817344666,-0.09833148866891861,0.3952692449092865,0.30285540223121643,0.15627121925354004,-0.04143749922513962,-0.11769922822713852,-0.32592567801475525,-0.3934429883956909,0.06716902554035187,-0.09916128218173981,0.06471478939056396,-0.12048844993114471,0.08474260568618774,0.03238780423998833,0.16949954628944397,0.0326601080596447,0.18060743808746338,-0.9743975400924683,-0.0045455219224095345,-0.19248521327972412,0.18984100222587585,0.26610833406448364,0.19915732741355896,-0.16463860869407654,0.139929860830307,-0.07652163505554199,0.0025591254234313965,-0.13846419751644135,-0.0346844457089901,-0.22098974883556366,-0.05910392478108406,0.4778346121311188,-0.20654980838298798,0.04164630174636841,0.20601169764995575,-0.04985281080007553,-0.16369052231311798,-0.22873973846435547,-0.2557312846183777,0.030488228425383568,-0.016540562734007835,0.06478570401668549,0.037374671548604965,-0.180644690990448,-0.07541055232286453,0.5322996377944946,0.13317862153053284,-0.0676984190940857,-0.25996649265289307,-0.13283534348011017,-0.01966436766088009,-0.6386021971702576,-0.21785202622413635,-0.12025265395641327,0.38616740703582764,0.19066999852657318,-0.45729294419288635,0.5025145411491394,0.03751720115542412,0.04529475048184395,-0.09861437976360321,0.05300556868314743,0.050486110150814056,-0.3520148992538452,0.11322779953479767,-0.15862424671649933,0.26423412561416626,0.10072360932826996,0.08566328883171082,0.5633163452148438,-0.014160382561385632,0.05784386396408081,-0.2400210201740265,0.3266376852989197,-0.2396715134382248,0.10739707946777344,-0.009463119320571423,0.06568510830402374,-0.7551246881484985,0.07662205398082733,-0.33989471197128296,-0.37870728969573975,0.025148695334792137,-0.09374519437551498,0.21010437607765198,-0.12366370856761932,-0.14463157951831818,-0.10944955050945282,-0.05042459815740585,-0.6308543682098389,-0.3231416642665863,0.015421489253640175,-0.02758629247546196,0.3435365557670593,-0.3770059645175934,0.011702269315719604,0.03315748646855354,-0.08635590225458145,0.14745913445949554,0.2690989673137665,-0.051329027861356735,-0.02864888310432434,-0.22093737125396729,0.2734678387641907,0.2362053394317627,0.2104887068271637,0.10563261806964874,0.05944773554801941,-0.027451178058981895,0.16471605002880096,0.06867213547229767,0.3498930335044861,-0.15414758026599884,-0.1051253080368042,-0.3885447382926941,-0.036177121102809906,0.11292445659637451,-0.1073252409696579,-0.025132501497864723,-0.939117431640625,0.12737229466438293,0.15229561924934387,0.3471471667289734,-0.1461469829082489,-0.15426501631736755,0.2515987753868103,-0.042841050773859024,0.08050674200057983,-0.24273176491260529,0.30048760771751404,-0.5086342096328735,0.10812385380268097,-0.19767369329929352,0.2034766674041748,0.3905962407588959,-0.3635258078575134,-0.07926305383443832,0.30938920378685,0.40301451086997986,0.1802983582019806,-0.15789607167243958,-0.0706024318933487,-0.037960708141326904,-0.7290107607841492,-0.22179558873176575,0.4862055778503418,-0.045937538146972656,0.11817295849323273,-0.43287259340286255,0.03381004184484482,-0.1576131284236908,-0.1725860834121704,0.5542542934417725,0.1075596809387207,0.033587586134672165,-0.25926443934440613,-0.015459376387298107,0.0045544980093836784,-0.09981437027454376,-0.1591365784406662,0.15674474835395813,-0.12413454055786133,0.2013123780488968,0.22246699035167694,-0.13703826069831848,-0.18176907300949097,-0.32897132635116577,0.17844443023204803,0.040712155401706696,0.15801778435707092,-0.1920817345380783,0.05667121335864067,0.047507621347904205,0.3586204946041107,0.2933681905269623,-0.2195930927991867,-0.2554600238800049,0.06842610985040665,0.10303845256567001,-0.6969134211540222,0.14101743698120117,0.31452280282974243,-0.0028519451152533293,0.22575457394123077,-0.24696338176727295,0.6504082679748535,0.13738468289375305,-0.0207632128149271,-0.0909007266163826,0.11088862270116806,-0.001107716583646834,-0.3769271969795227,-0.21458840370178223,-0.1513044834136963,0.22216029465198517,-0.006348139140754938,-0.017223890870809555,-0.23467066884040833,-0.06962891668081284,0.16096694767475128,-0.23441699147224426,-0.18570677936077118,-0.31207019090652466,0.07372193038463593,-0.09775511920452118,0.02686562016606331,-0.7242552638053894,0.15637250244617462,0.10370375216007233,0.19981804490089417,0.13019052147865295,0.14928007125854492,0.1423550695180893
CID000123631,384,0.03232857584953308,0.03532368317246437,0.547510027885437,0.055166345089673996,0.38905343413352966,0.3723614811897278,-0.24171876907348633,-0.021156052127480507,-0.20431025326251984,-0.13111276924610138,-0.025345658883452415,-0.05898866057395935,0.44643181562423706,-0.0398494191467762,-0.11847326904535294,0.2869212329387665,0.19427165389060974,0.21331167221069336,0.2136935293674469,0.16528721153736115,0.10121440887451172,0.04355336353182793,-0.05474342033267021,0.057375214993953705,0.1445593535900116,-0.17883174121379852,0.10041272640228271,-0.13817909359931946,-0.06154719740152359,0.44790858030319214,-0.09487546235322952,0.03285490721464157,-0.1621280461549759,0.031307678669691086,-0.39492303133010864,-0.017562303692102432,-0.12876562774181366,-0.3191770911216736,-0.24352891743183136,-0.038846854120492935,0.25706711411476135,0.10572247207164764,-0.3381383419036865,-0.4547639787197113,0.27380290627479553,0.3167346119880676,-0.023174744099378586,0.04269912838935852,-0.20624062418937683,0.07273714244365692,-0.4872645437717438,0.21728035807609558,-0.10381831973791122,-0.3859459459781647,0.056104790419340134,0.059502147138118744,0.04506010189652443,-0.05916012078523636,-0.04697297513484955,0.10320980846881866,-0.798861026763916,0.15241017937660217,-0.432927668094635,0.11725056171417236,0.14022812247276306,0.2237429916858673,-0.12659725546836853,0.3488526940345764,-0.08732809871435165,0.11074329912662506,-0.4424871802330017,-0.013422387652099133,0.2094196379184723,-0.29115432500839233,0.2943243682384491,-0.11275403201580048,0.17342187464237213,0.27604714035987854,0.03701122850179672,0.011536280624568462,-0.2813725173473358,0.3080458641052246,-0.20446698367595673,-0.3082341253757477,-0.024291658774018288,0.06358181685209274,-0.2514921724796295,-0.28722310066223145,0.5149984359741211,0.10378272831439972,-0.04746478796005249,-0.10032288730144501,0.10647257417440414,0.0241953544318676,-0.5637061595916748,-0.015095939859747887,-0.37351787090301514,0.44864434003829956,0.21537017822265625,-0.10019443184137344,0.5177039504051208,0.025839680805802345,-0.13704019784927368,0.07535536587238312,-0.1500001847743988,-0.047873783856630325,-0.19647885859012604,0.07090313732624054,-0.12878765165805817,0.3021876811981201,0.005018883850425482,0.23916177451610565,0.7060154676437378,0.04652484506368637,0.0030327443964779377,-0.20627637207508087,-0.01612096093595028,-0.5166491270065308,0.2020585834980011,0.0892002135515213,0.0990348532795906,-0.5972495675086975,0.13449813425540924,-0.46265777945518494,-0.6294220089912415,0.30618351697921753,0.15519008040428162,0.5072876811027527,0.14134478569030762,0.10878065973520279,0.5022300481796265,-0.0935472697019577,-0.4452880024909973,-0.41340795159339905,-0.24154004454612732,-0.06056993454694748,0.5513051152229309,-0.11868367344141006,0.02154020220041275,0.1986118108034134,-0.2652623951435089,0.15314292907714844,0.10222556442022324,0.3514346480369568,0.1313037872314453,0.11242864280939102,-0.15215753018856049,0.14900687336921692,0.1327335387468338,-0.09799707680940628,0.05008118599653244,0.037634409964084625,-0.13771626353263855,-0.028635192662477493,-0.11016853153705597,0.05973973870277405,0.01515506487339735,-0.4405156970024109,0.004980911500751972,0.14220812916755676,0.2900964319705963,0.004942749161273241,-0.6726418733596802,-0.015304246917366982,0.7052330374717712,0.29546597599983215,-0.2562613785266876,0.030511334538459778,0.40596237778663635,-0.012896117754280567,-0.2732742428779602,-0.113583043217659,0.5163303017616272,-0.26064544916152954,-0.03860960155725479,0.018122892826795578,-0.09893469512462616,-0.12699651718139648,-0.19905123114585876,-0.22668519616127014,0.09834999591112137,0.3101065158843994,-0.06140143424272537,0.01379763800650835,0.18345394730567932,-0.2538165748119354,-1.0075886249542236,-0.0016883347416296601,0.34957385063171387,0.06789695471525192,0.20958785712718964,-0.42820048332214355,0.2203626185655594,-0.2354423552751541,-0.12612313032150269,0.1932583749294281,-0.13610738515853882,0.06355759501457214,-0.13172303140163422,0.0033972919918596745,0.3379386067390442,0.15192845463752747,-0.38995110988616943,0.03520222753286362,-0.13975688815116882,0.17597535252571106,0.028180431574583054,-0.05969175696372986,-0.37350547313690186,0.29760876297950745,-0.009163851849734783,0.40212732553482056,0.15595743060112,0.009316983632743359,0.3165163993835449,0.17473016679286957,0.40482670068740845,0.021745752543210983,0.026919743046164513,-0.28733164072036743,-0.25494542717933655,-0.061972152441740036,-0.4218333661556244,0.1295805424451828,0.31631916761398315,0.05135144665837288,0.2558009624481201,-0.41694125533103943,0.643358588218689,0.13823798298835754,-0.1587853729724884,-0.3853021264076233,-0.02886720560491085,-0.11683519184589386,-0.21489965915679932,-0.18888220191001892,-0.2837187647819519,0.040609315037727356,0.13721787929534912,0.16597296297550201,0.14195525646209717,0.04982241615653038,0.04461469128727913,-0.24942457675933838,0.056263405829668045,-0.17350491881370544,0.13297632336616516,-0.0027879178524017334,0.06539628654718399,-0.6789090633392334,0.26372265815734863,0.06509508192539215,0.18647737801074982,-0.08827705681324005,0.0041611045598983765,-0.3677017092704773
CID000216326,386,-0.0989072397351265,-0.18707814812660217,-0.045910660177469254,-0.09770488739013672,0.13900940120220184,0.2792513966560364,-0.10693907737731934,0.24075734615325928,-0.32189637422561646,-0.24719269573688507,-0.08813604712486267,-0.3808492124080658,0.09703381359577179,-0.32918089628219604,0.2584390938282013,0.10010579973459244,-0.02122911997139454,0.21071560680866241,-0.14311058819293976,0.03757123276591301,0.026005640625953674,0.03685406595468521,-0.00028995872708037496,0.13851159811019897,-0.01894908957183361,-0.06838865578174591,0.21455764770507812,0.013874193653464317,-0.1451101452112198,0.33761855959892273,-0.11645638942718506,-0.08352642506361008,0.020769182592630386,0.019815709441900253,-0.3134002983570099,0.06319700181484222,-0.16785769164562225,-0.19445474445819855,-0.19522230327129364,0.01518974918872118,0.08360467851161957,0.19005338847637177,-0.2374645471572876,-0.08205784857273102,0.25032150745391846,0.18208053708076477,0.13412728905677795,-0.10241715610027313,-0.10708465427160263,-0.06600432097911835,-0.38842982053756714,0.2541218101978302,-0.01327957771718502,0.058386314660310745,0.10801801830530167,0.002285876777023077,0.03050755336880684,-0.04802142456173897,0.1878700852394104,-0.02482258714735508,-0.8701242208480835,-0.1470954269170761,-0.4264352321624756,0.09043283015489578,0.17334634065628052,0.06986907124519348,-0.06531739234924316,0.06910768896341324,-0.016147717833518982,0.030874166637659073,-0.02368619479238987,0.1689988672733307,-0.13160625100135803,-0.17208020389080048,0.12671557068824768,-0.29444581270217896,-0.04605768993496895,0.1776338517665863,0.18231694400310516,0.040794193744659424,-0.11002206802368164,-0.08896107226610184,-0.07537728548049927,-0.2207595556974411,-0.09494423866271973,0.024216454476118088,-0.3020738661289215,-0.1745554506778717,0.23596520721912384,0.10057880729436874,-0.1043110117316246,-0.26614871621131897,-0.09026335179805756,-0.07214587181806564,-0.34741121530532837,-0.07107411324977875,-0.09898443520069122,0.3117537796497345,0.3476162850856781,-0.5123929381370544,0.04127643629908562,0.2589838206768036,-0.22924189269542694,-0.24282388389110565,-0.15706846117973328,0.028989087790250778,-0.32979434728622437,0.36340147256851196,-0.1100277304649353,0.1847839057445526,-0.02580585516989231,0.09692610055208206,0.2928810715675354,0.021034501492977142,0.007014699280261993,0.2802388370037079,-0.19656506180763245,-0.273054301738739,0.18784095346927643,0.020846907049417496,-0.11860384792089462,-0.5558744668960571,0.03605418652296066,-0.15978898108005524,-0.455569326877594,0.14779897034168243,-0.08701643347740173,0.4230656027793884,0.11021272838115692,-0.09438741207122803,0.036486633121967316,0.1027340516448021,-0.5381472706794739,-0.24324855208396912,-0.15030954778194427,-0.3331970274448395,0.03495986387133598,-0.07414204627275467,-0.12003003060817719,-0.060345299541950226,-0.14438192546367645,0.1827254295349121,-0.2616047263145447,-0.10671263933181763,0.047504257410764694,-0.028787946328520775,0.09111485630273819,0.060675203800201416,0.027317404747009277,0.041136790066957474,-0.04309792444109917,-0.12139029800891876,-0.02679704688489437,0.0717986673116684,0.2701524496078491,0.025427069514989853,-0.07582458853721619,-0.23075330257415771,0.0870169848203659,0.2769758105278015,0.08863534033298492,-0.1030987873673439,-0.7808812260627747,-0.09290360659360886,0.2565951943397522,0.2963562607765198,-0.21491578221321106,-0.06920745223760605,0.1339157521724701,-0.10181107372045517,-0.11690028756856918,-0.168325737118721,0.34371891617774963,-0.2742846608161926,0.09348760545253754,-0.1802769899368286,0.03131132572889328,0.1430976688861847,-0.4647485315799713,-0.2555660307407379,0.16623596847057343,0.42463189363479614,-0.025881599634885788,-0.10030343383550644,-0.1361037790775299,0.14567109942436218,-0.2652222216129303,-0.12779268622398376,0.292732298374176,-0.240209698677063,0.2056630551815033,-0.24115046858787537,-0.02646113932132721,-0.16591353714466095,-0.2058580368757248,0.30559271574020386,0.010754665359854698,0.039534538984298706,-0.3170408606529236,-0.047619499266147614,-0.018677687272429466,-0.034243255853652954,-0.18155033886432648,0.00346186151728034,-0.1919763684272766,0.1868443787097931,-0.015160110779106617,-0.04469629004597664,-0.1933152973651886,-0.05401817709207535,0.08590646833181381,0.23152761161327362,0.03308597952127457,-0.048434674739837646,-0.015554237179458141,0.06233902648091316,0.30458158254623413,0.30441024899482727,-0.2225167453289032,-0.28581446409225464,0.08010895550251007,-0.1796775907278061,-0.3711391091346741,0.006350910756736994,0.14598214626312256,-0.15486831963062286,0.35860902070999146,-0.1536247730255127,0.5387184619903564,0.11284705251455307,-0.25030452013015747,-0.19617412984371185,-0.12092472612857819,-0.06158781796693802,-0.3386388421058655,-0.22134454548358917,-0.14187060296535492,0.2331605702638626,0.22635126113891602,-0.0022055834997445345,-0.1134042739868164,-0.12213806062936783,0.03435797244310379,0.22487306594848633,0.08782999217510223,-0.09446525573730469,0.10139336436986923,-0.14801529049873352,0.13203412294387817,-0.5572770833969116,0.08522433042526245,0.11971250921487808,0.02083367481827736,-0.1267966330051422,0.05417884513735771,-0.055728353559970856
CID000004485,387,-0.01963762380182743,0.03082866594195366,-0.09507941454648972,-0.038161441683769226,0.20674379169940948,0.392449289560318,-0.15706311166286469,0.09284280240535736,0.046268951147794724,-0.19462068378925323,0.2845233678817749,-0.3497265875339508,0.30624493956565857,-0.15639856457710266,0.011137870140373707,0.05070716142654419,-0.24770870804786682,-0.010455602779984474,0.26898595690727234,-0.040177054703235626,-0.07793106138706207,-0.1166185736656189,0.09796552360057831,0.007060491945594549,-0.1337812840938568,-0.11610758304595947,-0.09916694462299347,0.026982074603438377,-0.2100638598203659,0.4549262523651123,-0.2512272000312805,-0.04033274203538895,0.15780815482139587,-0.06601805984973907,-0.505534291267395,0.04102393984794617,-0.3685830235481262,-0.1905783712863922,-0.24914678931236267,-0.0013086706167086959,0.5186223983764648,0.04611771181225777,-0.33542633056640625,-0.15320579707622528,0.2299211323261261,0.054174263030290604,-0.013061022385954857,-0.0992070734500885,-0.12122824043035507,-0.237600639462471,-0.5046510696411133,0.06303650885820389,-0.10463728755712509,-0.1872185915708542,0.15030741691589355,-0.03686976432800293,0.055091626942157745,0.11182911694049835,-0.0414583757519722,-0.10974917560815811,-0.7555011510848999,0.3273690342903137,-0.2219412624835968,0.13602063059806824,0.30447080731391907,-0.11929666996002197,-0.4902290403842926,0.41707128286361694,-0.1980104148387909,0.11178697645664215,-0.6131974458694458,0.10459895431995392,0.039255499839782715,-0.16921141743659973,0.3354663550853729,0.08447223901748657,0.2500733733177185,-0.09739921241998672,0.22758038341999054,0.0631336122751236,-0.30633825063705444,-0.03756590932607651,-0.18243059515953064,-0.06873948872089386,-0.16060730814933777,-0.06591196358203888,-0.20080895721912384,0.2955036461353302,0.47754937410354614,0.01021607592701912,-0.07050370424985886,-0.10754145681858063,0.14348416030406952,0.062463872134685516,-0.6301310658454895,0.03978898003697395,-0.26506245136260986,0.12124443054199219,0.07440118491649628,-0.31808823347091675,0.30829790234565735,0.16352888941764832,-0.2580464780330658,0.19268293678760529,-0.3701939880847931,0.0982339084148407,-0.39533549547195435,0.27994462847709656,0.06963827461004257,0.24899928271770477,-0.2626815736293793,0.0684729814529419,0.5072520971298218,0.05578017234802246,0.1262471228837967,-0.07867761701345444,0.14092524349689484,-0.5314036011695862,-0.00675125140696764,0.2440556287765503,0.20351263880729675,-0.7652817964553833,0.0421636588871479,-0.6117927432060242,-0.427574098110199,-0.030610019341111183,0.01061620470136404,0.4096159040927887,0.05780336260795593,0.11736476421356201,-0.22254309058189392,-0.021913638338446617,-0.5232604146003723,-0.35645240545272827,-0.2790513038635254,-0.1667739599943161,0.8374211192131042,-0.17062203586101532,0.24623897671699524,0.035439927130937576,-0.13172408938407898,0.24941353499889374,-0.10281715542078018,0.028683941811323166,-0.18035998940467834,-0.0894230529665947,-0.11155267059803009,0.07394309341907501,-0.0908566266298294,-0.26241886615753174,-0.09285935759544373,0.034257449209690094,0.0011135399108752608,0.27304136753082275,-0.27589935064315796,-0.11679325997829437,-0.07566650956869125,-0.41958945989608765,-0.04211816191673279,0.3594040274620056,0.07888469845056534,0.2031976878643036,-0.7305765748023987,-0.025719022378325462,0.44113293290138245,0.25279420614242554,-0.1299959123134613,-0.010890692472457886,0.34280696511268616,-0.025171879678964615,-0.188735693693161,0.0009448148193769157,0.49792179465293884,0.05127357318997383,0.11805150657892227,-0.051295362412929535,0.1473313868045807,0.21627728641033173,-0.3584125339984894,-0.1591026335954666,0.333723783493042,0.3579532504081726,0.11525986343622208,0.011337610892951488,-0.024037394672632217,0.03400453180074692,-0.6426429152488708,-0.08602546155452728,0.5652858018875122,0.3931739330291748,-0.009648317471146584,-0.2499590367078781,0.16571713984012604,0.10869487375020981,-0.1571393609046936,0.30908191204071045,0.002168400678783655,-0.0931554064154625,-0.10448811948299408,0.012652641162276268,0.2656470239162445,0.032078590244054794,-0.27697324752807617,0.017796579748392105,-0.2986333966255188,0.5407702326774597,-0.17724165320396423,-0.29809993505477905,-0.05142238736152649,-0.08807175606489182,0.033924002200365067,-0.06312108039855957,0.07821004092693329,0.08305743336677551,0.12702225148677826,-0.19652067124843597,0.3665463328361511,-0.04084315896034241,-0.11503933370113373,-0.07982424646615982,-0.061593733727931976,0.04844091832637787,-0.44057497382164,0.15994998812675476,0.385974645614624,0.03568162024021149,0.11901465803384781,-0.34359973669052124,0.8110049962997437,0.08982227742671967,-0.368765652179718,-0.028500055894255638,-0.04709557071328163,0.04263506084680557,-0.4124651849269867,-0.22657641768455505,-0.14924660325050354,0.21009652316570282,0.11235561221837997,-0.10194945335388184,-0.1792367398738861,-0.08330189436674118,0.0957205519080162,0.020378943532705307,-0.09568478167057037,-0.20248308777809143,0.6609790325164795,-0.13228854537010193,-0.0033455074299126863,-0.6700301170349121,-0.10871776193380356,-0.026513099670410156,0.012266995385289192,0.07073090225458145,0.059063028544187546,-0.2639506757259369
CID000016231,390,-0.03786412999033928,-0.15093253552913666,0.18428035080432892,-0.03499365970492363,0.30152857303619385,0.22333082556724548,0.1290418803691864,-0.25450414419174194,-0.19764471054077148,0.031357865780591965,0.17065969109535217,-0.31309252977371216,0.03075542487204075,-0.09748208522796631,-0.036695051938295364,0.021845269948244095,0.04580027610063553,0.06831569969654083,0.2002299278974533,0.20599183440208435,0.17960575222969055,-0.19369137287139893,-0.03100164607167244,0.025954287499189377,-0.01366333942860365,0.008009212091565132,0.019294392317533493,0.05200086161494255,-0.10621237754821777,0.293526828289032,-0.23686103522777557,0.09119782596826553,0.22749170660972595,-0.029161149635910988,-0.659271240234375,0.0647834911942482,-0.359023779630661,-0.3054516315460205,-0.16664615273475647,-0.11311803758144379,0.1809197962284088,0.20389005541801453,-0.16650521755218506,-0.19212619960308075,0.18281283974647522,-0.12998385727405548,0.0005143769085407257,0.20423844456672668,-0.1452028453350067,-0.21114692091941833,-0.4229244291782379,-0.060388315469026566,0.04755259305238724,-0.29192137718200684,0.03975605592131615,-0.05283869057893753,-0.04511931538581848,-0.020638268440961838,0.0785800963640213,-0.10830807685852051,-0.9013657569885254,-0.1678907573223114,-0.20799025893211365,0.21781115233898163,-0.025648538023233414,0.12586650252342224,-0.06692520529031754,0.4376654624938965,-0.034121934324502945,-0.0884118378162384,-0.12109215557575226,0.09888090193271637,-0.045889537781476974,-0.006377589888870716,0.19544868171215057,0.102327361702919,-0.0525926873087883,0.013478660956025124,-0.14980833232402802,-0.05552101135253906,-0.1531383991241455,-0.2591017186641693,-0.06489745527505875,0.018159586936235428,-0.06752584874629974,0.10188677161931992,-0.31760838627815247,-0.2828283905982971,0.3939550817012787,0.012154784984886646,0.13310730457305908,0.0023867643903940916,-0.12098405510187149,-4.880428241449408e-05,-0.6286545991897583,-0.07234617322683334,-0.4206877648830414,0.26399487257003784,-0.030558034777641296,-0.23065555095672607,0.38882455229759216,0.21283884346485138,-0.20421674847602844,0.10614969581365585,-0.19013020396232605,-0.03694230690598488,-0.2721201479434967,0.1643567532300949,-0.20541366934776306,0.1601511538028717,-0.1136339083313942,0.23760981857776642,0.22397153079509735,0.15969218313694,0.20197899639606476,0.23711943626403809,-0.11269352585077286,-0.22031641006469727,0.09909915924072266,0.15454135835170746,0.10730576515197754,-0.7507843971252441,-0.12356124073266983,-0.16251973807811737,-0.42685824632644653,-0.012039137072861195,-0.024467509239912033,0.20053347945213318,0.15993157029151917,0.1646060198545456,0.17476122081279755,0.0898519828915596,-0.50135737657547,-0.29300081729888916,0.14349715411663055,-0.022770974785089493,0.03220131993293762,-0.09632914513349533,-0.0925384908914566,0.08509869873523712,-0.14829698204994202,0.08696087449789047,-0.11558735370635986,-0.01601989008486271,-0.08291460573673248,-0.09959645569324493,-0.10437934100627899,0.06862737238407135,0.20802657306194305,-0.19364584982395172,-0.07930320501327515,0.11045472323894501,0.13549932837486267,0.21575383841991425,0.0883108526468277,-0.05187586694955826,-0.05566153675317764,-0.33134883642196655,-0.12539002299308777,0.13294562697410583,0.029602941125631332,0.061456430703401566,-0.9257144927978516,-0.036975257098674774,0.20409926772117615,0.22689299285411835,-0.18667972087860107,-0.01997658610343933,0.2185433804988861,-0.18006746470928192,0.04464273899793625,0.021591193974018097,0.29695388674736023,-0.006177050061523914,0.07080098986625671,0.1545107662677765,0.023183738812804222,0.04708503559231758,-0.4525309205055237,0.008831814862787724,0.15099141001701355,0.2990083396434784,-0.053899385035037994,-0.02250327542424202,-0.014236479997634888,-0.19741323590278625,-0.2718999683856964,0.08320464938879013,0.7941992282867432,-0.21310392022132874,-0.01716449484229088,-0.10525038093328476,-0.002443641424179077,0.12694430351257324,0.05814829468727112,0.25732868909835815,-0.025836020708084106,-0.016227075830101967,-0.20406031608581543,-0.028294553980231285,-0.143691748380661,-0.047276176512241364,-0.19242292642593384,0.21341857314109802,-0.11863484233617783,0.2407670021057129,0.18142960965633392,-0.20141825079917908,-0.0578625425696373,-0.2637220025062561,0.07428538054227829,-0.22386792302131653,-0.06511463224887848,-0.006348402705043554,0.15771570801734924,0.26075562834739685,0.3253222405910492,0.1753736287355423,0.019852126017212868,-0.15934114158153534,0.060035496950149536,-0.11602190881967545,-0.45738130807876587,-0.11736053228378296,0.24561862647533417,0.11282788217067719,0.20759205520153046,-0.2941766083240509,0.8417825698852539,0.3232414126396179,-0.2116931676864624,-0.19260135293006897,0.029919689521193504,-0.057871926575899124,-0.43716248869895935,-0.1457667052745819,-0.11044596135616302,0.02713247761130333,0.005719003267586231,0.1339862048625946,-0.08730056881904602,-0.25891730189323425,0.12134133279323578,0.2786412835121155,0.04569701477885246,-0.07572029531002045,0.15812326967716217,-0.01041051372885704,0.030309904366731644,-0.9130280613899231,-0.04942946135997772,0.13735464215278625,0.2543722689151764,0.14751380681991577,0.10649025440216064,-0.0151898805052042
CID000001046,391,-0.021627020090818405,-0.1795044243335724,0.001434969948604703,0.15633508563041687,0.31932294368743896,0.48820599913597107,0.17181262373924255,0.045189790427684784,-0.38367709517478943,-0.2688782513141632,0.016655491665005684,-0.3807811737060547,0.46969500184059143,-0.471261590719223,0.24724116921424866,0.27100878953933716,0.043640248477458954,-0.20293135941028595,-0.08719372004270554,-0.18957172334194183,0.29775694012641907,-0.264536052942276,-0.061598069965839386,-0.003424954367801547,-0.02305241860449314,0.2206924855709076,-0.21666309237480164,-0.178911954164505,0.10804273933172226,0.46074289083480835,-0.23708736896514893,0.09684653580188751,0.1212819367647171,-0.17043493688106537,-0.24829259514808655,0.01825602911412716,-0.47524482011795044,-0.2823107838630676,-0.4667421281337738,0.0628257691860199,0.22443585097789764,0.04027345031499863,-0.449585497379303,-0.13711759448051453,0.49098485708236694,0.08401043713092804,0.15490080416202545,0.12430974096059799,-0.33457112312316895,0.03512752056121826,-0.3036983907222748,0.12555059790611267,-0.2494385689496994,-0.025854021310806274,0.08129476010799408,0.051780641078948975,-0.17482730746269226,0.2323022335767746,0.25923269987106323,0.06171247363090515,-0.8098195791244507,-0.20311012864112854,-0.2670254111289978,0.5976700186729431,0.13776545226573944,-0.20300760865211487,-0.3604687750339508,0.09154341369867325,-0.2120572030544281,-0.001480531645938754,-0.8980941772460938,0.14167921245098114,-0.15173809230327606,-0.0027284561656415462,0.2734887897968292,-0.07446269690990448,-0.04512874037027359,0.301937997341156,-0.077325239777565,-0.07417895644903183,-0.2919328212738037,0.2783568799495697,-0.3312891721725464,-0.2095765769481659,-0.0909142792224884,-0.17894630134105682,-0.19943881034851074,-0.5009946227073669,0.6150238513946533,0.009610963054001331,-0.012691035866737366,-0.22013528645038605,-0.16791339218616486,-0.05078183487057686,-0.5794678926467896,-0.0024506389163434505,-0.34012171626091003,0.3604777753353119,0.14479504525661469,-0.5270841717720032,0.3064519762992859,0.1213982105255127,-0.3246418833732605,0.023573216050863266,-0.2941264510154724,-0.12963584065437317,-0.3601469397544861,0.09225001186132431,-0.12979665398597717,0.7008014917373657,-0.17522141337394714,-0.061651188880205154,0.5368353724479675,0.030989736318588257,0.27229395508766174,0.2747299075126648,-0.32455188035964966,-0.6690999269485474,0.14449580013751984,0.03260556980967522,0.18759725987911224,-0.6196986436843872,-0.28410157561302185,-0.4434297978878021,-0.6653270721435547,0.2045522928237915,0.21550016105175018,0.5256122350692749,0.25076451897621155,-0.07616790384054184,-0.2204316109418869,-0.036382488906383514,-0.4476708471775055,-0.45978885889053345,0.11088881641626358,-0.3007435202598572,0.46912074089050293,-0.5386146306991577,-0.043788131326436996,-0.21572403609752655,-0.25550249218940735,0.2701875865459442,-0.07905417680740356,0.2201981544494629,0.020231569185853004,-0.2773895859718323,0.07902032136917114,0.04174503684043884,0.27715617418289185,-0.22290930151939392,-0.059764932841062546,0.01118280179798603,-0.13377901911735535,-0.08540129661560059,-0.22998614609241486,0.15135814249515533,-0.06133482977747917,-0.4702591001987457,-0.046142175793647766,0.2623685300350189,0.09097445011138916,-0.0869571790099144,-0.7018202543258667,0.007044812198728323,0.5584721565246582,0.2359868586063385,-0.5617281794548035,0.3093949258327484,0.39452606439590454,0.13091999292373657,-0.32966524362564087,-0.21426084637641907,0.5710757970809937,-0.25706323981285095,0.10841405391693115,0.17054539918899536,-0.18575623631477356,-0.05041971057653427,-0.25340569019317627,-0.2059086114168167,0.33510297536849976,0.40072521567344666,0.08538807183504105,-0.09983380138874054,0.1553368866443634,-0.14552506804466248,-0.9502147436141968,-0.25968632102012634,0.24341316521167755,-0.1592937409877777,0.03501885384321213,-0.4725041389465332,0.14626112580299377,0.13297180831432343,-0.15664367377758026,0.4537428021430969,-0.1774405539035797,-0.09858806431293488,-0.0013266026508063078,-0.176736980676651,0.07809500396251678,0.13114744424819946,-0.7242330312728882,-0.0907951146364212,0.08533397316932678,0.2697020173072815,-0.06187157705426216,-0.2109765261411667,-0.4112319052219391,0.238906592130661,-0.11791418492794037,0.34250515699386597,0.0018415867816656828,0.22489550709724426,0.030682936310768127,0.3612326681613922,0.5768208503723145,-0.03922686725854874,-0.016847755759954453,-0.13531503081321716,0.20332548022270203,0.01254506129771471,-0.5178679823875427,-0.008519500494003296,0.37177422642707825,0.12431450188159943,0.2596166431903839,-0.20024633407592773,0.6862239837646484,0.25591403245925903,-0.19046832621097565,-0.2082308977842331,-0.13591036200523376,-0.0011822968954220414,-0.1263163834810257,-0.3147316873073578,-0.1722671538591385,0.2587715983390808,0.14498722553253174,-0.20190462470054626,-0.29851657152175903,0.11144459247589111,-0.06785295903682709,0.3798089027404785,0.3946445882320404,-0.3698713481426239,0.3451280891895294,-0.07639665901660919,0.23830771446228027,-0.6860243082046509,-0.13880905508995056,0.14735621213912964,0.26429808139801025,-0.09824633598327637,0.06989588588476181,-0.26131540536880493
CID000003869,392,-0.033228158950805664,-0.2058243751525879,0.2367502897977829,0.0585835762321949,0.8104902505874634,0.29991352558135986,0.14321310818195343,0.23042044043540955,-0.23897132277488708,-0.19769489765167236,0.11351599544286728,-0.3346036672592163,0.14671120047569275,-0.037752073258161545,-0.09560151398181915,0.13839703798294067,0.03654710575938225,-0.0053788782097399235,-0.26596131920814514,-0.01807624101638794,0.2917611002922058,-0.0692397877573967,0.035367466509342194,0.2879754900932312,0.1531916707754135,-0.03637022525072098,-0.1303902119398117,0.041756294667720795,-0.23401352763175964,0.298041969537735,-0.023105556145310402,-0.12942281365394592,0.03125230222940445,0.08733697980642319,-0.5095871686935425,-0.06588246673345566,-0.214199036359787,-0.41364598274230957,-0.10784778743982315,-0.019776832312345505,0.06200585886836052,0.18721270561218262,-0.16853328049182892,-0.1372179090976715,0.07353316247463226,-0.12456369400024414,0.17504139244556427,0.22742228209972382,-0.24895620346069336,0.10469900071620941,-0.2690494656562805,0.18598541617393494,-0.052688151597976685,-0.28716370463371277,0.11213217675685883,-0.0063575743697583675,-0.04033225029706955,-0.04845356196165085,0.20679393410682678,-0.12493409216403961,-0.8969338536262512,0.0523172989487648,-0.4468522071838379,0.1988075077533722,0.1436612755060196,0.15454334020614624,-0.06306901574134827,0.08220364153385162,-0.0028213798068463802,-0.1484317034482956,-0.15115471184253693,0.06989556550979614,0.068946972489357,-0.1261504888534546,0.24905264377593994,-0.08920527994632721,-0.17836257815361023,0.18273724615573883,0.11361374706029892,-0.29834866523742676,-0.28109660744667053,-0.12804262340068817,-0.06543287634849548,-0.18218167126178741,-0.03264368325471878,0.04061732441186905,-0.10287133604288101,-0.07188279926776886,0.28519394993782043,-0.003164212452247739,-0.07456186413764954,-0.17950618267059326,-0.10561428964138031,0.14477790892124176,-0.41902536153793335,-0.1392398625612259,-0.2770596146583557,0.3099461495876312,0.17565420269966125,-0.07116226106882095,0.1750759780406952,0.23120029270648956,-0.01860034465789795,0.3853487968444824,-0.24091652035713196,0.03429579362273216,-0.5199326276779175,0.26805001497268677,-0.017012011259794235,0.17882344126701355,-0.16034826636314392,0.024981612339615822,0.21010558307170868,-0.10459955036640167,0.08753955364227295,0.19863474369049072,-0.2836529314517975,-0.13289855420589447,0.05368813872337341,0.0415864996612072,-0.10366983711719513,-0.5566626787185669,0.25598472356796265,-0.31512561440467834,-0.3395092487335205,0.024318184703588486,-0.15246906876564026,0.2863234281539917,0.005597725510597229,-0.12513397634029388,0.24767914414405823,-0.11468195915222168,-0.4079379141330719,-0.3389996886253357,0.12519478797912598,-0.318226158618927,0.2188466489315033,-0.013539562001824379,0.07474903762340546,0.04459788650274277,-0.15254263579845428,0.02327117882668972,-0.06680426746606827,0.04335324093699455,0.026630152016878128,-0.1377648413181305,0.18649037182331085,0.06874962151050568,0.26352667808532715,-0.11805874109268188,-0.17488284409046173,-0.18059518933296204,-0.26797226071357727,0.11586523056030273,-0.12597307562828064,-0.005011534783989191,-0.09232258051633835,-0.30343055725097656,-0.01222307700663805,0.3295519948005676,0.1479690968990326,-0.00720409769564867,-0.8222074508666992,0.0709616020321846,0.051395516842603683,0.1391564905643463,-0.10353239625692368,-0.0720399022102356,0.3009057343006134,-0.06624851375818253,-0.19485312700271606,-0.16644546389579773,0.42312756180763245,0.013091037049889565,0.1103929728269577,-0.01586006209254265,-0.24235057830810547,0.05620068311691284,-0.45591944456100464,-0.13670603930950165,0.0665123239159584,0.09048106521368027,0.00576405692845583,-0.02036154456436634,-0.02105095610022545,-0.12031017243862152,-0.2036120891571045,-0.07165498286485672,0.3955140709877014,0.027403097599744797,0.09620533883571625,-0.08249430358409882,-0.14304231107234955,-0.03574211150407791,-0.1022062748670578,0.5117633938789368,-0.019983474165201187,-0.05397721007466316,-0.10089460760354996,-0.011089351959526539,-0.1735297441482544,0.026384979486465454,-0.18137940764427185,0.12848806381225586,-0.05151904374361038,0.20705167949199677,0.049757085740566254,-0.1307382434606552,-0.0819065123796463,-0.10247384011745453,0.017286086454987526,0.005715532694011927,-0.02474077045917511,-0.07727490365505219,0.2900238633155823,-0.12532109022140503,0.3686371445655823,0.10714656114578247,-0.0926993116736412,-0.3630746006965637,-0.04267769306898117,-0.09124323725700378,-0.46090713143348694,-0.15834972262382507,0.15927626192569733,-0.21993882954120636,0.22747354209423065,-0.12435730546712875,0.739774763584137,0.10520056635141373,-0.19908908009529114,-0.02453298307955265,-0.11101038753986359,0.031876660883426666,-0.5655549168586731,-0.3148934245109558,-0.06061582639813423,0.04677440971136093,0.09062071889638901,0.07859513908624649,-0.23197928071022034,0.018688524141907692,0.030439790338277817,0.296870619058609,0.1816437989473343,-0.2479596883058548,0.13212963938713074,-0.06464193016290665,0.16639378666877747,-0.5879954695701599,0.22217173874378204,-0.128408744931221,0.19630751013755798,-0.08864302188158035,0.12116982042789459,-0.029849762097001076
CID000003696,393,-0.1324196755886078,-0.018966544419527054,0.2559376358985901,-0.1953132599592209,0.5154393911361694,0.3189600110054016,0.0388212725520134,-0.4400130808353424,-0.23248055577278137,-0.08154504001140594,0.16169309616088867,-0.3831246495246887,-0.08516917377710342,-0.18166247010231018,0.06702720373868942,0.12283845990896225,0.028813015669584274,0.2428397834300995,0.282447874546051,-0.16540929675102234,-0.1193016991019249,-0.02031216025352478,-0.014797521755099297,-0.21168184280395508,0.19962279498577118,0.0850653126835823,-0.019679903984069824,-0.24560999870300293,-0.15498478710651398,0.6487797498703003,-0.12720638513565063,0.08116234093904495,0.01634984090924263,0.08081462234258652,-0.4941103458404541,0.05305226519703865,-1.0599358081817627,-0.4676785469055176,-0.10954096168279648,-0.03134746477007866,-0.12966299057006836,-0.09467601776123047,-0.3775011897087097,-0.09214909374713898,0.450690895318985,0.07592489570379257,-0.04760317876935005,-0.09270124137401581,-0.13453489542007446,0.11603685468435287,-0.3905795216560364,0.07840307056903839,-0.21393950283527374,-0.38613617420196533,-0.016512611880898476,0.07660811394453049,0.08428027480840683,0.22239616513252258,0.18870165944099426,-0.16643016040325165,-0.6882359385490417,0.09550728648900986,0.06918305158615112,0.39933520555496216,-0.04355131834745407,0.3982737362384796,-0.09858644008636475,0.033888958394527435,-0.16034379601478577,-0.000565066933631897,0.003059637499973178,-0.1078864112496376,0.16366907954216003,-0.3265499472618103,0.03831733018159866,0.20751352608203888,0.03589988872408867,0.20150060951709747,-0.1235252171754837,0.03721933811903,-0.19930915534496307,0.1275682896375656,0.14815440773963928,-0.27905091643333435,0.08499868214130402,0.0922262892127037,-0.16069155931472778,0.0860326886177063,0.9222205877304077,-0.16546718776226044,0.013488972559571266,-0.03249898552894592,0.14089347422122955,-0.06401010602712631,-0.7164166569709778,-0.07989780604839325,-0.4707697033882141,0.7138251066207886,0.04137418419122696,0.00575291970744729,0.7523128390312195,0.0007825017091818154,-0.1396179348230362,0.12871873378753662,-0.1274268478155136,-0.0654260665178299,-0.22935326397418976,0.18083442747592926,-0.0759282112121582,0.2341006100177765,-0.0635671466588974,-0.08413682878017426,0.244882270693779,-0.31113600730895996,0.05991974472999573,-0.07467275112867355,-0.03257523849606514,-0.2866142690181732,0.13156703114509583,0.10342321544885635,0.08265352249145508,-0.7691682577133179,-0.10174302756786346,-0.4959023892879486,-0.40015071630477905,-0.0036166429053992033,0.15690597891807556,0.2993831932544708,0.0008618757128715515,0.15966132283210754,0.24778375029563904,0.16131436824798584,-0.7075461745262146,-0.2261032611131668,0.18901970982551575,0.5075017213821411,0.6768836975097656,-0.2992088794708252,0.13872916996479034,-0.07724721729755402,0.04629376530647278,0.24248342216014862,-0.17215514183044434,0.13574789464473724,-0.03780786320567131,0.08997374027967453,-0.1910398006439209,-0.10422692447900772,-0.1286637783050537,-0.12816785275936127,0.04690805450081825,0.030271779745817184,-0.2125432789325714,-0.2944698631763458,0.025101006031036377,0.1388254016637802,-0.11814309656620026,-0.6187592148780823,-0.06496995687484741,-0.07065888494253159,0.22956128418445587,0.06177516654133797,-0.8338486552238464,-0.06833494454622269,-0.037312883883714676,0.34969431161880493,-0.07019273191690445,0.024181529879570007,0.2235989272594452,0.19775748252868652,-0.36007729172706604,-0.20452527701854706,0.5919219851493835,-0.10703520476818085,-0.175602987408638,-0.1570943295955658,0.13452352583408356,-0.039293110370635986,-0.1901145726442337,-0.014368641190230846,0.12446538358926773,0.3273255228996277,0.06275604665279388,0.11158061027526855,0.08245605230331421,-0.24029462039470673,-0.6861109733581543,0.044403307139873505,0.699833869934082,0.056942977011203766,-0.0836874395608902,-0.1545742154121399,-0.04533589631319046,-0.22530114650726318,-0.15831197798252106,0.6456211805343628,-0.06033172458410263,-0.09945918619632721,-0.979236900806427,0.10032160580158234,-0.036861713975667953,0.2797214686870575,-0.7002853155136108,0.24974636733531952,-0.0769050270318985,0.22872264683246613,-0.026785552501678467,-0.10639021545648575,-0.1964365541934967,0.18102380633354187,0.25256407260894775,0.2046736478805542,-0.12985289096832275,-0.09040500223636627,0.41843342781066895,-0.19244666397571564,0.26296108961105347,-0.13903693854808807,-0.011156082153320312,-0.16141977906227112,-0.24423809349536896,0.027641868218779564,-0.5764291882514954,0.07550948858261108,0.46377652883529663,0.34010833501815796,-0.07061713188886642,-0.2051662653684616,0.4916934072971344,0.09549860656261444,-0.1319580376148224,-0.45915061235427856,-0.25672489404678345,0.10922431945800781,-0.3239595293998718,-0.29901447892189026,-0.14605693519115448,-0.03508598729968071,0.08542321622371674,0.03995081037282944,-0.3266794681549072,0.2192443609237671,0.12162462621927261,-0.20881609618663788,0.017694611102342606,-0.5789061784744263,0.0594165213406086,-0.058220673352479935,-0.10688258707523346,-0.7285572290420532,-0.06662192195653915,-0.006893889047205448,0.40537649393081665,0.01609334908425808,-0.20000585913658142,-0.13634993135929108
CID000002162,394,-0.06073426082730293,0.034813784062862396,-0.09498684853315353,-0.045093048363924026,0.06360341608524323,0.36642155051231384,-0.14721526205539703,0.07854785025119781,0.04746822640299797,-0.3772624433040619,0.2786661684513092,-0.5489778518676758,0.4137287139892578,-0.2629042863845825,-0.04604973644018173,-0.03991323336958885,-0.14344963431358337,-0.0403510257601738,0.21454410254955292,0.028690647333860397,0.012627014890313148,-0.08241362869739532,-0.016324644908308983,-0.08320929110050201,-0.1631418913602829,-0.21450605988502502,-0.11474595218896866,0.08830147236585617,-0.10024674236774445,0.4953577518463135,-0.1901998668909073,-0.0008673310512676835,0.1919817179441452,-0.06641022115945816,-0.4575759768486023,0.03952181339263916,-0.30301433801651,-0.14765112102031708,-0.31439727544784546,0.037116143852472305,0.4521401524543762,0.11678946018218994,-0.3837464451789856,-0.022229965776205063,0.2757229208946228,0.04476148262619972,-0.10626610368490219,-0.1524689793586731,-0.20650307834148407,-0.2772848308086395,-0.4142209589481354,0.15411850810050964,-0.14845377206802368,-0.13414914906024933,0.22173723578453064,-0.025405889376997948,0.07276315987110138,0.06491267681121826,0.031133335083723068,-0.06694449484348297,-0.7206165790557861,0.4892197251319885,-0.20267236232757568,0.21128413081169128,0.1944996565580368,-0.17777064442634583,-0.5656358599662781,0.4702116847038269,-0.23732516169548035,0.1789688616991043,-0.6851679682731628,0.1944224089384079,-0.13229846954345703,-0.015439415350556374,0.4503151774406433,0.1777583211660385,0.32720082998275757,0.027055615559220314,0.27926498651504517,0.07543720304965973,-0.35738396644592285,-0.05882427841424942,-0.2687857151031494,-0.031155448406934738,-0.22021552920341492,-0.07583093643188477,-0.29141920804977417,0.3094300627708435,0.41419142484664917,-0.060318201780319214,0.01908836141228676,-0.07458783686161041,0.13657957315444946,0.1196800097823143,-0.6383889317512512,0.022427495568990707,-0.16786031424999237,0.02812209725379944,0.026877611875534058,-0.4359971582889557,0.2765503525733948,0.11329901218414307,-0.20375922322273254,0.04552247375249863,-0.3794761002063751,0.23733922839164734,-0.3717750906944275,0.3805716335773468,0.32302236557006836,0.1623932421207428,-0.02561093494296074,0.034206997603178024,0.4666353762149811,0.020412234589457512,0.1788981407880783,-0.06200234219431877,0.29612642526626587,-0.7116175889968872,0.04662765935063362,0.1781032234430313,0.09682267904281616,-0.7781672477722168,-0.33356112241744995,-0.5853354930877686,-0.46308737993240356,-0.018559757620096207,-0.09468816220760345,0.48607391119003296,0.050134964287281036,0.09939252585172653,-0.18591496348381042,-0.09393777698278427,-0.5509220361709595,-0.3792094588279724,-0.2369728982448578,-0.245561882853508,0.8228438496589661,-0.2128489464521408,0.28438740968704224,-0.21872691810131073,-0.15250661969184875,0.21643266081809998,-0.039838600903749466,-0.01787523552775383,-0.1407443732023239,-0.06508021056652069,-0.11630523204803467,0.15756769478321075,0.048127152025699615,-0.18197667598724365,-0.02643859013915062,0.06141241267323494,0.032619815319776535,0.37272557616233826,-0.23207783699035645,-0.08329401165246964,-0.1611364781856537,-0.46264737844467163,-0.0943000540137291,0.1924854815006256,0.02973927929997444,0.22473612427711487,-0.6752252578735352,-0.050080545246601105,0.5123463869094849,0.24127385020256042,-0.2060638666152954,-0.012332990765571594,0.24239082634449005,-0.0838484987616539,-0.30268627405166626,-0.1681159883737564,0.53658527135849,0.1548873633146286,-0.07634611427783966,-0.22571364045143127,-0.0009152769926004112,0.17866429686546326,-0.3865426182746887,-0.20266775786876678,0.3246191442012787,0.39964067935943604,0.1929481327533722,0.0065264045260846615,-0.03581893444061279,0.09642130881547928,-0.5550710558891296,-0.0654715746641159,0.48475223779678345,0.4678940176963806,0.02014732174575329,-0.33853763341903687,-0.07978158444166183,0.11814026534557343,-0.35707348585128784,0.3421977162361145,-0.05103477090597153,0.07368884235620499,-0.14861741662025452,0.0022269696928560734,0.23624391853809357,-0.10728547722101212,-0.32459548115730286,0.004399141762405634,-0.20870128273963928,0.6566174626350403,-0.3613460958003998,-0.23379144072532654,-0.08003077656030655,-0.13169953227043152,-0.006586569361388683,-0.09222159534692764,-0.0326334610581398,0.09976993501186371,-0.016054388135671616,-0.16797327995300293,0.48367562890052795,-0.016684075817465782,-0.07398830354213715,-0.14930030703544617,0.04065725579857826,0.02779979445040226,-0.5299016833305359,0.12974943220615387,0.4501497149467468,-0.010717877186834812,0.11567412316799164,-0.31074732542037964,0.901877760887146,0.020509948953986168,-0.29009586572647095,0.026546120643615723,-0.09719907492399216,0.08541283756494522,-0.5071441531181335,-0.2296721190214157,0.17192843556404114,0.3747555911540985,0.2626596987247467,-0.057134658098220825,-0.3176448941230774,-0.11258254200220108,0.03633724898099899,0.03974326699972153,-0.21768352389335632,-0.12363304942846298,0.8348997235298157,-0.1049928069114685,-0.057315897196531296,-0.6892784833908081,-0.37405723333358765,0.007748445961624384,0.016250740736722946,-0.030397409573197365,0.014587965793907642,-0.3152753412723541
CID000003746,397,-0.29475516080856323,0.17120710015296936,0.0878012478351593,0.195219486951828,0.4078598618507385,0.30210813879966736,-0.014791962690651417,0.19905467331409454,-0.36694207787513733,-0.26009616255760193,0.12260863929986954,-0.2475915253162384,0.20656809210777283,-0.36484554409980774,0.02261650562286377,0.122170090675354,-0.0438094325363636,-0.13112804293632507,-0.12538063526153564,0.18960139155387878,-0.17682059109210968,-0.13913442194461823,-0.17827729880809784,0.18819861114025116,0.35124725103378296,-0.04673366993665695,0.13374802470207214,-0.09452416002750397,-0.0015753868501633406,0.45843401551246643,0.05940580368041992,-0.34298089146614075,-0.06196274608373642,-0.06446148455142975,-0.15135584771633148,0.056504689157009125,-0.5488401651382446,-0.3008202016353607,-0.1579093635082245,-0.02561783790588379,0.3707314133644104,0.021434038877487183,-0.4566381871700287,-0.13834375143051147,0.3082447946071625,-0.1917654275894165,-0.32490140199661255,0.3166000247001648,0.2029181718826294,0.053356803953647614,-0.3484981060028076,0.3287115693092346,-0.11369995772838593,-0.10231206566095352,-0.007411681115627289,0.37594717741012573,-0.2616078555583954,0.08245246112346649,0.4614478051662445,-0.005438602063804865,-0.8563386797904968,0.17786739766597748,-0.18357707560062408,0.09382754564285278,-0.033936478197574615,0.3775990903377533,-0.5462722778320312,-0.04961581900715828,0.08377909660339355,-0.13204772770404816,-0.458670049905777,-0.3452378213405609,-0.08232225477695465,-0.18819817900657654,0.33212584257125854,0.14346840977668762,0.054608993232250214,0.2940371632575989,0.3895809054374695,-0.039688970893621445,-0.31844931840896606,-0.14580920338630676,-0.016252631321549416,0.0013272122014313936,-0.034601807594299316,-0.10671033710241318,-0.3435267508029938,-0.09459811449050903,0.5457819700241089,-0.08558665215969086,-0.32237958908081055,-0.22855976223945618,-0.1665889322757721,0.11948182433843613,-0.6387161016464233,0.04258231073617935,-0.24569173157215118,0.2671942114830017,0.19089950621128082,-0.5587295889854431,0.4582017958164215,-0.0660988911986351,0.006160348653793335,0.10769164562225342,-0.3161716163158417,0.042514536529779434,-0.13720957934856415,0.3205501437187195,0.08700557053089142,0.3518112897872925,0.13513202965259552,-0.3310737907886505,0.31829318404197693,-0.22516977787017822,0.1007317453622818,-0.22728197276592255,-0.29199743270874023,0.0005531668430194259,0.13214732706546783,-0.24269986152648926,0.07396530359983444,-0.6445303559303284,0.06997594237327576,-0.45622745156288147,-0.6308664679527283,-0.044374220073223114,0.06512381881475449,0.40474700927734375,0.18898823857307434,0.07973413169384003,0.07316716015338898,0.05270581692457199,-0.49838146567344666,-0.3186458945274353,-0.06014201045036316,-0.4796209931373596,0.3749251067638397,-0.32992807030677795,0.22150540351867676,-0.1545569747686386,-0.05065498501062393,0.1907760351896286,0.0013388514053076506,-0.06420223414897919,-0.0156455859541893,-0.1065523624420166,0.06185111403465271,0.22783303260803223,-0.15323807299137115,-0.1804238110780716,0.017641345039010048,-0.20011262595653534,-0.3110683262348175,-0.006254828069359064,0.15092381834983826,0.0238779466599226,0.09882821142673492,-0.4404464364051819,0.0105659868568182,0.16969789564609528,0.3034154772758484,-0.02437749132514,-0.7045692801475525,-0.02763979509472847,0.20595748722553253,0.26161253452301025,-0.12136216461658478,0.2184423953294754,0.5240103602409363,0.03583907708525658,-0.30019301176071167,-0.21698205173015594,0.5424779653549194,0.10909972339868546,-0.19629427790641785,0.16167321801185608,0.06532679498195648,0.16894647479057312,-0.2834516167640686,0.05816540867090225,-0.011929312720894814,0.53000408411026,0.10499437898397446,0.2640795111656189,0.18545368313789368,0.222376748919487,-0.26083317399024963,-0.05523436516523361,0.3082706034183502,0.18582434952259064,0.15922990441322327,-0.5487228035926819,-0.054736264050006866,-0.46558457612991333,-0.250739187002182,0.6580854058265686,0.08751709759235382,-0.2744103968143463,-0.3444461226463318,0.39395639300346375,-0.0921635627746582,0.2958858609199524,-0.43365734815597534,0.1550360769033432,0.08088869601488113,0.38622942566871643,-0.25951260328292847,-0.22787606716156006,-0.38855570554733276,-0.13882651925086975,0.22841855883598328,0.02745734713971615,-0.05740044638514519,0.10310574620962143,0.15985524654388428,-0.13918372988700867,0.5020195245742798,-0.02137186750769615,-0.2506020963191986,-0.20138168334960938,0.16780871152877808,0.09289673715829849,-0.6037000417709351,-0.050597090274095535,0.20517583191394806,0.06343825906515121,0.19289526343345642,-0.15854506194591522,0.7191358804702759,0.031099002808332443,0.1012786403298378,-0.24674591422080994,-0.06747553497552872,-0.10045216232538223,-0.5217824578285217,-0.26041850447654724,0.010645801201462746,0.45242756605148315,0.349371999502182,-0.21017690002918243,-0.45552927255630493,0.09980319440364838,-0.15012286603450775,-0.19287583231925964,0.2878008484840393,-0.7734564542770386,0.37977463006973267,0.4200200140476227,0.017444152384996414,-0.5542401075363159,0.01893509551882744,0.01843014359474182,0.023892099037766457,0.3452533185482025,-0.11855417490005493,-0.13374446332454681
CID000056959,398,-0.12894602119922638,0.17268255352973938,0.2764585018157959,0.11067786067724228,0.46333155035972595,0.37998166680336,-0.1477988362312317,0.20855827629566193,-0.28723791241645813,-0.17553545534610748,-0.08828441053628922,-0.4312049448490143,0.1568962037563324,-0.35333681106567383,-0.057207971811294556,-0.07270339131355286,0.04284289851784706,0.3710533678531647,-0.2773597240447998,0.22806188464164734,-0.1372988224029541,-0.18675555288791656,0.07905541360378265,-0.037461936473846436,0.24122066795825958,-0.24924080073833466,0.10956089198589325,0.13086779415607452,-0.04372679069638252,0.47591400146484375,-0.10854816436767578,-0.19515426456928253,-0.2341265231370926,0.16273833811283112,-0.28932255506515503,-0.05867522209882736,-0.2954210340976715,-0.32248419523239136,-0.23039166629314423,0.0999823659658432,0.005495107267051935,0.26760461926460266,-0.15127083659172058,-0.29728037118911743,0.22697404026985168,0.04929303377866745,0.13573910295963287,0.12193958461284637,-0.1408558040857315,-0.10755516588687897,-0.4122261106967926,0.23740562796592712,-0.04556989669799805,-0.29096490144729614,-0.043151360005140305,-0.011597735807299614,0.1492719054222107,0.03233247995376587,0.23723335564136505,-0.22031918168067932,-0.8541604280471802,0.08518098294734955,-0.22401604056358337,0.18678422272205353,0.0035029605496674776,0.31143438816070557,-0.537307858467102,-0.02159751206636429,0.06646470725536346,0.01112702488899231,-0.1572842299938202,0.05922692269086838,-0.1335171014070511,-0.07079759985208511,0.1701817810535431,-0.09757155925035477,0.1526239514350891,0.1683325469493866,0.31764063239097595,-0.030164528638124466,-0.27443838119506836,-0.12205537408590317,-0.16355624794960022,-0.14274188876152039,-0.1718655526638031,-0.00974520854651928,-0.11684000492095947,0.28164687752723694,0.300488144159317,-0.20212256908416748,-0.09921911358833313,-0.12701024115085602,-0.0035052956081926823,0.07980705797672272,-0.5228172540664673,0.05019977688789368,-0.3151282072067261,0.4038639962673187,0.17176023125648499,-0.2674369812011719,0.3749614655971527,-0.10775153338909149,0.08196741342544556,0.4124174118041992,-0.238172248005867,-0.10071897506713867,-0.06118651479482651,0.3204812705516815,-0.027005398645997047,0.26755648851394653,-0.046417396515607834,-0.17838843166828156,0.40265488624572754,-0.20398931205272675,0.07811279594898224,0.20015189051628113,0.20601356029510498,-0.0714275985956192,0.10198792070150375,-0.24802537262439728,-0.2599557340145111,-0.6000611782073975,-0.1570434719324112,-0.852392852306366,-0.4147258400917053,-0.008685906417667866,-0.0056393505074083805,0.2651670575141907,0.18830600380897522,0.20917518436908722,0.2897873818874359,-0.1633947640657425,-0.4458072781562805,-0.32572081685066223,0.11223195493221283,-0.24273303151130676,0.4044719636440277,-0.40041130781173706,5.0851704145316035e-05,-0.1432478129863739,0.003240960882976651,0.22537806630134583,-0.09520252794027328,-0.10310133546590805,0.0741029605269432,0.11346560716629028,0.3544997572898865,0.13923056423664093,-0.06406978517770767,-0.17644640803337097,0.06664278358221054,-0.002412778092548251,-0.15079568326473236,0.09454189240932465,0.007190132047981024,-0.10799583047628403,-0.2789571285247803,-0.4617672562599182,0.12252859026193619,-0.09269319474697113,0.17947182059288025,0.04786462336778641,-0.8290219306945801,-0.08046356588602066,0.23978610336780548,0.30338186025619507,-0.25938287377357483,0.00794539786875248,0.2948143780231476,-0.27038365602493286,-0.12424017488956451,-0.08286573737859726,0.445941686630249,0.011772774159908295,-0.05332810431718826,0.24089613556861877,0.07617057859897614,0.1045113205909729,-0.4923076629638672,-0.10894564539194107,0.05848590284585953,0.3120143413543701,-0.009037299081683159,-0.1194690614938736,0.10496930778026581,0.17227818071842194,-0.3535049557685852,0.2665049433708191,0.3248637020587921,0.036738209426403046,-0.009544188156723976,-0.28764182329177856,-0.17520387470722198,-0.4250488877296448,-0.08300860226154327,0.6672977805137634,0.0996554046869278,-0.046804238110780716,-0.1632014364004135,0.11746786534786224,-0.07845177501440048,-0.027508234605193138,-0.4378325939178467,0.15874898433685303,-0.02259306237101555,0.3819488286972046,-0.36752137541770935,-0.43695148825645447,-0.11059556156396866,-0.08499451726675034,-0.011227388866245747,0.21378731727600098,0.10390355437994003,0.023795928806066513,0.4477177560329437,-0.32327771186828613,0.36714982986450195,-0.18613730370998383,-0.0828070417046547,-0.24530145525932312,-0.023177552968263626,0.11556408554315567,-0.3817395269870758,0.07236003130674362,0.5982089638710022,0.13696256279945374,0.09709726274013519,-0.328732430934906,0.5758681893348694,-0.27163153886795044,-0.1266217678785324,-0.12679779529571533,-0.11996839195489883,0.08550608158111572,-0.25630730390548706,-0.3139241337776184,-0.2509937882423401,0.23179371654987335,0.21825066208839417,-0.2893427610397339,-0.0021551933605223894,0.12448762357234955,0.10552747547626495,0.1038062572479248,-0.21785131096839905,-0.638847291469574,0.29480814933776855,0.27189716696739197,-0.04456206038594246,-0.521355152130127,-0.2795608341693878,-0.19906899333000183,0.0751887708902359,0.017740901559591293,0.006032472010701895,-0.10523583739995956
CID000003157,399,0.06694819778203964,0.2174162119626999,0.5267220139503479,0.19851341843605042,0.47435635328292847,0.33768394589424133,-0.2384374886751175,-0.23276595771312714,-0.20938274264335632,-0.01757660135626793,-0.14436165988445282,-0.17002566158771515,0.37755656242370605,-0.013310318812727928,-0.28550344705581665,0.28574061393737793,0.09934430569410324,0.03897959738969803,0.25076067447662354,0.19554150104522705,0.014949607662856579,-0.052014369517564774,-0.1897028088569641,0.1272011548280716,-0.017262516543269157,0.042179007083177567,-0.011493069119751453,-0.0650242269039154,-0.08908768743276596,0.47108322381973267,-0.23159745335578918,0.05820394679903984,-0.07768118381500244,0.04619460552930832,-0.5587117075920105,-0.03864917531609535,-0.16287648677825928,-0.2316921204328537,-0.27917271852493286,-0.09397842735052109,0.14172770082950592,-0.032467324286699295,-0.2834674119949341,-0.44374948740005493,0.39411383867263794,0.3021138608455658,-0.09754626452922821,0.1587628871202469,-0.40041202306747437,0.019812162965536118,-0.9441114664077759,0.13330979645252228,-0.18691250681877136,-0.2710447609424591,0.06568293273448944,0.119611956179142,-0.06015597656369209,-0.0370771661400795,0.019974641501903534,0.012869155034422874,-0.8481324315071106,0.10031723976135254,-0.3914819061756134,0.2298673391342163,0.05113382264971733,0.19764521718025208,-0.0647159069776535,0.5087119936943054,-0.12188448011875153,-0.011668011546134949,-0.4511968195438385,-0.07254692167043686,0.09893181920051575,-0.19699692726135254,0.32660892605781555,0.07012070715427399,0.10820138454437256,0.2777822017669678,0.03837146237492561,0.05372990295290947,-0.14664021134376526,0.2597064971923828,-0.06134723871946335,-0.2074541300535202,0.05289238691329956,0.02890745922923088,-0.10120292007923126,-0.2536853849887848,0.616216242313385,0.14163529872894287,-0.05871491879224777,-0.012583483941853046,0.02461620606482029,-0.058720748871564865,-0.6654484868049622,-0.0879993587732315,-0.2662051320075989,0.38745012879371643,0.18240150809288025,-0.06517339497804642,0.5364823937416077,0.07826279103755951,-0.1764749437570572,0.048685185611248016,-0.06636706739664078,-0.13462011516094208,-0.18841806054115295,0.04856102541089058,-0.07653597742319107,0.13751669228076935,-0.1765754222869873,0.16780208051204681,0.6189371943473816,0.06392525136470795,0.0073285759426653385,-0.08172892034053802,-0.009944764897227287,-0.5615406036376953,0.19627723097801208,0.027122896164655685,0.3078729212284088,-0.7633235454559326,0.046760011464357376,-0.36940687894821167,-0.6573309302330017,0.13094165921211243,0.20768041908740997,0.5517086386680603,0.11806901544332504,0.14733587205410004,0.5215756893157959,-0.2183530330657959,-0.4840916693210602,-0.43162140250205994,-0.20864161849021912,0.15306270122528076,0.7406971454620361,-0.41051149368286133,-0.0641663521528244,0.1511867344379425,-0.15192261338233948,0.008337968960404396,0.20049920678138733,0.3337126076221466,0.10762258619070053,-0.005716577172279358,-0.247931569814682,0.23200981318950653,-0.0026034116744995117,-0.18511569499969482,0.04697610065340996,-0.07767436653375626,-0.15871424973011017,-0.016028743237257004,-0.0164157934486866,-0.04343898966908455,0.021752219647169113,-0.5408214926719666,-0.1030346155166626,0.32082709670066833,0.25282368063926697,-0.006769099738448858,-0.7483373880386353,0.03789796307682991,0.7882441878318787,0.21242499351501465,-0.3726954460144043,0.07966028153896332,0.3000776171684265,0.15443888306617737,-0.24230234324932098,-0.034462474286556244,0.47956329584121704,-0.33277103304862976,-0.09821099042892456,0.1014004498720169,-0.3369218111038208,-0.10527493059635162,-0.10445060580968857,-0.1361563354730606,0.22567346692085266,0.24793319404125214,0.10898934304714203,0.06855787336826324,0.2398265302181244,-0.2575714886188507,-0.9004741907119751,0.0895155668258667,0.5240305066108704,0.02604750357568264,0.1908847987651825,-0.5392163395881653,0.22737041115760803,-0.21132655441761017,-0.14259202778339386,0.17328910529613495,-0.12194134294986725,0.0010816275607794523,-0.2717529535293579,-0.01256716437637806,0.22338144481182098,0.09671129286289215,-0.4108029305934906,0.16911527514457703,-0.1389710158109665,0.04801495000720024,0.023752540349960327,0.01884247362613678,-0.4990011155605316,0.2738999128341675,0.1251041144132614,0.3690839409828186,0.04001223295927048,0.04150308296084404,0.4556041359901428,0.03562867268919945,0.4221333861351013,0.04290059953927994,-0.06019948795437813,-0.11920972168445587,-0.131710022687912,-0.1180311068892479,-0.4618827700614929,0.09044469892978668,0.354318231344223,0.014279457740485668,0.15356934070587158,-0.36113670468330383,0.8252428770065308,0.2212536782026291,-0.11709518730640411,-0.27609342336654663,-0.01349802315235138,-0.027087772265076637,-0.19483597576618195,-0.22927634418010712,-0.19737298786640167,0.07366277277469635,0.17286120355129242,0.22181467711925507,0.0969519168138504,0.03244689106941223,0.0770786851644516,-0.0909428521990776,-0.10026244074106216,-0.25929200649261475,0.05340510606765747,-0.10609398037195206,0.11876974999904633,-0.8029826879501343,0.12791995704174042,0.22862958908081055,0.18644119799137115,0.03284044936299324,-0.0434415265917778,-0.27030155062675476
CID000001972,400,-0.18665991723537445,-0.19958744943141937,0.22387902438640594,0.12645947933197021,0.3837903141975403,0.479464590549469,0.2109736204147339,0.25957003235816956,-0.3972669243812561,-0.23608720302581787,0.14990264177322388,-0.28480264544487,0.08952663838863373,-0.3046364188194275,0.012286046519875526,0.030793732032179832,0.025350624695420265,-0.022731732577085495,0.02069450169801712,-0.22732889652252197,0.10713015496730804,0.16404017806053162,0.2908903956413269,0.14455151557922363,0.27319616079330444,0.04594375565648079,-0.05914897844195366,-0.14133229851722717,-0.037815600633621216,0.27221351861953735,-0.15134337544441223,-0.10544321686029434,-0.35124117136001587,-0.20054185390472412,-0.3981280028820038,0.09112890809774399,-0.299283891916275,-0.2999538481235504,0.13393333554267883,-0.21123071014881134,-0.07098425924777985,-0.16217944025993347,-0.14389638602733612,-0.08050931990146637,0.48890796303749084,-0.13353070616722107,0.2422970086336136,0.1350761204957962,-0.12643757462501526,-0.1412273496389389,-0.5310841798782349,0.030143942683935165,-0.17716047167778015,-0.2015751600265503,0.0856093019247055,-0.3105420470237732,0.0560663565993309,0.011607586406171322,0.41766542196273804,0.041186269372701645,-0.9292381405830383,0.2533717155456543,-0.38942697644233704,0.368897408246994,0.3338264226913452,-0.3175205588340759,-0.16465237736701965,-0.0770789384841919,0.01958305947482586,-0.09700803458690643,-0.7072779536247253,-0.15791019797325134,0.07253240048885345,-0.2295648753643036,0.634308934211731,0.07666212320327759,0.23608756065368652,0.3262821435928345,0.1705390214920044,-0.1616658717393875,-0.1589091271162033,0.058005549013614655,-0.2197054922580719,-0.16345611214637756,-0.07678643614053726,0.1321655958890915,-0.17766161262989044,0.14543893933296204,0.3550468981266022,-0.3381083607673645,-0.1971929520368576,-0.09080936759710312,0.030660439282655716,0.24534972012043,-0.39497536420822144,0.11655404418706894,-0.35772794485092163,0.20160774886608124,0.04124301299452782,-0.18255391716957092,0.32200318574905396,0.19057872891426086,-0.3038789629936218,0.17795409262180328,0.0895109698176384,0.06215887516736984,-0.5521863698959351,0.32917386293411255,0.12923899292945862,0.06045294553041458,-0.4073163866996765,-0.10758384317159653,0.09769012778997421,-0.36417949199676514,0.26789969205856323,-0.0052175698801875114,0.05816667154431343,-0.2815913259983063,0.1396169662475586,0.09721378982067108,-0.1133972629904747,-0.7432309985160828,-0.07063396275043488,-0.6588157415390015,-0.11277520656585693,0.19828486442565918,0.07032542675733566,0.2994522750377655,0.1920410692691803,-0.11374004930257797,0.00336666707880795,0.0747617557644844,-0.4349574148654938,-0.5816394686698914,0.26998814940452576,-0.4023648202419281,0.2727223336696625,-0.3555404543876648,0.07109575718641281,-0.0061623514629900455,0.0068215979263186455,0.10852231830358505,-0.020487714558839798,-0.2175883799791336,-6.404519081115723e-05,0.15296447277069092,0.31274089217185974,0.02056589163839817,0.12633010745048523,0.1547108292579651,0.10755324363708496,-0.17917436361312866,-0.083919957280159,-0.4942735731601715,-0.06991057842969894,0.16773182153701782,0.16389742493629456,-0.38243168592453003,0.11701879650354385,0.183187797665596,0.45281296968460083,-0.03221607953310013,-0.7817460298538208,-0.17733724415302277,0.31686967611312866,0.2592713236808777,0.0915704146027565,0.03712596371769905,-0.00328351859934628,-0.03857944533228874,-0.15109607577323914,-0.18724007904529572,0.21433940529823303,-0.006472104694694281,0.15899601578712463,0.10372896492481232,0.05498877912759781,-0.11758986860513687,-0.18224024772644043,-0.012393040582537651,0.1857505887746811,0.2583942115306854,0.21794040501117706,-0.3197633624076843,-0.1047026738524437,0.01026809774339199,-0.1998031586408615,0.12247687578201294,0.544064998626709,-0.062482308596372604,0.3353291451931,-0.18925845623016357,0.32256385684013367,0.09828345477581024,-0.2483539879322052,0.7272491455078125,0.012833654880523682,-0.23832722008228302,-0.12538670003414154,-0.09266003221273422,0.0013063460355624557,0.16285376250743866,-0.0626160055398941,0.06443458795547485,-0.3648054003715515,0.2249012291431427,-0.25907251238822937,0.15765123069286346,-0.3240639269351959,-0.045724183320999146,-0.13197490572929382,-0.17149312794208527,-0.19389566779136658,0.05738838389515877,0.1665496826171875,-0.30331915616989136,0.8718578219413757,-0.16855677962303162,-0.08036013692617416,-0.18141314387321472,-0.028205955401062965,-0.05024055391550064,-0.6745876669883728,0.0571843683719635,0.24006231129169464,-0.06679558008909225,0.09898969531059265,-0.314877450466156,0.965131938457489,-0.04978586360812187,-0.1879107505083084,-0.05811262130737305,0.11281514167785645,-0.08189620822668076,-0.6730641722679138,-0.32697826623916626,-0.006425738334655762,0.27413201332092285,-0.23404566943645477,-0.1673286408185959,-0.6088076829910278,0.3734779357910156,-0.09836680442094803,0.011755740270018578,-0.17320281267166138,-0.5025966167449951,0.1563848853111267,0.03656446188688278,-0.17097771167755127,-0.7086186408996582,-0.29538607597351074,0.1733083873987198,0.4361349046230316,0.1048036590218544,-0.02033374272286892,-0.003853625152260065
CID000004911,401,0.103327676653862,-0.11078713834285736,-0.1692187339067459,0.06644561141729355,0.5268497467041016,0.3279825747013092,0.04341227561235428,-0.03890327364206314,-0.24366728961467743,-0.20997309684753418,0.08929437398910522,-0.29092735052108765,0.20188462734222412,-0.1680724322795868,0.11807714402675629,-0.3322000503540039,-0.13473567366600037,0.1379375159740448,0.15686921775341034,-0.19766144454479218,-0.3563123345375061,0.07136370241641998,0.01763165183365345,-0.06399516761302948,0.05819316580891609,-0.006696182303130627,0.05420103669166565,-0.12322048097848892,-0.010726946406066418,0.3477470874786377,-0.10982091724872589,-0.1160397157073021,-0.014206615276634693,-0.1469297856092453,-0.7667127847671509,-0.017457623034715652,-0.21889285743236542,-0.29795974493026733,-0.2004036158323288,-0.05888209491968155,0.11354287713766098,-0.2713612914085388,0.037329237908124924,-0.2829788327217102,0.36153098940849304,0.18833020329475403,-0.12938983738422394,0.09340022504329681,-0.18513791263103485,-0.17870363593101501,-0.2893558144569397,0.1814405918121338,-0.05874745920300484,-0.12733544409275055,0.09823679178953171,-0.01756337285041809,-0.02190052904188633,-0.18953506648540497,0.18988993763923645,-0.22930946946144104,-1.0115244388580322,0.15532374382019043,-0.2016477882862091,0.4704599380493164,0.12785747647285461,0.024040089920163155,-0.12279993295669556,0.2316352128982544,0.09010576456785202,0.2640012204647064,-0.3080624043941498,0.2970386743545532,-0.2576337456703186,-0.08391807973384857,0.3412773907184601,0.07633531838655472,-0.09882018715143204,0.18365423381328583,0.1796795129776001,-0.11626537144184113,-0.14843839406967163,-0.11466442048549652,-0.2166534662246704,-0.005956185050308704,-0.12394005060195923,-0.08147811889648438,-0.28386324644088745,-0.09303285926580429,0.3929833471775055,-0.20065589249134064,0.07393614202737808,-0.030291249975562096,0.19464924931526184,-0.11418529599905014,-0.7925111055374146,-0.15113207697868347,-0.17713920772075653,0.4253169596195221,0.03881136700510979,-0.43276605010032654,0.13848011195659637,0.07227274775505066,-0.14979836344718933,0.08591638505458832,-0.05474342033267021,-0.008750975131988525,-0.5824458003044128,0.31271037459373474,0.04426072910428047,0.19908103346824646,0.08090470731258392,0.08320595324039459,0.21696245670318604,0.08369778841733932,0.16970007121562958,0.07975541055202484,0.007003393955528736,-0.7108784914016724,0.22935958206653595,0.17988428473472595,-0.06972754001617432,-0.7284269332885742,0.22001194953918457,-0.24962882697582245,-0.3429350256919861,0.08697198331356049,0.0017328367102891207,0.4225858747959137,-0.020070377737283707,-0.12354528903961182,-0.32226401567459106,-0.2011100798845291,-0.626122772693634,-0.29574304819107056,0.05595175176858902,-0.007929948158562183,0.3171255588531494,-0.26621323823928833,-0.024605443701148033,0.09044333547353745,-0.022825414314866066,0.12331964820623398,-0.2322773039340973,-0.10732351243495941,-0.08280874788761139,0.08093642443418503,-0.11642833054065704,-0.249678373336792,-0.21624433994293213,0.13043174147605896,-0.04795737564563751,0.00623302161693573,0.060800403356552124,-0.0934307724237442,0.09890527278184891,-0.006387871690094471,-0.01661589927971363,-0.42274585366249084,0.014561308547854424,0.002734818961471319,0.0856548547744751,-0.08475510776042938,-0.8055367469787598,0.13613960146903992,0.4657529294490814,0.18997043371200562,-0.3620768189430237,-0.15813615918159485,0.15550842881202698,0.26186543703079224,0.005767847411334515,-0.06760890781879425,0.4284139573574066,-0.3081340193748474,-0.06866689026355743,0.10535095632076263,-0.15706899762153625,0.21219344437122345,-0.36109495162963867,-0.18619942665100098,0.2403470277786255,0.32935068011283875,-0.124494269490242,-0.098255954682827,-0.08051609247922897,0.024211127310991287,-0.4559633135795593,0.15744991600513458,0.483995258808136,0.1190163865685463,0.2769947350025177,-0.14734850823879242,-0.013134470209479332,0.0716429129242897,-0.1291617453098297,0.30968552827835083,0.02946125902235508,0.09305316209793091,-0.4125119149684906,-0.42958664894104004,-0.17909422516822815,-0.035928647965192795,-0.24019232392311096,0.149245947599411,-0.08680348098278046,0.19558334350585938,-0.07673212140798569,-0.18529103696346283,-0.1871872842311859,-0.1352476328611374,0.037406571209430695,0.19797077775001526,-0.02127835899591446,-0.03536725789308548,0.0634976401925087,0.1434493362903595,0.5211209058761597,-0.04238691180944443,-0.01578783430159092,-0.2312488853931427,-0.2053166627883911,0.07686750590801239,-0.45103341341018677,0.09724271297454834,0.1134711280465126,-0.0730685442686081,-0.07796330749988556,-0.2292594164609909,0.7506890892982483,-0.04992181435227394,-0.006091736257076263,-0.12357231229543686,-0.034502897411584854,0.04309075325727463,-0.598361074924469,-0.23061206936836243,0.14005491137504578,0.08486880362033844,0.280364453792572,-0.14251048862934113,-0.03259143978357315,-0.08960548788309097,-0.022414695471525192,0.06140948086977005,-0.09949983656406403,-0.07717854529619217,0.14356964826583862,-0.14612777531147003,0.22994747757911682,-0.7574707269668579,0.1351958066225052,0.17306606471538544,0.3554549813270569,-0.07908076792955399,0.12408462911844254,0.07535216212272644
CID000004509,406,-0.08954271674156189,-0.15858756005764008,-0.13957874476909637,-0.16110429167747498,0.4400898814201355,0.2322823703289032,-0.08602747321128845,0.11986478418111801,-0.2522434592247009,-0.18660736083984375,0.10143158584833145,-0.41081899404525757,-0.08673862367868423,-0.12361544370651245,0.24002747237682343,-0.03574344515800476,0.006553974933922291,0.06916681677103043,-0.05951431393623352,-0.05028911679983139,0.08036275953054428,0.0749395489692688,0.0759832113981247,0.07573667168617249,0.004206114914268255,-0.035975806415081024,-0.11495183408260345,0.033505551517009735,-0.06693937629461288,0.28928279876708984,0.06101883575320244,-0.40652933716773987,-0.05157553032040596,0.002279147505760193,-0.5153952836990356,0.010433889925479889,-0.18894699215888977,-0.2586250901222229,-0.06759729236364365,-0.0999125987291336,0.06524434685707092,-0.04218681529164314,-0.10317113250494003,-0.09996114671230316,0.16932670772075653,0.00792778842151165,0.05966203659772873,0.19335196912288666,-0.147722989320755,-0.10849283635616302,-0.024025317281484604,0.08181574940681458,0.07258998602628708,-0.1450524628162384,0.11593890190124512,-0.09291770309209824,-0.15863701701164246,-0.017940068617463112,0.20456428825855255,-0.04689987003803253,-0.9416020512580872,-0.10722112655639648,-0.24342533946037292,0.20729967951774597,0.13356922566890717,0.11111743748188019,-0.09658932685852051,0.08002106100320816,-0.059806354343891144,0.10893476009368896,-0.09757053852081299,0.16972067952156067,0.016564777120947838,-0.18948134779930115,0.06391079723834991,-0.08044276386499405,-0.1601959764957428,-0.041291527450084686,0.24496865272521973,-0.13940319418907166,-0.20414325594902039,-0.06116212531924248,-0.11523739993572235,-0.0166622344404459,-0.10275526344776154,-0.1928543746471405,-0.1936606913805008,-0.13978257775306702,0.26841217279434204,-0.15884608030319214,0.029194286093115807,-0.03022822178900242,0.021134495735168457,0.014554709196090698,-0.42767858505249023,-0.006032268516719341,-0.07327473163604736,0.23863057792186737,0.13853523135185242,-0.2355276644229889,0.15915778279304504,0.19838038086891174,-0.2967352867126465,0.00155001285020262,-0.1641465723514557,0.07737177610397339,-0.57200688123703,0.28409236669540405,0.07097119837999344,0.0554974190890789,0.18146641552448273,0.172380730509758,0.11931244283914566,0.0709221214056015,0.030846858397126198,0.19161102175712585,-0.08304154872894287,-0.10805944353342056,0.14414744079113007,0.11673057079315186,-0.2503739595413208,-0.5589011311531067,0.14198224246501923,-0.06159375235438347,-0.38562026619911194,0.1043476089835167,-0.06719021499156952,0.3790426254272461,0.0878191739320755,-0.09776022285223007,-0.2614479064941406,0.06857461482286453,-0.4527962803840637,-0.27402549982070923,-0.16318023204803467,-0.21863627433776855,0.08033373206853867,-0.08639256656169891,-0.03994198888540268,-0.04828288033604622,0.04869284853339195,0.09558045864105225,-0.3963153064250946,0.0003151804266963154,0.05397414416074753,-0.10205403715372086,0.140620619058609,-0.05341644957661629,0.14949436485767365,0.1435299813747406,-0.026061493903398514,-0.05059406906366348,-0.021654050797224045,0.08228657394647598,0.016125347465276718,-0.13439258933067322,-0.10566365718841553,-0.2716546356678009,0.09763642400503159,0.04052391275763512,0.05550893023610115,-0.007779729552567005,-0.8893348574638367,0.06615513563156128,0.21826092898845673,0.2384493350982666,-0.1535106748342514,-0.0855783075094223,0.07374848425388336,0.03926367685198784,-0.11811619997024536,-0.2168741673231125,0.2544528841972351,-0.06985556334257126,0.010098624043166637,0.1355827897787094,-0.05711694806814194,0.1934180110692978,-0.5265201330184937,-0.19518832862377167,0.2216171771287918,0.21511025726795197,0.07739358395338058,-0.024272168055176735,-0.09887512773275375,0.0060536861419677734,-0.11106500774621964,0.06601272523403168,0.441859632730484,-0.18009591102600098,0.3112477660179138,-0.14691969752311707,-0.05402066558599472,-0.08458007872104645,-0.05217736214399338,0.3322347104549408,-0.02861069142818451,-0.027706142514944077,-0.1182536631822586,-0.22265759110450745,-0.05345426872372627,0.02527020499110222,-0.07029395550489426,0.1640288084745407,-0.12324275821447372,0.18469341099262238,0.0027670084964483976,-0.05731438472867012,-0.026644179597496986,-0.0570797324180603,0.08325737714767456,0.005148095078766346,0.03649745136499405,0.10629358142614365,0.13050389289855957,0.1534196436405182,0.2867881655693054,-0.08218573033809662,-0.0578036792576313,-0.31825852394104004,-0.008193542249500751,-0.13792698085308075,-0.43825656175613403,0.07479631900787354,0.12320365011692047,-0.16432011127471924,0.17731642723083496,-0.21431401371955872,0.6983402967453003,0.06923128664493561,-0.21065831184387207,-0.07484374195337296,-0.19114065170288086,-0.0619097463786602,-0.6713265776634216,-0.20855800807476044,0.047294992953538895,0.1468815952539444,0.27854910492897034,-0.045819345861673355,-0.1675306260585785,-0.0639052540063858,0.03036569058895111,0.20758509635925293,0.05695691704750061,-0.1307862401008606,0.12347213178873062,-0.08560770750045776,0.025319010019302368,-0.5558003783226013,0.08190029859542847,0.07183974236249924,0.16109244525432587,-0.10931835323572159,0.0897836834192276,-0.0009498834842815995
CID000002284,407,-0.18914203345775604,0.07341454923152924,0.04913466423749924,0.02964983880519867,0.21954572200775146,0.4278821051120758,0.47273126244544983,-0.13503000140190125,-0.3142581582069397,-0.15821252763271332,0.1343156397342682,-0.2833661437034607,0.25283172726631165,-0.5743961334228516,-0.06773994863033295,0.17350250482559204,0.17999081313610077,-0.009410962462425232,-0.09674711525440216,-0.43305492401123047,0.19409321248531342,0.08657810837030411,-0.06908729672431946,-0.0004666037857532501,-0.06604460626840591,0.004634037613868713,-0.18704929947853088,0.16181932389736176,-0.13719913363456726,0.22017157077789307,-0.28115129470825195,-0.04192594438791275,-0.11131557077169418,0.0338548943400383,-0.3843522071838379,0.0015168637037277222,-0.4120871126651764,-0.38741937279701233,-0.2662673890590668,0.0804964154958725,-0.24137139320373535,-0.19995951652526855,-0.25805702805519104,-0.3158186972141266,0.3340446949005127,0.3510163426399231,-0.036181800067424774,-0.132989764213562,0.09710557758808136,-0.09581444412469864,-0.539974570274353,0.06451167166233063,-0.19736681878566742,-0.12667514383792877,0.00780035275965929,0.09323111921548843,0.06330320239067078,-0.20061175525188446,0.23954930901527405,-0.1290253847837448,-0.77904212474823,-0.027371739968657494,-0.06890891492366791,0.269853413105011,-0.0003818035183940083,0.08270590007305145,-0.45932692289352417,0.08395989239215851,0.04022391885519028,0.1788686215877533,-0.4224022328853607,0.050579000264406204,-0.04337133839726448,-0.27804702520370483,0.2004786729812622,0.07418634742498398,-0.1314772069454193,0.2995765209197998,0.18252688646316528,-0.0006819069385528564,-0.2544492781162262,-0.1908646523952484,-0.31211763620376587,-0.1722363978624344,0.1702626496553421,0.10978041589260101,-0.07963447272777557,0.08000050485134125,0.6362291574478149,0.10045721381902695,-0.2425057590007782,-0.15900084376335144,-0.1071532741189003,0.08139532804489136,-0.5265505313873291,0.06760211288928986,-0.25167116522789,0.654358983039856,0.25688832998275757,-0.4668765664100647,0.5668575763702393,0.02486543357372284,0.07085040956735611,-0.11093680560588837,-0.14793381094932556,0.08351896703243256,-0.11290588229894638,0.3950076401233673,0.12524297833442688,0.35458701848983765,-0.11738934367895126,0.3936089873313904,0.47677141427993774,-0.11053524911403656,0.28386062383651733,-0.23134711384773254,0.1275339275598526,-0.31640487909317017,0.34471815824508667,-0.008707250468432903,0.16650518774986267,-0.653922438621521,0.4583970606327057,-0.3999156057834625,-0.4502193033695221,0.01080046035349369,-0.026908766478300095,0.4333202838897705,0.2922482490539551,-0.17009523510932922,0.04078584164381027,0.03448484092950821,-0.474135160446167,-0.34405750036239624,0.09873990714550018,-0.011150985956192017,0.31913644075393677,-0.20039013028144836,0.06704030185937881,-0.13591063022613525,0.09292586147785187,0.24831442534923553,-0.05381567031145096,0.15576791763305664,0.2779143154621124,-0.07451879978179932,0.11552681773900986,-0.26899009943008423,0.03507355600595474,-0.1046164482831955,-0.1410609781742096,0.08981641381978989,-0.026608526706695557,-0.12574821710586548,-0.05762424319982529,0.03805358335375786,0.09697075188159943,-0.32659024000167847,-0.0851009264588356,0.34952348470687866,0.12174654006958008,-0.08697382360696793,-0.9033364057540894,-0.19685479998588562,0.3339483141899109,0.2572270333766937,-0.3159993588924408,0.04056716710329056,0.12422595918178558,0.21981820464134216,-0.20289938151836395,-0.2230290174484253,0.6186268925666809,-0.33680039644241333,-0.1016046553850174,-0.21639029681682587,0.20831969380378723,0.03033692017197609,-0.21908807754516602,0.09175722301006317,0.11379881203174591,0.3587053716182709,-0.12883052229881287,0.02720380760729313,-0.16619352996349335,0.05457086116075516,-0.4378238618373871,0.06487071514129639,0.5793612599372864,0.0028416216373443604,-0.0509449727833271,-0.4084630012512207,0.1759958416223526,-0.33145397901535034,-0.25269147753715515,0.6230765581130981,-0.14680668711662292,-0.16005009412765503,-0.45798391103744507,-0.07974983006715775,-0.014607335440814495,0.28040823340415955,-0.5833721160888672,0.022315649315714836,0.08913226425647736,0.5121315121650696,-0.0798332467675209,-0.16163647174835205,-0.30395618081092834,0.04040209576487541,0.13951556384563446,0.14258241653442383,-0.03642769902944565,-0.17262086272239685,0.15131936967372894,-0.32836344838142395,0.6140369176864624,0.19234390556812286,0.0020181983709335327,-0.16314825415611267,-0.05343519523739815,0.060810960829257965,-0.4490374028682709,0.10583595931529999,0.36980703473091125,0.17053534090518951,0.031060272827744484,-0.12855827808380127,0.7049545049667358,-0.026030749082565308,0.12046356499195099,0.0269499272108078,0.27542951703071594,-0.1425708532333374,-0.48436275124549866,-0.33093443512916565,0.07844720035791397,0.43030303716659546,0.11833129823207855,0.20400147140026093,-0.15362384915351868,0.1058005839586258,0.053253840655088425,-0.21614262461662292,-0.21149428188800812,-0.6721546053886414,0.3962479829788208,-0.06737296283245087,0.17880560457706451,-0.7125807404518127,0.3634790778160095,0.07398819178342819,0.44917258620262146,0.2599077820777893,-0.12721863389015198,0.0012218530755490065
CID000003449,408,0.07423649728298187,0.1804015338420868,0.08584237098693848,-0.30722326040267944,0.36710500717163086,0.34700044989585876,-0.11914807558059692,0.15785962343215942,-0.35271090269088745,-0.35133928060531616,0.18099398910999298,-0.8119290471076965,-0.09072410315275192,-0.5461522936820984,-0.1514064371585846,0.10186852514743805,0.44691139459609985,-0.24148336052894592,0.13666626811027527,-0.02453339658677578,0.12534189224243164,-0.04980071261525154,0.14501459896564484,0.2444971352815628,0.041110776364803314,-0.12318785488605499,-0.14915110170841217,-0.06353510916233063,0.06589649617671967,0.49322041869163513,-0.11961275339126587,-0.09096992760896683,0.3560473620891571,0.040994685143232346,-0.5014689564704895,-0.11112584173679352,-0.32385778427124023,-0.23768730461597443,-0.050599802285432816,0.1286131739616394,0.1295819729566574,0.18454790115356445,-0.2838169038295746,-0.10666351020336151,0.13397538661956787,0.15845844149589539,-0.14230507612228394,-0.009934909641742706,0.16067728400230408,-0.07196161895990372,-0.20449373126029968,-0.12965214252471924,-0.1549067348241806,-0.11017117649316788,0.03853116184473038,0.07082436978816986,-0.021864991635084152,-0.014716634526848793,0.6199461817741394,-0.00927248876541853,-0.7703719139099121,0.1286533772945404,-0.45334023237228394,0.012172562070190907,0.06652769446372986,0.5005207657814026,-0.293606162071228,-0.01256629265844822,0.03450704365968704,0.0825103372335434,-0.011503249406814575,0.2171957790851593,0.1187254935503006,0.27857285737991333,0.15412679314613342,0.17113840579986572,-0.11673122644424438,0.11931192874908447,0.18897195160388947,-0.21119968593120575,-0.5252222418785095,-0.06330087035894394,0.04967033490538597,-0.09067260473966599,-0.05840451270341873,-0.14274033904075623,-0.3840022683143616,0.05720255896449089,0.28277286887168884,0.14328178763389587,0.012061556801199913,-0.2046157419681549,0.14235427975654602,0.0589451789855957,-0.5286313891410828,0.01912146434187889,-0.1222720518708229,0.38314494490623474,0.14233867824077606,-0.4764109253883362,0.27747783064842224,0.12860862910747528,-0.026079516857862473,0.007485219743102789,-0.2307817041873932,0.15526895225048065,-0.431000292301178,0.3494390547275543,0.17940983176231384,0.020112674683332443,-0.1343173235654831,0.1000467911362648,0.13703638315200806,-0.07521548867225647,0.11698518693447113,0.23822534084320068,-0.07061817497015,-0.32868772745132446,0.1350252628326416,0.14005146920681,-0.23667952418327332,-0.6512977480888367,-0.2005295753479004,-0.09844367206096649,-0.255523145198822,-0.10065271705389023,0.22106051445007324,0.09899650514125824,0.11315041780471802,0.08654271811246872,-0.06188489869236946,0.2451869547367096,-0.5032549500465393,-0.39320188760757446,-0.23497064411640167,-0.2752653956413269,0.11090608686208725,-0.16825321316719055,-0.08213792741298676,-0.42236417531967163,0.08297790586948395,-0.001434153295122087,0.08084295690059662,-0.09384659677743912,0.22794130444526672,-0.11407105624675751,-0.05702320486307144,0.09603434056043625,0.16658827662467957,0.02788216434419155,0.07395286858081818,-0.3811168968677521,-0.1606176644563675,-0.01412704773247242,-0.02160482667386532,0.03212333843111992,-0.019843578338623047,-0.3721930980682373,-0.036289382725954056,-0.18726281821727753,-0.15237025916576385,0.10573446750640869,-0.7359285354614258,0.030609747394919395,0.3521711230278015,0.14483624696731567,-0.07146070152521133,0.015767961740493774,-0.016672499477863312,-0.18886105716228485,-0.05365092307329178,0.006786809768527746,0.6578282117843628,-0.1344965100288391,-0.23065337538719177,-0.14939606189727783,0.13877975940704346,-0.016398794949054718,-0.44012826681137085,0.3096817135810852,0.18613828718662262,0.24583247303962708,0.0765933245420456,0.0852070301771164,0.10151612758636475,-0.12073125690221786,-0.07480582594871521,0.027554839849472046,0.5160970091819763,0.09484998136758804,0.3992249369621277,-0.3444288372993469,-0.10593728721141815,-0.3594672679901123,-0.6151531934738159,0.7727019786834717,0.06726079434156418,0.12070886790752411,-0.6249365210533142,-0.34761130809783936,0.31366077065467834,-0.3389064073562622,-0.41436082124710083,0.07595321536064148,0.18436065316200256,0.6551392078399658,-0.24790962040424347,-0.24698671698570251,-0.08457020670175552,-0.08227233588695526,0.10983679443597794,0.06150102615356445,-0.07344044744968414,0.16698046028614044,0.012560141272842884,-0.11001603305339813,0.5846060514450073,0.35623428225517273,-0.05043154954910278,-0.14317551255226135,-0.16382044553756714,0.041834961622953415,-0.37689244747161865,0.10981722176074982,0.07276973873376846,0.1831057220697403,0.08641423285007477,-0.03322618827223778,0.7197286486625671,-0.1155182346701622,-0.123745396733284,-0.28556200861930847,-0.1860097199678421,0.0950118824839592,-0.4145083427429199,-0.3831014037132263,0.18204881250858307,0.3751022517681122,-0.06618630886077881,0.07677777856588364,-0.37512120604515076,0.030453121289610863,0.04177476093173027,0.24482128024101257,0.16968277096748352,-0.19713985919952393,0.8746620416641235,-0.0414319671690464,0.11721626669168472,-0.74310702085495,0.06641503423452377,0.10778091102838516,0.3362717628479004,0.06231703236699104,-0.018898990005254745,-0.04654891416430473
CID000093860,409,-0.10036424547433853,0.030296718701720238,0.0896136686205864,-0.055721234530210495,0.40864038467407227,0.2244325429201126,0.2098715752363205,-0.05296371132135391,-0.257272869348526,-0.1630018651485443,-0.19861260056495667,-0.4478995203971863,0.054163478314876556,-0.14444005489349365,0.08981610089540482,0.08908604830503464,-0.1764916479587555,0.010095027275383472,0.04291114956140518,-0.08652961254119873,0.004325969610363245,-0.018662715330719948,0.010818475857377052,-0.03711295127868652,0.08199883997440338,0.06724479049444199,-0.25916504859924316,-0.013054266571998596,-0.20740541815757751,0.33992844820022583,-0.2030239999294281,-0.15190042555332184,-0.042961932718753815,0.017797818407416344,-0.3989538848400116,-0.04359247535467148,-0.32062193751335144,-0.34440192580223083,-0.10153283923864365,-0.06547079235315323,-0.016385842114686966,0.050936825573444366,-0.16452297568321228,-0.13394905626773834,0.2493881732225418,-0.0361168310046196,-0.23229622840881348,0.1307271271944046,-0.3053053021430969,-0.09396810829639435,-0.3240376114845276,0.10934801399707794,-0.08425980061292648,-0.22523197531700134,0.021380731835961342,-0.12693752348423004,-0.07860250025987625,0.022239968180656433,0.015219485387206078,-0.07026619464159012,-0.9479447603225708,0.052544355392456055,-0.342985063791275,0.1728685051202774,-0.021642068400979042,0.15891854465007782,-0.024706309661269188,0.1528100073337555,0.08271263539791107,0.15406924486160278,-0.058542221784591675,0.1246785894036293,0.011843490414321423,-0.09357550740242004,0.13483203947544098,-0.04258495941758156,-0.07532314211130142,0.0841054618358612,0.21811413764953613,0.018388012424111366,-0.1573856770992279,0.11038199812173843,-0.2759982943534851,-0.09197187423706055,-0.12605020403862,-0.039335042238235474,-0.17749819159507751,0.03873405605554581,0.39005106687545776,-0.0067334771156311035,-0.06007634848356247,-0.11733844131231308,-0.25670313835144043,0.01044190488755703,-0.48307567834854126,0.06441892683506012,-0.21804603934288025,0.30600354075431824,0.09075553715229034,-0.1672840714454651,0.2660503089427948,0.09954439103603363,-0.11938770115375519,0.28277745842933655,-0.05238046497106552,0.10172128677368164,-0.3475998640060425,0.23509414494037628,-0.07038978487253189,0.07102589309215546,0.14328329265117645,-0.05127372592687607,0.4251631200313568,0.027401160448789597,0.08921870589256287,0.10950370132923126,-0.127512589097023,-0.17477275431156158,0.10857663303613663,0.07793377339839935,-0.11931294202804565,-0.6543214917182922,0.04457026720046997,-0.22438673675060272,-0.4160870909690857,0.16392803192138672,-0.07068043202161789,0.23624522984027863,0.17627348005771637,0.12754395604133606,0.06849914789199829,0.03203239291906357,-0.5122893452644348,-0.27289456129074097,0.24923297762870789,-0.09300936758518219,0.19225256145000458,-0.11384973675012589,-0.14128713309764862,0.03583253547549248,-0.02776726521551609,0.10576369613409042,-0.08426524698734283,0.004589593503624201,0.020901095122098923,-0.24672016501426697,0.03570372238755226,-0.016993582248687744,-0.12027131021022797,-0.01570628210902214,-0.17034880816936493,0.05886584520339966,-0.008780086413025856,-0.1287330836057663,-0.19600503146648407,0.05728278309106827,-0.10564658790826797,-0.3583472967147827,0.0016367852222174406,0.11850877106189728,0.15027928352355957,-0.05627993494272232,-0.9435098767280579,0.02734627202153206,0.03224333003163338,0.30632495880126953,-0.18628820776939392,-0.11705992370843887,0.24342957139015198,-0.06050040200352669,-0.09344591200351715,-0.1445087492465973,0.23491954803466797,-0.12268896400928497,-0.33211636543273926,0.052907031029462814,-0.09382370859384537,0.09431743621826172,-0.5075539350509644,-0.037150658667087555,0.21772989630699158,0.16967986524105072,0.07422079890966415,-0.11788614094257355,0.1253637969493866,-0.023722806945443153,-0.34544670581817627,-0.03452296927571297,0.3591286838054657,-0.009260323829948902,0.12139996141195297,0.020939361304044724,-0.1642632782459259,-0.1807667315006256,-0.1343223750591278,0.4704367518424988,0.07910642772912979,-0.010943258181214333,-0.15736554563045502,0.010398214682936668,-0.07959707081317902,-0.1480935513973236,-0.16252048313617706,0.17339664697647095,0.0035601078998297453,0.19429896771907806,-0.004372356925159693,-0.3522363603115082,-0.05908588692545891,0.23404435813426971,-0.08987806737422943,0.18832573294639587,-0.125102236866951,0.11505816131830215,0.43131113052368164,-0.11598493158817291,0.3226640522480011,0.19083276391029358,-0.15103097259998322,-0.3041362762451172,0.07398498058319092,-0.014978679828345776,-0.3280140459537506,0.04560009390115738,0.3044942021369934,-0.08364883810281754,0.06972400844097137,-0.2573315501213074,0.6505237221717834,-0.06423582136631012,-0.1942586898803711,-0.08761901408433914,-0.07557398080825806,-0.08138573169708252,-0.46208301186561584,-0.221400648355484,-0.25597089529037476,0.10446014255285263,0.31711894273757935,-0.0675135999917984,0.04039229452610016,0.07412169873714447,0.08205181360244751,0.1267387568950653,-0.04900651425123215,-0.13257881999015808,0.12783963978290558,-0.15497849881649017,0.010955712758004665,-0.6170274019241333,0.15416324138641357,0.028322219848632812,0.2119748890399933,-0.12480971962213516,0.10341588407754898,-0.008116679266095161
CID000003826,410,-0.1550378054380417,-0.052609097212553024,-0.04671413451433182,-0.13792292773723602,0.5803737640380859,0.326534241437912,0.057298608124256134,0.038392044603824615,-0.2641538977622986,-0.20177261531352997,-0.023690104484558105,-0.3270740509033203,0.12988564372062683,-0.11246510595083237,0.1264597773551941,0.09060325473546982,-0.04284044727683067,0.294515460729599,0.10896144807338715,-0.00773418415337801,-0.046359769999980927,0.06233268231153488,0.12371818721294403,0.025796767324209213,0.060296736657619476,-0.10489003360271454,0.012386856600642204,0.016361083835363388,-0.12652549147605896,0.2592466175556183,0.057160813361406326,-0.2323991060256958,-0.16149310767650604,0.017077190801501274,-0.33054447174072266,-0.03695274144411087,-0.18942467868328094,-0.30622100830078125,-0.1031118631362915,-0.1376035213470459,0.20546312630176544,0.20466259121894836,-0.22669550776481628,-0.2069654017686844,0.01630147360265255,-0.1660153716802597,0.05122412368655205,0.10423310846090317,-0.12964889407157898,-0.14012621343135834,-0.12666045129299164,0.15770629048347473,0.005097805056720972,-0.2426014393568039,0.02838827669620514,0.02129703387618065,-0.002139788819476962,-0.06286811083555222,0.031012987717986107,-0.07409293949604034,-0.9930492639541626,0.028702810406684875,-0.3333226144313812,0.2948005199432373,0.07739625126123428,0.15360426902770996,-0.1339121162891388,0.16482079029083252,0.023851314559578896,0.05218183994293213,-0.05635007098317146,0.05446314811706543,0.025661760941147804,-0.18170739710330963,0.048927031457424164,-0.08963462710380554,-0.00975540280342102,0.000991889857687056,0.14218397438526154,-0.25292983651161194,-0.2045164555311203,0.1306867152452469,-0.26745912432670593,-0.19284005463123322,-0.15662288665771484,-0.07168599218130112,-0.16377177834510803,-0.19645775854587555,0.2184325009584427,-0.04517132043838501,0.027986368164420128,-0.10303674638271332,-0.15967503190040588,-0.08992316573858261,-0.38800889253616333,-0.03944917395710945,-0.284601628780365,0.3427675664424896,0.15054872632026672,-0.2523311972618103,0.15001080930233002,0.24644482135772705,-0.13219937682151794,0.1473086029291153,-0.13229428231716156,0.0478302538394928,-0.27835431694984436,0.3079870641231537,-0.1710936278104782,0.2702690660953522,0.08389665186405182,-0.009617554023861885,0.38669639825820923,-0.023892920464277267,-0.07745978981256485,0.11050213873386383,-0.14915966987609863,-0.05237697809934616,0.019546745344996452,0.11746843159198761,-0.12692686915397644,-0.5402973890304565,-0.046604521572589874,-0.24736718833446503,-0.4254283308982849,0.0876479521393776,-0.03965776413679123,0.36194437742233276,0.1335722655057907,-0.036624908447265625,0.04656270146369934,0.10459800064563751,-0.47700148820877075,-0.3240593671798706,0.13985103368759155,-0.16584019362926483,0.07715333998203278,0.06881594657897949,-0.07880936563014984,0.09274044632911682,-0.25222548842430115,0.16892869770526886,-0.16032648086547852,-0.06715910136699677,0.0575488917529583,-0.024887967854738235,-0.026719417423009872,-0.08470296859741211,-0.006378659512847662,0.05680493637919426,-0.043360043317079544,0.05108074098825455,-0.03876173496246338,0.12478937953710556,-0.02692696452140808,0.025588789954781532,-0.16147825121879578,-0.30597272515296936,0.09116342663764954,0.05117868259549141,0.28407448530197144,-0.04354994744062424,-0.8605350255966187,0.07933686673641205,0.06622745096683502,0.2970747947692871,-0.13740795850753784,-0.07832711189985275,0.2527028024196625,-0.12442247569561005,-0.06695796549320221,-0.05544200539588928,0.3216414451599121,-0.032163120806217194,-0.0402410589158535,0.05403576046228409,0.021246526390314102,0.14223679900169373,-0.4773896336555481,-0.09240363538265228,0.23890133202075958,0.29283756017684937,0.02701777219772339,0.027580369263887405,-0.040072351694107056,0.0075092194601893425,-0.3049117624759674,-0.017731811851263046,0.28828638792037964,-0.0800047516822815,0.058457665145397186,0.04293998330831528,-0.10865442454814911,-0.10484349727630615,-0.09405416995286942,0.269120991230011,0.1000383272767067,0.016638629138469696,-0.04718736931681633,0.11819006502628326,0.030815118923783302,0.027065133675932884,-0.11652056872844696,0.1719685047864914,-0.16519981622695923,0.22568288445472717,0.03079509176313877,-0.20561912655830383,0.08610252290964127,0.09622935950756073,-0.0556187704205513,0.16533592343330383,0.016273843124508858,0.07421361654996872,0.3440645635128021,0.16784325242042542,0.2502788305282593,0.10345999151468277,-0.07671941816806793,-0.3761010766029358,-0.01067223772406578,0.007275530602782965,-0.3089163601398468,0.06447726488113403,0.2263374626636505,-0.046004898846149445,0.21737778186798096,-0.3296356797218323,0.6212400794029236,0.0904604122042656,-0.14773185551166534,-0.1650865525007248,-0.17919325828552246,-0.11065804958343506,-0.3911278545856476,-0.2082407921552658,-0.2231544554233551,0.016320306807756424,0.19774129986763,-0.13892921805381775,-0.0012447417248040438,-0.01945098116993904,0.08050348609685898,0.10902317613363266,0.11095062643289566,-0.12527582049369812,0.17250223457813263,-0.1646227091550827,0.062143564224243164,-0.5548034310340881,0.019595397636294365,-0.017664622515439987,0.10745837539434433,-0.1162823811173439,-0.01378996204584837,-0.07876406610012054
CID000004178,415,-0.07775614410638809,-0.10505545139312744,0.22386524081230164,0.08191641420125961,0.4321173131465912,0.34472012519836426,-0.1722160279750824,0.16423286497592926,-0.21315500140190125,-0.2229810655117035,0.17115363478660583,-0.34252992272377014,0.14717796444892883,-0.19559168815612793,0.39182084798812866,0.13256053626537323,0.09498528391122818,0.3994885981082916,-0.03447240591049194,-0.18467707931995392,-0.16348563134670258,0.15938235819339752,0.1860407143831253,0.03185693547129631,0.16412656009197235,-0.0865657702088356,-0.013441381976008415,0.025043541565537453,-0.00927693210542202,0.42813777923583984,-0.2762637734413147,-0.11876286566257477,-0.20030927658081055,0.038662850856781006,-0.34858107566833496,-0.002412003232166171,-0.2545907199382782,-0.3640257716178894,0.09581498056650162,-0.11226943880319595,0.29472815990448,0.05187176540493965,-0.025958392769098282,-0.062404025346040726,0.17593494057655334,0.14223259687423706,0.27198025584220886,-0.08862731605768204,0.30712929368019104,-0.12614856660366058,-0.30496418476104736,-0.029929691925644875,-0.1830349564552307,-0.20555564761161804,0.07527009397745132,-0.085087850689888,-0.01878279633820057,0.020469754934310913,0.14562904834747314,-0.13456201553344727,-0.6793153285980225,0.1016816720366478,-0.2743834853172302,0.10981986671686172,0.19866125285625458,0.03672043979167938,-0.35197773575782776,0.07689447700977325,0.028754180297255516,0.03698328882455826,-0.19681479036808014,-0.1873246133327484,0.1351729929447174,-0.2300519198179245,-0.05937730520963669,-0.056379593908786774,0.24486882984638214,0.2355535924434662,0.11348917335271835,-0.07415226101875305,-0.5676889419555664,0.004414123948663473,-0.06450928747653961,-0.14942198991775513,-0.010415131226181984,-0.02370476722717285,-0.06244664639234543,-0.026609038934111595,0.41008979082107544,0.12327639013528824,0.001850724220275879,-0.13248342275619507,-0.17531311511993408,0.11880630254745483,-0.3678734004497528,-0.03319844603538513,-0.19984593987464905,0.2772476077079773,0.1927306354045868,-0.23346586525440216,0.33434194326400757,-0.022572053596377373,-0.006553145591169596,0.305378794670105,-0.23193371295928955,-0.010960032232105732,-0.3545495271682739,0.25327202677726746,-0.12599584460258484,0.092525415122509,-0.181910440325737,0.3677053153514862,0.31076163053512573,-0.08889206498861313,-0.009654472582042217,0.015349668450653553,0.09024584293365479,-0.095339834690094,0.13113991916179657,0.22842951118946075,-0.064214788377285,-0.5185208320617676,0.23413142561912537,-0.33959951996803284,-0.4683694839477539,0.13226592540740967,0.08158000558614731,0.5496681928634644,0.1337014138698578,0.014852320775389671,0.10841774940490723,-0.11272074282169342,-0.39806151390075684,-0.32777538895606995,-0.2552032172679901,-0.18781468272209167,0.3259655237197876,-0.11123921722173691,-0.03868148475885391,0.0975002720952034,-0.14280764758586884,0.06836781650781631,-0.361797034740448,0.18966948986053467,0.12373632192611694,0.14450933039188385,0.1759105622768402,0.13287954032421112,-0.019474634900689125,0.10970252752304077,-0.01860569231212139,0.011986494064331055,-0.266773521900177,0.22749903798103333,-0.1690487265586853,-0.12034773826599121,-0.09027652442455292,-0.3958280384540558,0.22357800602912903,0.12954792380332947,0.12712280452251434,0.08654729276895523,-0.7728232145309448,0.042908985167741776,0.14426571130752563,0.3546634614467621,0.061613451689481735,0.10531514883041382,0.34272587299346924,-0.01524231769144535,0.0956050306558609,-0.12468762695789337,0.43872547149658203,-0.04262721911072731,0.19751814007759094,-0.16719596087932587,0.4700855314731598,0.19840764999389648,-0.5380327701568604,0.013768981210887432,0.21478529274463654,0.2984497845172882,0.01142244040966034,-0.15397298336029053,-0.1885334700345993,0.022316131740808487,-0.3683449327945709,-0.06807082891464233,0.3808170557022095,-0.1531556099653244,0.12266242504119873,-0.29239100217819214,0.11542323976755142,-0.20936894416809082,-0.19192495942115784,0.3895707428455353,0.0837833434343338,-0.14247801899909973,-0.13332468271255493,0.015653403475880623,0.10816452652215958,0.14099577069282532,-0.23667478561401367,0.0601218156516552,-0.37822362780570984,0.4137963652610779,0.03983014449477196,-0.23118197917938232,-0.041448429226875305,-0.0695377066731453,0.11937123537063599,0.23282936215400696,0.023627903312444687,-0.04453882947564125,0.2262846678495407,0.18990229070186615,0.3072488307952881,0.17005136609077454,0.08608894050121307,-0.13820089399814606,0.14891526103019714,-0.016606861725449562,-0.46300020813941956,-0.011029073037207127,0.448167622089386,0.0637224018573761,0.23902645707130432,-0.337098628282547,0.5131188631057739,0.09676532447338104,-0.06243126839399338,-0.16039729118347168,-0.2041463851928711,-0.06149228662252426,-0.430564820766449,-0.27167147397994995,-0.1761145293712616,0.3383720815181732,0.018923319876194,0.3063358664512634,-0.2771761119365692,-0.05856956169009209,0.01202287059277296,0.0022926093079149723,-0.08166077733039856,-0.3618699908256531,0.15291689336299896,-0.013241264037787914,0.15652914345264435,-0.5689538717269897,0.12056094408035278,-0.13176921010017395,0.13043078780174255,0.016634289175271988,0.04771440103650093,-0.24955125153064728
CID000004107,418,-0.03663687780499458,0.10542137920856476,0.3132548928260803,0.09183322638273239,0.2788839042186737,0.3727860450744629,0.041937198489904404,-0.052271950989961624,-0.09968408197164536,-0.19421127438545227,-0.11348412930965424,-0.11137674003839493,0.36160343885421753,-0.24742670357227325,-0.23613300919532776,0.058553408831357956,-0.18141469359397888,0.1399427354335785,-0.008344551548361778,0.04386637359857559,-0.2908257246017456,0.113653264939785,0.028734806925058365,0.1868252456188202,0.2279479205608368,-0.0013909548288211226,0.05984358862042427,-0.12238188087940216,0.1059250459074974,0.37172263860702515,-0.0341724157333374,-0.08901647478342056,-0.028863873332738876,0.01803840696811676,-0.4055105149745941,0.15925736725330353,-0.19052191078662872,-0.32844075560569763,-0.25390762090682983,-0.08104703575372696,0.212528258562088,0.3316947817802429,-0.2794111371040344,-0.2967376112937927,0.23966598510742188,-0.02948453463613987,-0.026538517326116562,0.14189212024211884,0.15522080659866333,-0.06774140149354935,-0.45805421471595764,0.12071056663990021,-0.15334460139274597,-0.20535583794116974,0.14677700400352478,-0.0957791805267334,-0.026939114555716515,-0.044304389506578445,-0.08216052502393723,-0.11191831529140472,-0.8475611805915833,-0.044134896248579025,-0.4486537575721741,0.16877983510494232,-0.06858281791210175,0.09103985875844955,-0.24994483590126038,0.154282346367836,0.28010058403015137,-0.021054381504654884,-0.5722969770431519,-0.14283408224582672,0.06760911643505096,-0.11593350023031235,0.12214340269565582,0.025170620530843735,0.18090634047985077,-0.008501912467181683,0.1311982423067093,0.06474632024765015,-0.28007858991622925,-0.01839943788945675,-0.26804491877555847,-0.21271319687366486,-0.07085180282592773,-0.07906544953584671,-0.20528340339660645,-0.18119187653064728,0.38513845205307007,0.08335556089878082,0.027937257662415504,-0.05591787025332451,-0.12479162216186523,-0.12931379675865173,-0.5852383375167847,0.01998315379023552,-0.3272525668144226,0.27146488428115845,0.3528953194618225,-0.21051979064941406,0.293737530708313,0.039002176374197006,0.06430564075708389,0.12504038214683533,-0.22445201873779297,-0.020368941128253937,-0.3126000761985779,0.12268722057342529,-0.17811110615730286,0.06569220125675201,-0.02084866166114807,-0.35846075415611267,0.5416344404220581,-0.1753668487071991,0.05303279682993889,-0.056254733353853226,0.10519126802682877,-0.26423612236976624,0.0619981586933136,-0.19107946753501892,-0.11029522120952606,-0.6019625067710876,0.04092427343130112,-0.504001796245575,-0.5289257764816284,0.2775835394859314,0.0697447806596756,0.4253321588039398,0.20284304022789001,0.01810220628976822,0.24206213653087616,-0.12918415665626526,-0.5075186491012573,-0.33209097385406494,-0.020127546042203903,-0.06328371167182922,0.49507683515548706,-0.2357124388217926,-0.03550783544778824,0.37380465865135193,-0.2788360118865967,0.06262531131505966,0.23711702227592468,0.008974125608801842,-0.1044461727142334,0.10872652381658554,-0.0542915053665638,0.33867722749710083,-0.29433196783065796,-0.02181216888129711,0.004318899009376764,0.06804967671632767,-0.16697770357131958,0.04328880459070206,-0.1709005981683731,0.06053429841995239,-0.14178162813186646,-0.41877707839012146,0.15441539883613586,0.05094238370656967,0.29209333658218384,0.14330583810806274,-0.8563812971115112,-0.033621449023485184,0.33447080850601196,0.24016538262367249,-0.2854323387145996,0.034710172563791275,0.27856066823005676,-0.2725214660167694,-0.08938267827033997,0.21203014254570007,0.3228245675563812,0.09064099937677383,-0.04432516545057297,0.05117534473538399,0.17020449042320251,-0.03178273141384125,-0.3786754608154297,-0.0894620418548584,0.08900951594114304,0.25516587495803833,0.22874334454536438,-0.19019849598407745,0.00029354990692809224,0.042301490902900696,-0.6552606821060181,-0.014486347325146198,0.33040979504585266,-0.047882311046123505,0.19779911637306213,-0.458456814289093,0.011473909951746464,-0.08990424871444702,-0.18244381248950958,0.32864442467689514,0.20328834652900696,-0.08578114211559296,0.09571616351604462,0.029128560796380043,-0.10241623967885971,-0.11992915719747543,-0.22049172222614288,-0.01018800400197506,-0.14941565692424774,0.27800995111465454,0.0050224303267896175,-0.26261213421821594,-0.06343743205070496,0.013720083050429821,-0.09101171791553497,0.06919345259666443,-0.0038969696033746004,0.14199741184711456,0.3481544554233551,0.07747659087181091,0.554440438747406,0.03930274397134781,-0.10511282831430435,-0.02834923006594181,-0.033257532864809036,0.17494313418865204,-0.341857373714447,0.10436587035655975,0.34047794342041016,-0.12428140640258789,0.34437260031700134,-0.18245261907577515,0.5234782695770264,0.19381116330623627,-0.04579385742545128,-0.18547935783863068,0.10426817089319229,-0.001766918576322496,-0.34004470705986023,-0.2666686773300171,-0.27734100818634033,0.1978868544101715,-0.002172845648601651,-0.3080398738384247,0.03163492679595947,0.12399991601705551,0.07984380424022675,-0.15984778106212616,-0.18100161850452423,-0.3777162730693817,0.260123610496521,0.0979669988155365,0.1684531718492508,-0.6240699291229248,0.09947112947702408,-0.04791588708758354,0.03859061375260353,-0.10214255750179291,-0.1274658888578415,-0.32798925042152405
CID000004506,419,-0.06846768409013748,-0.38242191076278687,-0.17988376319408417,-0.2822383642196655,0.16644015908241272,0.3753924071788788,-0.027010152116417885,0.12021062523126602,-0.20947715640068054,-0.27646294236183167,0.025594044476747513,-0.5318359136581421,0.24121811985969543,-0.26184654235839844,0.10098856687545776,-0.03384549543261528,-0.06357403844594955,-0.20647811889648438,0.01518953125923872,-0.026701873168349266,0.07804645597934723,-0.05714454501867294,-0.08519531786441803,0.16338473558425903,0.381280779838562,-0.017272967845201492,0.07012829184532166,0.09641388803720474,-0.0052397046238183975,0.4770892262458801,0.155343160033226,0.06715086102485657,-0.08952933549880981,-0.0064398497343063354,-0.15715274214744568,0.025014003738760948,-0.3025568723678589,-0.34979745745658875,-0.15048189461231232,0.044831905514001846,0.24674734473228455,0.18935084342956543,-0.20677943527698517,-0.0442296527326107,0.1525074541568756,0.3136563003063202,0.1973905861377716,0.1017601266503334,-0.027882492169737816,0.03351374715566635,-0.13264675438404083,0.03500927612185478,0.08514828234910965,-0.27916082739830017,-0.01886090822517872,-0.06970982253551483,0.020076684653759003,0.007546174339950085,0.13845369219779968,0.17627845704555511,-0.6485247015953064,-0.06725277006626129,-0.3321142792701721,0.133431538939476,0.18988284468650818,0.1718236356973648,-0.39191028475761414,-0.12909379601478577,-0.02823755145072937,-0.1267676204442978,-0.015883833169937134,0.08460475504398346,0.026929687708616257,-0.4143432080745697,0.27461904287338257,0.18399260938167572,-0.081337109208107,-0.028627878054976463,0.08202981948852539,0.21667811274528503,-0.2763254642486572,0.048895809799432755,-0.24849803745746613,-0.3719877600669861,-0.026679307222366333,-0.13444587588310242,-0.5155733823776245,0.0029694796539843082,0.4811367094516754,0.1473577916622162,0.18406008183956146,-0.3594855070114136,-0.17056994140148163,0.07623110711574554,-0.44066840410232544,-0.09114272892475128,-0.16366252303123474,0.31538504362106323,0.27754709124565125,-0.2859329581260681,0.14487360417842865,0.13778913021087646,-0.14573507010936737,-0.2729867100715637,-0.09336774051189423,-0.06518443673849106,-0.3166966438293457,0.3840574622154236,-0.1868433654308319,0.399000346660614,0.1459835320711136,0.2201605588197708,0.44905176758766174,-0.07153698056936264,0.04911712184548378,0.01411515474319458,-0.024689190089702606,-0.1952984631061554,0.1275084763765335,0.04701883718371391,-0.05388777330517769,-0.6344540119171143,0.17229370772838593,-0.32942330837249756,-0.29068389534950256,0.021045446395874023,-0.10506995767354965,0.5214175581932068,0.0820998027920723,-0.26745763421058655,-0.23191232979297638,0.12226990610361099,-0.5086032152175903,-0.3366084694862366,-0.12471736967563629,-0.03762797266244888,0.21103593707084656,0.0614590048789978,-0.05760490894317627,-0.07200409471988678,-0.12844109535217285,0.4193037152290344,-0.025103142485022545,0.07432303577661514,0.16441717743873596,-0.26357680559158325,0.1482430249452591,0.03718362748622894,0.1610163301229477,0.016918659210205078,-0.08147396147251129,-0.15535178780555725,-0.4520139694213867,-0.07184742391109467,0.09703854471445084,-0.11606484651565552,0.040623750537633896,-0.40222325921058655,0.19800344109535217,-0.03602919727563858,-0.08116898685693741,-0.08773919939994812,-0.660599946975708,0.012682894244790077,0.1378852128982544,0.3301588296890259,-0.26306965947151184,0.0033761977683752775,0.2671501934528351,-0.1886548101902008,-0.07919881492853165,0.040209684520959854,0.5490698218345642,-0.3786938190460205,0.28591352701187134,-0.06353253871202469,0.023242942988872528,0.035494230687618256,-0.2507195770740509,-0.1061701625585556,0.04550936073064804,0.3597657084465027,0.14103186130523682,-0.15957903861999512,-0.03786170482635498,-0.048113949596881866,-0.4718494415283203,-0.17648431658744812,0.2469756305217743,-0.14128737151622772,0.1569976508617401,-0.4590360224246979,0.33260378241539,-0.07963023334741592,-0.23510964214801788,0.5145257115364075,0.09726766496896744,-0.13806934654712677,-0.43651753664016724,-0.21210816502571106,0.03540057688951492,0.26032179594039917,-0.28502947092056274,0.22374442219734192,0.05242133140563965,0.41607221961021423,0.03130386397242546,-0.18093308806419373,-0.22849850356578827,0.07712732255458832,-0.11267469823360443,0.2963632047176361,-0.15159772336483002,0.2391829788684845,0.07646429538726807,-0.036153100430965424,0.24701055884361267,0.2028476893901825,0.15299752354621887,-0.2301035374403,0.02514653280377388,-0.14799392223358154,-0.3922528326511383,-0.014932270161807537,0.31326690316200256,0.08724012225866318,0.45084017515182495,-0.4456472396850586,0.40036678314208984,0.20594926178455353,-0.1455676257610321,-0.3832867741584778,-0.1665189564228058,0.060700856149196625,-0.24798505008220673,-0.38821735978126526,-0.2961699664592743,0.17322777211666107,0.0033773004543036222,0.15520048141479492,-0.1569044440984726,-0.023175887763500214,0.2658979892730713,-0.08818918466567993,-0.013388711027801037,-0.33065682649612427,0.3607234060764313,0.11266906559467316,0.3158383369445801,-0.43114081025123596,0.2282659262418747,0.03326403349637985,0.08621541410684586,0.08184989541769028,-0.06721292436122894,-0.15328200161457062
CID000119182,420,0.002380295190960169,0.26214903593063354,0.19138100743293762,0.3401212692260742,0.5386343598365784,0.35024842619895935,0.14257368445396423,-0.29441481828689575,-0.36189284920692444,-0.18195009231567383,0.12191881239414215,-0.5149359703063965,0.3907460570335388,0.0293760746717453,-0.1285342425107956,0.027638424187898636,0.0658169612288475,-0.2542019784450531,0.10997214168310165,0.1439484804868698,0.1846150904893875,-0.07861573994159698,-0.3156110644340515,-0.11943987756967545,0.016075965017080307,-0.047671739012002945,-0.05106049031019211,-0.03250119090080261,-0.12001538276672363,0.5475157499313354,-0.2257564812898636,0.16512112319469452,0.3141579031944275,-0.005780643317848444,-0.8125966191291809,0.2509976327419281,-0.26592594385147095,-0.10656193643808365,-0.41215476393699646,0.08687659353017807,-0.11966080963611603,0.11202354729175568,-0.19974558055400848,-0.05848193168640137,0.29827579855918884,-0.31965070962905884,-0.2508182227611542,-0.0800338014960289,-0.033628515899181366,-0.20970988273620605,-0.06628178805112839,-0.08405346423387527,0.05475391820073128,-0.38797202706336975,0.1826777458190918,-0.1587529480457306,0.28835529088974,-0.39900726079940796,0.5078064203262329,-0.22660215198993683,-0.9559187889099121,-0.09756458550691605,-0.3467012047767639,0.2967587113380432,-0.13694903254508972,-0.007687477860599756,-0.3301430642604828,0.2708314061164856,-0.21664133667945862,0.058662641793489456,-0.23946399986743927,-0.030460551381111145,-0.2941873073577881,0.18467046320438385,0.5483248829841614,0.19365887343883514,0.1264643520116806,0.12873438000679016,0.12399344146251678,-0.14591965079307556,-0.13697859644889832,-0.13762149214744568,-0.042535051703453064,0.2654028832912445,-0.022120848298072815,0.14050444960594177,-0.3379405438899994,0.13333916664123535,0.42717665433883667,-0.26518622040748596,-0.16654780507087708,-0.059320397675037384,-0.04441951587796211,-0.05342543125152588,-0.573089063167572,0.04123907908797264,0.07912349700927734,0.04375557228922844,0.13936957716941833,-0.1963265836238861,0.24143914878368378,0.05084306746721268,-0.22193734347820282,0.35005390644073486,-0.351939857006073,0.05984622985124588,-0.26704055070877075,0.13283348083496094,-0.0037072659470140934,0.5676381587982178,0.3363705277442932,-0.3050708770751953,0.29757562279701233,-0.1060178130865097,0.27635830640792847,-0.01570081152021885,0.08338863402605057,-1.1865880489349365,-0.0023412646260112524,-0.21806351840496063,0.1000763550400734,-0.8171083331108093,-0.35434991121292114,-0.14903557300567627,-0.3512050211429596,0.08133210241794586,-0.035520754754543304,0.40347447991371155,0.09172379970550537,0.30765828490257263,0.13920271396636963,-0.23642297089099884,-0.3111240863800049,-0.29040414094924927,0.04627672955393791,-0.15619869530200958,0.22435633838176727,-0.11561040580272675,0.04525544494390488,-0.28765392303466797,-0.25541943311691284,0.5701824426651001,0.11106826364994049,0.03276332467794418,-0.08802752941846848,0.009193509817123413,-0.10038919746875763,0.167941614985466,0.15740346908569336,-0.07503001391887665,-0.021584192290902138,0.010383948683738708,-0.298296183347702,0.16252271831035614,-0.0899960845708847,0.08772285282611847,0.0010374963749200106,-0.4597523808479309,-0.3228577971458435,0.027372246608138084,-0.10298101603984833,0.1353405863046646,-0.8237179517745972,-0.06398875266313553,0.747119128704071,0.20853570103645325,-0.35013943910598755,0.2708105444908142,-0.17544355988502502,-0.053830139338970184,-0.11964955180883408,-0.14838853478431702,0.44925785064697266,0.2837672829627991,-0.20829112827777863,-0.10774658620357513,0.17055591940879822,0.09964995086193085,-0.34807613492012024,0.07429631054401398,-0.017597269266843796,0.3972426652908325,0.09494969993829727,-0.23524966835975647,-0.2368357628583908,-0.3543892800807953,-0.15312650799751282,0.10867641866207123,0.6685242056846619,-0.1334783434867859,0.3969649076461792,-0.621979832649231,-0.17819127440452576,0.028764182701706886,0.1636148989200592,0.31297755241394043,-0.23798711597919464,0.07565198093652725,-0.5274792909622192,0.03469942882657051,-0.22568459808826447,-0.08084922283887863,-0.33275318145751953,0.25641247630119324,-0.09919513016939163,0.4496617913246155,-0.227587029337883,-0.2134457528591156,-0.19327868521213531,-0.1987515687942505,0.07700707018375397,-0.5212952494621277,-0.12494395673274994,-0.04633600264787674,0.035836994647979736,-0.01929670013487339,0.6289156675338745,-0.23462054133415222,-0.1469537764787674,-0.09853390604257584,0.15046662092208862,-0.17650096118450165,-0.6637858748435974,-0.0049109370447695255,0.10002110153436661,-0.2715301811695099,0.0980219691991806,-0.6815754175186157,1.0001477003097534,0.22315053641796112,-0.37983572483062744,-0.0326659120619297,0.03668949753046036,0.13628745079040527,-0.5207216143608093,-0.20192500948905945,0.028244370594620705,-0.03243574500083923,0.3509067893028259,-0.1607283651828766,-0.6530869007110596,-0.016418660059571266,0.05522538349032402,-0.10519468784332275,0.17581382393836975,-0.02332225814461708,0.3624248802661896,0.3676164150238037,0.046842366456985474,-0.8973917961120605,-0.3141714930534363,0.5251802206039429,0.45320194959640503,0.10778219997882843,0.055729858577251434,-0.12454347312450409
CID000005978,421,0.030787449330091476,0.13922306895256042,0.022166263312101364,0.11637099087238312,0.2998095154762268,0.2938251495361328,0.13113486766815186,-0.09969787299633026,-0.2566658556461334,-0.06815511733293533,-0.03363994136452675,-0.5376192331314087,0.21108312904834747,-0.18479445576667786,-0.22516126930713654,-0.14088872075080872,-0.008949922397732735,-0.1747894287109375,0.17250607907772064,-0.08988802134990692,0.24584467709064484,-0.15481840074062347,-0.19179227948188782,0.05035852640867233,-0.057211317121982574,-0.20235352218151093,0.17678573727607727,0.10518229007720947,-0.017601102590560913,0.4086179733276367,-0.20727567374706268,0.27393144369125366,0.07848317921161652,0.08512520790100098,-0.7757560014724731,0.01154211163520813,-0.1689053177833557,-0.2422471046447754,-0.21251718699932098,-0.020096367225050926,-0.002764894859865308,0.15432465076446533,-0.34190648794174194,0.11676552146673203,0.37738168239593506,0.0514148473739624,0.02046138048171997,0.1008075624704361,0.06815297901630402,-0.30172616243362427,-0.6701302528381348,-0.060799919068813324,-0.2862773835659027,-0.26806312799453735,0.07610898464918137,0.0059612467885017395,-0.020566854625940323,-0.19877305626869202,0.38218897581100464,-0.04854629188776016,-1.0132147073745728,0.09849528223276138,-0.32441630959510803,0.06076483801007271,-0.16729845106601715,0.04955635964870453,-0.18612359464168549,0.5503976345062256,0.082947738468647,-0.03957894444465637,-0.2199762612581253,-0.1802310049533844,-0.1301146000623703,0.16928556561470032,0.2782195210456848,0.21677875518798828,0.20509079098701477,0.24245122075080872,-0.05367744714021683,-0.012178194709122181,-0.13395151495933533,-0.062040649354457855,0.09211234748363495,0.11130108684301376,-0.030558675527572632,-0.00034279824467375875,-0.30425912141799927,0.14676755666732788,0.476933091878891,-0.005952087230980396,-0.13482464849948883,-0.009391391649842262,-0.017959129065275192,-0.142191082239151,-0.5459942817687988,-0.03694888949394226,-0.1833142787218094,0.17726287245750427,0.128014475107193,-0.2213304042816162,0.29617437720298767,0.14414621889591217,-0.2093101441860199,0.2618744373321533,-0.12674067914485931,-0.21351802349090576,-0.40964215993881226,0.17471373081207275,0.08695896714925766,0.2614535391330719,0.06037137657403946,0.07591831684112549,0.16902843117713928,0.15807560086250305,0.3208797872066498,0.10480694472789764,-0.06570231914520264,-0.4629177451133728,0.03711166977882385,-0.08660857379436493,0.1585266888141632,-0.9409015774726868,-0.16327418386936188,-0.1805102825164795,-0.44137507677078247,0.10195136070251465,0.13306042551994324,0.2846846282482147,0.1720302253961563,0.22055482864379883,0.07872500270605087,-0.20018739998340607,-0.5420395135879517,-0.2995607852935791,0.14576956629753113,0.0528724305331707,0.3405771851539612,-0.30924803018569946,-0.04291938990354538,-0.168289452791214,-0.13681665062904358,0.17945310473442078,0.14872005581855774,-0.08208781480789185,-0.25064724683761597,-0.07758519798517227,-0.2023666799068451,-0.031570158898830414,0.2649405598640442,-0.09610334783792496,0.02632138691842556,0.10258972644805908,-0.1664142906665802,0.2672272324562073,0.12640616297721863,-0.04580232501029968,-0.1342131644487381,-0.4517764151096344,-0.14181599020957947,0.2177855670452118,-0.012990760616958141,-0.07376237213611603,-0.9877524375915527,0.08477149903774261,0.5643998384475708,0.13891300559043884,-0.08536294847726822,0.17414885759353638,0.0684065967798233,0.03549416735768318,-0.18485063314437866,-0.1968042254447937,0.3640323579311371,-0.12859247624874115,-0.054417215287685394,0.10336935520172119,0.13289865851402283,-0.03234497085213661,-0.3506855368614197,0.07265377044677734,0.43680232763290405,0.24507474899291992,0.056121546775102615,-0.08799748122692108,-0.007727081421762705,-0.1058560237288475,-0.2800067067146301,0.02941570244729519,0.7454148530960083,-0.10406003147363663,0.1079271212220192,-0.29737043380737305,-0.020138051360845566,-0.010873407125473022,-0.09120962768793106,0.18690171837806702,0.08860811591148376,-0.19074144959449768,-0.3309559226036072,0.1293751448392868,-0.08557570725679398,-0.16421158611774445,-0.32449042797088623,0.08215606212615967,-0.1024533063173294,0.05940600112080574,0.022695595398545265,-0.1497003734111786,-0.28920215368270874,-0.12239470332860947,0.19580325484275818,-0.09335742890834808,-0.03791544958949089,0.008127391338348389,0.18840225040912628,-0.23472972214221954,0.5271340608596802,0.002954029943794012,0.03810126706957817,0.09287171810865402,0.019284632056951523,-0.1802797019481659,-0.5597871541976929,-0.16073553264141083,0.35089629888534546,-0.03745988383889198,0.11418293416500092,-0.26690155267715454,0.9949487447738647,0.3204571604728699,-0.12128245830535889,-0.13365228474140167,0.05624822527170181,0.12383504211902618,-0.44425636529922485,-0.21020860970020294,-0.11630962044000626,0.02918289043009281,0.28780075907707214,0.1280551701784134,-0.2828870415687561,-0.07307545095682144,-0.052857011556625366,0.0993180125951767,0.014308661222457886,-0.137578085064888,0.16285790503025055,0.07589948922395706,0.18780846893787384,-1.0467278957366943,-0.15605871379375458,0.504348635673523,0.23124048113822937,0.2001042664051056,0.06641104072332382,0.04335830733180046
CID000003461,422,0.21175745129585266,0.27986663579940796,0.24480149149894714,0.05120853707194328,0.8780680894851685,0.38610512018203735,0.11419572681188583,-0.2742156386375427,-0.7571250796318054,-0.011587199755012989,0.03216562047600746,-0.5677810907363892,-0.0076782433316111565,-0.14580531418323517,0.03219391033053398,0.2205754518508911,-0.11807642132043839,0.028878923505544662,0.3003140687942505,-0.012158887460827827,-0.10409636795520782,0.03459324315190315,-0.1944039762020111,0.012488692998886108,0.0020561006385833025,0.02780262753367424,-0.13996025919914246,-0.26593083143234253,-0.22603516280651093,0.6640932559967041,-0.3505640923976898,-0.15351185202598572,0.49206238985061646,0.02701130509376526,-1.2040915489196777,0.08702549338340759,-0.30859193205833435,-0.04085270315408707,-0.22878620028495789,0.22922484576702118,-0.2540348768234253,-0.07977308332920074,0.04371730238199234,-0.19789722561836243,0.5969584584236145,-0.0062879351899027824,0.17427721619606018,-0.064516082406044,0.09145306795835495,-0.07698673009872437,-0.4567353129386902,0.09624176472425461,-0.10121431201696396,-0.04301952198147774,0.0024170696269720793,0.0576295480132103,0.32597416639328003,-0.08565129339694977,1.2677719593048096,-0.05681685358285904,-0.9694337844848633,-0.3788079023361206,-0.33167868852615356,0.22645075619220734,-0.006913325283676386,-0.01535053551197052,-0.21096396446228027,0.14861401915550232,-0.23008370399475098,-0.0133267967030406,-0.04545276612043381,-0.09068232774734497,-0.12417628616094589,0.15337006747722626,0.9075617790222168,0.0788859874010086,-0.12046332657337189,0.2513076663017273,0.1379886418581009,-0.40803956985473633,0.06590937077999115,0.09396128356456757,0.0897638127207756,0.24850478768348694,0.0923270583152771,0.1290334314107895,-0.014287377707660198,0.3483152687549591,0.43859657645225525,-0.2974538505077362,-0.2817949652671814,0.06343798339366913,-0.051045190542936325,-0.08171134442090988,-0.7345203161239624,-0.16749997437000275,0.13026022911071777,0.005404241383075714,-0.082316555082798,-0.14796015620231628,0.2479509860277176,-0.0517013780772686,-0.15212024748325348,0.5278204679489136,-0.3359338045120239,0.04982692003250122,-0.30994564294815063,0.17837442457675934,0.021291613578796387,0.3765374422073364,0.006741076707839966,-0.28950175642967224,0.02296108938753605,-0.03849588334560394,0.16863571107387543,-0.20080117881298065,-0.07562591880559921,-1.526881217956543,0.15040671825408936,-0.2402716875076294,0.19007126986980438,-0.878748893737793,0.131381556391716,-0.15737134218215942,-0.22672781348228455,0.28368109464645386,0.06357830762863159,0.21187667548656464,-0.08087743818759918,0.29622069001197815,0.012178957462310791,0.016133612021803856,-0.28723734617233276,-0.4603869318962097,-0.17483606934547424,-0.061078716069459915,0.23416268825531006,-0.519804060459137,0.015527307987213135,-0.08549580723047256,-0.12008094787597656,0.29258421063423157,-0.0259545985609293,0.163533017039299,-0.2829086482524872,0.14861702919006348,-0.2783380150794983,0.29995208978652954,-0.27924561500549316,-0.007963043637573719,-0.14982870221138,-0.03599989414215088,0.14252620935440063,-0.037936702370643616,-0.2823158800601959,0.016892682760953903,0.019723182544112206,-0.6108575463294983,-0.35751885175704956,0.31427597999572754,-0.3391076326370239,0.1307711899280548,-0.7658430933952332,0.04666612669825554,0.8145586252212524,0.2442886084318161,-0.3985849916934967,0.1233077272772789,-0.4546222686767578,0.12591692805290222,-0.009474867954850197,-0.1884293258190155,0.3574642539024353,-0.07882661372423172,0.057099223136901855,-0.11868033558130264,0.47552913427352905,0.23907470703125,-0.28001004457473755,0.03401947021484375,0.1355443000793457,0.2790757417678833,0.10591384023427963,-0.11627452075481415,-0.2001560628414154,-0.2704612910747528,-0.052586931735277176,-0.04647848755121231,0.6303434371948242,-0.33590346574783325,0.14795605838298798,-0.5441275238990784,0.06368974596261978,0.027389327064156532,0.007736352272331715,0.500271201133728,-0.17876474559307098,-0.2939768433570862,-1.1199549436569214,-0.15341922640800476,-0.19921259582042694,-0.11510396003723145,-0.24083562195301056,0.22637724876403809,0.006880817003548145,0.12233501672744751,0.03631388396024704,0.15688428282737732,-0.6219727993011475,0.0975596234202385,0.27519044280052185,-0.3199130892753601,-0.027716701850295067,-0.13678935170173645,0.14325137436389923,-0.365559458732605,0.8041399121284485,-0.4407117962837219,-0.24633195996284485,-0.015881478786468506,-0.029716556891798973,-0.08010296523571014,-0.7650964260101318,0.13829806447029114,-0.16137449443340302,-0.582736074924469,-0.15010404586791992,-0.30838316679000854,1.1848211288452148,-0.21299080550670624,-0.27254894375801086,0.20091018080711365,-0.21934513747692108,0.1988489329814911,-0.4570608139038086,-0.3675968050956726,0.014596533961594105,-0.07979454845190048,0.15060372650623322,-0.4974612295627594,-1.179326057434082,0.04335431382060051,0.004610711243003607,-0.24146488308906555,-0.03224649280309677,0.10873077809810638,-0.033241741359233856,0.1428060382604599,0.1398826390504837,-0.8933771252632141,0.13043951988220215,0.7540267705917358,0.5976995229721069,-0.02002551592886448,-0.0020493469201028347,0.11582410335540771
CID000002156,423,0.13424673676490784,-0.03504388406872749,-0.03471153974533081,-0.12583193182945251,0.14865392446517944,0.19793160259723663,0.20601823925971985,-0.16719165444374084,-0.2882913649082184,-0.2702309787273407,0.03837737441062927,-0.5168373584747314,0.009095842018723488,-0.18307562172412872,-0.07319365441799164,0.09372704476118088,-0.06379616260528564,0.24159753322601318,0.181858092546463,0.09381705522537231,0.03508181497454643,0.12626822292804718,0.10989703983068466,-0.01600644364953041,-0.09498089551925659,-0.049546558409929276,0.1821242868900299,0.0380580835044384,-0.20045797526836395,0.34151381254196167,-0.13226008415222168,-0.02210788056254387,0.011068070307374,0.06380629539489746,-0.5238592028617859,-0.03727768734097481,-0.42347121238708496,-0.29980409145355225,-0.08167308568954468,0.03195299953222275,0.06450562179088593,0.11235389858484268,-0.11601939052343369,-0.0853792279958725,0.31498417258262634,-0.13622210919857025,0.0040836213156580925,0.3462701141834259,-0.24010944366455078,-0.2657124400138855,-0.30520111322402954,0.09948407858610153,-0.16325590014457703,-0.03855496272444725,-0.05750591307878494,0.06107646971940994,0.04176054149866104,0.09640705585479736,0.07515953481197357,0.1330198049545288,-1.0016520023345947,0.112637460231781,-0.2497590333223343,0.25152358412742615,0.16139213740825653,0.1306491643190384,0.006582675967365503,0.2833150327205658,-0.055053722113370895,0.0457102470099926,-0.017356138676404953,0.05971915274858475,-0.09582053124904633,-0.08306185156106949,0.3460146486759186,-0.06283708661794662,0.1347438395023346,0.07059097290039062,0.13169284164905548,-0.2849190831184387,-0.04286886006593704,-0.08803777396678925,0.00837465189397335,-0.2550155818462372,-0.10811176151037216,0.003355467226356268,-0.19541434943675995,-0.19167637825012207,0.3633142411708832,0.06344352662563324,0.15734949707984924,-0.12795838713645935,-0.07328585535287857,-0.001281979726627469,-0.5698440074920654,-0.09145867824554443,-0.11293783038854599,0.3782733678817749,0.19067516922950745,-0.27969443798065186,0.3511570394039154,0.10433858633041382,-0.07362427562475204,-0.07671822607517242,-0.15962204337120056,0.055968888103961945,-0.3495718538761139,0.18849040567874908,-0.1568494737148285,0.11533169448375702,0.09475196152925491,0.0037872791290283203,0.3400385081768036,0.054782986640930176,0.014690518379211426,0.09439107030630112,0.02794693037867546,-0.23727576434612274,0.03563499450683594,0.16551721096038818,-9.58681121119298e-05,-0.6425946950912476,-0.1328933835029602,-0.20331470668315887,-0.3782180845737457,0.03972707688808441,-0.0966922864317894,0.2621544599533081,-0.1251397728919983,0.028036486357450485,-0.0317082516849041,0.10207238048315048,-0.6174179911613464,-0.25467994809150696,0.26103824377059937,-0.060135938227176666,0.21407608687877655,-0.2554236352443695,-0.09669534862041473,0.09596387296915054,-0.0688951313495636,-0.061522744596004486,0.015758970752358437,-0.03576437756419182,-0.05533143877983093,-0.10615897178649902,-0.004115736577659845,0.10092971473932266,-0.04279211908578873,0.10015587508678436,-0.022105179727077484,0.05583546683192253,0.15156397223472595,-0.05782950669527054,0.12487077713012695,-0.22255270183086395,-0.09838609397411346,-0.3603072464466095,-0.04580915719270706,0.0069877756759524345,0.11106240749359131,-0.06319387257099152,-0.9343932867050171,0.08261649310588837,0.12262003123760223,0.343841016292572,-0.11377368122339249,-0.24869194626808167,0.16034498810768127,0.05488777905702591,0.029958689585328102,-0.32923775911331177,0.2124236524105072,-0.10729952156543732,-0.1488090604543686,0.15556494891643524,0.06292487680912018,0.22342944145202637,-0.4662017226219177,-0.05408737063407898,0.37118127942085266,0.2431652545928955,0.08152423799037933,0.03898468241095543,-0.007610964588820934,0.007871124893426895,-0.3342198133468628,-0.16802172362804413,0.4942001402378082,0.04613519087433815,0.12497998774051666,-0.21308448910713196,-0.25392991304397583,-0.1197318583726883,-0.173831969499588,0.2799277901649475,0.0001247584878001362,-0.044212568551301956,-0.24765996634960175,0.09837912023067474,0.0848904699087143,-0.1413916051387787,-0.1474817544221878,0.2537251114845276,-0.2745778262615204,0.1763913482427597,0.02200310304760933,-0.11694540828466415,-0.18940040469169617,-0.05946359783411026,0.23783579468727112,0.2468414604663849,-0.008728578686714172,-0.0736866369843483,0.2544565498828888,0.13386280834674835,0.35699573159217834,0.2888948917388916,-0.09063615649938583,-0.22128789126873016,-0.06442460417747498,-0.0042197732254862785,-0.45307058095932007,0.10346410423517227,0.1966298371553421,-0.010539555922150612,0.1090390682220459,-0.22137746214866638,0.6578850746154785,0.09448616951704025,-0.18873196840286255,-0.04551943019032478,-0.022595202550292015,-0.03642506152391434,-0.5206174850463867,-0.1822739541530609,-0.2758784294128418,0.22528120875358582,0.15370877087116241,-0.15701904892921448,-0.1695583611726761,-0.030394112691283226,0.0902600884437561,0.1784406453371048,-0.07342156022787094,-0.16557951271533966,0.049606479704380035,-0.27473291754722595,-0.07133691012859344,-0.7307883501052856,-0.05763804912567139,0.12943431735038757,0.2548729181289673,-0.014044088311493397,0.06829707324504852,0.09525132179260254
CID000005651,424,0.06407379359006882,-0.09798265993595123,0.0479576513171196,0.029281187802553177,0.3021537959575653,0.21567371487617493,0.05855458229780197,-0.16522201895713806,-0.21029582619667053,-0.0528254397213459,0.19307582080364227,-0.48900389671325684,0.23321135342121124,-0.22186188399791718,-0.21247288584709167,-0.04685252532362938,0.05636369064450264,0.04084507375955582,0.0930907279253006,0.009703227318823338,0.27345263957977295,-0.024173982441425323,-0.2071485072374344,-0.06848691403865814,0.15975478291511536,-0.20172521471977234,0.27231767773628235,-0.004022947046905756,-0.030550912022590637,0.34501126408576965,-0.2357405424118042,0.2947878837585449,0.19851720333099365,0.01790224388241768,-0.7462461590766907,0.04277461767196655,-0.24310874938964844,-0.3129822015762329,-0.3021744191646576,-0.09218623489141464,0.06708814948797226,0.20223340392112732,-0.4060913026332855,0.15849250555038452,0.29935529828071594,-0.059396274387836456,-0.03664214164018631,0.10933951288461685,0.07968652993440628,-0.15013377368450165,-0.5171216726303101,-0.025256585329771042,-0.24912765622138977,-0.25434693694114685,0.16973748803138733,-0.05704567953944206,0.040005095303058624,-0.06609686464071274,0.41494399309158325,0.15595903992652893,-0.9066416621208191,0.02538072131574154,-0.3430076241493225,0.08567725121974945,-0.12796944379806519,0.2069370448589325,-0.20338627696037292,0.5503766536712646,0.07683496177196503,0.014021903276443481,-0.09567485749721527,-0.052369654178619385,-0.010306650772690773,0.18010634183883667,0.3076200783252716,0.1284390538930893,0.1790168434381485,0.2792466878890991,-0.12195451557636261,-0.19420835375785828,-0.16572165489196777,-0.047344088554382324,0.108085036277771,0.009743958711624146,-0.0622912272810936,0.03860769793391228,-0.40007853507995605,0.05415962263941765,0.4299149513244629,-0.08028824627399445,0.003854603972285986,-0.011296683922410011,-0.011356768198311329,-0.07853683084249496,-0.6319741010665894,-0.06286539137363434,-0.2626727521419525,0.2003629207611084,0.05294317007064819,-0.24673108756542206,0.3235594928264618,-0.024855386465787888,-0.251086950302124,0.31453409790992737,-0.20559215545654297,-0.0709322839975357,-0.37864795327186584,0.14080838859081268,-0.11816225945949554,0.24294379353523254,0.16642475128173828,0.17606985569000244,0.15280798077583313,0.09721876680850983,0.31756365299224854,0.11306154727935791,0.03495516628026962,-0.5730394124984741,0.212298184633255,0.06178676337003708,0.08616899698972702,-0.8385941386222839,-0.13598279654979706,-0.11960989236831665,-0.4467867314815521,0.10302083194255829,0.03980462625622749,0.19318580627441406,0.1192239299416542,0.17846772074699402,0.13966716825962067,0.055974096059799194,-0.5268605947494507,-0.28572314977645874,0.07198546826839447,-0.07632492482662201,0.18739210069179535,-0.22973990440368652,0.05292239785194397,-0.2126806676387787,-0.21050219237804413,0.11542445421218872,0.018936658278107643,-0.07865673303604126,-0.2649018168449402,0.08338160812854767,-0.15728281438350677,0.0025937631726264954,0.2855091989040375,0.02314148284494877,-0.050145626068115234,0.28666985034942627,-0.057365626096725464,0.3653828501701355,0.13534793257713318,0.031798023730516434,-0.0787050649523735,-0.3744647204875946,-0.1454809010028839,0.11774428933858871,-0.12288419157266617,-0.02575807273387909,-0.9452030062675476,0.005974167492240667,0.6128950119018555,0.195866197347641,-0.1492147445678711,0.1718849241733551,-0.04262552782893181,-0.05533405393362045,-0.19024737179279327,-0.2544766664505005,0.3255811333656311,0.07692066580057144,-0.054383665323257446,0.11094741523265839,0.2173890620470047,-0.14749296009540558,-0.4132039546966553,0.04069439694285393,0.24291184544563293,0.22543716430664062,-0.04951470345258713,-0.08384165912866592,0.06105392426252365,-0.11707278341054916,-0.23482665419578552,-0.09016676992177963,0.79412841796875,-0.13945546746253967,0.07826650142669678,-0.3398721218109131,0.006238707806915045,-0.015577341429889202,-0.057902105152606964,0.26355379819869995,-0.037981368601322174,-0.07884780317544937,-0.37202924489974976,0.11588611453771591,0.01351280976086855,-0.16992810368537903,-0.3390984833240509,0.06300264596939087,-0.021742066368460655,0.1520366370677948,-0.051501207053661346,-0.1659124791622162,-0.26566457748413086,-0.12274587154388428,0.20126385986804962,-0.18311473727226257,0.025373036041855812,-0.05194276571273804,0.11327332258224487,-0.14030985534191132,0.5748512744903564,-0.09143994748592377,0.034807778894901276,-0.05248468369245529,-0.0029456273186951876,-0.1342126876115799,-0.5641817450523376,-0.17858166992664337,0.24775071442127228,0.045111656188964844,0.21916265785694122,-0.13698813319206238,0.9845391511917114,0.24041995406150818,-0.14754387736320496,-0.09828060865402222,0.12988051772117615,0.09183762222528458,-0.4879573881626129,-0.16944512724876404,-0.131595641374588,0.08962973207235336,0.2559458613395691,0.19072803854942322,-0.34562164545059204,-0.06869194656610489,0.07081834971904755,0.08932745456695557,0.07650620490312576,-0.05730540677905083,0.1835193932056427,0.19829216599464417,0.15101543068885803,-1.0359983444213867,-0.08722793310880661,0.5593441724777222,0.23464787006378174,0.2119683474302292,0.021975575014948845,-0.1266649067401886
CID003002190,425,0.022275269031524658,-0.008610266260802746,0.07065004110336304,0.0030924722086638212,0.2808137536048889,0.26655566692352295,0.11308185756206512,-0.10067440569400787,-0.2301410436630249,-0.1401023119688034,0.2308071404695511,-0.5131388306617737,0.24283210933208466,-0.1320556402206421,-0.1824476271867752,-0.1374291479587555,0.07316970825195312,-0.016276514157652855,0.12834972143173218,0.029450738802552223,0.280449777841568,-0.1041938066482544,-0.21844717860221863,-0.07363749295473099,0.0749603807926178,-0.1908622682094574,0.25317850708961487,-0.03576657176017761,0.011477082967758179,0.4021914005279541,-0.2174105942249298,0.3361915946006775,0.21922340989112854,0.031241590157151222,-0.7365368604660034,0.12414371967315674,-0.2519786059856415,-0.35286688804626465,-0.19582223892211914,-0.09380557388067245,0.08651260286569595,0.17295995354652405,-0.3693428933620453,0.1763262003660202,0.4382745325565338,-0.04362751170992851,-0.10527046024799347,0.08968190848827362,0.06344710290431976,-0.17765820026397705,-0.5345224738121033,0.017044881358742714,-0.224530428647995,-0.31843093037605286,0.17668189108371735,-0.07660101354122162,0.07989819347858429,-0.08152198046445847,0.39969366788864136,0.1397963911294937,-0.8545713424682617,-0.0034360408317297697,-0.32243961095809937,0.06157032772898674,-0.08979926258325577,0.1339779645204544,-0.07140237092971802,0.4371432363986969,0.04144127666950226,0.03185877948999405,-0.17017242312431335,-0.09321391582489014,-0.046589236706495285,0.15850114822387695,0.307031512260437,0.12652036547660828,0.14609071612358093,0.37342768907546997,-0.1582430601119995,-0.1993219405412674,-0.12816199660301208,-0.1943686157464981,0.028336714953184128,0.017355188727378845,-0.08111381530761719,0.018584255129098892,-0.41317853331565857,0.028744662180542946,0.40151748061180115,-0.15296730399131775,0.0019398793810978532,-0.09218557178974152,-0.01031880360096693,-0.09898114204406738,-0.5940006375312805,-0.006695580668747425,-0.23416750133037567,0.256206214427948,0.04527617618441582,-0.22059409320354462,0.3028605580329895,0.02042168378829956,-0.1974782943725586,0.31220144033432007,-0.2521398663520813,-0.09282425791025162,-0.4213695526123047,0.17439107596874237,-0.19334366917610168,0.09711619466543198,0.13851729035377502,0.14968746900558472,0.09177440404891968,0.16054965555667877,0.25642314553260803,0.1411978006362915,0.03742281720042229,-0.5573570132255554,0.2977606952190399,0.1316152662038803,0.053570110350847244,-0.8070651292800903,-0.25754761695861816,-0.17145149409770966,-0.3646179735660553,0.17306701838970184,0.08525954186916351,0.1897994577884674,0.12044107913970947,0.20739105343818665,0.12184028327465057,-4.73082072858233e-05,-0.5023735761642456,-0.3222614824771881,0.11557637155056,-0.06969664990901947,0.10989890992641449,-0.2903757691383362,0.04079090431332588,-0.2293740063905716,-0.18985339999198914,0.017144128680229187,0.038212817162275314,-0.09451327472925186,-0.22446849942207336,0.03208928555250168,-0.16857370734214783,-0.004594636149704456,0.32424458861351013,-0.03185393661260605,-0.0748802125453949,0.24632275104522705,-0.02179192379117012,0.35410913825035095,0.12932924926280975,0.03336212411522865,-0.08152134716510773,-0.4150935709476471,-0.0974489077925682,0.12495658546686172,-0.13489586114883423,-0.04839349538087845,-0.8804959058761597,-0.09894988685846329,0.5455397367477417,0.22101016342639923,-0.12522360682487488,0.12260619550943375,0.021410364657640457,-0.03944065049290657,-0.21429291367530823,-0.2483685463666916,0.3163253366947174,0.12665943801403046,-0.1491544097661972,0.09229061007499695,0.176255464553833,-0.08114130049943924,-0.4395766258239746,0.027156701311469078,0.20765432715415955,0.25828155875205994,-0.018735598772764206,-0.09186099469661713,0.0484674870967865,-0.10745725780725479,-0.19803504645824432,-0.0826883614063263,0.7393622398376465,-0.09286525845527649,0.06443231552839279,-0.29175156354904175,0.040241558104753494,0.12855297327041626,-0.10192873328924179,0.3433430790901184,-0.0819166749715805,-0.03395714610815048,-0.29915565252304077,0.10621895641088486,-0.05025087669491768,-0.12477715313434601,-0.2726673483848572,0.06364810466766357,0.000569137919228524,0.09705141931772232,0.013602180406451225,-0.1649063676595688,-0.38408511877059937,-0.22488513588905334,0.11530248075723648,-0.12590160965919495,0.04747918248176575,0.010291876271367073,0.11522308737039566,-0.05004448816180229,0.5849171280860901,-0.12943853437900543,0.05796827748417854,-0.061217814683914185,0.02042083814740181,-0.1398918181657791,-0.5624792575836182,-0.16261138021945953,0.24725237488746643,-0.015476202592253685,0.16905027627944946,-0.14833545684814453,0.9675361514091492,0.2477167546749115,-0.1451001614332199,-0.044862281531095505,0.08797476440668106,0.06388038396835327,-0.50379878282547,-0.1852872669696808,-0.19625702500343323,0.13042786717414856,0.26454299688339233,0.0833965390920639,-0.3509802520275116,-0.13771936297416687,0.12119422107934952,0.11539453268051147,0.01374767441302538,-0.08382727205753326,0.1129981279373169,0.1690230369567871,0.1952492743730545,-0.998923659324646,-0.14514951407909393,0.370065301656723,0.25577113032341003,0.1076231449842453,-0.005068412981927395,-0.11115121841430664
CID005311048,428,0.29549068212509155,-0.08189244568347931,-0.27192622423171997,-0.09415362775325775,0.6850178241729736,0.4232509136199951,-0.12879204750061035,0.07930298149585724,-0.4228236675262451,-0.14252910017967224,0.061073075979948044,-0.407144695520401,-0.11733464896678925,-0.3175462484359741,-0.11755287647247314,0.010318638756871223,-0.2116318643093109,0.10131944715976715,0.09625595808029175,-0.027890468016266823,-0.15603548288345337,0.36629483103752136,0.0185740627348423,0.004247152712196112,0.1696663498878479,-0.030994374305009842,-0.20231914520263672,-0.09018442034721375,0.03337397426366806,0.4915396571159363,-0.03852248191833496,-0.530762791633606,0.1681016981601715,0.10724394023418427,-0.2767184376716614,0.3421860933303833,-0.3326573371887207,-0.34822985529899597,-0.1779385656118393,0.2713519036769867,0.07347273826599121,0.0450773760676384,-0.18919910490512848,-0.06310343742370605,0.15262217819690704,0.30834832787513733,0.1161685585975647,0.2363627851009369,-0.21798601746559143,0.07785782963037491,0.0680936872959137,-0.0788763165473938,-0.18317782878875732,-0.39732566475868225,0.07229587435722351,-0.03675959259271622,-0.2008865773677826,0.22284431755542755,0.3756815493106842,0.10503033548593521,-0.9383223652839661,-0.06818915903568268,-0.349467009305954,0.1700935661792755,0.07001592218875885,0.029163694009184837,-0.5128693580627441,0.07580645382404327,-0.0708702802658081,0.030000871047377586,-0.41487401723861694,0.35373514890670776,0.18534551560878754,-0.11856912076473236,0.5507223010063171,0.06578363478183746,0.13641469180583954,-0.025145281106233597,0.35472699999809265,-0.5626846551895142,-0.1957874596118927,-0.040366172790527344,0.06779775768518448,0.06472837924957275,0.03015514649450779,-0.07467566430568695,-0.31151193380355835,-0.1112612932920456,0.5583003759384155,0.2480134516954422,0.04097791388630867,-0.08038410544395447,-0.0505443699657917,-0.1264866590499878,-0.4308658540248871,-0.00358847388997674,-0.03123534843325615,0.14058364927768707,0.02526666596531868,-0.41156625747680664,0.26893702149391174,0.1653887927532196,-0.0146980881690979,0.18053463101387024,-0.13432151079177856,0.10798601806163788,-0.5861485600471497,0.4234386086463928,0.14220261573791504,0.32829636335372925,-0.04416410252451897,0.06781023740768433,0.24035009741783142,0.025782395154237747,0.18421205878257751,0.15351338684558868,-0.11217774450778961,-0.8277082443237305,0.1036786288022995,-0.006976534612476826,-0.142287015914917,-0.6446307897567749,-0.02169196680188179,-0.25316792726516724,-0.42711710929870605,0.2185378074645996,-0.1599096655845642,0.5668758153915405,-0.24725084006786346,-0.040311235934495926,-0.2952805161476135,0.07222191244363785,-0.5530480146408081,-0.4920893609523773,0.016010543331503868,-0.1567123532295227,0.3306155204772949,0.008928400464355946,0.16118602454662323,-0.22216825187206268,0.12418179214000702,0.41609111428260803,0.02484435960650444,-0.0718260258436203,0.02773941680788994,-0.021776506677269936,-0.13901066780090332,0.23009157180786133,0.08827166259288788,0.25358355045318604,-0.18220701813697815,-0.11064998805522919,-0.2473471611738205,0.1709747314453125,-0.05784909054636955,-0.33931756019592285,-0.10218510776758194,-0.4091453552246094,-0.12586483359336853,0.19564634561538696,-0.034231387078762054,-0.07361721992492676,-0.7472259402275085,-0.2064214050769806,0.6504045128822327,0.3307074308395386,-0.11678507179021835,0.10961105674505234,0.18116258084774017,-0.07186461985111237,-0.44013506174087524,-0.6612140536308289,0.26365500688552856,-0.2413911074399948,0.09908807277679443,0.06064457818865776,-0.19584502279758453,-0.017854856327176094,-0.43007785081863403,-0.10351409018039703,0.2922101616859436,0.33572667837142944,0.015689093619585037,0.005218863487243652,-0.02081553265452385,0.11499682813882828,-0.595563530921936,-0.025290662422776222,0.33609551191329956,0.013098731637001038,0.2471591681241989,-0.6395551562309265,0.07000592350959778,-0.3278844952583313,-0.19365699589252472,0.44348445534706116,0.12079261243343353,-0.057209260761737823,-0.4942128658294678,-0.1797536313533783,-0.040531307458877563,-0.11736172437667847,-0.3020087778568268,-0.10158105939626694,-0.11445729434490204,0.5140525102615356,-0.4088432192802429,-0.04004756733775139,-0.012421520426869392,-0.09348152577877045,0.2557501196861267,-0.35929590463638306,0.1157180517911911,0.13120810687541962,0.18369607627391815,-0.0038582205306738615,0.5537766218185425,0.16390395164489746,0.001552665256895125,-0.15826252102851868,0.09372521191835403,0.05814646556973457,-0.69779372215271,-0.05730392783880234,0.014999973587691784,-0.22789926826953888,-0.09464466571807861,-0.3487749993801117,1.0762481689453125,-0.0016391158569604158,-0.08004564046859741,-0.08985097706317902,-0.30823057889938354,-0.18214376270771027,-0.4313291013240814,-0.3330189883708954,-0.11699347198009491,0.3480853736400604,0.34015873074531555,0.021428871899843216,-0.7015646696090698,0.0867142304778099,-0.01945473626255989,0.41721025109291077,0.1307501494884491,-0.2666705250740051,0.42229756712913513,-0.1700449287891388,-0.08129718154668808,-0.6256515383720398,-0.024359583854675293,0.1423613727092743,0.2652128338813782,-0.205846905708313,0.048951588571071625,-0.09868624806404114
CID000003741,435,0.044835321605205536,-0.033352080732584,-0.03741160407662392,-0.03511390462517738,0.42226701974868774,0.35736992955207825,0.2761463522911072,0.3017231523990631,-0.0777679830789566,-0.15051810443401337,-0.20549163222312927,-0.23356671631336212,0.20049948990345,-0.5884601473808289,0.035282038152217865,0.10033684968948364,-0.08699048310518265,0.14822566509246826,0.11255989968776703,-0.22610843181610107,-0.0004588790179695934,-0.14716191589832306,-0.07910041511058807,-0.07528115063905716,0.1296602338552475,-0.02074696682393551,0.18952493369579315,-0.18511803448200226,-0.23128679394721985,0.5292145609855652,-0.08715249598026276,0.2993125319480896,0.25363656878471375,0.026225322857499123,-0.6520935297012329,-0.027462169528007507,-0.35993140935897827,-0.23324954509735107,-0.6070104837417603,0.2959037125110626,0.36442136764526367,0.18766669929027557,-0.398362398147583,-0.15549685060977936,0.20102544128894806,0.31209996342658997,-0.21994781494140625,-0.0610363706946373,-0.16227754950523376,0.006715425755828619,-0.20072808861732483,-0.24289095401763916,0.01507452130317688,0.006920212414115667,-0.012452548369765282,-0.05976923555135727,0.18549120426177979,0.5524846315383911,0.3626762926578522,0.07863346487283707,-0.9265569448471069,-0.07990685105323792,-0.18703778088092804,0.10943514108657837,0.12369227409362793,-0.005913004744797945,-0.5426520705223083,-0.03489983081817627,-0.03100418671965599,-0.11692366749048233,-0.9421248435974121,0.14042916893959045,0.057954322546720505,0.049690619111061096,0.6216264963150024,-0.20732371509075165,-0.3335956931114197,-0.0318538062274456,-0.21972663700580597,-0.11769185960292816,-0.17925335466861725,-0.09229282289743423,-0.025961512699723244,0.009548366069793701,-0.15762676298618317,0.10641548782587051,-0.2867291569709778,-0.26692190766334534,0.6248451471328735,-0.2978367209434509,0.050063807517290115,-0.2153572291135788,-0.15176528692245483,-0.24363581836223602,-1.2782998085021973,-0.2509326636791229,-0.02329801209270954,0.1849200427532196,0.17668507993221283,-0.6614894866943359,0.43339091539382935,-0.17347298562526703,-0.26138439774513245,-0.058605410158634186,-0.037323497235774994,-0.022663578391075134,-0.6215752363204956,0.09922347962856293,0.10124578326940536,0.8358167409896851,-0.655519425868988,0.3518597483634949,0.43472686409950256,0.22780528664588928,0.24746961891651154,-0.01531410776078701,0.045261941850185394,-0.2549542784690857,0.09319088608026505,0.045594472438097,0.06807221472263336,-0.8843194246292114,0.17005008459091187,-0.7885698676109314,-0.3811684548854828,0.2177814543247223,-0.08021311461925507,0.587212085723877,-0.12237215042114258,0.08081895112991333,-0.11532280594110489,0.006923513021320105,-0.6689555048942566,-0.2545442283153534,0.11727695167064667,-0.5470103025436401,0.8111732602119446,-0.14777761697769165,-0.23874306678771973,0.1360347718000412,0.020736005157232285,0.3682997524738312,-0.22612221539020538,0.11200352013111115,-0.004856929183006287,0.05969878286123276,0.0318361297249794,-0.16310080885887146,0.061139799654483795,-0.10962358862161636,-0.10471875965595245,0.017328565940260887,-0.07898961007595062,-0.13242928683757782,0.04778699204325676,-0.1401117742061615,0.3589654564857483,-0.4740976393222809,-0.1253868043422699,0.11547553539276123,0.0820927768945694,-0.019586646929383278,-1.0000083446502686,-0.03983280062675476,0.7082260847091675,-0.0034355907700955868,-0.7156421542167664,-0.24992027878761292,0.37491634488105774,-0.14389415085315704,-0.30457454919815063,0.06906343251466751,0.6148536801338196,-0.4593864381313324,-0.11553068459033966,0.00280380854383111,-0.059255458414554596,0.1292225420475006,-0.29670459032058716,0.13160599768161774,0.18388012051582336,0.5401635766029358,-0.09143828600645065,-0.07536610960960388,0.10334472358226776,-0.2985653877258301,-0.4703788161277771,-0.15027445554733276,0.7816609144210815,-0.07806643098592758,-0.020246203988790512,-0.9327905774116516,0.25332584977149963,0.22549943625926971,-0.07004751265048981,0.6429370641708374,0.13951346278190613,-0.09646140038967133,-0.13668987154960632,-0.18576550483703613,0.024657033383846283,-0.13124270737171173,-0.11322887986898422,-0.053995829075574875,-0.12015537917613983,0.5245434045791626,0.14333698153495789,0.059667814522981644,-0.22178325057029724,-0.02570894919335842,0.29328709840774536,0.029076987877488136,0.20828385651111603,-0.10368809849023819,-0.13720718026161194,0.03495873510837555,0.5727421641349792,-0.1498829871416092,-0.009163391776382923,-0.17497749626636505,0.07202870398759842,-0.03124474361538887,-0.3462793231010437,0.005365064833313227,0.0430077500641346,-0.1899290382862091,0.23176877200603485,-0.13277199864387512,0.6609327793121338,-0.2748795449733734,-0.1771925985813141,-0.2710117697715759,-0.05885080620646477,-0.05408401042222977,-0.4570973515510559,0.0016961913788691163,0.2021629810333252,0.15701009333133698,-0.36722657084465027,0.27016234397888184,-0.668865978717804,-0.236575648188591,0.07097695022821426,-0.13476970791816711,-0.07668038457632065,-0.6940765380859375,0.45028916001319885,-0.08929713815450668,-0.17745235562324524,-0.752704381942749,0.3007713854312897,-0.20463594794273376,0.28903645277023315,-0.023535678163170815,-0.058032017201185226,-0.3528517484664917
CID000005408,436,-0.3446451425552368,-0.24264267086982727,-0.11157460510730743,-0.056958358734846115,0.12072305381298065,0.40971851348876953,0.054178476333618164,-0.10275588184595108,-0.47452300786972046,-0.41297560930252075,0.2801745533943176,-0.7264791131019592,0.13415135443210602,-0.5173312425613403,-0.15523335337638855,-0.005891699343919754,0.10460604727268219,-0.05339912325143814,-0.2665388286113739,-0.31530219316482544,-0.14285169541835785,-0.45465368032455444,-0.011568091809749603,0.24981169402599335,-0.20352375507354736,-0.11494074016809464,0.2084048092365265,0.039399631321430206,0.018346276134252548,0.36786457896232605,0.0018683671951293945,-0.3087812662124634,-0.09273439645767212,-0.12764520943164825,-0.3604563772678375,0.10819647461175919,-0.46021533012390137,-0.31300294399261475,0.018067259341478348,0.006798281334340572,0.15644273161888123,0.24533291161060333,-0.15974697470664978,0.02082867920398712,0.3305493891239166,-0.06072745844721794,-0.07703210413455963,0.3493894338607788,0.08685410022735596,-0.1231149435043335,-0.34163087606430054,0.12398835271596909,-0.21477894484996796,0.04093401879072189,-0.036986589431762695,-0.0228646919131279,0.021621936932206154,-0.18100808560848236,0.23403680324554443,0.40949463844299316,-0.7970257997512817,0.19625841081142426,-0.05134297534823418,0.35243260860443115,-0.16978812217712402,0.09998206794261932,-0.1895999014377594,0.10235758870840073,0.1461769938468933,0.16705267131328583,-0.20671620965003967,0.3739200532436371,-0.061291247606277466,-0.29073095321655273,0.4219067096710205,-0.07052091509103775,0.11617467552423477,0.4052871763706207,0.32094472646713257,0.0713203176856041,-0.4436773359775543,-0.18552342057228088,-0.24970681965351105,0.23840239644050598,0.02243003249168396,0.1482202112674713,-0.3965277075767517,0.04194416105747223,0.3806113600730896,0.106070876121521,-0.2759672701358795,-0.2814579904079437,-0.21498802304267883,-0.11232389509677887,-0.3514929413795471,0.019027898088097572,-0.423109769821167,0.5650469064712524,0.08198598772287369,-0.4996627867221832,0.30339211225509644,0.402787446975708,0.09772299230098724,0.038258157670497894,-0.22398045659065247,0.0677347332239151,-0.44596490263938904,0.3623673617839813,-0.05350768566131592,-0.054398130625486374,-0.09366264194250107,-0.19156555831432343,0.3629383146762848,-0.19738580286502838,0.13561546802520752,0.27853816747665405,-0.1384100317955017,-0.28054192662239075,0.49335113167762756,-0.18083903193473816,-0.22656917572021484,-0.553480327129364,-0.06915628910064697,0.040202319622039795,-0.16587606072425842,0.24946215748786926,-0.013901698403060436,0.2912568747997284,0.26526331901550293,-0.09886561334133148,-0.0840870812535286,0.0674334317445755,-0.646814227104187,-0.5240985751152039,-0.05892536789178848,-0.165243461728096,0.26258033514022827,-0.016186269000172615,0.3418978750705719,-0.36401230096817017,-0.21008619666099548,0.26155343651771545,0.19669540226459503,-0.021362662315368652,0.09407442063093185,-0.16538164019584656,0.1984187215566635,-0.08195458352565765,0.028762971982359886,-0.4853571355342865,-0.12536153197288513,-0.18923422694206238,0.08183388411998749,0.01952195167541504,0.31330177187919617,0.036042530089616776,-0.1379031240940094,-0.4092119336128235,0.22339382767677307,0.005231023766100407,0.20119352638721466,-0.17811395227909088,-0.6577461957931519,-0.1786077469587326,0.2209409922361374,0.33056074380874634,-0.00959104485809803,0.1259605437517166,0.025590891018509865,-0.12956295907497406,-0.2721385657787323,0.03055512346327305,0.6316366791725159,-0.03615019470453262,-0.05064687132835388,0.2641196846961975,0.15114277601242065,0.2826640009880066,-0.55082106590271,-0.11250755935907364,0.3007696568965912,0.640184760093689,-0.3467658758163452,0.04043564945459366,0.09056951850652695,0.09416880458593369,-0.2732708752155304,-0.3633216917514801,0.40251970291137695,0.22351917624473572,0.014071935787796974,-0.19963642954826355,-0.1157597154378891,-0.006407774984836578,-0.6899732351303101,0.5292115211486816,-0.1217513307929039,0.15840502083301544,-0.45614391565322876,-0.42011189460754395,-0.052308809012174606,0.3291408121585846,-0.19684113562107086,0.06662257760763168,-0.11413387954235077,0.44851216673851013,-0.1299569308757782,-0.18450504541397095,-0.13438288867473602,-0.08293221890926361,-0.14700143039226532,-0.06681378185749054,0.09617044031620026,-0.08838123828172684,0.022082626819610596,-0.10682722181081772,0.6051302552223206,0.08037082105875015,-0.11801586300134659,-0.11436653137207031,0.25954413414001465,-0.06764401495456696,-0.6644079685211182,-0.09533917158842087,0.48436933755874634,0.2978338301181793,0.04716407507658005,0.06250723451375961,0.5334360003471375,0.38398653268814087,0.044296614825725555,-0.0787983387708664,-0.2625657916069031,-0.04440498724579811,-0.3361903131008148,-0.4275202751159668,-0.06293030083179474,0.9307182431221008,-0.11283226311206818,-0.21108949184417725,-0.23907510936260223,0.4486936628818512,-0.04419645667076111,0.2336706668138504,0.16589058935642242,-0.45168203115463257,0.21060197055339813,0.16547302901744843,0.08153165876865387,-0.6601150035858154,0.04945797845721245,0.5072200894355774,0.29851338267326355,0.011113864369690418,0.026702633127570152,-0.03229447081685066
CID000003168,437,-0.1254088282585144,0.001244428800418973,-0.07455334812402725,-0.11904239654541016,0.3719711899757385,0.28947144746780396,0.02798496186733246,0.07388640940189362,-0.273691326379776,-0.2528938353061676,-0.1281784027814865,-0.30349627137184143,0.06727166473865509,-0.12726084887981415,-0.03974092751741409,0.10691723972558975,0.0018184423679485917,0.30782395601272583,0.2611323297023773,0.0523928627371788,0.09007681906223297,0.18787510693073273,0.11380275338888168,0.042342670261859894,-0.03273185342550278,-0.05757012218236923,0.18239262700080872,-0.07928762584924698,-0.08874049782752991,0.24447135627269745,-0.04005143791437149,-0.22598810493946075,-0.13904234766960144,0.030997177585959435,-0.5195196866989136,-0.084694504737854,-0.1940813809633255,-0.23594503104686737,-0.049016207456588745,0.03188038617372513,0.05009417608380318,0.042151350528001785,-0.11058001220226288,-0.3048993647098541,0.10352517664432526,-0.16444526612758636,0.09359942376613617,0.17443038523197174,-0.26350122690200806,-0.07361997663974762,-0.15448348224163055,-0.004037361592054367,0.013420338742434978,-0.1358584612607956,0.06603118032217026,0.05457908660173416,-0.13593629002571106,-0.16196703910827637,0.09479884803295135,-0.05121516063809395,-1.0154093503952026,0.027934277430176735,-0.40458908677101135,0.323462575674057,-0.030927935615181923,0.051877766847610474,-0.03318037837743759,0.32123392820358276,0.02786647155880928,0.09908407926559448,0.016187172383069992,0.0034716210793703794,0.028167296200990677,-0.08111823350191116,0.14596284925937653,-0.010126891545951366,-0.016011346131563187,0.0378926545381546,0.22729286551475525,-0.16749653220176697,-0.1396661400794983,0.18761728703975677,-0.26091569662094116,-0.09237103909254074,-0.07545044273138046,-0.15067175030708313,-0.12272340059280396,-0.27135226130485535,0.23902933299541473,0.10238750278949738,0.10647459328174591,-0.04190509393811226,-0.0654468834400177,-0.017386458814144135,-0.46357470750808716,-0.04985484108328819,-0.25419867038726807,0.37339287996292114,0.06067948788404465,-0.28241032361984253,0.19020886719226837,0.14192749559879303,-0.14126522839069366,0.013161098584532738,-0.17063306272029877,0.02423292212188244,-0.33088764548301697,0.2516534924507141,-0.08417931199073792,0.09729530662298203,-0.12435412406921387,0.04107283800840378,0.2747623920440674,-0.01932409778237343,-0.05605655908584595,0.13695934414863586,-0.10865749418735504,-0.10969199985265732,0.10134555399417877,0.1668785810470581,-0.05025973170995712,-0.6039369702339172,0.013645130209624767,-0.24850018322467804,-0.38316792249679565,0.07733078300952911,0.0026752189733088017,0.26367470622062683,0.11764766275882721,-0.04314110055565834,-0.05719217658042908,0.12726138532161713,-0.5193794965744019,-0.248037189245224,0.1277911365032196,-0.22094199061393738,0.041758954524993896,0.0030599862802773714,-0.08918417990207672,0.1590231955051422,-0.10301890224218369,0.16549286246299744,0.01298013050109148,-0.06830845773220062,0.005532995797693729,0.11995692551136017,-0.15725621581077576,-0.10292869806289673,0.07957158982753754,0.14293330907821655,0.027773672714829445,0.04845917969942093,0.08451306819915771,0.0819210559129715,0.1323045939207077,0.09545132517814636,-0.19479212164878845,-0.3503289222717285,0.03747308999300003,0.10741166770458221,0.1910235583782196,-0.03658051788806915,-0.8452733755111694,0.04556795954704285,0.13392195105552673,0.2809257507324219,-0.15375342965126038,-0.23737916350364685,0.14807197451591492,-0.03636351600289345,-0.039830055087804794,0.013724093325436115,0.30694466829299927,0.060226935893297195,-0.034321852028369904,0.10945133864879608,-0.05591524764895439,0.10943420231342316,-0.538619875907898,0.004224156029522419,0.3094448447227478,0.2922481894493103,-0.009325736202299595,-0.033690549433231354,0.01016678474843502,-0.02367861196398735,-0.2028045356273651,0.07356436550617218,0.3645741641521454,-0.08401958644390106,0.09968544542789459,0.11443072557449341,-0.29613620042800903,-0.11794452369213104,-0.15318335592746735,0.21980175375938416,0.17658069729804993,0.08855003863573074,-0.08839114010334015,0.08615069836378098,-0.006679995451122522,-0.08081646263599396,-0.05810924619436264,0.21333031356334686,-0.13716813921928406,0.13015086948871613,-0.026411056518554688,-0.12905868887901306,-0.013386202976107597,0.18143515288829803,-0.022718053311109543,0.08129517734050751,-0.013433389365673065,-0.034992918372154236,0.16206678748130798,0.22982676327228546,0.3553466796875,0.231069877743721,-0.08744824677705765,-0.3446594178676605,-0.015847893431782722,-0.0522218719124794,-0.3095822334289551,0.0019139826763421297,0.23347878456115723,-0.06875598430633545,0.11976222693920135,-0.35590219497680664,0.6308454275131226,0.051226209849119186,-0.18663759529590607,-0.10883542150259018,-0.07111339271068573,-0.14397583901882172,-0.5526552796363831,-0.18368373811244965,-0.2011018991470337,0.10332677513360977,0.18399553000926971,-0.2115633189678192,-0.058216650038957596,-0.04464254528284073,0.06292636692523956,0.12436755746603012,-0.026623111218214035,-0.04316690191626549,0.135665625333786,-0.1810087263584137,-0.06617031246423721,-0.6492578387260437,0.10891427844762802,0.09655983000993729,0.2613227963447571,-0.08452823013067245,-0.03954949229955673,-0.011320218443870544
CID005493381,438,-0.011592676863074303,0.08403252065181732,-0.0517263300716877,-0.12305321544408798,0.29125314950942993,0.32348689436912537,0.19636739790439606,-0.21924039721488953,-0.30291134119033813,-0.075974240899086,-0.10160873830318451,-0.42954492568969727,0.07848519086837769,-0.15006281435489655,0.04519001767039299,0.052916526794433594,-0.16025765240192413,0.14563575387001038,0.03173504024744034,0.17189693450927734,0.024779200553894043,-0.0851140096783638,0.1580798178911209,-0.002405688166618347,0.09375344216823578,-0.058358483016490936,-0.02372092939913273,0.0739002674818039,-0.10842831432819366,0.24656251072883606,-0.11939225345849991,-0.10908879339694977,-0.0377562940120697,0.04279869794845581,-0.5174170136451721,-0.015499824658036232,-0.23958468437194824,-0.29387056827545166,-0.2692732512950897,-0.06677781045436859,0.04200213402509689,0.1039145365357399,-0.23516850173473358,-0.11150173842906952,0.2339407205581665,-0.017262037843465805,0.04212603718042374,-0.04762480407953262,-0.33836692571640015,-0.1564728319644928,-0.32307809591293335,0.018253589048981667,0.03203652426600456,-0.1152336448431015,0.00019215940847061574,0.00788928847759962,-0.19742262363433838,0.09529553353786469,-0.11053553968667984,0.0901254266500473,-1.0758565664291382,-0.07769912481307983,-0.4221002161502838,0.2504251301288605,0.048726052045822144,0.09408582746982574,-0.04918002709746361,0.25682082772254944,0.046752724796533585,-0.01271907240152359,-0.16855528950691223,-0.04142133146524429,0.020696591585874557,-0.030208725482225418,0.14424355328083038,-0.1465427428483963,0.026149233803153038,0.0992676243185997,0.18248257040977478,0.03570869565010071,-0.19159463047981262,0.17929884791374207,-0.15940910577774048,-0.06741287559270859,-0.08703514188528061,0.006574076600372791,-0.14200221002101898,-0.129442498087883,0.35495924949645996,0.025907406583428383,-0.05066394805908203,-0.18187768757343292,-0.4455547332763672,-0.048803556710481644,-0.4867784380912781,-0.11790508031845093,-0.1442507654428482,0.31427910923957825,0.005597701761871576,-0.2722788453102112,0.32998543977737427,0.12350217998027802,0.023146389052271843,0.06411651521921158,-0.06340690702199936,0.1358589380979538,-0.3965356647968292,0.25278186798095703,-0.11863098293542862,0.13247346878051758,0.01782320812344551,-0.10801361501216888,0.5441288948059082,-0.14049123227596283,0.11435047537088394,-0.007056409027427435,0.07085881382226944,-0.2409500628709793,0.019102806225419044,0.10262434184551239,-0.07213149219751358,-0.7075042128562927,-0.12050888687372208,-0.32536518573760986,-0.38238757848739624,0.08953080326318741,-0.05765221267938614,0.22255787253379822,0.04580552503466606,0.0016297772526741028,-0.019024353474378586,0.07028087228536606,-0.650950014591217,-0.35370582342147827,0.12195292860269547,-0.10382173210382462,0.26598769426345825,-0.15710881352424622,-0.06941351294517517,0.05274251848459244,-0.1535787135362625,0.2059253752231598,-0.06298348307609558,-0.11778388917446136,-0.05462847277522087,-0.07234223932027817,0.057287730276584625,0.09448542445898056,0.041125960648059845,-0.043866731226444244,0.014450776390731335,-0.003107428550720215,-0.03720668703317642,0.05927577614784241,-0.03337852284312248,0.03176527097821236,-0.1789139211177826,-0.33865708112716675,-0.015265149064362049,-0.008830600418150425,0.028769265860319138,-0.06545840948820114,-1.037015438079834,0.04741333797574043,0.17570286989212036,0.279856413602829,-0.20102092623710632,-0.1357412338256836,0.09779389947652817,-0.1314777284860611,-0.18383391201496124,-0.1025642529129982,0.20939597487449646,-0.13803143799304962,0.027459144592285156,-0.14343658089637756,-0.10325721651315689,0.2334337681531906,-0.459967702627182,-0.051352620124816895,0.12253905832767487,0.30417874455451965,0.11445103585720062,-0.05966879054903984,0.17083579301834106,-0.1762174665927887,-0.5487663149833679,-0.04024142771959305,0.39450570940971375,-0.19744610786437988,0.07656649500131607,-0.14915382862091064,-0.11127299070358276,-0.07882876694202423,-0.09933318942785263,0.43743982911109924,0.16986510157585144,-0.1344386786222458,-0.12738560140132904,0.17033925652503967,-0.038554947823286057,-0.201543927192688,-0.1827818602323532,0.24785585701465607,-0.05220862478017807,0.1489412486553192,0.015054643154144287,-0.21786725521087646,0.016014764085412025,0.11667843163013458,0.024029210209846497,0.0250970721244812,-0.07923229783773422,-0.09895923733711243,0.291637122631073,0.12355242669582367,0.3349441885948181,0.17171619832515717,-0.18795356154441833,-0.264313280582428,0.1437523066997528,-0.02375432476401329,-0.6580928564071655,0.09898436814546585,0.29920095205307007,-0.18701396882534027,0.11860247701406479,-0.3770149350166321,0.6902014017105103,-0.014090877957642078,-0.15699119865894318,-0.21826305985450745,0.024084432050585747,-0.12978310883045197,-0.4806777536869049,-0.23603880405426025,-0.20241820812225342,0.030869562178850174,0.0730135515332222,-0.23239488899707794,-0.12296074628829956,0.03887544572353363,0.077888123691082,0.046264685690402985,-0.09851349145174026,-0.16549275815486908,0.10015934705734253,-0.16212570667266846,-0.09788747876882553,-0.7374902963638306,-0.08410201966762543,0.08128323405981064,0.22908775508403778,-0.12225019931793213,0.0692167654633522,0.02488660253584385
CID000002646,439,0.1522788256406784,-0.29790085554122925,-0.07780259102582932,-0.39811161160469055,0.8582212328910828,0.25302019715309143,0.27306368947029114,0.08498243242502213,-0.32408642768859863,0.058616381138563156,-0.0868055671453476,-0.3020297884941101,-0.06765346229076385,-0.03058946691453457,-0.11505333334207535,-0.10562749207019806,0.07676392793655396,0.219553142786026,-0.3872140944004059,-0.2142573893070221,0.17863468825817108,-0.17207741737365723,0.2271774262189865,-0.328083872795105,0.004811947233974934,-0.23884868621826172,0.2365964949131012,-0.2710447311401367,0.140574112534523,0.20517723262310028,-0.3298869729042053,0.2140224426984787,-0.42793434858322144,-0.03202740103006363,-0.5228844881057739,0.25249603390693665,-0.4735793471336365,-0.2577225863933563,-0.08684241771697998,-0.0195007286965847,-0.11434175819158554,-0.3041766881942749,-0.2078973352909088,0.06322158873081207,0.3018331229686737,-0.030595341697335243,-0.10202129930257797,-0.2416948825120926,-0.04169332608580589,0.034999117255210876,-0.8108542561531067,-0.13217052817344666,0.08097122609615326,-1.2089691162109375,0.030873697251081467,-0.3559810519218445,0.1684623509645462,-0.06403045356273651,1.051628828048706,-0.30777961015701294,-1.0601680278778076,0.11286113411188126,-0.03406864032149315,0.45671263337135315,-0.07437105476856232,-0.40730977058410645,-0.5069756507873535,0.3842816948890686,0.22244541347026825,-0.19053040444850922,-0.6847992539405823,0.2930375039577484,-0.02478315867483616,-0.12268082797527313,0.5751909613609314,-0.23819008469581604,0.12153462320566177,0.04197698086500168,-0.00878148339688778,0.31920093297958374,-0.1389685571193695,-0.0021371990442276,0.23228242993354797,-0.008951897732913494,0.028271591290831566,0.09357985109090805,0.05971325561404228,0.15207380056381226,0.7605220675468445,0.2689478397369385,-0.06727756559848785,0.22762930393218994,-0.2227376401424408,0.06539160013198853,-0.733069121837616,0.07549121975898743,-0.10703636705875397,0.4982674717903137,-0.18859855830669403,0.025917882099747658,0.3863341212272644,0.5108702182769775,0.05638419836759567,0.3149263858795166,-0.02372051402926445,-0.06849728524684906,-0.41918832063674927,0.15747568011283875,-0.30212709307670593,0.6188454627990723,-0.40706881880760193,-0.1719927340745926,0.26624295115470886,-0.15712806582450867,0.0858057290315628,-0.004268427845090628,-0.048686809837818146,-0.05780962109565735,0.09727336466312408,0.0030266791582107544,0.2583961486816406,-1.2041641473770142,0.1880854219198227,-0.29187139868736267,-0.485111802816391,0.027713973075151443,0.07065954059362411,0.35713303089141846,-0.02704199030995369,-0.2301645576953888,0.13933561742305756,0.4584484100341797,-0.7265287637710571,-0.2350381314754486,0.012686153873801231,-0.24750418961048126,0.5381327271461487,-0.3325919508934021,0.1229608803987503,0.10428210347890854,0.3516071140766144,0.524498701095581,0.10580899566411972,0.0644034668803215,0.15574559569358826,0.17309531569480896,0.11536695063114166,-0.10912122577428818,0.2432456910610199,0.07277251780033112,-0.14775356650352478,0.17448459565639496,-0.038623467087745667,0.16692940890789032,0.07939217984676361,0.08356565982103348,0.09203348308801651,-0.11043266206979752,-0.13802704215049744,-0.08502481132745743,0.46610531210899353,0.101659394800663,-1.1837555170059204,-0.14167311787605286,0.3779465854167938,0.21482506394386292,0.015491967089474201,0.45263004302978516,0.19072064757347107,0.15327751636505127,-0.228175088763237,-0.31688132882118225,0.5763198137283325,0.26537126302719116,-0.02856002189218998,-0.09095929563045502,0.11808542907238007,-0.0912339836359024,-0.15278589725494385,-0.028238240629434586,-0.07183017581701279,0.0631604939699173,-0.12748923897743225,-0.41793861985206604,-0.042678311467170715,-0.19936984777450562,-0.1291988044977188,0.08989903330802917,0.7135952711105347,0.003422150854021311,0.13742691278457642,-0.4505818784236908,-0.1316814422607422,0.1684204488992691,-0.05771712213754654,0.5579367280006409,0.27756839990615845,0.007277647964656353,-0.37662315368652344,-0.26333045959472656,-0.1082388162612915,-0.34167852997779846,-0.3318047523498535,0.06541164964437485,-0.20550039410591125,0.1148219108581543,-0.013028213754296303,-0.37653765082359314,-0.16026630997657776,0.14969207346439362,0.33685988187789917,-0.0393197163939476,-0.027888203039765358,-0.07715152949094772,1.4928715229034424,0.032026346772909164,0.8209971189498901,0.10207921266555786,-0.016315311193466187,0.08106288313865662,0.11968851089477539,0.2069965898990631,-0.7628825902938843,0.03623109683394432,0.2824607789516449,0.3738475441932678,-0.37075960636138916,-0.700203537940979,0.9967690706253052,0.4376482367515564,-0.10441587120294571,-0.7139936685562134,0.23986728489398956,0.09297702461481094,-0.4592766761779785,-0.1566319763660431,-0.20343534648418427,0.03794056922197342,-0.2937631607055664,-0.08319508284330368,-0.1925419121980667,0.21590092778205872,0.17776833474636078,0.010275939479470253,0.029008418321609497,-0.922084629535675,0.2845691740512848,0.011461607180535793,0.013737538829445839,-0.8982566595077515,0.10423703491687775,0.23708108067512512,0.385000079870224,-0.049391843378543854,0.014637911692261696,0.18247714638710022
CID000003310,442,-0.10812852531671524,0.1365853250026703,0.14100798964500427,-0.1773298680782318,0.512230396270752,0.2671593725681305,-0.03356116637587547,0.044706813991069794,-0.20746462047100067,-0.38771170377731323,-0.0044563887640833855,-0.6913918852806091,0.17290541529655457,-0.18382252752780914,-0.30898919701576233,-0.13592803478240967,0.07029078900814056,-0.17127929627895355,0.19329091906547546,-0.07190438359975815,0.09628065675497055,0.03157748281955719,0.02736697718501091,0.19714193046092987,0.022153455764055252,-0.20238347351551056,0.24993571639060974,0.019043484702706337,0.053700704127550125,0.4928736686706543,-0.21685731410980225,0.22590231895446777,0.1963445395231247,0.029351454228162766,-0.6396167278289795,-0.07228974997997284,-0.2515314221382141,-0.21108070015907288,-0.29185062646865845,-0.08887689560651779,-0.06623439490795135,0.05422890931367874,-0.36705461144447327,0.1631007343530655,0.3627018332481384,0.06708817929029465,0.22489666938781738,0.0743013471364975,0.07489410042762756,-0.2627275586128235,-0.5349292159080505,0.061474479734897614,-0.22860769927501678,-0.14640727639198303,0.17916594445705414,-0.004985274281352758,-0.16002583503723145,-0.09298956394195557,0.425304114818573,0.046615686267614365,-0.9065039753913879,0.18336573243141174,-0.3780151307582855,0.11300650984048843,-0.10728245973587036,0.20719382166862488,-0.15035612881183624,0.44537287950515747,0.12953443825244904,-0.14508645236492157,0.03543991222977638,0.02214829996228218,-0.02732502855360508,0.21589061617851257,0.22220022976398468,0.14851047098636627,-0.0065877558663487434,0.3064289689064026,0.18159154057502747,-0.13118165731430054,-0.10095222294330597,-0.09177764505147934,-0.033750515431165695,-0.11143775284290314,-0.052230797708034515,-0.03168147802352905,-0.2539161443710327,0.22741058468818665,0.26322096586227417,0.19838029146194458,-0.07434350252151489,-0.13188926875591278,0.013732594437897205,-0.16764149069786072,-0.49106544256210327,-0.0579458586871624,0.0458015538752079,0.11099444329738617,0.08493639528751373,-0.24175798892974854,0.15274745225906372,0.3330114781856537,-0.31525546312332153,0.16038374602794647,-0.19074705243110657,-0.03095034882426262,-0.48214298486709595,0.2843795716762543,0.2772141695022583,0.18706394731998444,0.16839244961738586,0.06327776610851288,0.14042016863822937,0.1561826765537262,0.1818462312221527,0.0972617119550705,0.05884472280740738,-0.5744017362594604,0.10779809951782227,-0.053485821932554245,0.06951640546321869,-0.7616539597511292,-0.3482472002506256,-0.20156309008598328,-0.22234436869621277,0.23852214217185974,0.13588596880435944,0.22812846302986145,0.20110850036144257,0.06857408583164215,0.18358173966407776,-0.05980714038014412,-0.528869092464447,-0.26930513978004456,-0.07644187659025192,0.017079327255487442,0.1810844987630844,-0.33067020773887634,-0.08362999558448792,-0.4078257083892822,-0.04916053265333176,0.13274849951267242,0.23113027215003967,-0.07424839586019516,-0.16242296993732452,-0.05851095914840698,-0.16342784464359283,-0.084797203540802,0.10026974976062775,-0.06474417448043823,0.0024066418409347534,-0.15918445587158203,-0.22376826405525208,0.0531487837433815,0.23293888568878174,-0.10208716243505478,-0.10534922778606415,-0.5169313549995422,-0.16492511332035065,0.08228849619626999,-0.2092173844575882,-0.10851510614156723,-0.8292902112007141,0.07783616334199905,0.524492084980011,0.0844719260931015,-0.28165167570114136,0.10040602833032608,-0.2651898264884949,0.14163321256637573,-0.14651353657245636,-0.335052490234375,0.4125002920627594,-0.0981697291135788,0.09187397360801697,-0.0658218190073967,0.10669907182455063,0.1281033456325531,-0.37759512662887573,-0.03931872546672821,0.34019744396209717,0.13635103404521942,0.27371934056282043,0.1360739916563034,-0.062245238572359085,-0.06527017802000046,-0.022518033161759377,-0.18181368708610535,0.5498698949813843,0.02572905644774437,0.1771898716688156,-0.27372390031814575,-0.08579087257385254,-0.19149410724639893,-0.17837965488433838,0.2530600428581238,-0.003566490951925516,-0.13399703800678253,-0.6414870023727417,-0.0834517702460289,0.03910399228334427,-0.14637556672096252,-0.25038838386535645,0.024039825424551964,-0.0032172531355172396,0.11227051168680191,-0.2301863729953766,-0.14798226952552795,-0.28786176443099976,-0.10675235092639923,0.16910871863365173,0.2503853440284729,-0.062049537897109985,0.1157860979437828,0.22669658064842224,-0.26108288764953613,0.5110341906547546,0.3189484477043152,-0.04056728258728981,-0.026415884494781494,0.054727036505937576,-0.10528720915317535,-0.4668790400028229,0.018766112625598907,0.1963716447353363,-0.1314089000225067,0.1414862424135208,-0.352741539478302,0.9416245222091675,0.24914801120758057,-0.2051256000995636,-0.06862052530050278,-0.13267579674720764,0.14058467745780945,-0.5451127886772156,-0.3505255877971649,0.18217706680297852,0.0988764837384224,0.2734048664569855,0.06637679040431976,-0.4887006878852844,-0.13711777329444885,-0.1389988213777542,0.10968245565891266,-0.1414203941822052,-0.027540067210793495,0.2546573281288147,-0.0009718239307403564,0.2582927346229553,-0.7806717157363892,-0.2380668669939041,0.4024738669395447,0.266725093126297,-0.1656896471977234,0.025520149618387222,-0.007707794662564993
CID000071158,443,0.041669778525829315,0.05659238249063492,-0.292352557182312,0.028342533856630325,0.5820340514183044,0.18640018999576569,-0.40872877836227417,0.17399641871452332,-0.11430279910564423,0.1015373021364212,0.09752782434225082,-0.4583412706851959,0.13586945831775665,-0.10515127331018448,-0.40209001302719116,-0.27621883153915405,0.17365428805351257,-0.09844525903463364,0.024532759562134743,-0.08846452087163925,0.06055307388305664,-0.03558548539876938,0.0891951471567154,0.17238719761371613,-0.014715319499373436,-0.3194546401500702,0.047436077147722244,-0.1202828660607338,0.13223791122436523,0.4953453540802002,-0.18394872546195984,-0.18097159266471863,0.05006716400384903,0.0408477857708931,-0.5699366927146912,0.2021797150373459,-0.1715492308139801,-0.13389869034290314,-0.2762190103530884,0.10798897594213486,0.0026690722443163395,-0.1375395804643631,-0.10012955963611603,-0.22555775940418243,0.47358793020248413,0.36814406514167786,0.12301166355609894,0.08780265599489212,-0.08729249238967896,-0.12633143365383148,-0.9486583471298218,0.14428851008415222,-0.23958739638328552,-0.1741640269756317,0.12972486019134521,0.06100885197520256,0.0431484654545784,0.09832794219255447,0.5461786985397339,0.23711338639259338,-0.7981623411178589,0.12757079303264618,-0.2263675183057785,0.1444842666387558,0.11021403968334198,0.3718220591545105,-0.09262862801551819,0.1623624563217163,-0.18444618582725525,-0.017882302403450012,-0.2809463441371918,0.19185522198677063,-0.44184303283691406,-0.30102142691612244,0.2979523241519928,-0.020618246868252754,-0.1920192688703537,0.4245681166648865,0.203923299908638,-0.2982977628707886,-0.10907194763422012,-0.42264431715011597,-0.04169768840074539,-0.014529791660606861,-0.06168463081121445,0.1955895721912384,-0.049114156514406204,0.34153833985328674,0.528814435005188,-0.09765226393938065,-0.19030220806598663,0.07921960204839706,0.1842184066772461,0.0331551656126976,-0.5704070329666138,0.03991507366299629,-0.1228092685341835,0.2923881709575653,0.09836860001087189,0.014370608143508434,0.33437126874923706,0.06745314598083496,-0.19301624596118927,0.19155043363571167,0.010550251230597496,0.12138049304485321,-0.48058801889419556,0.09800641983747482,-0.00657610734924674,0.09570643305778503,0.14746567606925964,-0.4141169488430023,0.2908753752708435,0.016015678644180298,0.036367811262607574,-0.21409091353416443,-0.02660331130027771,-0.45402759313583374,0.26375681161880493,-0.04877293109893799,-0.052963484078645706,-0.7219008207321167,0.2729530930519104,-0.3977125585079193,-0.46122851967811584,-0.22719040513038635,-0.03172001615166664,0.3291805386543274,-0.06416969001293182,0.14278118312358856,-0.34048718214035034,0.015739882364869118,-0.3290846049785614,-0.3050558269023895,-0.34981808066368103,-0.48969244956970215,0.6244982481002808,-0.6997543573379517,0.061757612973451614,-0.10724415630102158,0.11070077121257782,0.19780582189559937,0.12541434168815613,-0.16331593692302704,0.13448208570480347,-0.16318055987358093,0.17864283919334412,0.1560240536928177,0.17284896969795227,-0.0897594466805458,-0.10700377076864243,0.02975822612643242,0.03393471986055374,-0.036595992743968964,0.09857671707868576,-0.04045591130852699,-0.1949605643749237,-0.43122729659080505,0.03961461782455444,0.1341724842786789,-0.0019300207495689392,0.021556619554758072,-0.9666715860366821,-0.2541973292827606,0.6768508553504944,0.17128777503967285,-0.40030980110168457,-0.0680563747882843,0.17043963074684143,-0.020450904965400696,-0.061401136219501495,0.016575461253523827,0.20946314930915833,-0.203116774559021,-0.05689820647239685,0.2714824974536896,0.041880734264850616,0.09326915442943573,-0.3670101761817932,-0.15427175164222717,0.209272101521492,0.20507857203483582,0.03767203912138939,-0.007257145829498768,-0.03980731591582298,-0.2454269677400589,-0.14159376919269562,-0.229956716299057,0.6749587059020996,0.07428040355443954,0.1504743993282318,-0.7179298400878906,-0.20086944103240967,-0.4688309133052826,-0.2803613245487213,0.6414016485214233,-0.2063176929950714,-0.09744065254926682,-0.2500010132789612,-0.21595942974090576,-0.31314021348953247,-0.1459779590368271,-0.3873278498649597,0.2967868745326996,0.010442681610584259,0.17982342839241028,-0.17974738776683807,-0.007208538241684437,-0.3816458284854889,-0.27908357977867126,0.25228995084762573,0.19335827231407166,-0.02667067013680935,-0.2963077127933502,0.31440484523773193,-0.34734711050987244,0.6202146410942078,-0.21691441535949707,-0.22107592225074768,-0.13035479187965393,-0.022377721965312958,0.10304854810237885,-0.6074970960617065,0.1625676304101944,0.35748761892318726,-0.3344349265098572,0.13973484933376312,-0.452477365732193,0.9326512217521667,-0.10638846457004547,-0.35259661078453064,-0.06594693660736084,0.21794000267982483,0.02258807048201561,-0.5793927907943726,-0.14381584525108337,-0.30011680722236633,0.14156284928321838,0.0999358668923378,-0.3578692078590393,-0.2806203067302704,0.08302755653858185,0.08964917808771133,-0.13005712628364563,0.05436689779162407,-0.4739407002925873,0.20853611826896667,0.1589812934398651,-0.010386541485786438,-0.7316572070121765,0.04566635563969612,0.09998215734958649,0.20997361838817596,0.28841105103492737,-0.15626780688762665,-0.0038739293813705444
CID000004449,446,-0.08042195439338684,-0.033736180514097214,0.09288160502910614,-0.1482217162847519,0.39923205971717834,0.2589884400367737,0.18231168389320374,0.032799530774354935,-0.2858683466911316,-0.27163606882095337,-0.0918922871351242,-0.37709739804267883,0.07423211634159088,-0.106142058968544,0.24125182628631592,0.06951608508825302,-0.030297812074422836,0.23553065955638885,0.033714521676301956,0.06278001517057419,-0.06917992979288101,0.12629052996635437,0.06182460859417915,-0.0023812621366232634,0.10385893285274506,-0.03258446976542473,-0.1405823975801468,0.0026228725910186768,-0.06942933797836304,0.18817482888698578,-0.08396672457456589,-0.08959291875362396,-0.17251060903072357,0.05305293947458267,-0.4124421179294586,-0.055999238044023514,-0.2465723752975464,-0.30608054995536804,-0.17616301774978638,-0.04605170339345932,0.07046374678611755,0.18443910777568817,-0.21852870285511017,-0.3050442337989807,0.15408912301063538,-0.08300836384296417,0.04611007124185562,0.1127290353178978,-0.25315213203430176,-0.07755805552005768,-0.1756545901298523,0.14347748458385468,-0.11491624265909195,-0.19377698004245758,0.07003898918628693,-0.14022299647331238,-0.060221731662750244,0.07966770976781845,0.0442977175116539,-0.10639343410730362,-0.9920891523361206,0.07992061227560043,-0.3806917071342468,0.2706747353076935,0.07501713931560516,0.15547002851963043,0.02594061568379402,0.24135155975818634,0.033411409705877304,0.05083950236439705,-0.04145051911473274,-0.0342906229197979,-0.08023581653833389,-0.03865896910429001,0.10103638470172882,-0.09879796206951141,-0.06442320346832275,0.1105324849486351,0.23661291599273682,0.054343514144420624,-0.16580799221992493,0.1032012552022934,-0.3064384460449219,-0.21329471468925476,-0.12920498847961426,-0.09606577455997467,-0.15443608164787292,-0.21056802570819855,0.29587647318840027,0.11864583194255829,-0.08744759857654572,-0.14341020584106445,-0.1939730942249298,0.03579576313495636,-0.4571072459220886,0.0066508823074400425,-0.25520044565200806,0.3120574355125427,0.07171636819839478,-0.2083824872970581,0.1705370843410492,0.15086859464645386,-0.12498680502176285,0.2895077168941498,-0.15444645285606384,0.05460318177938461,-0.30954137444496155,0.26767268776893616,-0.03911410644650459,0.04844073951244354,-0.00855939369648695,-0.09927399456501007,0.4295042157173157,-0.06618280708789825,0.08682005852460861,0.2129133641719818,-0.10558494180440903,-0.16315358877182007,0.13153088092803955,0.04493309184908867,-0.22957220673561096,-0.5961828827857971,-0.062133677303791046,-0.33322402834892273,-0.39172792434692383,0.12687137722969055,-0.07419523596763611,0.3170768618583679,0.13053040206432343,0.07855232059955597,0.1627284586429596,0.1021106019616127,-0.5618167519569397,-0.31311917304992676,0.23278000950813293,-0.13649649918079376,0.19942297041416168,0.0310496985912323,-0.15930692851543427,0.15181806683540344,-0.10127593576908112,0.03133199363946915,-0.16657742857933044,-0.045218147337436676,0.05030335113406181,-0.0646594762802124,0.04224585369229317,0.022207966074347496,-0.14624348282814026,0.09699975699186325,-0.11298729479312897,0.07628298550844193,-0.04094929248094559,0.058947186917066574,-0.15595562756061554,-0.02249845862388611,-0.1228414997458458,-0.26213422417640686,-0.05481477454304695,0.0547996386885643,0.21299776434898376,-0.03997945040464401,-0.9436650276184082,-0.016771631315350533,0.1516057550907135,0.32971495389938354,-0.20124144852161407,-0.12424644082784653,0.17654778063297272,-0.12077929824590683,-0.19330565631389618,-0.07943413406610489,0.28616204857826233,-0.060289621353149414,-0.10819332301616669,-0.04106738418340683,-0.06772597134113312,0.08069749176502228,-0.5736638307571411,-0.11591529846191406,0.22013911604881287,0.20923081040382385,0.0841558650135994,-0.13072045147418976,0.08887576311826706,0.029491614550352097,-0.33430609107017517,0.03430630639195442,0.31198763847351074,-0.04308062419295311,0.11156634241342545,0.03526097908616066,-0.1493769884109497,-0.13258494436740875,-0.17936675250530243,0.2971007823944092,0.12802138924598694,-0.02654598280787468,-0.10896623134613037,0.17818525433540344,-0.07914088666439056,-0.15633638203144073,-0.19239377975463867,0.22869476675987244,-0.08385764062404633,0.1392965316772461,-0.08158767223358154,-0.3408206105232239,-0.12488625198602676,0.12993916869163513,-0.07689573615789413,0.21775197982788086,-0.04549599811434746,-0.0011150569189339876,0.40840235352516174,0.10716386139392853,0.285194456577301,0.24738450348377228,-0.1349659562110901,-0.35142865777015686,-0.01709056831896305,-0.05600236728787422,-0.3814393877983093,0.02023625373840332,0.33765989542007446,-0.11496885120868683,0.09988173842430115,-0.2532137334346771,0.6552322506904602,-0.007744270376861095,-0.268415242433548,-0.13185390830039978,-0.049859482795000076,-0.11427812278270721,-0.3819204866886139,-0.24188876152038574,-0.26004892587661743,0.11485151201486588,0.13044846057891846,-0.23295657336711884,0.007858453318476677,0.01538616418838501,0.0578579306602478,0.10254859924316406,-0.04682456701993942,-0.1645471304655075,0.06844232976436615,-0.0814434364438057,-0.03669796139001846,-0.627277135848999,-0.0479181744158268,-0.04633639007806778,0.1826491802930832,-0.19221071898937225,0.10351936519145966,-0.07570341974496841
CID000001117,449,0.1892414540052414,0.007629662752151489,-0.18445011973381042,-0.1987682580947876,1.0077247619628906,0.3021828532218933,-0.14442671835422516,0.06229636073112488,-0.28789258003234863,0.11489693820476532,0.14010438323020935,-0.42793840169906616,-0.39651381969451904,-0.13880158960819244,-0.06623109430074692,0.15021321177482605,-0.21780362725257874,-0.062386106699705124,0.11405543982982635,0.13177809119224548,-0.26680657267570496,-0.00012482404417824,-0.059803206473588943,0.1557110846042633,-0.046873174607753754,0.15577372908592224,-0.028098726645112038,-0.40836960077285767,0.04876966029405594,0.47826576232910156,-0.17057956755161285,-0.33869966864585876,0.5929930806159973,0.06603981554508209,-0.6874204874038696,0.5511876940727234,-0.7593894004821777,-0.21025080978870392,0.25732356309890747,0.2598673403263092,0.07020913064479828,-0.02445242926478386,-0.1783401221036911,-0.048487428575754166,0.2630665898323059,0.26359260082244873,0.18760395050048828,0.07903273403644562,-0.06969298422336578,0.1053864136338234,-0.12697382271289825,-0.21769550442695618,-0.567205548286438,-0.6236588358879089,-0.1649288386106491,0.0994521975517273,-0.20940566062927246,0.11740271747112274,0.746255099773407,0.16065238416194916,-1.1708014011383057,0.07647714763879776,-0.06127225235104561,0.24701881408691406,-0.04553530365228653,-0.06795106083154678,-0.40433716773986816,0.07749420404434204,-0.056625477969646454,0.06548373401165009,-0.21413107216358185,0.16151085495948792,0.019955266267061234,-0.3171311616897583,0.6514008045196533,0.09837713837623596,-0.09466980397701263,0.060428351163864136,0.5372883081436157,-0.8006514310836792,-0.20861096680164337,0.15070530772209167,0.25636404752731323,-0.15870189666748047,0.166079580783844,-0.0070190755650401115,-0.17597809433937073,-0.10427279770374298,0.8245290517807007,0.23036880791187286,-0.13951154053211212,0.03759652376174927,-0.19192644953727722,-0.10478325188159943,-0.47554296255111694,0.09359870105981827,-0.07333305478096008,0.38666409254074097,-0.06459534168243408,-0.1538681536912918,0.6218416094779968,-0.18182003498077393,0.013171672821044922,0.39317139983177185,0.11589516699314117,0.08764655888080597,-0.4861055016517639,0.23035220801830292,0.013270395807921886,0.3672134280204773,-0.6026536822319031,-0.12078893184661865,0.23117831349372864,-0.02405211701989174,0.3764569163322449,-0.08222436159849167,-0.25979360938072205,-1.1497493982315063,0.07185676693916321,0.005751809570938349,0.02734856680035591,-0.9336794018745422,-0.16697324812412262,-0.388441801071167,-0.5139213800430298,-0.18095949292182922,-0.04527502506971359,0.41657987236976624,-0.1896025389432907,0.06826676428318024,-0.03570949286222458,0.020446639508008957,-0.4751833975315094,-0.4334383010864258,-0.12938742339611053,-0.26574310660362244,0.8503029942512512,-0.31465548276901245,0.14775016903877258,-0.13719838857650757,0.49715137481689453,0.417672723531723,-0.1575959473848343,0.12081502377986908,-0.07141972333192825,-0.15804322063922882,-0.22205615043640137,0.2894729971885681,0.30199870467185974,-0.12849655747413635,-0.12290383875370026,-0.14471636712551117,-0.12726052105426788,-0.20578190684318542,0.10732801258563995,-0.27113842964172363,-0.09341931343078613,-0.5280009508132935,-0.2330516278743744,0.2815761864185333,-0.09771208465099335,-0.04327670857310295,-0.8688672184944153,-0.34415358304977417,0.4031994342803955,0.43517717719078064,0.05981696397066116,0.35723546147346497,0.38464099168777466,0.09703246504068375,-0.30319350957870483,-0.5797556042671204,0.4470541477203369,-0.19669996201992035,0.16949333250522614,-0.062422990798950195,0.08110710233449936,-0.05250345543026924,-0.2868942618370056,0.04879012703895569,0.5214478373527527,0.2517112195491791,0.03379260376095772,-0.09737282991409302,-0.03391115367412567,-0.24520091712474823,-0.3256204128265381,-0.2375282347202301,0.5955661535263062,0.17327462136745453,0.09380851686000824,-0.7971718311309814,0.1165323257446289,-0.0798858031630516,0.04677406698465347,0.5340045690536499,0.07789049297571182,-0.13591638207435608,-0.6747981309890747,-0.22354917228221893,-0.17252805829048157,0.15399160981178284,-0.44085830450057983,-0.1454692929983139,0.0624227449297905,0.3125854432582855,-0.529415488243103,0.11827162653207779,-0.20797176659107208,-0.0033340007066726685,0.5270388722419739,-0.10337390750646591,0.0046464442275464535,0.2208031415939331,0.5508455038070679,0.18447627127170563,0.8458948135375977,0.2167341262102127,-0.07020170986652374,-0.13569097220897675,0.21070945262908936,0.03539535403251648,-0.9937934875488281,-0.062464989721775055,0.1885138750076294,0.0002542257425375283,-0.20615775883197784,-0.3591497540473938,0.9964090585708618,-0.1378854215145111,0.0048052845522761345,-0.01869131624698639,-0.2587593197822571,-0.23300445079803467,-0.36601728200912476,-0.15607161819934845,0.007418572902679443,0.1822802722454071,0.02910592593252659,-0.16315783560276031,-1.3078196048736572,-0.01612113043665886,-0.03495468199253082,0.08745712041854858,0.20372338593006134,-0.5864970684051514,0.4178500175476074,-0.1757807731628418,-0.09301896393299103,-0.9398277997970581,5.359649730962701e-05,0.38759127259254456,0.49823132157325745,0.10680918395519257,-0.023622792214155197,0.17911477386951447
CID000004894,450,-0.1643674373626709,0.003658512607216835,0.056555140763521194,-0.1359376162290573,0.18823935091495514,0.47768935561180115,0.22091738879680634,0.04543326422572136,-0.4704427123069763,-0.1921224594116211,0.10029272735118866,-0.4874373972415924,0.21562159061431885,-0.4072743356227875,0.14290064573287964,0.09513290971517563,0.11926567554473877,0.3013925552368164,-0.4807974398136139,-0.23608413338661194,-0.09632795304059982,-0.2014753520488739,0.1360689401626587,0.1673448383808136,0.06830402463674545,-0.0426572784781456,0.02785170078277588,0.018459733575582504,-0.022481316700577736,0.46336403489112854,0.20563837885856628,-0.0999290943145752,-0.2718803286552429,-0.011202597990632057,-0.21258969604969025,-0.020284567028284073,-0.08897904306650162,-0.3440907895565033,-0.0736580565571785,0.14877165853977203,0.21011090278625488,0.14547452330589294,-0.10048089921474457,0.031988680362701416,0.3004947304725647,-0.11460775136947632,-0.026169395074248314,-0.19366466999053955,-0.2610265612602234,-0.0655183419585228,-0.24147391319274902,0.22185854613780975,-0.33800646662712097,-0.32580217719078064,-0.009970376268029213,-0.10464334487915039,-0.018063783645629883,0.05059124901890755,0.4095521867275238,0.04611266776919365,-0.8477736711502075,0.039295293390750885,-0.12550607323646545,0.34608548879623413,0.06851685047149658,-0.03555725887417793,-0.2071649581193924,0.01498379372060299,0.08222951740026474,-0.22132320702075958,-0.44496187567710876,0.321052610874176,-0.09208043664693832,-0.10462872684001923,0.23720380663871765,0.2150673121213913,-0.0765577107667923,0.2689398229122162,0.21239805221557617,0.07115129381418228,-0.1523354947566986,-0.0149968471378088,-0.1446853131055832,-0.05190291255712509,-0.04181843250989914,0.07239164412021637,-0.4230992794036865,0.017206167802214622,0.3240787386894226,0.0066156527027487755,0.028191518038511276,-0.2059139758348465,0.02293642982840538,-0.062060702592134476,-0.32342907786369324,-0.170291468501091,-0.17503809928894043,0.3633876442909241,0.10538636147975922,-0.34129610657691956,0.09354499727487564,0.10328035056591034,-0.09525173902511597,0.13590429723262787,-0.23137164115905762,0.15265247225761414,-0.2695229649543762,0.2737000286579132,-0.10126831382513046,0.13291312754154205,0.26004740595817566,0.20609262585639954,0.10395868122577667,0.016844354569911957,-0.010759243741631508,-0.0018761068349704146,-0.29161781072616577,-0.12625309824943542,0.31859785318374634,-0.5280638933181763,-0.34735602140426636,-0.5815137624740601,-0.23027439415454865,0.0771990716457367,-0.28432145714759827,0.20751675963401794,0.01636846363544464,0.4056571424007416,0.3612307608127594,0.02950175106525421,-0.09444873034954071,0.0026174024678766727,-0.5736903548240662,-0.3241325616836548,0.2668408155441284,-0.12443119287490845,0.11390022933483124,-0.13976216316223145,-0.03591032698750496,-0.25693196058273315,0.08841167390346527,0.1386871635913849,0.05422151833772659,0.02825671061873436,0.011546763591468334,0.21523313224315643,0.3904721140861511,-0.09024618566036224,-0.10454082489013672,-0.12818452715873718,0.0348634235560894,-0.21850042045116425,-0.21077685058116913,0.08454301208257675,0.1417340189218521,0.09484051167964935,0.001358994864858687,-0.3917480409145355,0.2258775234222412,-0.11457748711109161,0.37779825925827026,-0.08220331370830536,-0.7860513925552368,-0.23583802580833435,0.37297946214675903,0.30577707290649414,0.044949062168598175,0.15107537806034088,0.19598546624183655,-0.1486477553844452,-0.12374075502157211,0.08190635591745377,0.4627785086631775,0.1948418915271759,0.05734337121248245,-0.37347185611724854,-0.06683804094791412,0.196159228682518,-0.47196826338768005,-0.12997250258922577,0.19131672382354736,0.4189724922180176,-0.025008654221892357,-0.2332906723022461,0.09178293496370316,0.19344106316566467,-0.1167561262845993,-0.07955566793680191,0.3712765574455261,0.07772278040647507,0.16032958030700684,-0.05259934812784195,-0.12370145320892334,0.005457398481667042,-0.25963902473449707,0.5631459951400757,-0.11083704233169556,-0.12510789930820465,-0.15633825957775116,-0.3157869577407837,-0.022222166880965233,0.06862203776836395,-0.3051808178424835,0.22564521431922913,0.07413984835147858,0.31913623213768005,0.03469568490982056,-0.24103620648384094,-0.211683988571167,0.05705510452389717,-0.05337117984890938,-0.021942900493741035,0.0447765477001667,-0.20275333523750305,-0.026946935802698135,-0.04889964312314987,0.5460638999938965,0.08214984834194183,0.058088697493076324,-0.22802770137786865,-0.02279440313577652,-0.11140169948339462,-0.6198664903640747,0.1449243426322937,0.23015017807483673,-0.11410647630691528,0.19880405068397522,-0.30143436789512634,0.7035640478134155,0.050733231008052826,-0.24856846034526825,-0.13223282992839813,-0.016296248883008957,0.12894070148468018,-0.37334999442100525,-0.32949507236480713,-0.1067422404885292,0.48277369141578674,0.5168651938438416,0.11747987568378448,-0.17020884156227112,0.08176476508378983,0.11315053701400757,0.0905275046825409,0.31786054372787476,-0.2109551876783371,0.08817661553621292,0.44254040718078613,0.24695560336112976,-0.5892562866210938,-0.12333746254444122,0.33496978878974915,0.05727896839380264,-0.2060030996799469,-0.012993928976356983,0.025314003229141235
CID000071329,451,0.025224437937140465,0.19837144017219543,0.30847471952438354,0.10910125076770782,0.4470582604408264,0.49407583475112915,0.3749139606952667,0.066797636449337,-0.17077402770519257,-0.21774157881736755,0.060023944824934006,-0.18559037148952484,0.3160462975502014,-0.23689553141593933,-0.10599000751972198,0.13692179322242737,-0.023931384086608887,0.29121851921081543,0.056564588099718094,0.03488566726446152,0.08150827884674072,0.09172960370779037,-0.08363298326730728,0.15346010029315948,0.040027812123298645,-0.14088581502437592,-0.03365684300661087,0.07623355090618134,-0.03472960740327835,0.17420384287834167,-0.16290701925754547,0.09630174934864044,-0.2248995304107666,0.12716445326805115,-0.5198273658752441,-0.09086111932992935,-0.2246154248714447,-0.39790672063827515,-0.04490668326616287,-0.19469790160655975,0.10240979492664337,0.11870662122964859,-0.19760705530643463,-0.15024015307426453,0.17399069666862488,0.04209476709365845,0.03368173539638519,-0.09538178890943527,0.21963126957416534,-0.06857649236917496,-0.5534967184066772,0.06589233875274658,-0.12890620529651642,-0.15510275959968567,-0.07208363711833954,0.2175496518611908,0.12771263718605042,-0.08428850024938583,0.07171931117773056,-0.24848222732543945,-0.8910142183303833,0.025706326588988304,-0.3053569197654724,0.18958817422389984,-0.17419880628585815,0.1938592791557312,-0.10691247880458832,0.324199914932251,0.15525297820568085,0.09017901122570038,-0.40974968671798706,-0.06231222301721573,0.12442107498645782,-0.13499976694583893,0.14642849564552307,-0.15234650671482086,0.0947340875864029,0.28900009393692017,-0.08035727590322495,-0.020817503333091736,-0.18325717747211456,-0.14588502049446106,-0.0837840810418129,-0.09461040794849396,-0.0241201501339674,0.16575346887111664,0.02464228682219982,-0.02893803082406521,0.5014184713363647,-0.14715710282325745,0.009000671096146107,-0.0880284383893013,-0.16173353791236877,0.05446707084774971,-0.4542500972747803,-0.028682101517915726,-0.3204389214515686,0.5419269800186157,0.16133549809455872,-0.12805484235286713,0.5637040138244629,0.11636979877948761,0.19571925699710846,0.17387910187244415,-0.33499473333358765,0.08859474211931229,-0.2635583281517029,0.19336824119091034,-0.13537128269672394,0.1494927853345871,-0.2841521203517914,0.026350602507591248,0.3127593398094177,-0.2833031415939331,0.16387565433979034,-0.10801081359386444,0.2235526293516159,-0.20401747524738312,0.17460648715496063,-0.023788416758179665,0.10640040785074234,-0.7354145646095276,0.18891409039497375,-0.5155799984931946,-0.489288330078125,0.007815301418304443,-0.10406507551670074,0.34795722365379333,0.042539071291685104,-0.08065325766801834,0.38920578360557556,-0.23006024956703186,-0.38545435667037964,-0.2767695188522339,0.3101939260959625,-0.0043404847383499146,0.3973618447780609,-0.19979941844940186,0.12708739936351776,0.09214767813682556,-0.14695262908935547,0.08161624521017075,0.028522050008177757,0.03090243972837925,0.05262630060315132,0.20049254596233368,-0.08538737148046494,0.09033419191837311,-0.05863715335726738,0.0646376833319664,-0.17166823148727417,0.023983271792531013,-0.06722809374332428,0.17088744044303894,-0.1773270070552826,-0.0753190740942955,-0.09149004518985748,-0.24650359153747559,0.16095006465911865,0.20408447086811066,0.26182347536087036,0.13446219265460968,-0.8018908500671387,-0.0047314465045928955,0.2315802127122879,0.30890128016471863,-0.04576709493994713,-0.12047457695007324,0.2715297043323517,0.01710345223546028,-0.08666564524173737,-0.10121296346187592,0.5039159655570984,-0.1238832101225853,0.0778483897447586,-0.17779487371444702,0.26693326234817505,0.12632063031196594,-0.36953720450401306,0.10887102037668228,0.09481460601091385,0.29790905117988586,-0.08648749440908432,0.17524343729019165,0.03366594761610031,-0.042980462312698364,-0.45137208700180054,0.09077640622854233,0.6932533383369446,-0.0915917232632637,-0.018239591270685196,-0.19894127547740936,-0.04148781672120094,-0.062412966042757034,-0.20062121748924255,0.43604007363319397,0.14643172919750214,-0.11338970810174942,-0.07223030179738998,0.11055874824523926,-0.046333663165569305,0.13863316178321838,-0.3201441168785095,-0.03019004687666893,-0.15590107440948486,0.27358895540237427,0.2163511961698532,-0.13344117999076843,-0.12225227057933807,-0.20342302322387695,0.22051019966602325,0.1361384093761444,-0.08630853146314621,-0.14918410778045654,0.3227634131908417,-0.14980724453926086,0.45192521810531616,0.12837733328342438,0.2100410759449005,-0.18419232964515686,-0.04735127091407776,-0.01954188384115696,-0.4757106304168701,0.1610659658908844,0.5211305022239685,-0.03742935508489609,0.1244470477104187,-0.24098725616931915,0.6471061706542969,0.05094417184591293,0.16302211582660675,-0.06748466193675995,-0.03399621322751045,-0.04030107706785202,-0.45965781807899475,-0.24388420581817627,-0.264678418636322,0.13059310615062714,-0.052391670644283295,-0.09203856438398361,-0.11923984438180923,-0.012897765263915062,0.06926602125167847,-0.14621497690677643,-0.24192292988300323,-0.36938202381134033,0.09895408898591995,-0.03956983983516693,0.1271091103553772,-0.6912690997123718,0.1308782994747162,0.003990340046584606,0.2967827022075653,0.014566218480467796,-0.0024514615070074797,-0.009112676605582237
CID000002631,455,0.13848696649074554,0.04791393131017685,-0.12264945358037949,-0.18353906273841858,0.81085205078125,0.49953848123550415,0.1380966156721115,0.09865337610244751,-0.4778464436531067,0.19830742478370667,0.1310236155986786,-0.4269352853298187,-0.1846136748790741,0.04454942047595978,-0.08710820972919464,-0.17527738213539124,0.07431101053953171,-0.09374237060546875,-0.49397730827331543,-0.007293414324522018,0.05554581433534622,-0.3923438787460327,0.17426764965057373,-0.0747969001531601,0.044765718281269073,-0.1706017255783081,-0.019116947427392006,-0.008684912696480751,0.0007556259515695274,0.33530130982398987,-0.3003412187099457,0.07868041098117828,-0.2600848078727722,0.025754135102033615,-0.5085927844047546,0.29494330286979675,-0.47695785760879517,-0.31679898500442505,0.016329681500792503,-0.24002310633659363,-0.3196523189544678,-0.1320403665304184,-0.252610981464386,0.30269402265548706,0.30302664637565613,0.17124393582344055,0.11761144548654556,-0.2312062680721283,-0.1726612150669098,-0.15473926067352295,-0.5288947820663452,-0.05556008964776993,0.0007401019101962447,-1.0344898700714111,0.023823481053113937,-0.016816377639770508,0.023961041122674942,-0.07753648608922958,1.3146454095840454,-0.21782346069812775,-1.0725258588790894,0.014441853389143944,-0.2456134557723999,0.1926320195198059,0.1629209816455841,-0.2187241017818451,-0.45060545206069946,0.02512296661734581,0.2743278741836548,-0.1079169288277626,-0.773571789264679,0.08405543118715286,-0.17581041157245636,-0.08139942586421967,0.4855375289916992,-0.06754813343286514,0.31748127937316895,-0.06001783534884453,0.32136791944503784,0.30182212591171265,-0.07677998393774033,-0.017914583906531334,0.31515008211135864,0.15291590988636017,-0.12091829627752304,0.202909916639328,0.09157965332269669,-0.017246196046471596,0.34455937147140503,0.21697302162647247,0.10575548559427261,0.021164799109101295,-0.43825802206993103,-0.25429245829582214,-0.5522104501724243,0.017263103276491165,0.10536138713359833,0.14442726969718933,-0.22748425602912903,0.027295157313346863,0.36668840050697327,0.41930899024009705,-0.11657637357711792,0.2693471908569336,-0.036841146647930145,0.13353343307971954,-0.6010538935661316,0.45900899171829224,-0.042411740869283676,0.561840295791626,-0.42203378677368164,0.17807607352733612,0.23980501294136047,0.004835635423660278,0.23285329341888428,0.07381139695644379,-0.16673544049263,-0.18984119594097137,-0.005507458932697773,-0.010745215229690075,0.052518684417009354,-0.9730388522148132,-0.035313524305820465,-0.48397374153137207,-0.5883480310440063,0.28359919786453247,0.09631242603063583,0.28658950328826904,-0.06899351626634598,0.04854106903076172,-0.005782224237918854,0.22136573493480682,-0.6888103485107422,-0.4006997048854828,0.0789482519030571,-0.17793764173984528,0.3815353512763977,-0.2915080189704895,0.4293549954891205,-0.15167471766471863,0.29845017194747925,0.44873809814453125,0.11565417051315308,0.0873420387506485,-0.06412939727306366,-0.14770540595054626,0.15118809044361115,-0.03988053649663925,-0.05118057131767273,-0.12481895834207535,-0.05464540794491768,-0.07943615317344666,-0.1161796823143959,0.0875905454158783,-0.13942423462867737,-0.01860901154577732,-0.012416493147611618,-0.411834180355072,-0.26695916056632996,0.1118125170469284,0.3580169081687927,0.2841314673423767,-0.9317100644111633,-0.030041595920920372,0.43601280450820923,0.31808772683143616,0.04338356480002403,0.5616801977157593,0.013556485064327717,0.04642896726727486,-0.3442862629890442,-0.5801496505737305,0.6018242835998535,-0.07455179840326309,0.00867732148617506,-0.12816496193408966,-0.21562790870666504,0.11386235058307648,-0.3114214837551117,-0.22265151143074036,0.23604440689086914,-0.035953111946582794,-0.07290726900100708,-0.11869309842586517,0.0737774521112442,-0.015855973586440086,0.019865822046995163,-0.06546126306056976,0.4813541769981384,-0.008564683608710766,0.45993027091026306,-0.9267943501472473,0.14902038872241974,0.10668957233428955,-0.03449845314025879,0.6899276971817017,0.22385840117931366,0.0034778595436364412,-0.2301308661699295,-0.08256050944328308,-0.16867095232009888,-0.13145825266838074,-0.2257649451494217,0.09250472486019135,-0.2906777262687683,0.3201858401298523,-0.1595066487789154,-0.2688557505607605,-0.11241700500249863,0.017894741147756577,0.5084072947502136,-0.2678113281726837,-0.03367798775434494,-0.2641388773918152,1.3765802383422852,0.12933823466300964,0.9785517454147339,0.15887413918972015,-0.030176838859915733,-0.03200783580541611,0.31044748425483704,0.21134749054908752,-0.6491270661354065,0.0921541154384613,0.15828968584537506,0.03647653013467789,-0.17857328057289124,-0.6529936194419861,0.869938850402832,0.6694464087486267,-0.2635558247566223,-0.5894488096237183,-0.005039638374000788,0.24251393973827362,-0.6483220458030701,-0.33797457814216614,-0.11354118585586548,0.03633023798465729,-0.2571061849594116,0.132111594080925,-0.8674132227897644,-0.0025890350807458162,-0.02167866751551628,0.0344553105533123,0.12158296257257462,-0.7599980235099792,0.40201535820961,0.031061172485351562,0.14876143634319305,-0.9132177233695984,-0.04788247495889664,-0.0369851253926754,0.2839615046977997,-0.18156035244464874,-0.047346003353595734,0.14008158445358276
CID000003902,458,-0.18412908911705017,-0.12239591777324677,-0.02263096533715725,-0.20958516001701355,0.42636457085609436,0.25186431407928467,-0.11599905788898468,-0.0860193744301796,-0.33113059401512146,-0.1287565678358078,0.1333332657814026,-0.4394514560699463,-0.004330628551542759,-0.1561080515384674,0.1933111995458603,0.056717146188020706,0.029764067381620407,-0.04051653668284416,-0.13345807790756226,0.08291549980640411,0.10823588073253632,0.08369491249322891,0.007262372877448797,-0.004791197367012501,-0.10261819511651993,0.07623447477817535,-0.16807742416858673,0.04432101175189018,0.008091086521744728,0.27855151891708374,-0.03910784795880318,-0.28759440779685974,-0.013634609058499336,0.09092416614294052,-0.45623978972435,0.02693454548716545,-0.24359829723834991,-0.18461468815803528,-0.14113087952136993,-0.08908664435148239,0.16598521173000336,-0.04218635708093643,-0.22162668406963348,-0.08998781442642212,0.07067067921161652,0.0037741910200566053,-0.09595347195863724,0.231690913438797,-0.05575573444366455,-0.21892361342906952,-0.02702471986413002,0.0684477910399437,-0.011437639594078064,-0.1301703304052353,0.1678946316242218,-0.17790290713310242,-0.19178661704063416,0.05107412859797478,0.24278712272644043,0.04050379991531372,-0.9202117919921875,-0.08350201696157455,-0.3290429711341858,0.27768999338150024,0.13040687143802643,0.17751196026802063,-0.07254274934530258,0.09120342135429382,0.020839553326368332,0.053529463708400726,-0.08471066504716873,0.07161443680524826,0.008076673373579979,-0.2353372871875763,0.18273988366127014,-0.01464265026152134,-0.08892162889242172,0.1097465381026268,0.13545215129852295,-0.10498885810375214,-0.31381756067276,0.022316427901387215,-0.1280682235956192,-0.0014064594870433211,-0.11253857612609863,-0.14715108275413513,-0.1360771656036377,-0.12751032412052155,0.3789904713630676,-0.049887754023075104,-0.1406613141298294,-0.016201213002204895,0.037902168929576874,-0.04216136783361435,-0.5230053067207336,-0.014960316009819508,-0.15149009227752686,0.26527485251426697,0.1879071444272995,-0.23797306418418884,0.2594572603702545,0.23988035321235657,-0.22413185238838196,0.14367611706256866,-0.04695214703679085,0.022216027602553368,-0.4512062668800354,0.25336503982543945,0.03773234412074089,0.07072264701128006,0.12422995269298553,0.16385334730148315,0.3820797801017761,0.039991408586502075,0.025301342830061913,0.3197895884513855,-0.12144529819488525,-0.18054819107055664,0.15860673785209656,0.1698552668094635,-0.1842864751815796,-0.5890780687332153,0.1472456306219101,-0.04038270562887192,-0.3183567523956299,-0.05609327554702759,-0.13627655804157257,0.3329099714756012,0.20184795558452606,0.03643818944692612,-0.17380300164222717,0.09577932208776474,-0.4356612265110016,-0.28980371356010437,-0.17278969287872314,-0.10474562644958496,0.15239283442497253,0.019513379782438278,-0.06678898632526398,-0.04623027890920639,-0.010624855756759644,0.0842425748705864,-0.30363133549690247,0.0595393069088459,0.01982569321990013,-0.1785571277141571,0.09264357388019562,0.16214755177497864,0.21451206505298615,0.039560556411743164,-0.07301805168390274,0.00927729718387127,0.06479515135288239,-0.04410186782479286,-0.10376647859811783,-0.0321238711476326,-0.16691377758979797,-0.20457307994365692,0.00518805393949151,0.0680968165397644,0.07845230400562286,0.010185996070504189,-0.9199966192245483,0.056723691523075104,0.26553651690483093,0.19805273413658142,-0.21972854435443878,0.029840588569641113,0.30407509207725525,0.13601645827293396,-0.23487775027751923,-0.12315813452005386,0.2886074185371399,-0.0965328961610794,-0.11355563253164291,0.16453905403614044,0.17741937935352325,0.31566286087036133,-0.44891995191574097,-0.2310785949230194,0.23642130196094513,0.22009769082069397,0.06744195520877838,-0.09698088467121124,-0.052576325833797455,-0.022004691883921623,-0.26025253534317017,-0.03143558278679848,0.4827236235141754,-0.16089725494384766,0.21824316680431366,-0.19967025518417358,-0.06482023745775223,-0.1927882879972458,-0.0691293254494667,0.45481911301612854,-0.00914531759917736,-0.08775310963392258,-0.30247578024864197,-0.241084486246109,0.0036958009004592896,-0.02831593155860901,-0.13652659952640533,0.17731386423110962,-0.12221840769052505,0.17965498566627502,0.16173703968524933,-0.0608360692858696,-0.049180008471012115,-0.013239368796348572,0.040457747876644135,-0.02061755582690239,-0.044505052268505096,0.07063458859920502,0.26628923416137695,0.19942137598991394,0.32024773955345154,-0.017875051125884056,-0.24151141941547394,-0.26877808570861816,-0.023262904956936836,-0.0814133733510971,-0.5475782155990601,0.01292242668569088,0.23174266517162323,-0.09769511222839355,0.297390878200531,-0.2267666757106781,0.6895049810409546,0.1842246651649475,-0.210353285074234,-0.08351294696331024,-0.17545227706432343,-0.04492773488163948,-0.5388496518135071,-0.16321007907390594,0.08737105131149292,0.1264975368976593,0.1266554743051529,-0.031454216688871384,-0.22789724171161652,-0.0480065792798996,-0.013263297267258167,0.39551645517349243,0.01547306776046753,-0.2911210358142853,0.13766011595726013,-0.12523967027664185,-0.12566998600959778,-0.6060763597488403,0.06563030183315277,0.17018936574459076,0.24428455531597137,-0.029791349545121193,0.06013305112719536,-0.026989270001649857
CID000005496,461,0.16709968447685242,0.1924651861190796,-0.00722933653742075,-0.04306655004620552,0.5241681337356567,0.5321089625358582,0.040712736546993256,0.05975915864109993,-0.5454358458518982,-0.15165099501609802,0.12921789288520813,-0.2821640372276306,0.07180366665124893,-0.1500234156847,-0.07036025822162628,0.13559645414352417,0.13575972616672516,0.2735815644264221,0.09354128688573837,0.21325378119945526,0.02157989703118801,-0.025555172935128212,0.05600575730204582,0.062226809561252594,0.25261935591697693,-0.10588489472866058,-0.19167070090770721,0.23678705096244812,-0.2439594715833664,0.3570864796638489,-0.09188255667686462,-0.2620835304260254,-0.5189365148544312,-0.08435474336147308,-0.6767969131469727,-0.07322818785905838,-0.42445626854896545,-0.3443760275840759,-0.15979532897472382,0.02333482727408409,-0.11283747851848602,-0.12534333765506744,-0.15411703288555145,-0.20106732845306396,0.5256289839744568,0.17236462235450745,-0.07372073084115982,-0.14921191334724426,0.10294771194458008,0.157566100358963,-0.4037593901157379,-0.10854603350162506,-0.3072054982185364,-0.3638313412666321,0.08081060647964478,-0.13823974132537842,-0.1056445986032486,-0.18950407207012177,0.9203594326972961,-0.28354737162590027,-1.1032769680023193,0.14857634902000427,-0.07913818955421448,0.6182929277420044,-0.06087975576519966,-0.34665215015411377,-0.041741807013750076,0.13902273774147034,-0.00010366141941631213,-0.06265918910503387,-0.7616450786590576,-0.21272596716880798,-0.03510107845067978,-0.16396918892860413,0.6580392122268677,0.20548705756664276,0.025220084935426712,0.2553827166557312,0.10813025385141373,-0.37476664781570435,-0.05240321904420853,0.169834703207016,-0.16578365862369537,-0.1511915624141693,-0.08590669929981232,0.13046087324619293,-0.07966001331806183,-0.1349298655986786,0.24256977438926697,-0.19996359944343567,-0.3832700550556183,-0.11097447574138641,-0.0003047555801458657,0.25772616267204285,-0.5800913572311401,-0.055911749601364136,-0.16560538113117218,0.32285335659980774,0.038725145161151886,-0.08457664400339127,0.12723496556282043,0.1755443513393402,-0.44418758153915405,0.37310123443603516,-0.12487103044986725,0.12553632259368896,-0.6577911972999573,0.3592999577522278,0.05036281794309616,0.15238070487976074,-0.7496236562728882,-0.10410308837890625,0.026500586420297623,-0.24737492203712463,0.3295513093471527,0.2966318428516388,-0.04905371367931366,-0.43672651052474976,0.36885684728622437,-0.18349096179008484,-0.07580102980136871,-0.7717417478561401,0.056525278836488724,-0.6132644414901733,-0.0896308645606041,0.13044090569019318,-0.029208187013864517,0.21092982590198517,-0.059073347598314285,0.2561104893684387,-0.2127240002155304,0.10323771089315414,-0.5536724328994751,-0.5446904897689819,-0.028934132307767868,-0.19141463935375214,0.32634803652763367,-0.47637319564819336,-0.0005878269439563155,-0.013762235641479492,0.1278301477432251,0.1808469593524933,-0.048808809369802475,-0.1468915492296219,0.14018507301807404,0.4259902834892273,-0.16254302859306335,0.32985419034957886,0.00823046825826168,0.10166555643081665,0.04773987457156181,0.019864052534103394,-0.2567916512489319,-0.3336452841758728,-0.2845008969306946,-0.2172231674194336,0.33184653520584106,-0.3927202820777893,-0.10572180896997452,0.12974068522453308,0.5725885629653931,-0.15658964216709137,-0.9365479350090027,0.09468415379524231,0.4579594135284424,0.2563225328922272,-0.11245401203632355,0.031645141541957855,-0.3099169135093689,-0.15661779046058655,-0.3767707943916321,-0.38186103105545044,0.3837997615337372,-0.19841687381267548,-0.11125069856643677,-0.2528727650642395,0.23057794570922852,-0.2107030600309372,-0.24735073745250702,0.1256604790687561,0.3212275505065918,0.2409748136997223,0.3753111958503723,-0.15160749852657318,0.08897396922111511,0.19052883982658386,-0.23270365595817566,0.4601258337497711,0.5392592549324036,0.09223756194114685,0.19627368450164795,-0.3180743157863617,-0.03099611960351467,0.2361426055431366,-0.10648135840892792,0.6395500302314758,0.007180559448897839,-0.19783616065979004,-0.2178148329257965,0.18521015346050262,-0.012157251127064228,0.0723651871085167,-0.13784678280353546,0.11827929317951202,-0.04602827876806259,0.2049073427915573,-0.08270137012004852,0.15134695172309875,-0.2828707695007324,0.07775383442640305,-0.1253538876771927,-0.04754645749926567,0.008976819925010204,-0.2221018373966217,0.3661821484565735,0.06323391199111938,1.1215007305145264,-0.16964299976825714,-0.27377110719680786,-0.24101074039936066,-0.011237862519919872,-0.064112588763237,-0.8713504076004028,0.03491606563329697,0.33716917037963867,0.0003238469362258911,-0.09276961535215378,-0.38276785612106323,1.282583236694336,0.11187003552913666,-0.4400955140590668,0.054015208035707474,0.04272124171257019,0.19469979405403137,-0.6018098592758179,-0.37366658449172974,0.1360742300748825,0.18767808377742767,-0.4828198552131653,-0.2480378895998001,-0.8700886964797974,0.26975956559181213,-0.16981981694698334,0.28282129764556885,0.05810294300317764,-0.6292506456375122,0.0354606918990612,0.2949363887310028,-0.13804222643375397,-0.8140028715133667,-0.10986608266830444,0.23585787415504456,0.6595392227172852,-0.008805629797279835,0.1340273767709732,0.13742713630199432
CID000005005,462,-0.15963977575302124,0.07744377106428146,-0.16217383742332458,0.04409505054354668,0.0967254489660263,0.46746525168418884,-0.0589054711163044,-0.01793624274432659,-0.27449125051498413,-0.19446566700935364,0.19975148141384125,-0.11048465967178345,0.4033033847808838,-0.37068572640419006,-0.03863387182354927,0.13315357267856598,0.1141417995095253,0.19363757967948914,-0.08526702225208282,-0.08773919194936752,0.18904085457324982,-0.1093437448143959,0.1626340001821518,-0.0918569341301918,0.11157310009002686,0.05530986934900284,-0.0745125561952591,-0.2551190257072449,-0.011172140948474407,0.4649656414985657,-0.08058886975049973,0.06946135312318802,-0.09826187789440155,-0.06520716100931168,-0.3852609097957611,-0.019383301958441734,-0.20490892231464386,-0.41557446122169495,-0.03856924548745155,0.07897154986858368,0.24048420786857605,-0.10665763914585114,-0.39301925897598267,-0.3071182668209076,0.36473050713539124,-0.027231980115175247,0.21617290377616882,-0.40514612197875977,0.05774953216314316,-0.03326810151338577,-0.5009299516677856,0.0991019755601883,-0.26619404554367065,-0.02533804439008236,0.12272878736257553,-0.13065358996391296,-0.08782391250133514,-0.1439184993505478,0.03088921308517456,0.12751077115535736,-0.8659231066703796,-0.08836402744054794,-0.1864304542541504,0.3655335605144501,0.24713273346424103,-0.0508989579975605,-0.16313423216342926,0.2902149260044098,-0.12604862451553345,-0.03275444731116295,-0.2896384596824646,-0.218287855386734,0.056935567408800125,-0.12754704058170319,0.13472729921340942,-0.23868414759635925,-0.08803627640008926,0.4619297385215759,0.02088186703622341,0.011401556432247162,-0.283725768327713,-0.17244184017181396,-0.18062658607959747,-0.4455925524234772,0.11595107614994049,0.03311578929424286,-0.23561057448387146,0.18945655226707458,0.6024727821350098,0.1893070936203003,-0.05435284972190857,-0.1849525272846222,0.0764206051826477,0.08210868388414383,-0.725278377532959,-0.006930017378181219,-0.3439112603664398,0.4060114026069641,0.036716800183057785,-0.4007686972618103,0.43242549896240234,0.15449325740337372,0.10180153697729111,-0.11764013767242432,-0.1945909708738327,0.003777991281822324,-0.24177522957324982,0.3024138808250427,-0.1274528056383133,0.1675531417131424,-0.28947433829307556,-0.037208400666713715,0.7046672701835632,-0.06446120142936707,0.12630595266819,0.43971091508865356,-0.19968187808990479,-0.38495704531669617,0.16850854456424713,0.017130030319094658,0.01848399080336094,-0.6333505511283875,-0.12384828180074692,-0.5973383188247681,-0.3931282162666321,0.12812086939811707,0.025836477056145668,0.5190178155899048,0.24973098933696747,0.019313067197799683,-0.2661716341972351,-0.13894742727279663,-0.5608593821525574,-0.3036649525165558,-0.0881439670920372,-0.07166917622089386,0.4568047523498535,-0.5624023675918579,0.07522725313901901,0.12842552363872528,-0.1763366460800171,0.07947471737861633,0.15491226315498352,0.10451604425907135,0.012947732582688332,-0.049409687519073486,0.05834326893091202,-0.01798343099653721,0.27641811966896057,-0.28621429204940796,0.030884817242622375,0.1338498294353485,-0.029636749997735023,0.05431495979428291,0.0774657130241394,0.24224598705768585,0.12699051201343536,-0.45096078515052795,0.02466222271323204,0.17947757244110107,0.16367147862911224,-0.03430277109146118,-0.810827374458313,-0.033882759511470795,0.38916975259780884,0.37393859028816223,-0.022458398714661598,-0.07757650315761566,0.4704974293708801,0.07929499447345734,-0.03645182400941849,-0.0635901615023613,0.3899298310279846,0.042891375720500946,0.2143082618713379,-0.306761234998703,0.2017550766468048,0.15113866329193115,-0.3943242132663727,-0.055151455104351044,0.2993687391281128,0.45210474729537964,-0.03368661552667618,-0.20803260803222656,0.07971209287643433,-0.19508489966392517,-0.6515339612960815,-0.04588087648153305,0.28685036301612854,-0.23548877239227295,0.05091662332415581,-0.172158882021904,0.18029001355171204,-0.03573703393340111,-0.2535551190376282,0.2681594491004944,-0.1264774650335312,0.13532152771949768,-0.12390495836734772,0.2099786102771759,0.17864494025707245,0.15100547671318054,-0.44512900710105896,-0.24519118666648865,-0.06993263959884644,0.2506962716579437,0.14677193760871887,0.03343940153717995,-0.36489906907081604,-0.41545039415359497,-0.05380462482571602,0.4146524965763092,0.07662349194288254,-0.006907945964485407,-0.05324817821383476,-0.15335695445537567,0.2802392542362213,0.11038026958703995,-0.054784007370471954,-0.06457806378602982,-0.13499629497528076,-0.01895500160753727,-0.43277496099472046,0.0826655700802803,0.5265293121337891,0.25461798906326294,0.3233209252357483,-0.21497955918312073,0.45735636353492737,0.21781039237976074,0.12931974232196808,-0.1063367947936058,0.08035414665937424,-0.09471939504146576,-0.12056603282690048,-0.19503310322761536,-0.281554251909256,0.3130944073200226,-0.047307200729846954,-0.21259889006614685,0.0386323556303978,0.0013783633476123214,-0.02363482490181923,0.26049095392227173,0.2661823630332947,-0.39634189009666443,0.0511765256524086,0.02643074467778206,0.3448685109615326,-0.6372767686843872,-0.16087116301059723,0.01796158216893673,0.09930672496557236,0.18197593092918396,0.08787848055362701,-0.2782100737094879
CID000003763,466,0.12001649290323257,0.08245813101530075,-0.33181458711624146,-0.06191294640302658,0.598687469959259,0.15595576167106628,-0.33968693017959595,-0.08342961221933365,-0.02223370037972927,0.15943321585655212,0.03900793194770813,-0.47033780813217163,-0.14466646313667297,-0.17980094254016876,-0.10315009206533432,-0.12311713397502899,-0.05746812745928764,0.16527673602104187,-0.29634517431259155,-0.19609034061431885,-0.23281769454479218,0.08160156011581421,-0.08087567985057831,0.03489845246076584,-0.01090989075601101,0.04201310873031616,0.12906144559383392,0.023893281817436218,-0.012434769421815872,0.12327305972576141,-0.2273966521024704,-0.5875263214111328,-0.03892691805958748,-0.11399795860052109,-1.3773646354675293,0.15726445615291595,-0.6101070642471313,-0.03745518997311592,-0.3104279637336731,-0.08466295152902603,-0.16138865053653717,-0.12895821034908295,-0.11743070185184479,-0.1480848342180252,0.5345471501350403,0.21388396620750427,0.07814741879701614,-0.11468492448329926,-0.0021528780926018953,-0.045031893998384476,-0.6077583432197571,-0.27745771408081055,0.01275336742401123,-0.13040146231651306,0.08041729778051376,0.2499428689479828,-0.058985017240047455,0.23512382805347443,1.1929972171783447,-0.17151740193367004,-0.9594623446464539,0.3194037079811096,0.09017585217952728,-0.0030501424334943295,-0.10284807533025742,0.3101333677768707,-0.541948676109314,0.11606734991073608,-0.07356084138154984,-0.11634723842144012,-0.36439746618270874,-0.023288652300834656,-0.03613533824682236,0.09982569515705109,0.8458852767944336,-0.20490901172161102,-0.07757581770420074,0.12931233644485474,-0.1820843517780304,-0.13254670798778534,-0.2235582172870636,-0.04011692479252815,0.34238338470458984,0.24921998381614685,-0.09549908339977264,-0.04597485810518265,-0.17088159918785095,0.00774224242195487,1.028320074081421,0.041188985109329224,-0.11404643952846527,0.2688881456851959,-0.12359799444675446,0.04445948451757431,-1.1185038089752197,-0.047333087772130966,-0.15212979912757874,0.3040720522403717,-0.48984795808792114,-0.11114560067653656,1.150973916053772,0.2814852297306061,-0.1876726746559143,0.19949400424957275,0.26683974266052246,-0.09833953529596329,-0.4364284574985504,0.05389130115509033,0.12239746004343033,0.3168356716632843,-0.7071524858474731,0.03995359688997269,0.16660943627357483,0.2184906303882599,0.220927432179451,-0.20363005995750427,0.16582271456718445,-0.22923144698143005,0.06535910069942474,0.13318464159965515,-0.25308743119239807,-1.3851046562194824,0.2305385172367096,-0.20248158276081085,-0.467367947101593,-0.4604678153991699,0.1616535484790802,0.14514145255088806,0.0720246210694313,0.2223813235759735,-0.657878041267395,0.046034328639507294,-0.5363906025886536,-0.14540153741836548,-0.5785132646560669,-0.23639385402202606,1.1798181533813477,-0.22542491555213928,-0.26614952087402344,0.10268698632717133,0.3782387375831604,0.3721980154514313,-0.3075885772705078,-0.27707308530807495,-0.0960310697555542,0.18624559044837952,0.11204181611537933,0.183101624250412,-0.16646046936511993,0.08908246457576752,0.0037309229373931885,-0.052898555994033813,-0.1901734173297882,-0.07810129970312119,0.027469288557767868,-0.032406650483608246,-0.0008533477666787803,-0.1492488831281662,-0.1708480417728424,0.1568777859210968,-0.22224994003772736,-0.18409940600395203,-1.26502525806427,-0.10687986761331558,0.6562362909317017,-0.10144491493701935,-0.2815316319465637,-0.3032171428203583,-0.3150075674057007,-0.0319439060986042,-0.007300281431525946,-0.1879296451807022,0.6638773679733276,-0.34083035588264465,-0.00041792989941313863,-0.10517095029354095,0.17773470282554626,0.10417956113815308,-0.3691524863243103,0.01656210422515869,0.519828736782074,0.3621992766857147,0.10814698040485382,0.05863989517092705,-0.03402811661362648,0.0705907940864563,-0.08096377551555634,0.0632062777876854,1.7809460163116455,0.20212014019489288,0.12623648345470428,-1.456897497177124,-0.17542216181755066,-0.10934045165777206,-0.1792048066854477,0.7423442602157593,-0.28324079513549805,-0.14355196058750153,-0.7061985731124878,-0.4734410345554352,0.09232228994369507,-0.40445607900619507,-0.48097142577171326,0.016637079417705536,-0.24238169193267822,0.1834511160850525,0.11896632611751556,0.1054200679063797,-0.31776338815689087,-0.031010407954454422,0.7655011415481567,-0.4102141857147217,0.0799257904291153,-0.18099841475486755,0.21905675530433655,0.03252293914556503,1.2115600109100342,-0.04313657432794571,0.032660387456417084,0.44397830963134766,0.11679841578006744,-0.018025623634457588,-0.9998113512992859,0.48178672790527344,0.2309713065624237,-0.38502758741378784,-0.3958929777145386,-0.3980925679206848,0.931625247001648,-0.12973682582378387,0.22737038135528564,-0.051182348281145096,0.386753112077713,0.04097677767276764,-0.49386581778526306,-0.11203720420598984,0.11856617778539658,0.5168544054031372,-0.2006773203611374,0.05538728088140488,-1.2053582668304443,-0.2829476296901703,0.22444364428520203,-0.05982331186532974,0.025172239169478416,-1.149369478225708,0.44229716062545776,0.11418034881353378,-0.31062498688697815,-1.2695581912994385,-0.017906824126839638,0.5941012501716614,0.28882449865341187,0.44199928641319275,-0.022339899092912674,0.295247882604599
CID000002973,467,0.07219521701335907,-0.24617138504981995,-0.09826294332742691,0.024253880605101585,0.6382823586463928,0.3318411409854889,-0.5216689705848694,-0.0436771921813488,-0.3079288601875305,-0.019352370873093605,0.18764260411262512,-0.4138827323913574,-0.281949520111084,0.05074036121368408,-0.2847563922405243,-0.054452620446681976,-0.0058532035909593105,0.16980525851249695,-0.2063896656036377,-0.05187654495239258,-0.2155175656080246,0.27268069982528687,-0.08912305533885956,-0.22383657097816467,-0.2282823771238327,-0.14689883589744568,-0.34645429253578186,0.0678606778383255,-0.07216676324605942,0.476416677236557,0.16529545187950134,-0.44497376680374146,0.07600031793117523,-0.08949838578701019,-0.6514667272567749,-0.1055697351694107,-0.41337496042251587,-0.2176409512758255,-0.10166645050048828,0.041136447340250015,0.24779871106147766,-0.1165119856595993,-0.03152052313089371,-0.013924372382462025,0.23185515403747559,-0.045980148017406464,-0.09192772954702377,0.4939214289188385,0.04052869230508804,-0.05229859799146652,-0.15079887211322784,-0.023387202993035316,0.1642172485589981,-0.12979376316070557,-0.007872426882386208,0.04511874541640282,-0.08399676531553268,-0.04158754274249077,0.3160717487335205,0.13885609805583954,-0.9180957078933716,-0.07402411848306656,-0.003530311631038785,0.29321780800819397,0.02628776989877224,0.0867648720741272,-0.2143552303314209,0.1576870232820511,0.024012893438339233,-0.1088436096906662,-0.15577225387096405,-0.013899308629333973,0.07936887443065643,-0.1480216681957245,0.3209207057952881,0.08361698687076569,-0.15160587430000305,0.031994517892599106,0.04879278317093849,-0.3589913845062256,-0.2202448844909668,-0.17465558648109436,-0.059818364679813385,0.1464216411113739,0.020441001281142235,-0.3183453679084778,-0.16187866032123566,-0.1511368304491043,0.36022770404815674,-0.10893110185861588,0.15805117785930634,-0.014691641554236412,0.01679818704724312,-0.11313779652118683,-0.6306179761886597,-0.22544169425964355,-0.09877000749111176,0.09774371236562729,0.08534310758113861,-0.27245599031448364,0.5175415277481079,-0.11490664631128311,-0.3262697160243988,-0.03672022745013237,0.06323191523551941,0.006154936738312244,-0.5748064517974854,0.33151137828826904,0.2363191395998001,0.18818698823451996,0.17545761168003082,0.3610808551311493,0.16303566098213196,0.0037145584356039762,-0.12280257046222687,0.23334845900535583,0.164025217294693,-0.47311434149742126,0.012857752852141857,0.08704175800085068,-0.1724250763654709,-0.8236598968505859,0.30880674719810486,-0.1865667849779129,-0.32076889276504517,0.011868273839354515,-0.18967172503471375,0.40665990114212036,-0.042848531156778336,-0.1695176661014557,-0.3346180319786072,-0.08596871048212051,-0.44244685769081116,-0.3611028790473938,-0.5324335098266602,-0.1224033385515213,0.27893203496932983,0.08479168266057968,0.23307092487812042,-0.1060083732008934,0.08346050977706909,0.34714871644973755,0.12744896113872528,-0.033079393208026886,-0.04787737876176834,-0.07896031439304352,0.13513222336769104,-0.15123191475868225,-0.18537673354148865,0.21211552619934082,-0.11183363199234009,0.24778008460998535,0.220158189535141,0.23740622401237488,-0.4037330150604248,0.13975313305854797,0.024087220430374146,-0.3301348388195038,0.1617645025253296,-0.05130448192358017,-0.13181933760643005,0.019531873986124992,-1.0293010473251343,0.022821877151727676,0.1814267635345459,0.2981899678707123,0.02889300510287285,0.05967043712735176,0.15650488436222076,-0.08444561064243317,0.029886305332183838,-0.21320991218090057,0.28349196910858154,0.06258221715688705,-0.16586562991142273,0.34934449195861816,0.2705349922180176,0.08604597300291061,-0.3832090198993683,-0.1187521442770958,0.2192002534866333,0.3733891248703003,-0.05372245982289314,-0.16967549920082092,0.07184914499521255,0.04976505786180496,-0.5216000080108643,-0.08971641212701797,0.6473904848098755,0.03947536274790764,0.41979146003723145,-0.41740426421165466,-0.051754362881183624,0.0003393113729543984,0.04255504161119461,0.5051252245903015,0.03288179636001587,-0.17615102231502533,-0.19250206649303436,-0.20720688998699188,-0.0842999666929245,-0.15725307166576385,-0.08010075241327286,0.12713414430618286,-0.06907657533884048,0.2515416145324707,0.07885508239269257,0.020182263106107712,-0.23123817145824432,-0.12890245020389557,0.24809980392456055,-0.28307628631591797,0.02933814562857151,0.07696373760700226,0.1593685746192932,0.06693103909492493,0.5810834169387817,-0.06209971383213997,0.14117662608623505,-0.16042163968086243,0.1265687644481659,-0.11660458892583847,-0.5963807106018066,0.15755334496498108,0.20425041019916534,-0.2734050750732422,0.250324010848999,-0.4339776039123535,0.7435945272445679,-0.11431930214166641,0.0554274320602417,-0.034898124635219574,-0.16749374568462372,0.03781769797205925,-0.7997751235961914,-0.20571215450763702,0.2450970709323883,0.029268931597471237,0.27696675062179565,0.30703654885292053,-0.6471656560897827,0.030173951759934425,0.18517646193504333,0.29485899209976196,-0.0867268294095993,-0.280160129070282,0.14099928736686707,0.21630966663360596,-0.1899735927581787,-0.7656010389328003,0.2752155661582947,0.17346352338790894,0.29657354950904846,0.09540627896785736,-0.06994407624006271,0.07161534577608109
CID000005376,468,-0.21087507903575897,0.14948469400405884,0.13673320412635803,-0.022142399102449417,0.5123740434646606,0.43282175064086914,-0.10842610895633698,-0.22283318638801575,-0.2273651659488678,-0.24642488360404968,-0.048786312341690063,-0.2634424567222595,0.1611166000366211,-0.08527566492557526,-0.07832242548465729,0.11743594706058502,-0.144112229347229,0.4055047929286957,-0.16131305694580078,-0.18574568629264832,-0.3693702816963196,0.2631104588508606,0.10642120987176895,-0.03640671819448471,0.05209388583898544,-0.13036400079727173,0.000199553367565386,-0.021569617092609406,-0.1418379247188568,0.1929914355278015,-0.043484099209308624,-0.19261810183525085,-0.18599753081798553,-0.04966222494840622,-0.4057251513004303,0.06844551861286163,-0.278429239988327,-0.3816058933734894,-0.04266100004315376,-0.1758708357810974,0.17498210072517395,0.21298329532146454,-0.14375987648963928,-0.04418683424592018,0.19305841624736786,0.12359146773815155,-0.027533363550901413,0.20419350266456604,0.15054993331432343,-0.21680155396461487,-0.28499025106430054,0.027280043810606003,-0.05810222029685974,-0.1407802551984787,-0.08170900493860245,0.052715372294187546,0.033025048673152924,-0.06948311626911163,0.21884450316429138,-0.12742701172828674,-0.8281652331352234,-0.06401678174734116,-0.28926950693130493,0.13746294379234314,-0.038145292550325394,0.20164823532104492,-0.22100608050823212,0.2749207019805908,0.15090206265449524,-0.023099377751350403,-0.1331828385591507,-0.25398164987564087,0.035883329808712006,-0.1923767626285553,0.06110357120633125,-0.16157954931259155,-0.012549693696200848,0.033734165132045746,0.03032216802239418,-0.0469641275703907,-0.21710939705371857,0.12905624508857727,-0.17987078428268433,-0.09941776096820831,-0.09971608966588974,-0.12520655989646912,-0.21061578392982483,-0.1113068088889122,0.48493337631225586,0.18171018362045288,0.015285059809684753,0.015864012762904167,-0.13992851972579956,-0.04698104411363602,-0.5026886463165283,0.04431770369410515,-0.36239761114120483,0.2677389979362488,0.13580895960330963,-0.13002915680408478,0.28045204281806946,0.0798700600862503,0.018751870840787888,0.27492934465408325,-0.1495063304901123,0.02850261703133583,-0.14597031474113464,0.23290391266345978,-0.11543351411819458,0.02960916981101036,-0.022204767912626266,-0.009649014100432396,0.4926289916038513,-0.08187703788280487,0.048439159989356995,-0.06513354927301407,0.0807657390832901,-0.12706191837787628,0.15833477675914764,-0.10966439545154572,-0.000818124390207231,-0.7394123077392578,0.19630147516727448,-0.17613689601421356,-0.5877770781517029,-0.022373199462890625,0.052301716059446335,0.16210216283798218,0.3748593330383301,0.09328494220972061,-0.05854121968150139,-0.05857493728399277,-0.41901645064353943,-0.3031885623931885,-0.22279560565948486,0.004614928271621466,0.3299325108528137,-0.1575591117143631,-0.027785301208496094,0.13128483295440674,-0.20935401320457458,0.06569504737854004,-0.028554454445838928,0.015267347916960716,-0.08362527936697006,0.12665514647960663,-0.000390712171792984,-0.08002624660730362,-0.46274709701538086,0.15090008080005646,-0.06606313586235046,0.20074085891246796,-0.1494610458612442,0.0287440475076437,-0.14921239018440247,-0.005774163641035557,-0.12930415570735931,-0.34891435503959656,0.15601584315299988,0.060178957879543304,0.19109588861465454,0.006105831824243069,-0.9357007741928101,-0.0840449184179306,0.14808222651481628,0.31139642000198364,-0.006279854569584131,0.024601435288786888,0.18390826880931854,-0.15643247961997986,0.07764233648777008,-0.09013426303863525,0.4689677655696869,-0.19382189214229584,0.04671864956617355,-0.058043222874403,0.21466977894306183,0.14261946082115173,-0.4676899015903473,-0.021514197811484337,0.15713390707969666,0.28433752059936523,0.003813320305198431,-0.017336849123239517,0.006312658078968525,0.14246949553489685,-0.33128970861434937,0.11523034423589706,0.35970360040664673,-0.04915931448340416,0.09714693576097488,-0.22227033972740173,-0.2759847342967987,-0.04253304749727249,-0.2861698567867279,0.31446704268455505,0.07414725422859192,-0.13180658221244812,-0.25817710161209106,0.08148113638162613,-0.010621605440974236,0.10379278659820557,-0.2691590189933777,0.07787691801786423,-0.11265590041875839,0.10355806350708008,0.03955916687846184,-0.3914414644241333,-0.02650216780602932,0.04915449023246765,0.08239221572875977,0.0624736063182354,0.01415167935192585,-0.10984618961811066,0.3046574592590332,0.0535203218460083,0.2527598738670349,0.368478387594223,-0.06709751486778259,-0.2152557671070099,0.07089470326900482,-0.02754880115389824,-0.29717960953712463,0.10128505527973175,0.2640402019023895,-0.05791633576154709,0.01172094326466322,-0.2278236448764801,0.579535186290741,0.130079448223114,-0.0013969599967822433,-0.24663782119750977,-0.11406676471233368,-0.1151258796453476,-0.2924252152442932,-0.22633612155914307,-0.33813169598579407,0.265984445810318,0.18655088543891907,-0.1735352724790573,0.10051828622817993,0.131595641374588,0.07989266514778137,-0.15224531292915344,-0.11421241611242294,-0.2846718728542328,0.15896429121494293,0.18777915835380554,0.041418273001909256,-0.6264840960502625,0.16640128195285797,0.30980679392814636,0.06938491761684418,0.12535418570041656,-0.20709821581840515,-0.08561751991510391
CID000003198,469,0.04085354879498482,-0.0018320471281185746,-0.06542505323886871,-0.025638949126005173,0.31325504183769226,0.3787960112094879,0.0017439484363421798,-0.48730984330177307,-0.45171111822128296,-0.27605757117271423,-0.0054944949224591255,-0.3923829197883606,0.0015135050052776933,-0.43952879309654236,-0.09305235743522644,-0.07635986059904099,-0.10118808597326279,0.06744407117366791,-0.013253748416900635,0.03973398357629776,0.04787914454936981,-0.03223932534456253,0.3629710078239441,0.05794904753565788,0.13849642872810364,0.30881786346435547,-0.08923808485269547,0.2676209807395935,0.038062166422605515,0.2744545638561249,-0.3032975196838379,0.08221632987260818,0.02678290568292141,0.27010011672973633,-0.933399498462677,-0.15410247445106506,-0.4979374408721924,-0.2834247946739197,-0.5525832772254944,0.13418830931186676,-0.07562713325023651,0.14004512131214142,-0.18007837235927582,-0.23676154017448425,0.2461688220500946,0.015092825517058372,0.013820752501487732,-0.05644271522760391,-0.2355818748474121,0.1784142553806305,-0.3090241849422455,-0.13146749138832092,-0.04397491365671158,0.08760056644678116,-0.12947598099708557,-0.43505293130874634,-0.21769289672374725,-0.0880703404545784,1.0763664245605469,-0.11175854504108429,-0.8407056927680969,0.037382520735263824,-0.21106882393360138,0.6737364530563354,0.5971531867980957,-0.35269689559936523,-0.4140551686286926,0.10026542842388153,-0.023132499307394028,0.05440250039100647,-0.5771938562393188,0.11067956686019897,0.35146668553352356,-0.1880536824464798,0.6775804162025452,-0.23944947123527527,-0.1519366204738617,0.07677400857210159,-0.10643752664327621,-0.006011372897773981,-0.23838934302330017,-0.1348818987607956,0.07889685779809952,-0.13739101588726044,0.20372280478477478,-0.20778541266918182,-0.4327940046787262,0.3235393166542053,0.5234440565109253,0.10238824039697647,-0.09373881667852402,0.20688457787036896,-0.11996166408061981,-0.0014144539600238204,-0.5964086651802063,-0.01420319639146328,0.019149839878082275,0.32981911301612854,-0.18816611170768738,-0.535474419593811,0.4729555547237396,-0.06527583301067352,-0.08411902189254761,0.14444436132907867,-0.047438181936740875,0.08706257492303848,-0.3106498718261719,0.213119238615036,-0.19386088848114014,0.24567702412605286,-0.32018932700157166,0.18731346726417542,0.07252085208892822,0.103239044547081,0.028130823746323586,0.12598749995231628,0.000944933679420501,-0.7451068758964539,0.334110826253891,0.07403620332479477,-0.02302931807935238,-0.9343280792236328,0.12385730445384979,-0.3150218725204468,-0.20422759652137756,0.31215986609458923,0.1492725908756256,0.3509349524974823,0.3097633421421051,0.02043789252638817,0.010182144120335579,0.1866605281829834,-0.7206282615661621,-0.2576271891593933,-0.07183913886547089,-0.03491527959704399,0.44759100675582886,-0.18922150135040283,-0.44151681661605835,0.16107867658138275,0.30007368326187134,0.29487234354019165,0.07494023442268372,-0.21632304787635803,-0.27621981501579285,-0.03106112778186798,-0.009082275442779064,0.26158377528190613,0.2601286768913269,-0.1369241625070572,0.03365307301282883,0.023757044225931168,-0.3738935589790344,-0.29781028628349304,-0.11209502071142197,-0.15892347693443298,-0.04197310656309128,-0.4101995825767517,-0.17549893260002136,-0.1193576455116272,-0.004430526401847601,0.20218172669410706,-0.8639701008796692,0.14198718965053558,0.7647094130516052,0.21552014350891113,-0.43309587240219116,-0.10835324227809906,0.26159971952438354,-0.05991405248641968,0.029474634677171707,-0.24996404349803925,0.6954783201217651,-0.09240779280662537,-0.06696896255016327,-0.15062874555587769,-0.25014644861221313,0.053818702697753906,-0.28355711698532104,0.10487095266580582,0.13768455386161804,0.6151787042617798,-0.13258562982082367,-0.6601932048797607,0.09576098620891571,-0.0908321738243103,-0.3597162663936615,0.32792672514915466,0.7430636882781982,-0.06252354383468628,0.08745159208774567,-0.369154155254364,0.4411682188510895,0.2721239924430847,-0.3110065162181854,0.6224075555801392,-0.07320976257324219,0.2724738121032715,-0.3149980902671814,-0.01113748550415039,0.24163074791431427,0.04732935503125191,0.029016468673944473,-0.15663808584213257,-0.02658138796687126,0.37883394956588745,0.11570505052804947,-0.12919236719608307,-0.15788204967975616,-0.014461679384112358,0.07912351936101913,0.2601374089717865,0.2634322941303253,-0.05196760967373848,-0.047995708882808685,-0.2737874388694763,1.0628724098205566,0.30807244777679443,-0.17751987278461456,0.14686135947704315,-0.053968966007232666,-0.2950294017791748,-0.7737794518470764,-0.021360911428928375,0.13160495460033417,-0.02605978585779667,-0.16471955180168152,-0.37859421968460083,0.9838730096817017,-0.0018168233800679445,0.10238387435674667,-0.2210039347410202,0.18101337552070618,0.12008001655340195,-0.4817884564399719,-0.1839105188846588,-0.13971903920173645,0.5222512483596802,-0.2585028111934662,-0.04501108080148697,-1.172512412071228,-0.15308430790901184,0.16508424282073975,0.10611467063426971,0.0954897552728653,-0.15377232432365417,0.493901789188385,0.04016634449362755,-0.20096313953399658,-0.9236710667610168,0.26516732573509216,0.41038283705711365,0.4655628800392151,-0.00999503768980503,-0.13585910201072693,0.176240012049675
CID005487301,470,-0.10722512006759644,-0.0864463597536087,0.014152556657791138,-0.14984393119812012,0.40107446908950806,0.23648910224437714,0.06364525854587555,-0.007020711898803711,-0.1893196403980255,-0.23192298412322998,-0.05115314573049545,-0.32761090993881226,-0.038774628192186356,-0.1760348081588745,-0.02798321843147278,-0.051499199122190475,-0.060031451284885406,0.0001655876694712788,0.03364982083439827,0.07698815315961838,-0.10027994960546494,0.14265930652618408,0.025814643129706383,0.07417549192905426,-0.01797516644001007,0.023881811648607254,-0.03426727280020714,-0.03275935724377632,0.02074042521417141,0.2537914216518402,0.04398661106824875,-0.3161381185054779,-0.1623297482728958,0.017893683165311813,-0.4447174072265625,-0.013456890359520912,-0.25643444061279297,-0.23287475109100342,-0.0831143707036972,-0.10914884507656097,0.061598945409059525,-0.00550531130284071,-0.1983424723148346,-0.23372764885425568,0.06307331472635269,-0.040427617728710175,-0.025606507435441017,0.2753751277923584,-0.2174026519060135,-0.032933302223682404,-0.08622657507658005,0.10621987283229828,0.1491185873746872,-0.12067253887653351,0.035848986357450485,-0.007863323204219341,-0.10839778184890747,0.12217766046524048,0.12854452431201935,-0.06743716448545456,-0.9087817072868347,-0.12953175604343414,-0.27471688389778137,0.1932472139596939,0.06992966681718826,0.19941484928131104,-0.1252376288175583,0.14308317005634308,-0.03813867270946503,0.03382936865091324,-0.06576129049062729,0.15206849575042725,-0.10811614990234375,-0.17848420143127441,0.07280145585536957,-0.07700568437576294,-0.10160275548696518,-0.047171708196401596,0.2891690135002136,-0.06981674581766129,-0.14059141278266907,-0.007513117976486683,-0.2828294336795807,-0.07113184034824371,-0.18492832779884338,-0.052420925348997116,-0.17531786859035492,-0.20886150002479553,0.2985771894454956,-0.15145929157733917,0.07010036706924438,0.0074571846053004265,-0.009629619307816029,-0.038019753992557526,-0.44311022758483887,-0.0025030404794961214,-0.279257595539093,0.3482372462749481,0.07856787741184235,-0.23852837085723877,0.18955162167549133,0.18936678767204285,-0.20297439396381378,0.00514189014211297,-0.10962618887424469,0.04446997866034508,-0.45987001061439514,0.235734224319458,-0.10837308317422867,0.17467936873435974,0.172190859913826,-0.1266614943742752,0.17675653100013733,-0.015019873157143593,-0.01543092168867588,0.18434277176856995,-0.10652868449687958,-0.015043271705508232,0.030924519523978233,-0.014869412407279015,-0.18092112243175507,-0.6486330032348633,-0.18791437149047852,-0.13863611221313477,-0.3018219470977783,0.03291217237710953,-0.04826347157359123,0.2597479820251465,0.14291632175445557,0.006774834357202053,-0.007625180296599865,0.04465428739786148,-0.4767877459526062,-0.2507242262363434,0.0618453323841095,-0.10984513908624649,0.1270429491996765,0.04327616095542908,-0.054685018956661224,0.05518322438001633,0.0032019675709307194,0.17487481236457825,-0.13171899318695068,-0.09654847532510757,-0.0073648663237690926,-0.2619784474372864,0.0751730352640152,-0.007909417152404785,-0.11035845428705215,0.19577789306640625,-0.025811607018113136,-0.017625918611884117,0.05970696359872818,-0.022169357165694237,0.0333847776055336,-0.031913816928863525,-0.1896187961101532,-0.29712992906570435,0.07320211082696915,0.04471724107861519,0.24761347472667694,-0.053304992616176605,-0.9333357810974121,0.06373608857393265,0.08259405940771103,0.2865123152732849,-0.1930345594882965,-0.08700741827487946,0.1364251673221588,0.12976355850696564,-0.10604456812143326,-0.05050657317042351,0.2976154685020447,-0.062382590025663376,-0.07261407375335693,0.20043238997459412,-0.03136884793639183,0.07718073576688766,-0.4568111002445221,-0.04558794945478439,0.18977931141853333,0.2305143177509308,0.010260526090860367,0.01867304928600788,-0.03897205367684364,0.08747590333223343,-0.1440201699733734,0.12846335768699646,0.44075608253479004,-0.12533289194107056,0.2166769951581955,0.016510171815752983,-0.015684494748711586,-0.12768486142158508,-0.07211288809776306,0.3881516456604004,0.014169804751873016,0.016233369708061218,-0.016926562413573265,-0.03098400868475437,-0.18980427086353302,-0.10658881813287735,-0.07179280370473862,0.19328849017620087,-0.08970753848552704,0.2170439511537552,-0.06996496021747589,-0.16099634766578674,0.030468320474028587,0.1192869320511818,0.013387422077357769,0.13315433263778687,0.027748193591833115,0.06708584725856781,0.19688457250595093,0.10382065922021866,0.2523649334907532,0.02277439832687378,-0.10468979924917221,-0.3982890248298645,-0.016688272356987,-0.1023133248090744,-0.3412119448184967,0.09002403169870377,0.2949092984199524,-0.08399413526058197,0.04470214247703552,-0.2028813362121582,0.6296698451042175,0.06827147305011749,-0.1849445253610611,-0.15400926768779755,-0.22579066455364227,-0.10067572444677353,-0.5742493271827698,-0.17662453651428223,-0.139290913939476,0.08383819460868835,0.2625867426395416,-0.23379358649253845,-0.09526493400335312,0.055829741060733795,0.10955949127674103,0.12925055623054504,0.08095328509807587,-0.21670064330101013,0.14080357551574707,-0.03940161317586899,-0.035811495035886765,-0.6007684469223022,-0.11327710002660751,0.0031665414571762085,0.22735396027565002,-0.034915100783109665,-0.011928357183933258,0.06510622799396515
CID000005478,473,-0.059526342898607254,0.03595582768321037,0.043775830417871475,-0.13044904172420502,0.11129315942525864,0.2809671461582184,-0.01153561007231474,-0.04473019018769264,-0.20485325157642365,-0.2210123986005783,-0.045480214059352875,-0.4027411937713623,0.2800986170768738,-0.16202250123023987,-0.28329959511756897,-0.008244847878813744,-0.028371889144182205,0.13699962198734283,0.2671568989753723,-0.05115541070699692,-0.0389433428645134,0.12357137352228165,0.05286448076367378,-0.17874732613563538,0.08478404581546783,-0.23578914999961853,0.16627787053585052,-0.028817299753427505,-0.009427155368030071,0.2629236578941345,-0.12544004619121552,0.2088594138622284,-0.034989435225725174,0.001874330686405301,-0.6170036792755127,-0.08951351046562195,-0.07286001741886139,-0.24838371574878693,-0.2990697920322418,-0.21551203727722168,0.1443784087896347,0.19358007609844208,-0.4356115460395813,0.0277505274862051,0.2812051475048065,0.0072062998078763485,0.08470723778009415,0.014077002182602882,0.1375887393951416,-0.16388656198978424,-0.6655654907226562,0.11498983949422836,-0.1869651824235916,0.07519291341304779,0.3269234597682953,-0.06956033408641815,0.02084951475262642,-0.07427896559238434,0.20142361521720886,-0.06532049179077148,-0.9158251881599426,0.23848159611225128,-0.47269687056541443,0.036102019250392914,-0.1762196123600006,0.17912261188030243,0.038566261529922485,0.3913285732269287,0.15319377183914185,-0.03855970501899719,0.007108825258910656,-0.14083245396614075,-0.005058273673057556,-0.0025611459277570248,0.15152676403522491,0.05514148995280266,-0.049754392355680466,0.33257657289505005,-0.0034027069341391325,-0.03485341742634773,-0.13477014005184174,-0.048415638506412506,-0.15976157784461975,-0.21697008609771729,-0.17132937908172607,0.054726481437683105,-0.22083339095115662,-0.17847628891468048,0.2150057852268219,-0.004203328397125006,-0.026715392246842384,-0.16438345611095428,-0.08043982088565826,-0.05922185257077217,-0.4490193724632263,0.029919838532805443,-0.1428041011095047,0.1519034206867218,0.2369876354932785,-0.22666092216968536,0.20488803088665009,0.2505525052547455,-0.1336773931980133,-0.0961800068616867,-0.18462355434894562,0.05423390865325928,-0.42785000801086426,0.20481371879577637,-0.00920745637267828,-0.0410522036254406,0.2837468087673187,-0.04838250204920769,0.2516684830188751,0.09345259517431259,0.008050339296460152,-0.04872825741767883,0.13454188406467438,-0.22389142215251923,0.2446194887161255,0.13057775795459747,0.15523573756217957,-0.7261372208595276,-0.19528335332870483,-0.1583918035030365,-0.31074830889701843,0.10282166302204132,-0.008067267946898937,0.10729371011257172,0.2137468308210373,0.02247360721230507,0.028962742537260056,-0.10843130201101303,-0.5738573670387268,-0.27274632453918457,-0.061070650815963745,-0.037023838609457016,0.13583078980445862,-0.25275126099586487,-0.17223405838012695,0.0695226639509201,-0.10385608673095703,-0.19234873354434967,0.27837270498275757,0.004693794064223766,-0.13503770530223846,0.06966044008731842,-0.19369490444660187,-0.1210440844297409,-0.09022458642721176,0.06229395791888237,-0.06905531138181686,0.30039602518081665,-0.08607281744480133,0.1326126754283905,-0.12609270215034485,0.05959756299853325,-0.15148970484733582,-0.2762572169303894,0.02174614556133747,-0.09497158229351044,0.19021452963352203,-0.05419255420565605,-0.8416837453842163,-0.01476019062101841,0.374290406703949,0.16588130593299866,-0.23671016097068787,-0.0580202154815197,-0.08334574848413467,0.0029582104180008173,-0.12790748476982117,-0.1511620581150055,0.28295034170150757,0.04779110103845596,-0.09120913594961166,-0.12501057982444763,0.21839821338653564,0.07662425935268402,-0.46441856026649475,-0.06077828258275986,0.27488261461257935,0.1748543083667755,0.24473097920417786,-0.058938633650541306,0.011231133714318275,-0.10163825750350952,-0.16443508863449097,-0.004356157500296831,0.5862457156181335,0.09094594419002533,0.09586648643016815,-0.22471030056476593,-0.16738426685333252,-0.07301755249500275,-0.19688457250595093,0.13844534754753113,-0.00690473010763526,-0.07826052606105804,-0.1399395912885666,0.19640347361564636,0.12981963157653809,-0.08725154399871826,-0.07559174299240112,0.1798979789018631,0.047092195600271225,0.06699907779693604,-0.045911796391010284,-0.11428122222423553,-0.15725859999656677,-0.10008635371923447,0.15727905929088593,0.1903602033853531,-0.09430772066116333,-0.03592623025178909,-0.03455515578389168,0.05060514062643051,0.4227026104927063,0.16933707892894745,0.051852036267519,-0.10180473327636719,-0.10005660355091095,-0.06058795005083084,-0.4404575228691101,0.08939313888549805,0.19558480381965637,-0.17155583202838898,0.1847720444202423,-0.07552587985992432,0.7570287585258484,0.15582022070884705,-0.1296403557062149,-0.1025528758764267,-0.03414459526538849,-0.006038879044353962,-0.5229383707046509,-0.17857183516025543,-0.19294503331184387,0.09028748422861099,0.3276149034500122,-0.1275249421596527,-0.21409186720848083,-0.08456983417272568,0.09506680071353912,-0.059238702058792114,-0.09424156695604324,-0.05749109387397766,0.06355106085538864,-0.040787793695926666,0.3633904755115509,-0.7575069665908813,-0.013346808962523937,0.30993643403053284,0.2253578156232834,-0.07321487367153168,-0.10253240913152695,-0.06543262302875519
CID000002650,474,0.02000916562974453,0.09990469366312027,-0.01313443947583437,-0.10128547251224518,0.5801020860671997,0.4457273483276367,0.267110675573349,-0.017992643639445305,-0.3728577494621277,-0.009261506609618664,0.2151148021221161,-0.45432814955711365,0.018681500107049942,-0.019736021757125854,-0.18787381052970886,-0.21162667870521545,0.007942366413772106,-0.12304215133190155,-0.39039820432662964,-0.04152331128716469,0.009314646013081074,-0.23565106093883514,0.0922088474035263,0.12251591682434082,0.12880177795886993,-0.11483971029520035,-0.14707329869270325,-0.01817021332681179,-0.0901818722486496,0.34841594099998474,-0.5180221796035767,0.2571116089820862,-0.0804448127746582,-0.08235572278499603,-0.5163944959640503,0.20093294978141785,-0.472256600856781,-0.27382686734199524,-0.14897410571575165,-0.26254457235336304,-0.24848537147045135,0.01344621367752552,-0.28719767928123474,0.4279298186302185,0.5241909623146057,0.22856342792510986,-0.01795387826859951,-0.21312370896339417,-0.12172821909189224,-0.12287724018096924,-0.4953649938106537,0.04564230516552925,-0.040254462510347366,-0.7108461856842041,0.023178022354841232,-0.1093047708272934,0.17401781678199768,-0.0516538992524147,1.0239193439483643,-0.19804230332374573,-0.9888920783996582,0.095718152821064,-0.4155018925666809,0.14652308821678162,0.10074571520090103,-0.2637130618095398,-0.34813523292541504,0.05223971605300903,0.24155481159687042,-0.01799890771508217,-0.7076823711395264,0.14565393328666687,-0.1737477332353592,-0.13361993432044983,0.4897397458553314,-0.00048571452498435974,0.1562606394290924,0.11122111231088638,0.2870979607105255,0.31523606181144714,-0.04066331312060356,-0.08315660059452057,0.3030831217765808,0.0784163624048233,-0.1758376806974411,0.22253985702991486,0.004545116331428289,-0.14890071749687195,0.363608181476593,0.2215626984834671,0.1932804137468338,-0.06909792125225067,-0.3082036077976227,-0.2925436198711395,-0.5666768550872803,0.05824645608663559,0.14486955106258392,0.11671632528305054,-0.1530761420726776,-0.059976495802402496,0.3098600506782532,0.5169719457626343,-0.2476460486650467,0.15605616569519043,-0.04672785848379135,0.1242339015007019,-0.5837284922599792,0.3573228716850281,0.034127216786146164,0.3607906997203827,-0.2496490180492401,0.23160338401794434,0.11232904344797134,0.025033047422766685,0.303732693195343,-0.011595192365348339,-0.2504693865776062,-0.3908500671386719,0.09490753710269928,0.01828056201338768,0.06564831733703613,-0.9039776921272278,-0.2581976354122162,-0.2835667133331299,-0.45054030418395996,0.2915436625480652,-0.001149372779764235,0.3118297755718231,0.013212509453296661,0.1510961502790451,-0.036357324570417404,0.10205946862697601,-0.6359831690788269,-0.4235149323940277,0.08428005129098892,-0.11564719676971436,0.3602179288864136,-0.4337683320045471,0.39155346155166626,-0.28617963194847107,0.15437869727611542,0.30774345993995667,0.12394116818904877,-0.046534016728401184,-0.0663871020078659,-0.17520813643932343,0.22252607345581055,0.07500257343053818,0.019711030647158623,-0.047381870448589325,-0.10215200483798981,-0.03156939893960953,-0.19576647877693176,0.03210882842540741,-0.2269074022769928,-0.05581892654299736,0.24256952106952667,-0.46726521849632263,-0.23569230735301971,0.04964529350399971,0.22375154495239258,0.11144013702869415,-0.8146510124206543,-0.12692955136299133,0.493354856967926,0.19712111353874207,-0.07686223834753036,0.43698009848594666,-0.05632758140563965,0.04145784676074982,-0.31352755427360535,-0.6375463604927063,0.5054845213890076,-0.06182681396603584,0.0168323777616024,-0.1113462820649147,-0.16804920136928558,0.16765867173671722,-0.3002382218837738,-0.1852748841047287,0.11723846197128296,-0.027727538719773293,-0.14424003660678864,-0.05885859578847885,0.0635053962469101,-0.05894104763865471,0.03218382969498634,-0.16027283668518066,0.5563092231750488,0.10748805850744247,0.4794899821281433,-0.8199019432067871,0.05285404995083809,0.1005144864320755,-0.1018473282456398,0.6265288591384888,0.14209111034870148,-0.01145820040255785,-0.2523043751716614,-0.09544645994901657,-0.10278645902872086,-0.04296068847179413,-0.22615091502666473,0.2321748435497284,-0.17027024924755096,0.19348588585853577,-0.15115834772586823,-0.4404226243495941,-0.21859700977802277,-0.14681380987167358,0.5079494714736938,-0.23537640273571014,-0.19482466578483582,-0.22280247509479523,1.0250871181488037,0.17922477424144745,0.8721734881401062,0.11191479861736298,-0.015557579696178436,-0.03547132760286331,0.2554777264595032,0.16453638672828674,-0.6122740507125854,-0.008204382844269276,0.07480542361736298,0.023579111322760582,-0.11929552257061005,-0.4828364849090576,0.9651447534561157,0.4530929625034332,-0.2616724669933319,-0.37781232595443726,-0.06043682619929314,0.24562332034111023,-0.6448668241500854,-0.22067587077617645,-0.1024107113480568,0.1182578057050705,-0.22373028099536896,0.27150392532348633,-0.6518172025680542,-0.14252620935440063,-0.07569141685962677,-0.05297539383172989,0.20746855437755585,-0.5013521909713745,0.2825371026992798,-0.045877791941165924,0.12531313300132751,-0.903965175151825,-0.21422132849693298,0.12776926159858704,0.3181862235069275,-0.21700134873390198,0.053530462086200714,0.04884112998843193
CID000004607,475,0.25326699018478394,0.047481946647167206,0.061815809458494186,0.09911687672138214,0.6760765314102173,0.31176117062568665,0.15216855704784393,-0.338918536901474,-0.42508524656295776,-0.16317926347255707,0.1292988359928131,-0.7493360042572021,-0.007813962176442146,-0.2491140067577362,-0.1913810819387436,-0.04661669582128525,0.1464759260416031,-0.28295275568962097,-0.0517817921936512,0.31219324469566345,0.10404236614704132,0.1726721227169037,-0.11878959089517593,0.05516674369573593,0.022177817299962044,0.01047555822879076,-0.2088768482208252,0.04323923960328102,0.052459049969911575,0.29768845438957214,-0.24719516932964325,0.19522646069526672,0.07145765423774719,0.16684681177139282,-0.7340989708900452,-0.4509831368923187,-0.281527578830719,-0.25999578833580017,-0.4109911024570465,-0.172782763838768,-0.3139854669570923,0.5429447293281555,-0.19644199311733246,0.31550726294517517,0.2850853204727173,0.46885013580322266,0.12875960767269135,0.05831529572606087,0.024842573329806328,-0.20585744082927704,-0.6582433581352234,-0.13911503553390503,-0.1681932657957077,-0.48273688554763794,0.2334151268005371,0.06958632171154022,-0.026169463992118835,-0.25868988037109375,1.017822265625,-0.3474060893058777,-0.964550793170929,0.2587587237358093,-0.3969581127166748,0.29016274213790894,-0.21704106032848358,-0.5619497895240784,-0.32109540700912476,0.3747873902320862,-0.26711025834083557,0.1062387228012085,-0.4158312678337097,-0.11788962036371231,-0.026004720479249954,-0.2638086676597595,0.6773909330368042,0.24078743159770966,0.26062387228012085,0.23368442058563232,-0.09905064851045609,-0.3082416355609894,-0.3721044361591339,-0.03661144897341728,0.0068933432921767235,-0.2851286828517914,0.022702347487211227,0.07496590912342072,-0.025943005457520485,-0.1988440752029419,0.31034359335899353,-0.19114843010902405,-0.23235392570495605,-0.2376648634672165,0.22248533368110657,0.23177489638328552,-0.5181485414505005,-0.004189908504486084,-0.2874048054218292,0.02385104075074196,-0.05117613077163696,-0.19844824075698853,0.12096837908029556,-0.32921379804611206,-0.29875311255455017,0.9060099720954895,-0.014000855386257172,0.0494876392185688,-0.4889768064022064,0.3906698524951935,0.33798879384994507,0.30217495560646057,0.2741377353668213,0.2068079710006714,-0.05552250146865845,0.32977426052093506,0.3387761414051056,-0.12506406009197235,-0.37668150663375854,-0.48422154784202576,0.23623628914356232,0.03457185626029968,0.17844782769680023,-0.8589561581611633,-0.3522191643714905,-0.01033639907836914,-0.246258944272995,0.08061891794204712,-0.11927326023578644,0.29302874207496643,0.022363152354955673,-0.11325053125619888,0.04059614613652229,-0.06619466096162796,-0.6061088442802429,-0.4492143988609314,0.024629855528473854,0.15373048186302185,0.12152000516653061,-0.5142652988433838,-0.049732308834791183,-0.3864120841026306,0.222329780459404,0.19627612829208374,0.2047918736934662,0.18811552226543427,0.28059473633766174,-0.28458520770072937,-0.01855711080133915,0.38181543350219727,0.038320258259773254,0.09697512537240982,-0.021210068836808205,-0.05733074992895126,0.03564630076289177,0.012286389246582985,-0.29118409752845764,-0.18416520953178406,0.13098886609077454,-0.3094637989997864,-0.08666084706783295,0.040288105607032776,0.14599905908107758,0.2768329083919525,-0.9714472889900208,0.528286337852478,0.6549414396286011,0.15874412655830383,-0.3545992970466614,0.19310696423053741,-0.22933562099933624,-0.5500882863998413,-0.2124468982219696,-0.4917919635772705,0.6879341006278992,-0.24223951995372772,0.059693969786167145,0.13325746357440948,0.03212692216038704,0.36751195788383484,-0.535808801651001,0.2111796885728836,0.31588923931121826,0.08374011516571045,0.3139263689517975,-0.0045171501114964485,0.08931434154510498,-0.41367682814598083,0.022184519097208977,-0.06953106075525284,0.538449764251709,0.14013344049453735,0.2852235436439514,-0.6405748128890991,-0.32461220026016235,0.500014066696167,-0.2046605795621872,0.29200586676597595,-0.36625272035598755,0.16961422562599182,-0.3546237349510193,0.23638257384300232,-0.23138432204723358,0.033029139041900635,-0.27540549635887146,0.16324615478515625,-0.15248657763004303,0.3332323133945465,-0.026088755577802658,-0.40287351608276367,-0.31527549028396606,-0.15591177344322205,0.3203006982803345,0.16198793053627014,-0.17888879776000977,0.029762055724859238,0.5176851749420166,0.1419304609298706,1.0631392002105713,-0.07211120426654816,-0.2815466523170471,-0.08314482867717743,-0.13977894186973572,0.0977046862244606,-0.9389492869377136,0.025499602779746056,0.21211953461170197,-0.18048740923404694,0.016010107472538948,-0.36325058341026306,1.1104943752288818,-0.3487410247325897,-0.38526925444602966,0.25160807371139526,0.0695028156042099,-0.006026233546435833,-0.6389724016189575,-0.3355063199996948,0.22294536232948303,0.009338615462183952,0.30313223600387573,0.27316156029701233,-1.2558109760284424,-0.22266598045825958,-0.18496958911418915,-0.1259041726589203,0.40795379877090454,-0.49307721853256226,0.2845907509326935,-0.08196171373128891,0.030326921492815018,-0.9701317548751831,-0.2989981770515442,0.5101073384284973,0.21091344952583313,-0.15612731873989105,-0.027057308703660965,-0.03844761848449707
CID000004812,478,-0.18781165778636932,-0.014477163553237915,-0.09951852262020111,-0.17009477317333221,0.20903822779655457,0.3198111653327942,-0.0013749420177191496,-0.11980652809143066,-0.3550794720649719,-0.2107580602169037,-0.10125887393951416,-0.37359365820884705,0.006719610188156366,-0.17090938985347748,0.1255883276462555,-0.04602043330669403,-0.10181272029876709,0.10999266803264618,0.15127642452716827,-0.08598239719867706,-0.1598767787218094,0.27070656418800354,0.042102888226509094,-0.03296494483947754,-0.0883525088429451,-0.06352054327726364,-0.03678230196237564,-0.07254490256309509,0.006569814868271351,0.1499110907316208,-0.039925239980220795,-0.26674267649650574,-0.22131483256816864,0.07554769515991211,-0.4693889021873474,-0.017277520149946213,-0.3170050382614136,-0.19644610583782196,-0.07536236196756363,-0.18137666583061218,0.07469795644283295,0.10655294358730316,-0.20424862205982208,-0.17305953800678253,0.2038302719593048,-0.06472478806972504,-0.018515266478061676,0.10847286880016327,-0.2113666981458664,-0.09321953356266022,-0.11030972003936768,0.1263575255870819,0.011828819289803505,-0.006540288217365742,0.10898414999246597,0.041703272610902786,-0.03794950991868973,-0.09548865258693695,0.21548357605934143,-0.048433683812618256,-1.0008795261383057,0.003317526075989008,-0.2564995288848877,0.26210349798202515,0.09413854777812958,0.1122087687253952,-0.015876952558755875,0.24920400977134705,-0.047682344913482666,0.06471168994903564,-0.1196138858795166,0.09212814271450043,-0.011104282923042774,-0.27808746695518494,0.11970365047454834,-0.05782104283571243,0.029176821932196617,0.0905613899230957,0.1703278124332428,0.10934054851531982,-0.1104525774717331,0.07734917849302292,-0.16917645931243896,-0.018483588472008705,-0.13669565320014954,-0.0510970763862133,-0.19724370539188385,-0.12594790756702423,0.2748167812824249,-0.11751171201467514,-0.033439069986343384,-0.10346243530511856,-0.07590442895889282,-0.008628636598587036,-0.48937955498695374,0.05726493522524834,-0.2514416575431824,0.4219916760921478,0.10509325563907623,-0.31412672996520996,0.2626543641090393,0.14649930596351624,-0.16091060638427734,-0.13458119332790375,-0.0831276997923851,0.06273797899484634,-0.41758695244789124,0.2189052551984787,-0.03279421851038933,0.1303267925977707,0.09641057252883911,-0.052412211894989014,0.2734094262123108,-0.04606935381889343,0.014716168865561485,0.21879620850086212,-0.13285696506500244,-0.04975585266947746,0.12021671235561371,-0.006676471326500177,-0.11145180463790894,-0.6704022884368896,-0.2856768071651459,-0.18120349943637848,-0.4598523676395416,0.10241657495498657,-0.05627044290304184,0.3020302355289459,0.22500793635845184,0.0412563793361187,-0.054018013179302216,0.11478891223669052,-0.49981147050857544,-0.3319432735443115,0.0007525176042690873,-0.09479864686727524,0.10960952937602997,0.036162368953228,-0.03632604703307152,0.10712990909814835,0.03159536048769951,0.08960552513599396,-0.13698698580265045,-0.07690420001745224,-0.09777133166790009,-0.16836877167224884,-0.033502329140901566,-0.08255837857723236,-0.20406046509742737,0.21942536532878876,-0.05863809585571289,0.07048539817333221,0.18918825685977936,0.07291775941848755,-0.0705995187163353,0.004457579459995031,-0.1793745905160904,-0.2548477053642273,0.09134294837713242,-0.039926376193761826,0.24476400017738342,-0.06792671978473663,-0.9716970324516296,0.03737488016486168,0.11507382243871689,0.21628232300281525,-0.15954437851905823,-0.03988809511065483,0.14035972952842712,0.09672623872756958,-0.14555087685585022,-0.2065199911594391,0.26019588112831116,-0.03855166956782341,-0.16872452199459076,0.024605005979537964,0.0014906913274899125,0.1557794064283371,-0.4966878294944763,-0.08984802663326263,0.20364601910114288,0.31130680441856384,0.11234356462955475,0.013336606323719025,-0.029880713671445847,0.0022828399669378996,-0.19224080443382263,0.1283259093761444,0.4815449118614197,-0.12477028369903564,0.08618982881307602,0.03437378630042076,-0.14171823859214783,-0.07908987998962402,-0.15659800171852112,0.29706332087516785,0.04560771584510803,0.013028089888393879,-0.006149344611912966,0.039346545934677124,-0.07319798320531845,-0.04326362535357475,-0.06252190470695496,0.12569881975650787,-0.14160564541816711,0.143733412027359,-0.013865512795746326,-0.08358511328697205,-0.1420135796070099,0.140669584274292,0.07559168338775635,0.21337132155895233,-0.08007989823818207,0.08144102990627289,0.12936832010746002,0.06294742971658707,0.3111858367919922,0.03654491901397705,-0.15580472350120544,-0.30711618065834045,-0.04408068582415581,-0.08220718055963516,-0.37146005034446716,0.14798741042613983,0.35200709104537964,-0.07940927147865295,0.05021257326006889,-0.18029406666755676,0.6158414483070374,0.04323335364460945,-0.16255798935890198,-0.21215538680553436,-0.1622825562953949,-0.13222381472587585,-0.5300759077072144,-0.20082242786884308,-0.08200924098491669,0.1381884217262268,0.20607344806194305,-0.24936750531196594,-0.17271582782268524,0.08472536504268646,0.05299343541264534,0.24866454303264618,0.11556510627269745,-0.18980500102043152,0.07091294229030609,-0.03163709491491318,-0.0906132385134697,-0.668635904788971,-0.23928973078727722,0.017725149169564247,0.19748611748218536,-0.03875618427991867,0.019735023379325867,0.07991887629032135
CID000004828,481,-0.10738589614629745,0.014431646093726158,0.337436705827713,-0.05735129117965698,0.3692309260368347,0.38047510385513306,0.05585818365216255,0.08487991988658905,-0.1335567831993103,-0.2503432631492615,-0.10523055493831635,-0.3961153030395508,0.2880626618862152,-0.15239554643630981,0.15537129342556,0.0015820765402168036,-0.014786705374717712,0.30108174681663513,-0.044239699840545654,0.13436922430992126,-0.1923837810754776,-0.10511140525341034,0.11044208705425262,-0.03632242977619171,0.2521083354949951,-0.06550385802984238,-0.15820856392383575,-0.017939656972885132,-0.04532448202371597,0.34053829312324524,-0.00448518106713891,-0.053400732576847076,-0.19498643279075623,-0.016079606488347054,-0.1946275383234024,-0.2165307253599167,-0.09954256564378738,-0.45650386810302734,0.08413803577423096,-0.16999927163124084,0.26986417174339294,0.27272653579711914,-0.08629292249679565,-0.17862382531166077,0.03964116424322128,0.06042163446545601,0.0049330429174005985,0.009286696091294289,-0.037520475685596466,-0.1506665050983429,-0.2176431119441986,0.14455202221870422,-0.18319258093833923,-0.2910817861557007,-0.01259133405983448,-0.050636328756809235,0.09536788612604141,-0.07546085119247437,-0.12438061088323593,0.08013023436069489,-0.8242486715316772,0.21127894520759583,-0.45326900482177734,0.0007785692578181624,0.09449446201324463,0.2416093349456787,-0.35116517543792725,-0.003861796809360385,0.07212505489587784,-0.05998174101114273,-0.12282983958721161,-0.09120652079582214,0.1390003114938736,-0.24556311964988708,-0.028155237436294556,0.006478882394731045,0.06470926105976105,0.18202939629554749,0.1865830421447754,0.10874465852975845,-0.440743625164032,0.0387193039059639,-0.3217243552207947,-0.2136756181716919,-0.08363176882266998,0.0014531553024426103,-0.1496361643075943,0.03791659325361252,0.2316698580980301,0.07590102404356003,0.017223145812749863,-0.2571799159049988,-0.19405227899551392,-0.0058000595308840275,-0.3512018024921417,0.03623722866177559,-0.3240405321121216,0.29940059781074524,0.23164093494415283,-0.2575438916683197,0.3094941973686218,0.06759966909885406,-0.07898908853530884,0.2783425748348236,-0.18957675993442535,0.01842673309147358,-0.2098456174135208,0.21686947345733643,-0.09642510116100311,0.23474004864692688,0.08401133865118027,0.009528410620987415,0.33111274242401123,-0.06126367300748825,-0.01573714055120945,-0.0099845752120018,0.09743303060531616,-0.13989140093326569,0.06332413107156754,0.0022257559467107058,-0.27488893270492554,-0.48669829964637756,0.05824974179267883,-0.44161859154701233,-0.44413894414901733,0.16076403856277466,0.08455179631710052,0.33894166350364685,0.22438660264015198,0.1544918566942215,0.3302721381187439,0.00040738581446930766,-0.45204395055770874,-0.35241228342056274,-0.0038033470045775175,-0.02119779959321022,0.24542880058288574,0.0033207430969923735,-0.09485854208469391,0.10224783420562744,-0.190175861120224,0.26103711128234863,-0.1260145753622055,-0.023101860657334328,-0.06033722683787346,0.11122460663318634,0.03550369665026665,0.16440793871879578,-0.25035586953163147,-0.14454379677772522,-0.09630371630191803,0.10575716197490692,-0.11255928128957748,0.0413893386721611,-0.2543617784976959,0.01296684704720974,-0.20837080478668213,-0.4328451156616211,0.24359378218650818,-0.026489892974495888,0.28439754247665405,0.0216481052339077,-0.7905071973800659,0.11678355932235718,0.13987459242343903,0.32233676314353943,0.1310541331768036,-0.04855611175298691,0.27233511209487915,-0.1742170751094818,0.07268987596035004,-0.00856092944741249,0.3991113603115082,-0.09223330020904541,-0.035439904779195786,0.00015182494826149195,0.1349632889032364,0.06439171731472015,-0.4563308358192444,-0.07822471112012863,0.2071484625339508,0.2939320504665375,0.022529998794198036,-0.12125290930271149,0.11071979999542236,0.07749631255865097,-0.4241897463798523,-0.07876141369342804,0.23311908543109894,-0.00216875271871686,0.2046264410018921,-0.0392112135887146,0.0006209619459696114,-0.1869741976261139,-0.0981014221906662,0.4265456795692444,0.07746098935604095,-0.11629320681095123,-0.03174065798521042,0.16750983893871307,0.049216680228710175,0.06744237244129181,-0.22550280392169952,0.08498924970626831,-0.057158470153808594,0.3554070293903351,-0.05170001834630966,-0.4500148296356201,0.11208073794841766,0.0363430492579937,-0.16771458089351654,0.2996300756931305,-0.04987528175115585,0.08986390382051468,0.4353331923484802,-0.08058971166610718,0.2636936902999878,0.20170018076896667,0.07186824083328247,-0.2853204309940338,0.0877966657280922,0.011595988646149635,-0.30482104420661926,0.10732923448085785,0.4919019639492035,0.044161587953567505,0.27347585558891296,-0.3601757884025574,0.3853062093257904,0.05278985947370529,-0.009044280275702477,-0.32570281624794006,-0.08465101569890976,0.008904877118766308,-0.34387192130088806,-0.3414682149887085,-0.26487377285957336,0.2251172810792923,0.18832018971443176,-0.1722068339586258,0.1426069289445877,0.05561349540948868,0.19895651936531067,-0.06433425843715668,-0.14386099576950073,-0.05499688535928726,0.20354428887367249,0.053889594972133636,0.1858769953250885,-0.44983339309692383,0.00294881546869874,-0.1438441276550293,0.012678815051913261,-0.19692100584506989,0.02055349014699459,-0.21464474499225616
CID000003793,483,-0.014186868444085121,-0.08884867280721664,0.042855434119701385,-0.09269801527261734,0.06912960112094879,0.3090195059776306,-0.02957329712808132,0.195433109998703,-0.3899838328361511,-0.36438122391700745,0.09106587618589401,-0.5378521680831909,0.30666905641555786,-0.33570951223373413,-0.49918705224990845,-0.09226022660732269,0.03481078892946243,-0.18241554498672485,0.11027602851390839,-0.17994637787342072,0.1465684473514557,0.013530830852687359,0.08336546272039413,0.037637002766132355,-0.004371744580566883,-0.27485907077789307,0.14987224340438843,0.070442795753479,0.04334113374352455,0.40762680768966675,-0.15026012063026428,0.1872718781232834,-0.08982115983963013,0.07552311569452286,-0.5039283037185669,-0.011723312549293041,-0.2057410180568695,-0.3898126184940338,-0.30914008617401123,0.09982375055551529,0.10937833786010742,0.06160566955804825,-0.5328508615493774,0.09258896112442017,0.45278364419937134,0.2714807987213135,0.12507250905036926,-0.0896449163556099,0.061798859387636185,-0.10298111289739609,-0.45364856719970703,0.13543277978897095,-0.11157186329364777,-0.0999305471777916,0.25435560941696167,-0.23933358490467072,-0.11662568151950836,0.09958914667367935,0.7314890623092651,0.04119815304875374,-0.7060145735740662,0.26076531410217285,-0.585360050201416,-0.008164530619978905,-0.011168837547302246,0.16678747534751892,-0.15311595797538757,0.25767865777015686,0.1636866331100464,-0.04517224803566933,-0.09782161563634872,-0.19215767085552216,0.030364254489541054,0.02924591861665249,0.5003861784934998,0.011216109618544579,-0.035961054265499115,0.3639027774333954,0.25898605585098267,-0.06857584416866302,-0.15707209706306458,-0.21684136986732483,0.033387087285518646,-0.26656049489974976,-0.02058575116097927,0.04550807550549507,-0.4164176881313324,0.19594299793243408,0.2484806478023529,0.1212405189871788,-0.13504117727279663,-0.29692474007606506,-0.10169269889593124,-0.015447410754859447,-0.37807697057724,0.013199403882026672,-0.003617155598476529,0.09008067846298218,0.11320072412490845,-0.4285075068473816,0.08929480612277985,0.1632533222436905,-0.3270091414451599,-0.015330923721194267,-0.3555781841278076,0.028419917449355125,-0.44630447030067444,0.21136479079723358,0.22439129650592804,0.34504562616348267,0.3774346709251404,0.26997143030166626,0.13846072554588318,0.02689420059323311,0.14247940480709076,-0.07315383106470108,-0.014486953616142273,-0.4947744905948639,0.3241019546985626,-0.027924079447984695,-0.010119626298546791,-0.6621478796005249,-0.2656063437461853,-0.11838756501674652,-0.21825246512889862,0.428825318813324,0.012023244984447956,0.15844057500362396,0.2083144187927246,0.009671342559158802,0.12920309603214264,-0.001814681338146329,-0.5570465922355652,-0.31705206632614136,-0.036644645035266876,-0.10610945522785187,0.014300882816314697,-0.31741082668304443,-0.06791122257709503,-0.35765376687049866,-0.08990635722875595,0.16640718281269073,0.38569512963294983,-0.14986705780029297,-0.22910621762275696,-0.04713582247495651,-0.1550782322883606,-0.11542835086584091,0.21734380722045898,-0.06478780508041382,0.009026780724525452,0.07616857439279556,-0.16628789901733398,-0.026275044307112694,0.060987211763858795,-0.0606146976351738,-0.01882464811205864,-0.4113275408744812,-0.13014134764671326,-0.09713319689035416,0.06971696764230728,0.037862058728933334,-0.7847734689712524,0.0009823531145229936,0.48148584365844727,0.22928623855113983,-0.21748749911785126,0.20941126346588135,0.01065477728843689,-0.05076378583908081,-0.3428010642528534,-0.3671939969062805,0.31759709119796753,-0.19039994478225708,0.07140379399061203,-0.22572839260101318,0.017362024635076523,-0.07835917919874191,-0.378800630569458,-0.16489998996257782,0.3105565011501312,0.28129810094833374,0.09024518728256226,-0.2534291744232178,-0.05878116562962532,-0.051530420780181885,-0.08067270368337631,0.05052590370178223,0.3619357645511627,0.05379936099052429,0.37297606468200684,-0.5615202188491821,0.07176250219345093,-0.11757609993219376,-0.14552155137062073,0.3650481402873993,0.08583332598209381,0.01963718608021736,-0.41141390800476074,0.2735293209552765,0.08669809252023697,-0.06966729462146759,-0.13135427236557007,-0.0632353276014328,0.03935506194829941,0.23959346115589142,-0.3532885015010834,-0.21789488196372986,-0.3234633803367615,-0.12230809032917023,0.13414864242076874,0.2549073398113251,-0.02998802624642849,-0.04510492831468582,-0.08917753398418427,-0.19893255829811096,0.5694688558578491,0.21671223640441895,-0.20604756474494934,-0.031157314777374268,0.005850637797266245,-0.03756791725754738,-0.6668708324432373,0.003543335245922208,0.08449069410562515,-0.11268802732229233,0.1829456090927124,-0.1444394290447235,0.9448286890983582,0.3007412552833557,-0.21895185112953186,-0.21359963715076447,-0.13824018836021423,0.11613225936889648,-0.5462722778320312,-0.31872400641441345,0.15772029757499695,0.17825309932231903,0.43466272950172424,0.33427906036376953,-0.7250497341156006,-0.14531929790973663,0.010078070685267448,-0.012670251540839672,-0.01461360789835453,-0.027019357308745384,0.2875213623046875,0.09830532968044281,0.25668516755104065,-0.6531847715377808,-0.22325249016284943,0.44669264554977417,0.2997536063194275,-0.243289515376091,-0.1164294108748436,-0.012724807485938072
CID000060953,488,0.11581547558307648,0.11223089694976807,0.2673575282096863,0.16584648191928864,0.6693172454833984,0.4454757273197174,0.3806709349155426,-0.29984989762306213,-0.6006786227226257,-0.08463530987501144,0.1781444102525711,-0.46015459299087524,0.34730565547943115,-0.1404174119234085,0.22891023755073547,0.06685143709182739,0.010300284251570702,-0.2442367821931839,0.19125136733055115,0.016184624284505844,-0.19437596201896667,-0.12131386995315552,-0.13553288578987122,-0.007033866830170155,0.06370143592357635,0.006810083985328674,0.09158232063055038,0.053824663162231445,-0.21983058750629425,0.6725465655326843,-0.1595008671283722,-0.08312273770570755,0.43532395362854004,-0.11935730278491974,-0.8870415687561035,0.17113928496837616,-0.2927350103855133,-0.1765713393688202,-0.46030884981155396,0.08293892443180084,-0.019946228712797165,0.1264503300189972,-0.42903780937194824,-0.15238100290298462,0.2566607594490051,-0.22488220036029816,-0.1548500955104828,0.08747849613428116,0.2433716505765915,-0.26926547288894653,-0.24175556004047394,0.15245123207569122,-0.09509453922510147,-0.29109516739845276,-0.024722594767808914,-0.03950949013233185,0.1571926772594452,-0.2095230519771576,0.9243027567863464,-0.0961984172463417,-0.9719493985176086,0.021765071898698807,-0.21559405326843262,0.3556557297706604,-0.10382412374019623,-0.015444902703166008,-0.4072531759738922,0.2552540898323059,0.02379242703318596,-0.05538545176386833,-0.23444430530071259,0.2141108512878418,0.06386078894138336,0.03383812680840492,0.6485946178436279,0.05600147321820259,0.09408113360404968,0.13403797149658203,-0.05999316647648811,-0.35210710763931274,-0.0868193730711937,-0.21238574385643005,-0.006052450742572546,0.20137520134449005,0.03313683345913887,0.021531181409955025,-0.1444743126630783,0.21413496136665344,0.4226541519165039,-0.21945767104625702,-0.09493831545114517,0.04572626203298569,-0.06310416758060455,-0.10172896087169647,-0.7013564109802246,0.0023109526373445988,0.2138102948665619,-0.054440416395664215,0.057937782257795334,-0.25067824125289917,0.09873329848051071,0.0627993792295456,-0.22565189003944397,0.6544808149337769,-0.35462257266044617,-0.16914932429790497,-0.1468837708234787,0.2503887712955475,0.022050373256206512,0.5589942336082458,0.15744924545288086,-0.2609867751598358,0.10779501497745514,-0.08674730360507965,0.26566147804260254,-0.14382466673851013,-0.14093108475208282,-1.4699186086654663,-0.006402534432709217,-0.001089043915271759,0.0071165114641189575,-0.8754838705062866,0.19913172721862793,-0.09738075733184814,-0.33268824219703674,0.06862728297710419,0.11988861858844757,0.3336765468120575,0.0815328061580658,0.2604646682739258,0.1009712666273117,0.15316568315029144,-0.40101319551467896,-0.4343467652797699,0.3495769500732422,-0.0830276757478714,0.17897850275039673,-0.36439210176467896,-0.05212155729532242,-0.17069436609745026,-0.40614867210388184,0.545600950717926,-0.15894632041454315,-0.18852154910564423,-0.25738096237182617,-0.036679886281490326,-0.1541460007429123,0.05640668794512749,-0.19887268543243408,0.06848206371068954,0.0071750120259821415,0.15550503134727478,-0.12434200942516327,-0.03791876882314682,0.00829414464533329,0.1831766664981842,0.18987703323364258,-0.6512941122055054,-0.2861320376396179,0.12295343726873398,-0.08922985941171646,0.017359141260385513,-0.7535375952720642,-0.07851733267307281,0.9326052665710449,0.20884105563163757,-0.5214446187019348,0.4537782669067383,-0.014416342601180077,-0.16639328002929688,-0.339456707239151,-0.2297777235507965,0.38400882482528687,0.2517920136451721,-0.08714117854833603,0.2015695869922638,0.3995836079120636,0.14842122793197632,-0.2911840081214905,0.04251239821314812,0.1595837026834488,0.3677252233028412,0.003835147712379694,0.043761447072029114,0.00858321227133274,-0.2220296412706375,-0.13506612181663513,-0.020930152386426926,0.5268315076828003,0.0008687108638696373,0.4033909738063812,-0.8841918110847473,0.0014663934707641602,-0.1508069485425949,0.08247790485620499,0.3855816423892975,-0.03962422534823418,-0.07750584185123444,-1.046130657196045,-0.33459678292274475,-0.07068970054388046,0.1624237298965454,-0.3416835367679596,0.3163706064224243,-0.12955424189567566,0.19084180891513824,-0.03861323371529579,-0.09378637373447418,-0.5210484266281128,-0.18324168026447296,0.09636242687702179,-0.3693159818649292,-0.14108599722385406,-0.03959432616829872,0.22773952782154083,-0.2808333933353424,0.7216521501541138,-0.29222458600997925,-0.021438609808683395,-0.01489526778459549,0.15486624836921692,-0.20437867939472198,-0.7363852262496948,-0.025674546137452126,-0.22391410171985626,-0.42893528938293457,0.05939982086420059,-0.5134345293045044,1.192964792251587,0.20792460441589355,-0.34520140290260315,0.07460786402225494,-0.1905502825975418,0.3480589687824249,-0.30663880705833435,-0.174213245511055,0.03200112283229828,-0.10780186951160431,0.3199198246002197,-0.1614796221256256,-0.8636334538459778,-0.014198260381817818,0.0351298488676548,-0.2225000113248825,0.04081118851900101,0.02237432636320591,0.19310104846954346,0.12355295568704605,0.02411719225347042,-0.9380336999893188,0.1345367729663849,0.6089235544204712,0.35104718804359436,0.11088073253631592,0.10866668075323105,-0.2272416055202484
CID000003397,489,-0.13783082365989685,-0.21377579867839813,-0.3102504312992096,-0.20055823028087616,0.35159632563591003,0.3495256304740906,-0.16262400150299072,0.018455499783158302,-0.2997221350669861,-0.18445053696632385,0.03273048996925354,-0.40021270513534546,0.00385148823261261,-0.1776067167520523,0.0651157945394516,0.03938814625144005,-0.02521626651287079,-0.187362402677536,-0.048665601760149,0.008379777893424034,0.2639411687850952,0.0432279035449028,0.005242489278316498,0.14466913044452667,0.1991412341594696,-0.0629713162779808,0.14665785431861877,0.0034612074960023165,-0.06190774589776993,0.41931790113449097,0.000219184163142927,-0.172456294298172,-0.037178754806518555,0.0705559253692627,-0.2586856484413147,-0.03099491074681282,-0.19517159461975098,-0.3555809557437897,-0.19263195991516113,0.17590758204460144,0.17067675292491913,0.18842682242393494,-0.12968912720680237,-0.12981505692005157,0.24925248324871063,0.13642731308937073,0.2618843913078308,0.1403614729642868,0.019601941108703613,-0.12187886238098145,-0.30488526821136475,0.21864096820354462,-0.0024542391765862703,-0.14369089901447296,0.15221107006072998,-0.11099697649478912,-0.059099506586790085,0.05141175910830498,0.054132867604494095,-0.002933910582214594,-0.7764056921005249,-0.27689722180366516,-0.41815662384033203,0.1671944558620453,0.10212242603302002,0.21187634766101837,-0.239286869764328,0.024976706132292747,-0.07664211094379425,-0.10335634648799896,-0.009201345965266228,0.18617841601371765,-0.045538078993558884,-0.19721034169197083,0.1363065093755722,0.07081581652164459,-0.1861805021762848,-0.12232314050197601,0.25883805751800537,-0.08175529539585114,-0.2140491008758545,0.1676497757434845,-0.3420611321926117,-0.2171274870634079,-0.14495393633842468,-0.16835948824882507,-0.2623087465763092,-0.1617707759141922,0.2737736105918884,0.22080835700035095,0.1735965460538864,-0.16324350237846375,-0.12444984912872314,-0.012626687996089458,-0.364056259393692,-0.07937248051166534,-0.2805687487125397,0.2377949208021164,0.11794455349445343,-0.2943170964717865,0.1196439266204834,0.09181874990463257,-0.2785941958427429,-0.08317778259515762,-0.17683318257331848,0.09400768578052521,-0.3565373718738556,0.30781880021095276,-0.21858417987823486,0.22610166668891907,0.14159293472766876,0.07785767316818237,0.40986356139183044,0.04247671365737915,-0.02616897225379944,0.08593568205833435,-0.13613218069076538,-0.12908931076526642,0.057399652898311615,-0.0005448684096336365,-0.038165125995874405,-0.5451017618179321,0.12358293682336807,-0.28398755192756653,-0.2998138964176178,-0.024778202176094055,-0.017300738021731377,0.35713356733322144,0.08256257325410843,-0.11547365039587021,-0.31682702898979187,0.17086589336395264,-0.5458546280860901,-0.2958546280860901,-0.15793709456920624,-0.04569924250245094,0.04088622331619263,0.04934796690940857,-0.03617597371339798,-0.022795062512159348,-0.17496854066848755,0.2307572066783905,-0.19440126419067383,-0.004057232290506363,-0.027521783486008644,-0.21743623912334442,0.10960935056209564,-0.1273893564939499,0.2382645308971405,0.04907454177737236,-0.10924102365970612,-0.07053554058074951,-0.27038994431495667,0.009349917992949486,0.23070566356182098,0.09383729845285416,-0.0468452051281929,-0.39536499977111816,0.15732452273368835,0.08055555075407028,0.11171891540288925,-0.1630478799343109,-0.7834607362747192,-0.008834545500576496,0.09746638685464859,0.24145428836345673,-0.21360573172569275,-0.23756098747253418,0.22878900170326233,-0.16524747014045715,-0.029515456408262253,0.032133374363183975,0.3735548257827759,-0.22466406226158142,0.23035725951194763,0.23140478134155273,0.07188810408115387,0.09574693441390991,-0.32421940565109253,-0.11464595794677734,0.17345575988292694,0.29523882269859314,8.738040924072266e-05,-0.11204023659229279,0.06470370292663574,-0.046066414564847946,-0.33746886253356934,0.013082143850624561,0.27571243047714233,-0.23260466754436493,0.2039300948381424,-0.09318123012781143,0.20068159699440002,-0.2271241396665573,-0.16078582406044006,0.3463955521583557,-0.0837554782629013,-0.11699869483709335,-0.1606622338294983,-0.1771804839372635,-0.06686417013406754,0.1118813008069992,-0.05401510000228882,0.24017834663391113,-0.029144003987312317,0.2958875298500061,-0.030219009146094322,-0.21124465763568878,-0.050163984298706055,0.24020922183990479,-0.19208283722400665,0.13247136771678925,-0.03496617078781128,0.09824170172214508,0.27315500378608704,0.09775719791650772,0.1426168829202652,0.3168596625328064,0.05132145807147026,-0.3657982349395752,0.1381516456604004,-0.06699725240468979,-0.23525670170783997,-0.014244007878005505,0.13575811684131622,-0.010438039898872375,0.26646047830581665,-0.2767196595668793,0.4856082499027252,-0.08008294552564621,-0.18358120322227478,-0.266941636800766,-0.09177647531032562,-0.048433758318424225,-0.3297528326511383,-0.28857797384262085,-0.1662386655807495,0.05696193128824234,0.30495187640190125,0.04297062009572983,-0.10214493423700333,-0.11157091706991196,0.1795380413532257,0.10687686502933502,0.10113494098186493,-0.1724800318479538,0.3392235040664673,-0.024574264883995056,0.3965380787849426,-0.5693610310554504,0.13371798396110535,-0.08231590688228607,0.0581158772110939,-0.011346196755766869,-0.12965098023414612,0.0679120123386383
CID000154059,490,-0.11441980302333832,-0.007742451038211584,-0.03662104532122612,-0.08050768822431564,0.3438948094844818,0.2556687891483307,0.03517817705869675,0.08777384459972382,-0.27967697381973267,-0.2504660487174988,-0.15853258967399597,-0.3397093415260315,0.07411488145589828,-0.12981940805912018,-0.010513636283576488,0.12013691663742065,-0.045604873448610306,0.33520108461380005,0.26767316460609436,0.0799892246723175,0.05672537162899971,0.18645675480365753,0.08752347528934479,0.0695694163441658,-0.006136042065918446,-0.014943802729249,0.12421412765979767,-0.07979525625705719,-0.10092462599277496,0.24684317409992218,-0.1538892686367035,-0.25255489349365234,-0.13677699863910675,0.04758833721280098,-0.5321102738380432,-0.12453357875347137,-0.18788647651672363,-0.2511685788631439,-0.017392829060554504,0.010293844155967236,0.044672269374132156,0.12390442192554474,-0.07138203829526901,-0.29832345247268677,0.12693408131599426,-0.1404600590467453,0.06814803183078766,0.20719608664512634,-0.28013503551483154,-0.0666477233171463,-0.2095627784729004,0.008344858884811401,-0.038771260529756546,-0.13400407135486603,0.07344368100166321,-0.0018052458763122559,-0.07313589006662369,-0.16853895783424377,0.08869841694831848,-0.11620698124170303,-1.0152546167373657,0.061453480273485184,-0.46670204401016235,0.2888109087944031,0.005696094129234552,0.07872477918863297,-0.0242400374263525,0.3434147238731384,0.10831715911626816,0.07022038847208023,0.028033431619405746,0.0344507098197937,0.020956505089998245,-0.08276495337486267,0.14800706505775452,-0.02076512575149536,-0.005769053008407354,0.05014213174581528,0.2560659348964691,-0.05577564239501953,-0.16381360590457916,0.1501946747303009,-0.19341222941875458,-0.09199190139770508,-0.0855756551027298,-0.125526562333107,-0.12972553074359894,-0.22486937046051025,0.26941734552383423,0.10365478694438934,0.04315934702754021,-0.09942658245563507,-0.11500370502471924,-0.009680510498583317,-0.4765402674674988,-0.08168221265077591,-0.2985946834087372,0.3638658821582794,0.0912712961435318,-0.27963724732398987,0.22805209457874298,0.17194275557994843,-0.0889686644077301,0.10122945159673691,-0.14240191876888275,0.014817506074905396,-0.30276575684547424,0.21489353477954865,-0.026368742808699608,0.0932881087064743,-0.15220347046852112,0.03256457671523094,0.28864675760269165,-0.0459585003554821,-0.017241742461919785,0.1358812302350998,-0.10849077999591827,-0.14368394017219543,0.10095830261707306,0.2225152999162674,-0.04642324522137642,-0.6167967319488525,-0.001781547092832625,-0.23451407253742218,-0.3951907157897949,0.07842756807804108,-0.07257284224033356,0.25588569045066833,0.1416219025850296,0.01821945235133171,0.05622745677828789,0.09543298184871674,-0.5280977487564087,-0.25080305337905884,0.14829787611961365,-0.22474578022956848,0.06011708825826645,0.017188578844070435,-0.07202480733394623,0.20129382610321045,-0.11499863862991333,0.12509988248348236,0.032574206590652466,-0.026954317465424538,-0.011071431450545788,0.12722761929035187,-0.15694555640220642,0.004102671053260565,0.057796549052000046,0.15324270725250244,0.012821379117667675,0.012722736224532127,0.06429705768823624,0.057870976626873016,0.056611768901348114,0.07391075789928436,-0.22177155315876007,-0.3008192181587219,0.028211314231157303,0.13781864941120148,0.21191546320915222,-0.033163271844387054,-0.8710724711418152,0.10005994141101837,0.11685901880264282,0.22733619809150696,-0.11167589575052261,-0.18968792259693146,0.19147075712680817,-0.08587358146905899,0.023407578468322754,-0.031046241521835327,0.2750917673110962,0.002194356871768832,-0.07622790336608887,0.11181199550628662,-0.04788607731461525,0.14212475717067719,-0.5800598859786987,0.004806774668395519,0.30918216705322266,0.29105308651924133,0.005358080379664898,-0.07448907196521759,0.01389553863555193,0.011386334896087646,-0.23722724616527557,0.05318434163928032,0.3645264208316803,-0.0975249856710434,0.08991225063800812,0.12320587784051895,-0.2702512741088867,-0.12090011686086655,-0.1414596289396286,0.2313634604215622,0.29042941331863403,0.07877174019813538,-0.09475790709257126,0.0853545293211937,-0.030170869082212448,-0.07480064034461975,-0.03672575205564499,0.12157462537288666,-0.14904876053333282,0.11965613067150116,-0.041002318263053894,-0.21379613876342773,-0.029552418738603592,0.20091238617897034,-0.014283287338912487,0.13954174518585205,-0.08080890774726868,-0.015299533493816853,0.189331516623497,0.19122576713562012,0.34040987491607666,0.25526711344718933,-0.11054535210132599,-0.2674207091331482,0.03561590984463692,-0.045680172741413116,-0.31863003969192505,0.01204557716846466,0.3228594660758972,-0.06217578053474426,0.15233230590820312,-0.3209896683692932,0.6349759101867676,0.0659606009721756,-0.18649010360240936,-0.08736798912286758,-0.10467234998941422,-0.11066379398107529,-0.5110608339309692,-0.21170194447040558,-0.1884038746356964,0.09665770828723907,0.15879106521606445,-0.20961391925811768,-0.049324601888656616,-0.013789934106171131,0.06365173310041428,0.13262209296226501,-0.03294449299573898,-0.02958785928785801,0.11380670219659805,-0.2298833131790161,-0.13826772570610046,-0.6526368856430054,0.08538521826267242,0.10084613412618637,0.28588762879371643,-0.08479341864585876,-0.04372582212090492,-0.03645876795053482
CID000004463,493,-0.020352955907583237,0.10032317787408829,-0.09603562206029892,0.010082922875881195,0.23774001002311707,0.24416518211364746,0.06820692121982574,0.07045398652553558,-0.2979141175746918,-0.2684606909751892,-0.025300562381744385,-0.5805161595344543,0.19767902791500092,-0.1901383250951767,-0.312727153301239,-0.17489716410636902,0.02488555945456028,-0.15797987580299377,0.14572197198867798,-0.04784288629889488,0.11961380392313004,-0.008529032580554485,-0.18802975118160248,0.07535713911056519,-0.10214004665613174,-0.1952115297317505,0.27946043014526367,0.05931147187948227,-0.04585178568959236,0.3771161437034607,-0.2122342884540558,0.24588724970817566,0.003564524697139859,0.1322009563446045,-0.6638385653495789,-0.03270407021045685,-0.15671703219413757,-0.23105578124523163,-0.23552349209785461,0.030842352658510208,-0.006894457153975964,0.06410787254571915,-0.3248022794723511,0.16731379926204681,0.41354137659072876,0.14762604236602783,0.11293070018291473,-0.002644692547619343,-0.005148758180439472,-0.21484939754009247,-0.5612932443618774,0.15664531290531158,-0.3253237009048462,-0.24375863373279572,0.1774924248456955,0.012769682332873344,-0.02884317934513092,-0.06131519004702568,0.4381903111934662,0.13472536206245422,-0.8901093602180481,0.16962379217147827,-0.4191211760044098,0.09104182571172714,-0.039510201662778854,0.06294820457696915,-0.12330988794565201,0.4405037462711334,0.09863138198852539,-0.029075315222144127,-0.05661480873823166,-0.19600769877433777,-0.07799859344959259,0.21658973395824432,0.2593427300453186,0.19228561222553253,0.13012495636940002,0.34835511445999146,0.10216889530420303,-0.07511657476425171,-0.09558390825986862,-0.014078741893172264,-0.016174282878637314,-0.11370021104812622,-0.053328417241573334,-0.034125011414289474,-0.3463900089263916,0.21164226531982422,0.3699672818183899,0.0016176507342606783,-0.12175582349300385,-0.16233353316783905,-0.0617794394493103,-0.1556515395641327,-0.41874074935913086,-0.11216634511947632,-0.07196754217147827,0.16507966816425323,0.1656670868396759,-0.23382782936096191,0.1523696333169937,0.19808073341846466,-0.2721850872039795,0.08536458015441895,-0.17496755719184875,-0.07632163912057877,-0.4750348627567291,0.27393943071365356,0.22232957184314728,0.207831472158432,0.16211405396461487,0.23983891308307648,0.056455112993717194,0.14147450029850006,0.22651764750480652,0.12897363305091858,0.0490289032459259,-0.5450724959373474,0.1410614401102066,-0.035218365490436554,0.050178270787000656,-0.819049060344696,-0.28945356607437134,-0.1839827597141266,-0.33294957876205444,0.2687775790691376,0.11547169834375381,0.2910996377468109,0.2057410031557083,0.0957324355840683,-0.008203704841434956,-0.15054643154144287,-0.5363355875015259,-0.27436691522598267,0.022354478016495705,0.011649936437606812,0.2170291393995285,-0.2942492961883545,0.014996198005974293,-0.3073127865791321,-0.03875067085027695,0.16977521777153015,0.21251873672008514,-0.08303868770599365,-0.18642184138298035,-0.07307644188404083,-0.17161425948143005,-0.020630037412047386,0.14387941360473633,-0.012575780972838402,0.006604145281016827,-0.0169382207095623,-0.09613752365112305,0.18379029631614685,0.22946329414844513,-0.04325656220316887,-0.09166771918535233,-0.4462898373603821,-0.06423820555210114,0.11212251335382462,-0.09267925471067429,-0.11141874641180038,-0.9165790677070618,0.06329715996980667,0.5482765436172485,0.11193148046731949,-0.14483913779258728,0.1151345744729042,-0.09315221011638641,0.08533458411693573,-0.2583855986595154,-0.31072288751602173,0.3374614119529724,-0.14630809426307678,-0.060530759394168854,-0.03901459276676178,-0.008407977409660816,-0.056030917912721634,-0.35605093836784363,-0.05914701148867607,0.4008941650390625,0.16051174700260162,0.15830545127391815,-0.0126781165599823,0.028523821383714676,-0.013695165514945984,-0.14299316704273224,-0.2067316472530365,0.5440050959587097,-0.03497665748000145,0.17610159516334534,-0.24410481750965118,-0.024062881246209145,-0.12848398089408875,-0.15186259150505066,0.25784558057785034,0.06682957708835602,-0.21941561996936798,-0.3863213360309601,0.18938502669334412,0.03827245905995369,-0.23312318325042725,-0.18572722375392914,0.05123351141810417,-0.02872217260301113,0.08074025809764862,-0.10108081996440887,-0.0787043496966362,-0.30880826711654663,-0.11620421707630157,0.12601391971111298,0.19359199702739716,-0.062476079910993576,0.08052822202444077,0.20280376076698303,-0.3162563443183899,0.5398256182670593,-0.01198346633464098,-0.03637581318616867,0.009594674222171307,0.019731774926185608,-0.17069655656814575,-0.5620476007461548,-0.07987301051616669,0.300431489944458,-0.08222072571516037,0.15903042256832123,-0.2758520245552063,0.9733535051345825,0.26424485445022583,-0.18260422348976135,-0.1320086121559143,-0.1053343266248703,0.15535631775856018,-0.4921826422214508,-0.2733563780784607,0.05473501235246658,0.09069712460041046,0.34703493118286133,0.2551770806312561,-0.41799241304397583,-0.11925578117370605,-0.02565046027302742,0.19047442078590393,-0.046387337148189545,-0.04768458753824234,0.1428193598985672,0.03128844499588013,0.20210452377796173,-0.8873383402824402,-0.2570720911026001,0.4926021695137024,0.16354568302631378,-0.021129172295331955,0.016314469277858734,-0.01952100731432438
CID000004205,496,-0.1797998696565628,-0.000530201185029,0.10006978362798691,-0.1871109902858734,0.06662771105766296,0.24434378743171692,0.017505813390016556,0.12015149742364883,-0.22205905616283417,-0.34286874532699585,0.1381535828113556,-0.4538270831108093,0.2509593367576599,-0.21946457028388977,-0.11011572182178497,-0.006427653133869171,0.05803276225924492,0.15825998783111572,0.14582529664039612,0.014461453072726727,0.027779940515756607,-0.04800301417708397,0.10155664384365082,-0.08620495349168777,0.04062308743596077,-0.1333945244550705,0.2279103547334671,0.05297625809907913,-0.11885581910610199,0.32793718576431274,-0.1817665696144104,0.14753800630569458,0.026074150577187538,-0.03309550881385803,-0.5316765904426575,-0.011046789586544037,-0.0902661383152008,-0.26253631711006165,-0.10264148563146591,-0.14371471107006073,0.14084959030151367,0.1657789796590805,-0.2579241394996643,-0.016952913254499435,0.3421405553817749,0.13762247562408447,0.16841241717338562,-0.14031033217906952,0.017005234956741333,-0.18667183816432953,-0.3954528868198395,0.19887030124664307,-0.0848003476858139,0.08682326972484589,0.26585909724235535,-0.12526388466358185,0.025244155898690224,-0.1705581247806549,0.1366528868675232,0.0460754819214344,-0.810282826423645,0.22561189532279968,-0.48491859436035156,0.005084121134132147,0.07920701801776886,0.1073245033621788,-0.043368130922317505,0.18287739157676697,0.054956745356321335,0.08927720785140991,0.014078776352107525,0.03258352726697922,0.05846545845270157,-0.032169975340366364,0.07780121266841888,0.06307979673147202,-0.10248061269521713,0.3088565468788147,-0.05890626460313797,-0.02983161248266697,-0.14519283175468445,-0.17255690693855286,-0.20157334208488464,-0.18530651926994324,-0.06343977153301239,0.10711276531219482,-0.30008313059806824,-0.20799818634986877,0.1836031973361969,0.02920735999941826,-0.012292045168578625,-0.27864789962768555,0.007140053901821375,-0.041671305894851685,-0.3448631763458252,-0.004615269601345062,-0.12176048755645752,0.19843950867652893,0.24554796516895294,-0.39901453256607056,0.13404187560081482,0.23548972606658936,-0.2404651641845703,-0.1833532154560089,-0.2056814432144165,0.06287656724452972,-0.4666551649570465,0.3109859228134155,0.012630867771804333,0.11322615295648575,0.2558250427246094,0.2444390058517456,0.1443735510110855,0.19885118305683136,0.011070466600358486,0.03050166741013527,0.044117845594882965,-0.2826777696609497,0.1507379114627838,0.07053933292627335,-0.09309621900320053,-0.569222092628479,-0.1765306293964386,-0.13074319064617157,-0.25061482191085815,0.23327314853668213,0.04629000276327133,0.17566439509391785,0.27749162912368774,-0.026145149022340775,0.08890815824270248,-0.0023873925674706697,-0.5127308368682861,-0.2578479051589966,-0.1922258585691452,-0.07871852815151215,-0.035287391394376755,-0.2928275465965271,-0.15276220440864563,-0.09054214507341385,-0.04262102395296097,0.055574171245098114,0.08490553498268127,0.044702112674713135,-0.04369267076253891,0.025235366076231003,-0.06470794975757599,-0.043389931321144104,0.08200452476739883,-0.08352995663881302,0.016984932124614716,0.1524192839860916,0.0036458750255405903,0.07801132649183273,0.17015504837036133,-0.022961487993597984,-0.0060707805678248405,-0.3698679208755493,0.1111580953001976,-0.03192044422030449,0.030331766232848167,0.05267021059989929,-0.6946856379508972,-0.06675992906093597,0.2254658043384552,0.1778329610824585,-0.13504575192928314,-0.14275136590003967,0.08995272219181061,-0.12882301211357117,-0.012328912504017353,-0.18155650794506073,0.29429012537002563,-0.0151191595941782,0.013477849774062634,-0.24103622138500214,0.03407131880521774,0.13493409752845764,-0.5231308341026306,-0.17985354363918304,0.22141213715076447,0.31022554636001587,0.22749873995780945,-0.05448976159095764,-0.07061268389225006,-0.07218264043331146,-0.13825973868370056,-0.18969933688640594,0.45057958364486694,0.08035750687122345,0.0602852925658226,-0.15960755944252014,-0.10243533551692963,-0.058369748294353485,-0.08191170543432236,0.28466159105300903,-0.011107730679214,0.04658029228448868,-0.19299159944057465,0.023193832486867905,0.16277435421943665,-0.04546920210123062,-0.02294686809182167,0.08495746552944183,0.0053820013999938965,0.13941600918769836,0.1027202159166336,-0.11736316978931427,-0.17239704728126526,-0.29581284523010254,0.0561748743057251,0.23204317688941956,-0.013790875673294067,0.03312980383634567,-0.1686999499797821,0.26121893525123596,0.41741690039634705,0.2853904664516449,-0.0006510618841275573,-0.21623630821704865,-0.08890018612146378,-0.12514612078666687,-0.4123413562774658,0.04345027729868889,0.2552601993083954,-0.08697144687175751,0.33198320865631104,-0.16458742320537567,0.6994096040725708,0.10077057033777237,-0.17180536687374115,-0.11778290569782257,-0.14225052297115326,0.0005775809404440224,-0.5068637132644653,-0.21355874836444855,-0.016696523874998093,0.09753231704235077,0.30239957571029663,0.05278991535305977,-0.26221704483032227,-0.23035991191864014,0.08585067093372345,0.06901924312114716,-0.016617540270090103,0.07057680189609528,0.10181578248739243,-0.009494835510849953,0.30519652366638184,-0.6284552812576294,-0.06844612956047058,0.22990503907203674,0.08621933311223984,-0.2646355926990509,0.06905268132686615,-0.020316632464528084
CID000072938,497,-0.1727825105190277,-0.1144370585680008,0.08740144968032837,-0.1865568906068802,0.07184349000453949,0.3147752285003662,0.054149080067873,0.19651740789413452,-0.3652786612510681,-0.4343090057373047,0.09558434784412384,-0.7186521291732788,0.33935967087745667,-0.42815765738487244,-0.30692118406295776,-0.016387736424803734,0.006548985838890076,0.06912446022033691,0.035981304943561554,-0.08071945607662201,0.15557962656021118,0.15607300400733948,0.015241459012031555,-0.06076021119952202,0.27208757400512695,-0.31456872820854187,0.09684990346431732,-0.0169976893812418,-0.052155692130327225,0.33891016244888306,-0.06851524859666824,0.11805611848831177,-0.22652098536491394,0.1016056165099144,-0.35786962509155273,-0.013770443387329578,-0.16841956973075867,-0.3347397446632385,-0.28757181763648987,-0.22426290810108185,-0.012511119246482849,0.15765565633773804,-0.41683968901634216,0.24800124764442444,0.19938984513282776,0.01146635226905346,0.13051697611808777,-0.08937276899814606,0.10317520797252655,0.02048797532916069,-0.2632894217967987,0.23894944787025452,-0.16250017285346985,0.015155714936554432,0.5003684759140015,-0.11176705360412598,-0.1536082625389099,-0.07027239352464676,0.457732617855072,-0.07048304378986359,-0.734763503074646,0.23298203945159912,-0.5221928358078003,0.03418692201375961,-0.0702960342168808,0.15683183073997498,-0.2883816659450531,0.20779931545257568,0.07497341930866241,0.0031743503641337156,-0.10202083736658096,0.02267545461654663,0.04598434641957283,0.07666907459497452,0.2341395616531372,0.07156498730182648,-0.06022314354777336,0.35543709993362427,0.16310596466064453,-0.012281264178454876,-0.3540973961353302,0.006606364157050848,-0.11279306560754776,-0.2458159476518631,-0.1716189980506897,0.0487036406993866,-0.3629855513572693,0.0002190709055867046,0.15675096213817596,0.07020127773284912,0.07763519883155823,-0.27676042914390564,0.07594703137874603,-0.05466563627123833,-0.34396106004714966,-0.15362019836902618,-0.07326048612594604,0.17656101286411285,0.2429172694683075,-0.3523399233818054,0.04818559065461159,0.4087207317352295,-0.26491236686706543,-0.0895887166261673,-0.18997707962989807,0.05138237401843071,-0.5377405881881714,0.3268257677555084,0.18908195197582245,0.11038901656866074,0.4226490557193756,0.01992996409535408,0.12093706429004669,0.16848516464233398,0.183999165892601,-0.11866354942321777,-0.030566874891519547,-0.3363693654537201,0.25844305753707886,-0.006963306572288275,-0.11114507913589478,-0.5438176393508911,-0.06389807909727097,-0.26717638969421387,-0.29717570543289185,0.4226304590702057,-0.11411906778812408,0.14768525958061218,0.31262314319610596,-0.0903923436999321,0.16023162007331848,0.11919917166233063,-0.6580638885498047,-0.41539984941482544,-0.10209012031555176,-0.24613988399505615,-0.04307425022125244,-0.1076606959104538,0.013233667239546776,-0.41006046533584595,-0.11144018173217773,0.012039268389344215,0.28528401255607605,-0.06677000224590302,-0.14799247682094574,0.16508355736732483,0.06240537017583847,-0.07825739681720734,0.1861571967601776,0.04723184555768967,0.02725953422486782,0.1384686678647995,-0.2753636837005615,0.0687163919210434,0.049062468111515045,0.07714205235242844,-0.03450439125299454,-0.26450368762016296,0.018489351496100426,-0.01072229165583849,0.23721575736999512,0.011480221524834633,-0.7019633054733276,-0.021923411637544632,0.3821043372154236,0.25300344824790955,-0.20643997192382812,0.2529401183128357,-0.13055828213691711,0.05508672073483467,-0.23972678184509277,-0.3416387438774109,0.4766746163368225,0.07053129374980927,-0.0005762517685070634,-0.19676847755908966,0.02871844545006752,-0.11062075942754745,-0.4046397805213928,-0.17002785205841064,0.19616074860095978,0.17593801021575928,0.442255437374115,-0.13192781805992126,0.06583480536937714,-0.13920190930366516,0.040705516934394836,-0.00760973384603858,0.30970126390457153,0.10312943160533905,0.27990299463272095,-0.25967127084732056,0.01607278175652027,-0.21434590220451355,-0.4770459532737732,0.28689318895339966,-0.0006173729780130088,-0.04247625917196274,-0.2389080971479416,0.1160820722579956,0.11098072677850723,-0.08970862627029419,-0.21262666583061218,0.00897970236837864,0.1337158977985382,0.33787330985069275,-0.24325799942016602,-0.11396096646785736,-0.34771496057510376,-0.08657900243997574,0.046318791806697845,0.23029091954231262,-0.026128750294446945,0.17480990290641785,0.0724623054265976,-0.02805461920797825,0.5569177865982056,0.11613030731678009,0.03546569496393204,-0.28326958417892456,-0.10482420772314072,0.022508183494210243,-0.4394865036010742,-0.13102491199970245,0.10943935811519623,0.0050376118160784245,0.3434717059135437,-0.09304105490446091,0.8548396229743958,0.34671518206596375,-0.2533731460571289,-0.18219538033008575,-0.10030265152454376,0.13574108481407166,-0.5189634561538696,-0.30835431814193726,0.23384113609790802,0.423647403717041,0.5236704349517822,0.054764557629823685,-0.37200140953063965,-0.16693520545959473,-0.11284937709569931,-0.058413587510585785,0.08201347291469574,-0.09902241080999374,0.4687531888484955,0.09174346923828125,0.4519689083099365,-0.6387907266616821,0.010034093633294106,0.3258066177368164,0.14098593592643738,-0.2968720495700836,-0.0024931267835199833,-0.027514111250638962
CID000060198,498,-0.37042751908302307,-0.05549255758523941,-0.17787055671215057,-0.02712208405137062,-0.041892457753419876,0.43133530020713806,0.06669590622186661,0.11584873497486115,-0.6289342045783997,-0.5023874640464783,0.03747307509183884,-0.7207883596420288,0.2525949776172638,-0.5833793878555298,0.2103135585784912,0.03826805576682091,0.07992564141750336,-0.016397619619965553,-0.309705913066864,-0.16588875651359558,-0.1558486968278885,-0.2802312970161438,-0.09862791001796722,0.04354865476489067,0.10193954408168793,-0.1611545830965042,0.21655115485191345,-0.006365136709064245,0.008660298772156239,0.34012919664382935,0.002785994205623865,-0.10757903009653091,-0.33846315741539,0.0787123367190361,0.011864609085023403,0.153394877910614,-0.23574142158031464,-0.41589394211769104,-0.09249348938465118,-0.06943528354167938,0.25039058923721313,0.22279195487499237,-0.30121344327926636,0.025981295853853226,0.48203960061073303,0.05902252718806267,-0.18550588190555573,0.017685601487755775,-0.0860273614525795,-0.23130711913108826,0.16779907047748566,0.35578519105911255,-0.17309553921222687,0.047451358288526535,0.058345992118120193,0.03908740356564522,0.05071529000997543,-0.16461284458637238,0.23857355117797852,0.2357054203748703,-0.6714680194854736,0.12137831747531891,-0.21240846812725067,0.2366980016231537,0.19573631882667542,0.21676333248615265,-0.16546638309955597,-0.1168055534362793,0.00856537651270628,-0.0022425875067710876,-0.12560012936592102,0.12822310626506805,0.10440244525671005,-0.3859418034553528,0.17042486369609833,-0.03351790830492973,0.09835148602724075,0.6189034581184387,0.3017398715019226,0.3596199154853821,-0.4423244595527649,-0.007473868317902088,-0.43490785360336304,-0.18136541545391083,-0.05847275257110596,0.07731859385967255,-0.46807751059532166,0.017966698855161667,0.22187753021717072,0.09398521482944489,-0.10238363593816757,-0.4463241994380951,-0.060728125274181366,-0.09067630022764206,-0.28493356704711914,0.008675712160766125,-0.22103965282440186,0.42969566583633423,0.23726987838745117,-0.5677729845046997,0.0017979679396376014,0.2633686661720276,-0.034647174179553986,-0.12532059848308563,-0.38840219378471375,-0.05755765363574028,-0.3068579137325287,0.3861931562423706,-0.23902209103107452,0.14535894989967346,0.27225011587142944,-0.022072715684771538,0.26216810941696167,0.007056691683828831,-0.0006016485276632011,0.2112995833158493,-0.16746775805950165,-0.25421860814094543,0.6578603982925415,-0.36770349740982056,-0.3808664083480835,-0.30729585886001587,-0.28595495223999023,-0.04271897301077843,-0.3354038894176483,0.3912946581840515,-0.01783807948231697,0.4595419466495514,0.27039632201194763,-0.05602230876684189,-0.049411505460739136,0.15436801314353943,-0.5258510708808899,-0.31799715757369995,-0.0796314924955368,-0.14584888517856598,-0.15083040297031403,-0.021594787016510963,0.12216899544000626,-0.537102997303009,-0.2130746841430664,0.21354594826698303,-0.0712447315454483,-0.05937832593917847,-0.013702714815735817,0.022653788328170776,0.3684537410736084,-0.11173321306705475,-0.12003626674413681,-0.23120108246803284,-0.12451551109552383,-0.11173870414495468,-0.10618975013494492,0.018543008714914322,0.2701301574707031,0.039972078055143356,-0.11245115101337433,-0.38450899720191956,0.3654382526874542,-0.10077133029699326,0.3033203184604645,-0.1721489429473877,-0.6562359929084778,-0.13520386815071106,0.2138536274433136,0.3256756663322449,-0.011986030265688896,0.14196208119392395,0.25870370864868164,-0.11706854403018951,-0.27632570266723633,-0.12311767041683197,0.5293993353843689,-0.1557561308145523,-0.12637528777122498,-0.04360276460647583,0.0217099841684103,0.1703624427318573,-0.5570248961448669,-0.20712952315807343,0.2093971073627472,0.5832350850105286,0.04480338469147682,-0.04707125574350357,-0.011449053883552551,0.01699012517929077,-0.07848546653985977,-0.23747196793556213,0.05367020517587662,0.05101281404495239,0.1877918392419815,-0.04827706143260002,-0.060643237084150314,-0.07657543569803238,-0.5142655968666077,0.4439925253391266,-0.05769277364015579,0.03476554527878761,-0.2080751359462738,-0.22492094337940216,-0.03609659522771835,0.4114122986793518,-0.1525544822216034,0.002343207597732544,0.025056619197130203,0.4921296536922455,-0.14014700055122375,-0.2716256380081177,-0.5809630751609802,-0.015996724367141724,-0.2773553431034088,0.22522322833538055,0.05640067905187607,0.06527011096477509,-0.08849896490573883,-0.14344225823879242,0.34489279985427856,0.1158849447965622,-0.2046336680650711,-0.3447020351886749,0.07622942328453064,-0.046465713530778885,-0.3763262927532196,-0.08724822849035263,0.2939387857913971,0.18157723546028137,0.272368848323822,-0.036431934684515,0.4418288767337799,0.30487939715385437,-0.12931206822395325,-0.2500264048576355,-0.37051627039909363,-0.029651444405317307,-0.2836250960826874,-0.4045804440975189,-0.10869763791561127,0.7032336592674255,0.3270150423049927,-0.10561461746692657,-0.11263874918222427,0.10784882307052612,0.09126511961221695,0.24209880828857422,0.22131426632404327,-0.1908186376094818,0.0965615063905716,0.31519222259521484,0.379926860332489,-0.32908982038497925,-0.0185624361038208,0.10299191623926163,-0.010659545660018921,-0.23869457840919495,-0.057198416441679,-0.17746677994728088
CID000002756,499,-0.1218857616186142,-0.045869022607803345,0.11075423657894135,-0.11299236863851547,0.4383121430873871,0.41939347982406616,0.025710497051477432,0.13790547847747803,-0.36707520484924316,-0.04118979722261429,0.32652634382247925,-0.5851804614067078,-0.003302350640296936,-0.3326305150985718,-0.1910005360841751,0.08165374398231506,0.04647429659962654,-0.19686265289783478,0.03604940325021744,0.019255967810750008,0.2712205648422241,-0.2549968361854553,-0.16294042766094208,-0.005009442567825317,0.12293960899114609,0.1761113703250885,-0.24528177082538605,0.03496871516108513,-0.2776772975921631,0.48118510842323303,-0.2960096299648285,-0.07089308649301529,0.2632998824119568,0.010832386091351509,-0.36269611120224,0.08162511885166168,-0.6190241575241089,-0.3911171853542328,-0.14710287749767303,-0.043875403702259064,-0.2434878796339035,0.20256610214710236,-0.267387717962265,0.22285501658916473,0.29680293798446655,0.3225613832473755,-0.20396241545677185,-0.013897955417633057,-0.053506337106227875,-0.2298474758863449,-0.684799313545227,-0.13920579850673676,-0.13709183037281036,-0.5779374241828918,0.1276398003101349,0.09282161295413971,0.10550066083669662,-0.1718451976776123,0.8283785581588745,0.021571949124336243,-0.889346718788147,0.15749052166938782,-0.2097589671611786,0.34470874071121216,-0.02181224524974823,-0.03354554995894432,-0.5101667642593384,-0.07146819680929184,0.19197550415992737,0.1506028026342392,-0.4847889542579651,-0.2280438244342804,-0.22907397150993347,-0.3489166796207428,0.4174017310142517,0.0533854141831398,-0.015666302293539047,0.3186980187892914,0.1823536604642868,-0.06182289123535156,-0.18092763423919678,0.19823738932609558,0.012743011116981506,0.12977054715156555,-0.04617589712142944,0.07641814649105072,-0.3475925326347351,-0.032500259578228,0.44729357957839966,-0.10515761375427246,-0.17308953404426575,-0.32465893030166626,0.08583085238933563,0.07917387783527374,-0.5684515833854675,-0.08692506700754166,-0.1282295435667038,0.23790189623832703,0.07627002894878387,-0.22895380854606628,0.3779660165309906,-0.19006869196891785,-0.37501323223114014,0.3170527517795563,-0.14066116511821747,0.148298978805542,-0.29568570852279663,0.446716845035553,-0.1310350000858307,0.49494925141334534,-0.4176148474216461,0.2119932472705841,0.38567936420440674,0.00452345609664917,0.15912754833698273,-0.09530901163816452,-0.10896489769220352,-0.6679570078849792,0.07102875411510468,-0.029239779338240623,0.04254637658596039,-0.6283365488052368,-0.059503305703401566,-0.425339937210083,-0.5490676164627075,0.24513892829418182,0.2613682448863983,0.2806757092475891,0.2730872631072998,0.29421466588974,-0.10296366363763809,-0.007643510587513447,-0.6573804020881653,-0.42472535371780396,-0.046104468405246735,-0.2267838418483734,0.3048029839992523,-0.28777679800987244,0.33826515078544617,-0.2623090445995331,0.1420874297618866,0.27038392424583435,0.3146728575229645,0.1507708579301834,-0.07130672037601471,-0.16000226140022278,0.00980786420404911,0.17253950238227844,0.3960579037666321,-0.24133887887001038,0.03265076130628586,0.007145695388317108,-0.06376288086175919,-0.15556374192237854,-0.08161187171936035,0.03919803723692894,0.06577644497156143,-0.5729628205299377,0.043257638812065125,0.14783497154712677,-0.06389237940311432,-0.06165871024131775,-0.8252776861190796,0.08024834096431732,0.4090363383293152,0.40281763672828674,-0.29842379689216614,0.392281174659729,-0.01898939348757267,-0.2557861804962158,-0.5824002027511597,-0.2872374355792999,0.5668913722038269,-0.4254874289035797,-0.06853342056274414,-0.03985957056283951,0.11288764327764511,0.2546514868736267,-0.315398633480072,-0.35624778270721436,0.29505982995033264,0.37800130248069763,0.11605405807495117,-0.05110696703195572,0.015536810271441936,-0.2688591480255127,-0.44338250160217285,-0.04988238960504532,0.2590634822845459,0.15893268585205078,0.17572295665740967,-0.623981773853302,-0.19685743749141693,-0.1409175843000412,-0.08198077976703644,0.8572896122932434,0.2828351557254791,-0.10629172623157501,-0.7446582913398743,0.1085839495062828,-0.25996583700180054,0.11606784909963608,-0.4589560627937317,0.10146351903676987,-0.3772541880607605,0.20520234107971191,-0.055173538625240326,-0.3542040288448334,-0.36168643832206726,0.008077876642346382,0.39685875177383423,-0.0957883894443512,0.01834840700030327,0.05139780044555664,0.5806847810745239,-0.006521199829876423,0.7397950887680054,-0.32201796770095825,-0.17832975089550018,-0.10689493268728256,0.06861193478107452,0.1592676192522049,-0.6076647043228149,0.09650583565235138,0.36685892939567566,-0.010516226291656494,-0.05037454888224602,-0.6249276399612427,0.6295124292373657,0.07827715575695038,-0.0996171236038208,-0.3174906373023987,0.11337362229824066,-0.01175535935908556,-0.3488420844078064,-0.34934133291244507,-0.1612534373998642,0.2588256001472473,0.190346822142601,0.280428022146225,-0.8100496530532837,-0.10213486850261688,0.1019643098115921,-0.0031012981198728085,0.13728944957256317,-0.6999037265777588,0.2221708744764328,0.004391148686408997,0.14910709857940674,-0.7254074215888977,-0.29920437932014465,0.09425787627696991,0.23379354178905487,0.028125161305069923,0.004530700854957104,-0.029934685677289963
CID000002160,504,-0.27432116866111755,0.06424470245838165,0.3100453019142151,-0.19655810296535492,0.10479635000228882,0.4342007040977478,-0.24421396851539612,-0.09316366910934448,-0.407738596200943,-0.10872349888086319,-0.013559659942984581,-0.3515782058238983,0.33648455142974854,-0.36083361506462097,-0.21507379412651062,0.14039483666419983,0.08286339044570923,-0.2064967155456543,-0.1388944834470749,-0.10117612779140472,-0.04961097985506058,0.0012591183185577393,-0.033403001725673676,-0.035143233835697174,0.12570905685424805,-0.30239102244377136,0.06104188412427902,-0.2689274847507477,-0.2852863073348999,0.2530174255371094,0.008176365867257118,-0.11104325205087662,-0.3323201537132263,0.06662772595882416,-0.3208354115486145,-0.042783092707395554,-0.28980565071105957,-0.3862639367580414,-0.28516608476638794,-0.17230066657066345,0.2629178762435913,0.05680527538061142,-0.26742619276046753,-0.23992201685905457,0.36633601784706116,0.26886022090911865,-0.00931122899055481,0.05782466009259224,0.06626111268997192,-0.10622546821832657,-0.4454716742038727,0.28950974345207214,-0.2228051871061325,-0.15959015488624573,0.18749845027923584,0.0070105791091918945,-0.08561790734529495,0.17328327894210815,0.27817752957344055,0.2704398036003113,-0.7939267158508301,-0.06799043715000153,-0.09061266481876373,0.8194899559020996,0.22870559990406036,0.2748391032218933,-0.34255167841911316,0.04743612930178642,0.2905772924423218,0.057128362357616425,-0.20567043125629425,0.0389733724296093,-0.15549269318580627,-0.20686714351177216,0.10608848184347153,-0.11859233677387238,-0.15755656361579895,0.05866924673318863,-0.011998062953352928,0.2616867423057556,-0.35488295555114746,0.1975039392709732,-0.25221124291419983,-0.3431215286254883,0.08947577327489853,-0.1957687884569168,-0.4295716881752014,-0.12753808498382568,0.30987346172332764,0.26651236414909363,0.11482472717761993,-0.060101937502622604,-0.044766709208488464,0.023073185235261917,-0.38582053780555725,0.0448186919093132,-0.3780145049095154,0.5199204683303833,0.11621105670928955,-0.2721804976463318,0.2909182012081146,0.21028542518615723,-0.11814065277576447,-0.274077445268631,-0.1462528556585312,-0.07036084681749344,-0.15311618149280548,0.254492849111557,-0.24421322345733643,0.40643516182899475,0.024141181260347366,-0.29412341117858887,0.5925058126449585,-0.1581783890724182,-0.1491864174604416,0.17227402329444885,-0.061771929264068604,-0.08917038142681122,0.18381187319755554,-0.10184375196695328,0.014697931706905365,-0.517105221748352,0.33052700757980347,-0.18270233273506165,-0.404898077249527,0.29570040106773376,-0.10149787366390228,0.4437028765678406,0.35807639360427856,0.042796455323696136,0.10667850822210312,0.19662430882453918,-0.5484126210212708,-0.35932621359825134,-0.23478248715400696,0.010792931541800499,0.019754324108362198,-0.30078035593032837,-0.03147483617067337,0.07825810462236404,-0.3307628333568573,0.15759770572185516,0.1621161252260208,0.24968190491199493,0.011806693859398365,-0.113734170794487,0.2601969838142395,-0.08046983182430267,-0.06403865665197372,-0.0211685411632061,-0.23983712494373322,0.015504220500588417,-0.21573710441589355,0.3158321976661682,-0.08252020180225372,0.3318376839160919,0.09624829143285751,-0.21257050335407257,0.11531083285808563,0.06925244629383087,0.45386791229248047,-0.022721566259860992,-0.8037217855453491,0.029426569119095802,0.28453516960144043,0.29027003049850464,-0.21116074919700623,0.2223391979932785,0.2688513398170471,-0.013443470001220703,-0.30458056926727295,0.043648459017276764,0.37362077832221985,-0.2752174437046051,0.059121571481227875,-0.06157340854406357,0.20472869277000427,-0.06682179868221283,-0.2698204517364502,-0.26624903082847595,0.0874229371547699,0.4060628414154053,0.09796331077814102,-0.0806799978017807,0.02931251749396324,-0.20382654666900635,-0.26396888494491577,-0.27446991205215454,0.19741621613502502,-0.014364424161612988,-0.06764411926269531,-0.01344453077763319,0.05697234719991684,-0.1430356204509735,-0.28961971402168274,0.4800032675266266,0.18894855678081512,-0.05960121005773544,-0.14794817566871643,-0.2017611265182495,-0.1306576281785965,0.22528788447380066,-0.43629321455955505,0.042236633598804474,-0.007394175976514816,0.3218887448310852,0.07908672839403152,-0.13517062366008759,-0.09464401006698608,0.13402609527111053,-0.056640468537807465,0.18309591710567474,-0.05723073333501816,0.08906730264425278,-0.014052296057343483,-0.024247482419013977,0.25537294149398804,0.3108384311199188,0.1013997346162796,-0.2775663733482361,-0.05139406397938728,0.037116456776857376,-0.389773428440094,0.06996924430131912,0.2809600234031677,0.2577638328075409,0.1254468411207199,-0.28170761466026306,0.5888899564743042,0.27116259932518005,-0.03918766230344772,-0.40112417936325073,0.04166385531425476,-0.021943027153611183,-0.2639162540435791,-0.29229995608329773,-0.39882999658584595,0.1970834732055664,0.18326592445373535,-0.2541031241416931,-0.06245400384068489,0.13324320316314697,0.29337137937545776,0.05690697580575943,-0.013178509660065174,-0.5466381311416626,0.42233386635780334,0.2114810198545456,0.2839590311050415,-0.41929587721824646,0.20893192291259766,-0.01667618751525879,0.0906078964471817,-0.11143024265766144,-0.11639080941677094,-0.22787098586559296
CID000004052,505,0.01130504347383976,-0.052349917590618134,0.012411991134285927,-0.01644938439130783,0.2450200766324997,0.22896859049797058,0.10687892138957977,-0.08608894050121307,-0.25429317355155945,-0.13644474744796753,0.05831103399395943,-0.6240512728691101,0.2951647639274597,-0.27718585729599,-0.1629456728696823,-0.0586480014026165,0.10297435522079468,-0.04499419778585434,0.04146053269505501,-0.036546461284160614,0.42330870032310486,-0.06841618567705154,-0.15970388054847717,-0.12247101962566376,0.19050507247447968,-0.12723559141159058,0.18000251054763794,-0.007800951600074768,-0.09056983143091202,0.3683488667011261,-0.2027709037065506,0.26908376812934875,0.13243195414543152,0.053178369998931885,-0.6710968017578125,-0.012012184597551823,-0.1244870200753212,-0.24500472843647003,-0.3494367003440857,0.005900546908378601,0.12116732448339462,0.2354007214307785,-0.5065180063247681,0.15797850489616394,0.2860850393772125,0.01079600490629673,-0.07056279480457306,0.06438250094652176,0.14177700877189636,-0.1829315572977066,-0.4760201573371887,0.058157823979854584,-0.2563179135322571,-0.18568044900894165,0.14189764857292175,-0.07900140434503555,0.05112973600625992,-0.17130178213119507,0.3932487964630127,0.0651572197675705,-0.9151922464370728,0.16586340963840485,-0.3902566730976105,0.12110248953104019,-0.1457042396068573,0.19332431256771088,-0.1790625900030136,0.4112944006919861,0.05513150244951248,0.03524044156074524,-0.19763126969337463,-0.16185417771339417,0.0013595402706414461,0.11185940355062485,0.21263539791107178,0.17071838676929474,0.20440857112407684,0.29982346296310425,-0.035128217190504074,-0.08902982622385025,-0.2419867068529129,-0.014817679300904274,0.005656245164573193,-0.031225938349962234,-0.09138713777065277,0.05830882862210274,-0.34940963983535767,0.014806431718170643,0.38502609729766846,-0.13905039429664612,0.008622901514172554,-0.050503771752119064,0.039559151977300644,-0.09641818702220917,-0.5236846208572388,-0.025541212409734726,-0.1821630299091339,0.19498410820960999,0.17500892281532288,-0.2915497124195099,0.21243834495544434,0.09063287824392319,-0.25892624258995056,0.22017784416675568,-0.27527689933776855,-0.15296192467212677,-0.39551347494125366,0.16003203392028809,-0.05231698602437973,0.2164582759141922,0.38136643171310425,0.06150622293353081,0.2107122838497162,0.07786940783262253,0.2965833246707916,-0.030546721071004868,-0.019530629739165306,-0.5550731420516968,0.26438769698143005,-0.04756336286664009,0.017882326617836952,-0.806249737739563,-0.1032869815826416,-0.027660170570015907,-0.4040723741054535,0.05146539956331253,0.09001225233078003,0.30237025022506714,0.15168288350105286,0.07159843295812607,0.042118825018405914,0.026805689558386803,-0.5977427959442139,-0.26666969060897827,0.08300505578517914,-0.08823232352733612,0.23079979419708252,-0.21131229400634766,-0.04531203582882881,-0.2896217405796051,-0.25098830461502075,0.09031540900468826,0.11151876300573349,-0.10127918422222137,-0.22247405350208282,0.032030850648880005,-0.11052244901657104,0.03083372674882412,0.39987120032310486,0.013259222730994225,0.01352241076529026,0.31248044967651367,-0.2847141921520233,0.15972545742988586,0.028364291414618492,0.1288125216960907,-0.0672169104218483,-0.3483876585960388,-0.15032431483268738,0.07384784519672394,-0.004703495651483536,-0.037490084767341614,-0.8736951947212219,0.10097398608922958,0.6381398439407349,0.15112482011318207,-0.1594526469707489,0.14920131862163544,0.09057135134935379,-0.09201719611883163,-0.29081928730010986,-0.27178239822387695,0.3719511926174164,-0.08148971945047379,-0.14508013427257538,0.03431889787316322,0.2769491374492645,-0.13196149468421936,-0.38345974683761597,0.011629754677414894,0.3529161214828491,0.18709897994995117,0.001809174893423915,-0.16171617805957794,-0.01817033812403679,-0.12568466365337372,-0.25514736771583557,-0.06723612546920776,0.6320760250091553,0.031192053109407425,0.1811184138059616,-0.3585541248321533,-0.06810908019542694,-0.22070825099945068,-0.1668383777141571,0.14464081823825836,0.023467063903808594,-0.1128389984369278,-0.31730443239212036,0.15701620280742645,0.10227431356906891,-0.16590377688407898,-0.4029615521430969,0.07902053743600845,-0.026220431551337242,0.2559404969215393,-0.07940907776355743,-0.18069854378700256,-0.25807273387908936,-0.09026923030614853,0.11189498752355576,-0.10342303663492203,-0.009600585326552391,-0.049090657383203506,0.04811480641365051,-0.08599727600812912,0.5355705618858337,-0.08884672075510025,0.13173745572566986,-0.019757257774472237,-0.13055607676506042,-0.1369856297969818,-0.54286789894104,-0.24522265791893005,0.2768418788909912,0.028977077454328537,0.1844128966331482,-0.07845620065927505,0.9973745346069336,0.2500046193599701,-0.16434574127197266,-0.12044630199670792,0.059047650545835495,0.1389828771352768,-0.4870849549770355,-0.12752903997898102,-0.1806955486536026,0.13688142597675323,0.4256815016269684,0.14821389317512512,-0.35566332936286926,-0.007045564241707325,0.03779641538858414,-0.08503663539886475,0.11541086435317993,-0.13752277195453644,0.16821612417697906,0.12126661837100983,0.23302896320819855,-0.9345477223396301,-0.06220300868153572,0.6309003233909607,0.1981997936964035,0.18831221759319305,-0.03924141079187393,-0.06887099891901016
CID000004674,506,-0.07238958775997162,-0.2197890281677246,0.23106591403484344,0.016246771439909935,0.5077142715454102,0.4679951071739197,-0.1704874038696289,-0.15204520523548126,-0.34557926654815674,-0.10378613322973251,-0.12459506839513779,-0.3833184242248535,0.307142436504364,-0.17335979640483856,0.09607212245464325,0.1558888852596283,0.22661380469799042,0.15791575610637665,0.01408472191542387,-0.19990523159503937,0.12797799706459045,0.012289200909435749,0.1348431408405304,-0.046671345829963684,-0.05421577766537666,-0.023364055901765823,-0.012425380758941174,0.04955610632896423,0.04627329856157303,0.4143153131008148,-0.06455832719802856,-0.11881593614816666,0.1260104775428772,0.07965783029794693,-0.2347647249698639,-0.08621631562709808,-0.2819717228412628,-0.2801267206668854,-0.21086449921131134,0.030553782358765602,0.3152204751968384,0.13488240540027618,-0.2888922095298767,-0.24873879551887512,0.353886216878891,-0.1710941195487976,0.049081724137067795,-0.0721130296587944,0.03779931738972664,-0.38955751061439514,-0.5109021067619324,0.2066069096326828,-0.18474365770816803,-0.20583143830299377,0.07034988701343536,0.040033984929323196,0.015091019682586193,-0.08515521138906479,0.15800637006759644,-0.0366409569978714,-0.8937802314758301,-0.0776045098900795,-0.383269339799881,0.2285003960132599,-0.08865620940923691,0.1768713742494583,-0.07439086586236954,0.110396608710289,-0.028967808932065964,-0.12637612223625183,-0.3888775706291199,-0.19749727845191956,-0.2000962793827057,-0.17937004566192627,0.22194266319274902,-0.08099524676799774,-0.019297847524285316,0.1182042583823204,-0.15046463906764984,-0.09125832468271255,-0.2997111678123474,0.032120849937200546,-0.3051629662513733,-0.35735878348350525,-0.15862253308296204,-0.1814456731081009,-0.18237917125225067,-0.14338326454162598,0.6976609826087952,0.011087852530181408,-0.37694162130355835,-0.3475099205970764,-0.04547768458724022,-0.026140892878174782,-0.5411073565483093,-0.05102008581161499,-0.18234114348888397,0.2548316419124603,0.21703462302684784,-0.15682198107242584,0.13984884321689606,0.34762364625930786,-0.12132541090250015,0.277042955160141,-0.23499663174152374,0.20785923302173615,-0.13996677100658417,0.13571877777576447,-0.0025298134423792362,0.034914903342723846,0.027879882603883743,-0.06951090693473816,0.5685933828353882,0.16849882900714874,0.1730809211730957,0.10413327068090439,-0.21338999271392822,-0.32081139087677,0.3274397552013397,-0.02374178171157837,0.37834399938583374,-0.7887042164802551,0.3237352967262268,0.03268730640411377,-0.4194009304046631,0.15339894592761993,0.07715469598770142,0.5223933458328247,0.2431480884552002,-0.24027128517627716,0.09817703068256378,-0.003713804529979825,-0.4584750533103943,-0.37045204639434814,-0.27368348836898804,-0.02099299058318138,0.18066522479057312,-0.4484679698944092,0.025931959971785545,-0.09058041870594025,-0.07590911537408829,-0.01916573941707611,0.017584795132279396,0.26484957337379456,0.1722831428050995,0.22462379932403564,-0.14595213532447815,-0.23443329334259033,0.13539335131645203,0.06132299825549126,-0.1337161362171173,0.0009176783496513963,-0.06911401450634003,-0.01300438679754734,-0.17321597039699554,0.07494866847991943,0.14913587272167206,-0.347748726606369,0.15584340691566467,-0.1540168821811676,-0.013879813253879547,-0.05130083113908768,-0.9033030271530151,0.1847584843635559,0.3332303762435913,0.2398282289505005,-0.30650490522384644,0.17466972768306732,0.4935837388038635,-0.19286680221557617,-0.1446041464805603,-0.01611371897161007,0.5861623883247375,0.08623906224966049,0.05103572458028793,-0.2535213828086853,0.07587569206953049,0.16570086777210236,-0.3718053102493286,-0.22547540068626404,0.25805017352104187,0.3091851770877838,0.09366194158792496,-0.0058580725453794,0.02669811248779297,-0.02167031727731228,-0.5600190162658691,-0.06445703655481339,0.45088624954223633,0.06601457297801971,0.02835794910788536,-0.381826788187027,0.09327568113803864,-0.4069695472717285,-0.25759148597717285,0.40761691331863403,-0.08473805338144302,-0.11220739036798477,-0.3428484797477722,0.07239917665719986,-0.11053045839071274,0.19096320867538452,-0.4348842203617096,0.030046114698052406,0.033143602311611176,0.3222087323665619,0.1582612246274948,-0.22978222370147705,-0.36220818758010864,-0.25708693265914917,-0.09578530490398407,0.25898951292037964,0.006673907395452261,0.07708416134119034,0.12815093994140625,0.1228426843881607,0.32414335012435913,0.036104731261730194,-0.3454378843307495,-0.31376177072525024,-0.20250682532787323,0.0778888463973999,-0.47759300470352173,0.04411326348781586,0.21042445302009583,-0.17839041352272034,0.24398276209831238,-0.22934424877166748,0.6559995412826538,0.3721823990345001,-0.06872327625751495,-0.1088801845908165,0.0076353102922439575,0.03308866173028946,-0.2141800820827484,-0.0859043151140213,-0.055373359471559525,0.2050667107105255,0.38957107067108154,0.038239736109972,-0.06227826327085495,-0.12212052196264267,0.151426762342453,0.026106128469109535,0.08411804586648941,-0.43430519104003906,0.15760478377342224,0.06404166668653488,0.38663211464881897,-0.6211012005805969,0.37480902671813965,0.5133017897605896,0.11901106685400009,0.04135115072131157,-0.07453332841396332,-0.1046597957611084
CID000003675,507,-0.1357165277004242,0.157337486743927,0.07072843611240387,-0.13878639042377472,0.6653736233711243,0.43153733015060425,0.3422982692718506,-0.14335262775421143,-0.4071565270423889,-0.21936488151550293,0.021683920174837112,-0.48745402693748474,-0.07274064421653748,-0.24171967804431915,-0.20205101370811462,0.07322561740875244,0.07715288549661636,-0.023394828662276268,-0.13171187043190002,0.2536028027534485,0.07297040522098541,0.1871715635061264,0.008610602468252182,0.16177523136138916,-0.2755530774593353,0.08580775558948517,0.0281442292034626,0.2027062624692917,0.07437307387590408,0.3354211449623108,-0.2408275157213211,0.1126856803894043,0.1665411740541458,0.018135249614715576,-0.44955921173095703,0.3249936103820801,-0.9190546870231628,-0.4149143099784851,0.30668243765830994,-0.21233026683330536,0.3767908215522766,-0.06544414907693863,-0.37130406498908997,-0.03894834220409393,0.25689107179641724,0.40280479192733765,-0.1332036703824997,-0.2051641196012497,0.08118198066949844,-0.08610792458057404,-0.33696824312210083,0.09079160541296005,-0.432134211063385,-0.5089539289474487,-0.08690627664327621,0.14481090009212494,-0.03663981705904007,-0.23285436630249023,0.323700487613678,-0.2427045851945877,-0.9957844614982605,-0.32842403650283813,0.26675015687942505,0.5956848859786987,-0.0033250413835048676,0.4941806197166443,-0.27011263370513916,0.04944577068090439,0.32822173833847046,0.15057040750980377,-0.2406553477048874,-0.047649577260017395,-0.3077066242694855,-0.4878004193305969,0.44139155745506287,-0.19725629687309265,-0.21994638442993164,0.20726728439331055,0.06887643039226532,-0.26346927881240845,-0.2897741496562958,-0.1035686582326889,-0.048121433705091476,-0.20522823929786682,0.08735163509845734,-0.19033965468406677,-0.10740355402231216,-0.28950071334838867,0.9712508916854858,0.006465396378189325,-0.4762137532234192,-0.22686898708343506,-0.08749932795763016,0.05824238061904907,-0.5520438551902771,0.04073435068130493,-0.4316689074039459,0.6693037748336792,0.18599098920822144,-0.18971779942512512,0.8148592710494995,-0.029310965910553932,0.16648980975151062,0.40693145990371704,-0.14080920815467834,-0.06795741617679596,-0.29592403769493103,0.3444473147392273,0.048646774142980576,0.3072298765182495,-0.3226276934146881,-0.3548564910888672,0.4645598828792572,-0.19215115904808044,0.5575156211853027,-0.10000605881214142,0.1827041208744049,-0.2543858587741852,0.2896156311035156,-0.23646751046180725,0.12016966193914413,-0.8330674171447754,-0.2154291868209839,-0.36429837346076965,-0.5157021284103394,-0.1263902187347412,-0.19079084694385529,0.22352838516235352,0.17594332993030548,-0.0678195208311081,-0.06756700575351715,-0.0857427567243576,-0.45351552963256836,-0.33049896359443665,0.0920824483036995,-0.028055554255843163,0.32165828347206116,-0.0552188940346241,-0.038820188492536545,-0.15314844250679016,0.10685817897319794,0.27296409010887146,0.03789423406124115,0.09761027991771698,0.10643712431192398,0.02567628026008606,0.11534228175878525,0.3361958861351013,0.1296616941690445,0.21388837695121765,-0.18717226386070251,-0.08258340507745743,0.3522163927555084,-0.03376699239015579,0.156931534409523,-0.19380038976669312,0.021750232204794884,-0.3452742099761963,-0.016909170895814896,0.13085895776748657,0.10839084535837173,0.11230000108480453,-1.0068455934524536,-0.23490944504737854,0.12179303169250488,0.40394076704978943,0.012239009141921997,0.1683516502380371,0.49673542380332947,0.31994137167930603,-0.25889986753463745,-0.3471771478652954,0.6259848475456238,-0.42290887236595154,-0.11574463546276093,-0.11810733377933502,0.20359428226947784,-0.043502550572156906,-0.20115205645561218,0.03671591356396675,0.44370007514953613,0.17085051536560059,-0.01391188520938158,0.04209226742386818,0.01075720228254795,-0.1319333016872406,-0.4528493285179138,0.3996340036392212,0.639432430267334,-0.2310149222612381,-0.20797081291675568,-0.14395123720169067,0.16627663373947144,-0.46146297454833984,-0.27188366651535034,0.6832050085067749,0.23784610629081726,0.1759517788887024,-0.6860272288322449,0.02457970194518566,-0.4422275125980377,0.36740389466285706,-0.2177232801914215,-0.13076743483543396,0.20868858695030212,0.38192200660705566,0.007249712944030762,-0.1477377861738205,-0.2897627055644989,-0.08774452656507492,0.12034120410680771,0.2997412085533142,-0.1270536482334137,0.2588352859020233,0.33689558506011963,0.0811343565583229,0.45004749298095703,0.10610271990299225,-0.4509524405002594,-0.22950756549835205,0.20771899819374084,-0.03470759466290474,-0.8382430076599121,0.2092357575893402,0.39847221970558167,0.19299152493476868,0.14110270142555237,-0.41041702032089233,0.6173921823501587,-0.1470285952091217,0.30314743518829346,0.019327839836478233,-0.011905491352081299,-0.022932684049010277,-0.4153645634651184,-0.041693657636642456,0.13042433559894562,0.07935373485088348,-0.13258244097232819,-0.3001500368118286,-0.2476438730955124,0.024791305884718895,-0.300855815410614,-0.2741427719593048,-0.11130903661251068,-1.0205233097076416,0.2743825912475586,0.27466410398483276,-0.24585966765880585,-0.7078725099563599,-0.28279516100883484,0.18692751228809357,0.4704611301422119,0.24752116203308105,-0.08529219031333923,0.17159011960029602
CID003085017,508,0.08867904543876648,0.19634687900543213,-0.3067973256111145,0.19149845838546753,0.7231932282447815,0.24579870700836182,-0.37380361557006836,-0.03831617906689644,-0.07546133548021317,0.10311267524957657,0.007730317302048206,-0.717555582523346,-0.02692544087767601,-0.009298446588218212,-0.4286375939846039,-0.3916190266609192,0.0016292824875563383,0.21533718705177307,0.13672372698783875,0.12201528251171112,-0.1825375109910965,-0.13488192856311798,-0.07307262718677521,0.20245511829853058,-0.13287951052188873,-0.1663547307252884,-0.268348753452301,-0.05400443077087402,0.16915471851825714,0.45163393020629883,-0.04477369785308838,-0.0433737114071846,0.26452893018722534,-0.14670009911060333,-0.3899272382259369,0.35614627599716187,-0.5431047677993774,-0.1962098926305771,-0.5933415293693542,0.17790278792381287,0.26559358835220337,-0.17565946280956268,-0.1685427874326706,-0.2751864492893219,1.009777545928955,0.14918982982635498,-0.4017593264579773,0.18925292789936066,0.02492876723408699,-0.16785624623298645,-0.9475387334823608,-0.25248458981513977,-0.23101553320884705,-0.34402093291282654,-0.018467247486114502,0.24150380492210388,-0.14558491110801697,-0.12426014244556427,0.4195472300052643,0.41442784667015076,-0.9293516278266907,0.352664589881897,-0.04768944904208183,0.19234414398670197,-0.2581777274608612,0.29891929030418396,-0.02704218029975891,0.4832378327846527,-0.004937228746712208,-0.30586951971054077,-0.6408334970474243,0.05768699571490288,-0.11550627648830414,0.0078177060931921,0.6445233225822449,0.19620807468891144,-0.24285578727722168,0.27870312333106995,-0.06640587747097015,-0.32287219166755676,-0.06839261204004288,0.14172138273715973,-0.035258758813142776,-0.25295671820640564,-0.16129299998283386,-0.09944120794534683,-0.05011626332998276,-0.10853347927331924,0.9757895469665527,0.01947866380214691,-0.3109944760799408,0.026614805683493614,0.026843691244721413,0.026876026764512062,-0.8336660265922546,0.0019011080730706453,-0.19915930926799774,0.455348402261734,-0.0004401981714181602,0.04271211475133896,0.43398547172546387,0.018091076985001564,-0.12676413357257843,0.27572712302207947,0.03051142767071724,0.16277000308036804,-0.2881455421447754,-0.07660182565450668,-0.22120408713817596,0.17993669211864471,-0.3414733111858368,-0.18076951801776886,0.48678964376449585,-0.008950812742114067,0.12986840307712555,-0.2815333604812622,-0.025056440383195877,-1.3374935388565063,0.48951196670532227,-0.4177095890045166,0.043819110840559006,-1.0073001384735107,0.4387291967868805,-0.13943162560462952,-0.5554634928703308,-0.07392042875289917,0.25534480810165405,0.5522511601448059,-0.24228660762310028,0.0776916891336441,-0.3816189765930176,-0.2245483100414276,-0.717840313911438,-0.4107228219509125,-0.5216375589370728,-0.20680515468120575,1.1030710935592651,-0.9569530487060547,-0.1884421557188034,-0.20758144557476044,0.10985340178012848,0.45766550302505493,0.31536665558815,-0.2095368355512619,-0.08215514570474625,0.1774156093597412,-0.44826775789260864,0.3031540513038635,-0.013170599937438965,-0.07375111430883408,0.045286376029253006,-0.15264533460140228,0.28961771726608276,-0.3313907980918884,-0.18712827563285828,0.0024369985330849886,-0.13456405699253082,-0.44101566076278687,-0.16008701920509338,0.16060295701026917,-0.07272762060165405,0.11329036951065063,-0.9286835789680481,-0.24606521427631378,0.7097812294960022,0.293102502822876,-0.741040825843811,0.21350011229515076,0.32837098836898804,-0.25962066650390625,-0.13424012064933777,-0.05882073566317558,0.2755791246891022,-0.46270552277565,-0.32389703392982483,-0.009704277850687504,-0.023009952157735825,-0.26029109954833984,-0.10090681165456772,0.0358823761343956,0.33633407950401306,0.37059277296066284,-0.0373869314789772,-0.04286417365074158,-0.2058504819869995,-0.48919910192489624,-0.3851028084754944,-0.36018913984298706,0.7575576305389404,0.1631026566028595,-0.05478842183947563,-0.8843629956245422,-0.2576594948768616,-0.3070685863494873,-0.4072718620300293,0.3658312261104584,-0.0010374977719038725,-0.2645149528980255,-0.2947934567928314,-0.18068818747997284,-0.5501868724822998,0.0667065978050232,-0.5368797183036804,0.09069408476352692,0.01394892018288374,0.16807040572166443,0.06583385914564133,-0.21516673266887665,-0.7328206300735474,-0.11936662346124649,0.18239212036132812,0.19792193174362183,-0.20496442914009094,-0.16022856533527374,0.6261924505233765,-0.0051399050280451775,0.8211873769760132,0.07279731333255768,-0.343557745218277,-0.35761916637420654,-0.23171360790729523,-0.11308269202709198,-0.6368277072906494,-0.14560389518737793,0.42802324891090393,-0.08295673131942749,0.2742413878440857,-0.5347369313240051,1.0560743808746338,0.07304198294878006,-0.16629619896411896,-0.14241614937782288,0.09666283428668976,-0.05834244564175606,-0.3065899908542633,-0.17547623813152313,-0.2691256105899811,0.2510012686252594,-0.002110415603965521,-0.24283988773822784,-0.5342805981636047,-0.20563741028308868,0.3325962722301483,-0.38064059615135193,0.001324716955423355,-0.3435114920139313,0.15521301329135895,0.2968295216560364,0.14252129197120667,-0.9555940628051758,0.45255860686302185,0.5114005208015442,0.5916575789451599,0.06584195792675018,-0.1296110302209854,-0.17992086708545685
CID000001978,509,-0.06854170560836792,0.07508799433708191,0.38279005885124207,0.08704940974712372,0.33535873889923096,0.3361853063106537,0.2553679943084717,-0.031439363956451416,-0.12530428171157837,-0.22912266850471497,-0.2419888973236084,-0.1419646441936493,0.23075899481773376,-0.2985275685787201,0.2105933427810669,0.1422109454870224,-0.007310889661312103,0.34555429220199585,-0.007950345054268837,-0.06695760041475296,-0.22471749782562256,-0.04078640416264534,0.1175718754529953,0.05213633179664612,0.19093000888824463,-0.010316175408661366,0.04622771218419075,-0.024385742843151093,0.038766734302043915,0.24435357749462128,-0.20897305011749268,-0.08976013213396072,-0.20485027134418488,0.040726322680711746,-0.3354264497756958,-0.02488013543188572,-0.2583023011684418,-0.35940760374069214,-0.2315034121274948,-0.03242287039756775,0.13096512854099274,0.23022222518920898,-0.27310970425605774,-0.37756651639938354,0.13205482065677643,0.14646387100219727,0.06890712678432465,0.052188973873853683,0.23646783828735352,-0.1117175817489624,-0.3226029574871063,0.03420059382915497,-0.11194173246622086,-0.15194430947303772,0.08705399930477142,-0.11215569823980331,0.01553252898156643,0.1791309416294098,-0.08251990377902985,-0.2526482045650482,-0.798611581325531,0.028867829591035843,-0.3733532726764679,0.06304709613323212,0.0889996886253357,0.06336891651153564,-0.2905674874782562,0.13172276318073273,0.1360771656036377,0.04072771966457367,-0.3914717733860016,-0.12985560297966003,0.10631024837493896,0.061210859566926956,0.000815112900454551,-0.018845209851861,0.23874112963676453,0.21150188148021698,0.15997031331062317,0.052012406289577484,-0.42077597975730896,-0.04282882809638977,-0.3433610498905182,-0.16171762347221375,-0.11282779276371002,0.09625506401062012,-0.12598764896392822,0.10435348749160767,0.34761208295822144,0.11422809213399887,0.04284955561161041,-0.14191082119941711,-0.26226186752319336,0.06529203802347183,-0.551851749420166,0.0422898605465889,-0.26361218094825745,0.20324134826660156,0.150689959526062,-0.27070027589797974,0.3406129777431488,-0.14895875751972198,0.0624917633831501,0.18166539072990417,-0.16655859351158142,-0.060436032712459564,-0.25699275732040405,0.09579102694988251,-0.20050016045570374,0.08866136521100998,-0.15593166649341583,-0.10561472177505493,0.4383133053779602,-0.0347929410636425,0.11004853248596191,0.11076302826404572,0.08829549700021744,-0.1904788762331009,-0.007603452540934086,-0.15058587491512299,-0.16665342450141907,-0.7213495373725891,-0.2042277306318283,-0.48158663511276245,-0.4157477021217346,0.12077029049396515,0.03869675472378731,0.4723595082759857,0.1264805942773819,0.14501357078552246,0.302966445684433,-0.2458544224500656,-0.44679945707321167,-0.3066335916519165,0.1778932809829712,-0.00221436470746994,0.5578564405441284,-0.17345069348812103,-0.16205832362174988,0.2615256905555725,-0.24842607975006104,0.1223844513297081,-0.08772049099206924,0.09477086365222931,0.022803885862231255,0.11516370624303818,0.03046979010105133,0.16290298104286194,-0.24824965000152588,-0.14704038202762604,-0.0023546875454485416,0.08397123217582703,-0.14273124933242798,-0.05460526421666145,-0.22228924930095673,0.0035913586616516113,-0.16350379586219788,-0.3236309587955475,0.04196354001760483,0.15798307955265045,0.2759215235710144,0.02731245383620262,-0.9058019518852234,0.00878581590950489,0.25710204243659973,0.4311872124671936,-0.2355392724275589,-0.03344865143299103,0.264237642288208,-0.07997029274702072,-0.09028881788253784,0.009523391723632812,0.36403948068618774,-0.07307485491037369,0.08721433579921722,-0.11695609241724014,0.4039694368839264,0.10733000189065933,-0.4178679883480072,0.07651232182979584,0.1366187483072281,0.31754961609840393,0.060266345739364624,-0.2160414159297943,-0.06331917643547058,0.0619458369910717,-0.5982650518417358,0.1070026382803917,0.3817604184150696,-0.12317639589309692,0.14836378395557404,-0.2627394199371338,0.1282655894756317,-0.17444321513175964,-0.15658625960350037,0.49038368463516235,0.22168684005737305,-0.06035294383764267,0.05204804614186287,0.14089976251125336,-0.006902658846229315,-0.2616213858127594,-0.3204782009124756,0.026828045025467873,-0.217852383852005,0.3072783350944519,-0.0375337228178978,-0.34137609601020813,0.044489823281764984,-0.013422662392258644,-0.07384143769741058,0.15946495532989502,0.02447219006717205,-0.027087315917015076,0.23714324831962585,-0.0765150785446167,0.4129505753517151,0.18995168805122375,0.08857633173465729,-0.2582581341266632,0.0811777338385582,0.04118096083402634,-0.4268401563167572,0.07046689838171005,0.5701591372489929,-0.044709887355566025,0.21556830406188965,-0.2849327325820923,0.5509714484214783,0.0014174410607665777,-0.022446276620030403,-0.18076680600643158,-0.07331337779760361,0.06621095538139343,-0.3723219931125641,-0.19100549817085266,-0.33740758895874023,0.2388067990541458,-0.03535858541727066,-0.09119574725627899,-0.10317166149616241,0.03620915859937668,0.15937577188014984,-0.0005955070373602211,-0.14116373658180237,-0.3105296194553375,0.12893979251384735,0.24103982746601105,0.07654295116662979,-0.6849032640457153,-0.16633018851280212,-0.08819013833999634,0.12152910232543945,-0.08232767879962921,0.0333283431828022,-0.287549763917923
CID005481350,514,0.015191415324807167,0.29012101888656616,0.04888257756829262,0.28571730852127075,0.712912380695343,0.37088146805763245,-0.1672377586364746,0.0355706661939621,-0.6649144887924194,-0.10745284706354141,-0.12242976576089859,-0.37968119978904724,0.00702902814373374,-0.0732857957482338,0.1706623136997223,0.20306885242462158,-0.013521047309041023,-0.05296144634485245,0.08334323763847351,0.00245208153501153,0.044417478144168854,-0.06771406531333923,-0.23259885609149933,-0.01934765838086605,-0.19804470241069794,0.013257714919745922,-0.19162091612815857,-0.20192334055900574,-0.1339520961046219,0.4957650303840637,-0.28557243943214417,0.11666829884052277,0.2646560072898865,-0.06871431320905685,-0.9771019816398621,0.03920331224799156,-0.4762330949306488,-0.10071669518947601,-0.36711597442626953,0.31083640456199646,-0.2382233589887619,-0.03647591918706894,-0.046533528715372086,-0.37263360619544983,0.4041197896003723,0.006428335793316364,-0.30364376306533813,-0.02089688740670681,-0.44776859879493713,0.062357835471630096,-0.30699771642684937,0.0658588856458664,-0.006062789354473352,-0.2043323814868927,0.018806597217917442,-0.1529669314622879,0.35756397247314453,-0.12903371453285217,0.9456585049629211,-0.10024235397577286,-1.0325992107391357,-0.12020115554332733,-0.3305458724498749,0.436820924282074,0.31514912843704224,-0.35854846239089966,-0.16171300411224365,0.13802368938922882,-0.24073848128318787,0.03044002689421177,-0.13001681864261627,-0.23478977382183075,-0.24652202427387238,0.25499609112739563,0.9200679063796997,0.0804673284292221,-0.17293424904346466,0.0615779384970665,0.2769910395145416,-0.5788748860359192,-0.027145391330122948,0.10231127589941025,-0.15873801708221436,0.11924143880605698,0.08328501135110855,0.23051972687244415,-0.15237581729888916,0.2803124785423279,0.5463504791259766,-0.10782258212566376,-0.4756115972995758,0.0389222651720047,-0.02209523692727089,-0.05623781681060791,-0.6718786358833313,-0.15714702010154724,0.12907347083091736,0.2600032687187195,-0.013406646437942982,-0.14065399765968323,0.3646477162837982,-0.09797681123018265,-0.2931094765663147,0.22368578612804413,-0.11507810652256012,0.12406035512685776,-0.3707829415798187,0.20016705989837646,-0.123530313372612,0.5335723161697388,-0.035525403916835785,-0.09957282245159149,0.2007960081100464,-0.21871253848075867,0.12142884731292725,0.16977165639400482,-0.07376603782176971,-1.43777334690094,-0.0821177214384079,-0.3834390640258789,0.08576317131519318,-0.7586618661880493,-0.11776132881641388,-0.44969049096107483,-0.09044055640697479,0.3369455635547638,-0.06386198848485947,0.24874934554100037,0.17622561752796173,0.1476462185382843,-0.046386439353227615,-0.2194947451353073,-0.4328445792198181,-0.36757418513298035,-0.4810005724430084,-0.17892515659332275,0.1729353368282318,-0.24901142716407776,-0.188436359167099,-0.03823428228497505,0.022401465103030205,0.40888094902038574,-0.1674460470676422,0.20354929566383362,-0.12505540251731873,0.015174796804785728,-0.114733025431633,0.3082064688205719,-0.037194766104221344,-0.08511275053024292,-0.05077748745679855,-0.0003312736807856709,0.18056032061576843,0.1089247465133667,-0.20501630008220673,-0.019443219527602196,-0.016771666705608368,-0.5308257341384888,-0.407632976770401,0.14138397574424744,-0.13475990295410156,0.10937800258398056,-0.7791193723678589,0.022414784878492355,0.6784645318984985,0.23860593140125275,-0.39272192120552063,0.1210794672369957,-0.4420715868473053,0.0326242558658123,-0.0711270421743393,-0.09530012309551239,0.31047147512435913,-0.11385928094387054,-0.33119437098503113,-0.06016859412193298,-0.11097371578216553,0.13793322443962097,-0.37169989943504333,0.026294803246855736,-0.01595357432961464,0.3797052800655365,0.15386293828487396,-0.16259071230888367,-0.27197733521461487,-0.32385843992233276,-0.12795110046863556,-0.04368266835808754,0.5022404193878174,-0.286695271730423,0.10512417554855347,-0.30684739351272583,0.2234012335538864,0.2989630103111267,0.15304215252399445,0.43516749143600464,-0.08256465196609497,-0.1951393187046051,-0.6953674554824829,0.07302065193653107,-0.27244117856025696,-0.1865176409482956,-0.13863171637058258,0.059878814965486526,0.018352285027503967,0.3278467059135437,-0.1340665966272354,0.07234334945678711,-0.25966334342956543,0.06584253907203674,-0.017776763066649437,-0.2578686475753784,0.054599665105342865,-0.19290561974048615,0.1641407310962677,-0.19132216274738312,0.7919951677322388,-0.14932358264923096,-0.4923722743988037,-0.14357063174247742,-0.07099106907844543,-0.0683264285326004,-0.6574350595474243,0.08501626551151276,0.054587651044130325,-0.3111775815486908,-0.03647264093160629,-0.4825103282928467,0.9329890012741089,-0.04981786012649536,-0.42211371660232544,0.025071853771805763,0.04157978668808937,0.12715697288513184,-0.6439937353134155,-0.271241158246994,-0.13446755707263947,0.009716972708702087,0.06786000728607178,-0.25342461466789246,-1.167248249053955,0.24192944169044495,0.11130516231060028,0.05840429663658142,0.10560683161020279,0.10543881356716156,0.09712300449609756,0.24312882125377655,-0.035220302641391754,-0.8535420298576355,-0.036468762904405594,0.3300287425518036,0.6605814695358276,-0.20196004211902618,0.10287708044052124,0.21218518912792206
CID005281104,517,-0.31379014253616333,-0.1989128589630127,0.010565107688307762,0.05389932543039322,0.5643479824066162,0.5200085043907166,0.02662641927599907,0.039270900189876556,-0.6942411065101624,-0.24139931797981262,-0.04774890094995499,-0.4965059757232666,0.0935753732919693,-0.06666792929172516,0.019393909722566605,0.13135354220867157,0.11375977843999863,-0.2859483063220978,0.15752851963043213,-0.32861924171447754,0.050663579255342484,-0.026309281587600708,-0.14106939733028412,-0.1097930297255516,-0.1649482250213623,0.050856322050094604,0.09886791557073593,0.08513258397579193,-0.1965644806623459,0.5432926416397095,-0.1577272117137909,0.02868894673883915,-0.3176046907901764,0.24522247910499573,-0.2621306777000427,0.10018269717693329,-0.33323395252227783,-0.21583104133605957,-0.18581971526145935,0.1986396759748459,0.43407052755355835,0.0374145433306694,-0.3940916657447815,-0.15123461186885834,0.44005122780799866,0.2191559076309204,0.1104271188378334,-0.05881698057055473,-0.23349592089653015,-0.1559799462556839,-0.17515972256660461,0.05143523961305618,-0.08835554867982864,-0.24946816265583038,0.17346717417240143,0.08252260833978653,0.12362553924322128,-0.09285116195678711,0.40428978204727173,0.37409985065460205,-0.7337326407432556,0.04609023407101631,-0.19240140914916992,0.32343703508377075,0.06359770894050598,-0.24480514228343964,-0.23224754631519318,0.18041062355041504,-0.24501320719718933,-0.18034057319164276,-0.6148964166641235,-0.3726751506328583,0.3606332540512085,-0.24633817374706268,0.3468239903450012,0.01911625824868679,-0.14470478892326355,0.29492512345314026,-0.03979087620973587,0.10184180736541748,-0.10259773582220078,0.1655832827091217,-0.44838300347328186,-0.15038618445396423,0.12278135120868683,-0.04485636204481125,-0.19780561327934265,0.11774145066738129,0.4328715205192566,0.09202899783849716,-0.22370898723602295,-0.29232028126716614,0.025302553549408913,-0.1246166080236435,-0.657305896282196,0.07727280259132385,-0.025543099269270897,0.3549399971961975,0.38410720229148865,-0.1904204934835434,0.2874385714530945,0.003398838685825467,-0.25047236680984497,0.2173340767621994,-0.19736754894256592,-0.1148768812417984,-0.27297359704971313,0.1915072649717331,-0.13264146447181702,0.23708322644233704,-0.19532546401023865,0.16130605340003967,0.2313646823167801,-0.08504541963338852,0.018696224316954613,0.2326253354549408,-0.024988988414406776,-0.43443045020103455,0.19490954279899597,-0.0884404182434082,-0.014233911409974098,-0.6813027858734131,0.045326393097639084,-0.24432373046875,-0.7808293104171753,0.22099637985229492,0.009159417822957039,0.5569553375244141,0.27570563554763794,-0.22747614979743958,0.10590718686580658,0.04240736365318298,-0.4292208254337311,-0.33865052461624146,-0.1885334700345993,-0.16206057369709015,-0.14689232409000397,-0.07886206358671188,-0.014073471538722515,-0.1953088939189911,-0.014950874261558056,0.21183109283447266,-0.05619429424405098,0.1478794664144516,-0.04039394110441208,-0.06061943620443344,-0.05409504100680351,-0.20832523703575134,0.016331711784005165,0.08901189267635345,-0.10511501878499985,0.07842765748500824,0.2685301899909973,-0.0747600644826889,0.08040676265954971,0.14030525088310242,0.050887323915958405,-0.5155643224716187,0.06586472690105438,-0.23329782485961914,0.12865915894508362,0.05079293251037598,-0.9688711166381836,-0.08369468152523041,0.44491857290267944,0.22659845650196075,-0.13500156998634338,-0.2474256455898285,0.4161849617958069,-0.06107421964406967,-0.2858808934688568,-0.10121196508407593,0.4790104329586029,-0.17125824093818665,0.07119925320148468,-0.059911299496889114,-0.009275853633880615,0.045829158276319504,-0.21954336762428284,-0.17316897213459015,0.06653820723295212,0.31863775849342346,0.15825507044792175,0.10749001801013947,-0.2566490173339844,-0.10361053049564362,-0.16604557633399963,-0.19131997227668762,0.5685747265815735,-0.057406872510910034,0.07934150844812393,-0.01234510075300932,0.027765974402427673,0.1914394646883011,-0.10755880922079086,0.293729692697525,-0.1540554016828537,-0.05767681449651718,-0.09322968870401382,0.16922031342983246,0.019588736817240715,0.43466615676879883,-0.2510516047477722,0.20870502293109894,0.12113536894321442,0.20533177256584167,0.2117515504360199,-0.20294412970542908,-0.6987600922584534,0.10639463365077972,-0.24844864010810852,0.1748560220003128,-0.1298331320285797,0.034149013459682465,0.2706867754459381,-0.34011927247047424,0.3935198187828064,0.09605886042118073,-0.22583642601966858,-0.24490571022033691,-0.1780589520931244,-0.07645094394683838,-0.4262969493865967,0.09365644305944443,0.1885112226009369,-0.005719131324440241,0.3270878195762634,-0.4493314325809479,0.5071858167648315,0.0027595250867307186,-0.04248137027025223,-0.34219977259635925,-0.27798300981521606,-0.13933834433555603,-0.28030282258987427,-0.2233894169330597,-0.07533462345600128,0.13876445591449738,-0.024496648460626602,0.05985676124691963,-0.2594957649707794,0.15939465165138245,0.1463623195886612,0.1611255407333374,0.14614491164684296,-0.23674051463603973,0.09558215737342834,0.1923273801803589,0.19200949370861053,-0.5805559158325195,0.04666037857532501,0.36509770154953003,-0.20778891444206238,-0.10092221200466156,-0.11074306815862656,-0.24226760864257812
CID005311181,518,0.06278856098651886,-0.37849849462509155,0.04081811383366585,-0.4321215748786926,0.4972918927669525,0.3831949830055237,-0.082456573843956,-0.2917853891849518,-0.2917096018791199,-0.21054604649543762,0.043896887451410294,-0.6691176295280457,0.10842384397983551,-0.08547117561101913,-0.10733316093683243,-0.1596948206424713,0.0775134265422821,-0.1734524518251419,0.3633253276348114,-0.3434004485607147,0.022612011060118675,0.04349686577916145,-0.11777226626873016,0.06728119403123856,-0.3953155279159546,-0.20178237557411194,-0.060614585876464844,0.04942081496119499,0.04327236860990524,0.36982378363609314,-0.3123144805431366,-0.1972002536058426,0.11361809819936752,-0.16051803529262543,-0.7404066920280457,0.011555987410247326,-0.5096798539161682,-0.20128047466278076,-0.04426197707653046,0.1956314742565155,0.15377481281757355,-0.03705134242773056,0.09319871664047241,-0.4143056869506836,0.596383273601532,0.35264307260513306,0.10660593211650848,0.3141646981239319,0.029537547379732132,-0.07957641780376434,-0.9794082641601562,-0.07189735025167465,-0.32985591888427734,-0.14914169907569885,0.17091788351535797,-0.15022015571594238,0.08848632872104645,-0.32515835762023926,0.24983294308185577,0.054232679307460785,-1.0355408191680908,0.018403857946395874,0.13991758227348328,0.6112098693847656,-0.2323167771100998,-0.13491345942020416,-0.07547011971473694,0.2937253415584564,0.1374858319759369,-0.054428618401288986,-0.7165971398353577,0.02121657133102417,0.03160935640335083,0.33798131346702576,0.6626545190811157,-0.06531153619289398,0.10416867583990097,0.29767972230911255,-0.04544135183095932,-0.5021688938140869,-0.08893449604511261,-0.17990252375602722,-0.10372094810009003,0.11384765803813934,0.22236117720603943,0.11645770072937012,-0.0820828303694725,-0.03544137626886368,0.7665002346038818,0.3029323220252991,-0.02763078734278679,0.06549467146396637,-0.3037330210208893,-0.10685119777917862,-0.6384028196334839,-0.17170965671539307,-0.5595330595970154,0.5101102590560913,-0.17698431015014648,-0.32522785663604736,0.5003103613853455,0.1328687220811844,-0.11839281022548676,0.4335949420928955,0.31589293479919434,-0.1378643810749054,-0.5260885953903198,0.11907921731472015,0.1990666687488556,-0.053229473531246185,-0.025739600881934166,-0.5050973892211914,0.6343087553977966,-0.0005040572723373771,0.3230270743370056,0.23471060395240784,-0.15581892430782318,-0.5081390142440796,0.20424684882164001,0.17662464082241058,0.10867400467395782,-1.0675723552703857,0.3106865882873535,-0.16380669176578522,-0.5006116032600403,-0.298431396484375,0.14082488417625427,0.25158530473709106,-0.02811775729060173,-0.2165968418121338,0.06010936573147774,0.452589213848114,-0.5999956130981445,-0.6588188409805298,-0.12578780949115753,-0.051876962184906006,0.7080265879631042,-0.12501832842826843,-0.0719432607293129,-0.0019439936149865389,-0.08165731281042099,0.37630876898765564,0.25868919491767883,-0.0694560557603836,0.08182520419359207,-0.13036537170410156,-0.28639644384384155,-0.0882389098405838,0.3049578070640564,-0.09253792464733124,0.1673092544078827,-0.12252740561962128,0.3645375370979309,-0.12226583808660507,-0.0003151237906422466,0.11324203014373779,0.16078925132751465,-0.3736145496368408,-0.10511928796768188,-0.008577349595725536,0.07229842245578766,-0.15503914654254913,-1.1089473962783813,-0.20262663066387177,0.676141083240509,0.29667866230010986,-0.15532441437244415,0.013533944264054298,0.23194102942943573,-0.1833028346300125,-0.006453352980315685,0.2052426040172577,0.4721290171146393,-0.4406803250312805,0.0277259461581707,0.5021557211875916,0.15423095226287842,0.07882071286439896,-0.1871069371700287,0.061023034155368805,0.3386228084564209,0.5605626106262207,-0.20865197479724884,-0.06080126017332077,-0.053857069462537766,-0.14728417992591858,-0.7518984079360962,0.05114945024251938,0.9327272176742554,0.028432846069335938,-0.10569868981838226,-0.16859067976474762,0.0696306899189949,0.05643404275178909,-0.5411155819892883,0.4077276587486267,-0.11847971379756927,-0.05543465167284012,-0.38373881578445435,-0.0999055951833725,-0.0030099512077867985,-0.18109948933124542,-0.2098892629146576,0.07211727648973465,-0.1687311828136444,-0.03147811442613602,0.3479698896408081,0.28096333146095276,-0.38434818387031555,-0.09906379878520966,0.07723233848810196,-0.025765787810087204,-0.033919163048267365,-0.02496693655848503,0.29715824127197266,-0.06357099860906601,0.8315978050231934,0.3576141893863678,0.11881086975336075,0.08768709003925323,0.10092266649007797,-0.018136337399482727,-0.7933300733566284,0.002016935497522354,0.6851640939712524,0.008359530009329319,-0.1916995346546173,0.01298401691019535,1.1422486305236816,0.2305292785167694,-0.054779134690761566,0.016841093078255653,0.0004910379648208618,-0.16297771036624908,-0.4205549359321594,-0.22709235548973083,0.058519769459962845,0.5197781920433044,0.015336033888161182,-0.4564758241176605,-0.4092555642127991,0.13823135197162628,0.11593735218048096,0.20578095316886902,0.25207409262657166,-0.46124911308288574,0.07115396112203598,-0.10253844410181046,-0.3882392346858978,-1.0483957529067993,0.2798546254634857,0.7256933450698853,0.44602808356285095,0.7451993823051453,-0.15275540947914124,0.16281570494174957
CID000005184,519,-0.11861298978328705,0.016466742381453514,0.05940719321370125,0.26818573474884033,0.4803449511528015,0.33803853392601013,0.08902011811733246,0.2273506224155426,-0.04127860814332962,-0.375966340303421,0.13313107192516327,-0.26724156737327576,0.26319482922554016,-0.23007814586162567,-0.08490125834941864,0.03038446232676506,-0.1315753012895584,-0.03298798203468323,-0.16396203637123108,0.12890616059303284,0.02666357159614563,0.004330507013946772,-0.020271414890885353,0.10983960330486298,0.5062124133110046,-0.011323927901685238,0.27419599890708923,-0.06007034331560135,-0.09776487201452255,0.5264467597007751,-0.1064923033118248,-0.23882190883159637,0.01458587683737278,-0.033968858420848846,-0.3003818690776825,0.0644654780626297,-0.33260446786880493,-0.3739353120326996,-0.19058462977409363,-0.18024513125419617,0.2441137731075287,0.28484535217285156,-0.17371602356433868,-0.11965610086917877,0.4522293508052826,0.07722601294517517,-0.34418901801109314,0.08353917300701141,-0.13235408067703247,-0.007382594048976898,-0.37981531023979187,0.21837875247001648,-0.10551395267248154,-0.15937621891498566,0.0766652375459671,0.22250807285308838,-0.13587412238121033,0.3320487141609192,0.3384367823600769,-0.20426788926124573,-0.7468092441558838,0.02699880674481392,-0.32536762952804565,0.0028586597181856632,-0.07225453108549118,0.16787394881248474,-0.2932955026626587,-0.08357154577970505,0.14997050166130066,-0.2611188292503357,-0.3607533574104309,-0.24708592891693115,0.0017205893527716398,0.08097876608371735,0.31397536396980286,0.01129063032567501,-0.05654571205377579,0.2945196032524109,0.3523455858230591,0.004523626063019037,-0.26522067189216614,-0.1202346459031105,-0.167008638381958,0.0792754590511322,-0.0241209976375103,-0.23920901119709015,-0.0997740626335144,0.14249387383460999,0.34176182746887207,-0.12422151863574982,-0.38017362356185913,-0.08939887583255768,-0.04587084800004959,0.024945100769400597,-0.5334314703941345,-0.01770256832242012,-0.1789880096912384,0.24194033443927765,0.1382591724395752,-0.2750397324562073,0.4568118155002594,-0.06840231269598007,-0.04864628240466118,0.38779133558273315,-0.42215871810913086,0.015514189377427101,-0.40942779183387756,0.3088066577911377,-0.003847333835437894,0.2608475387096405,0.03697831556200981,-0.16293388605117798,0.34956303238868713,-0.05107616260647774,0.08289265632629395,-0.15679505467414856,-0.2517474591732025,-0.06367218494415283,0.17477108538150787,-0.211663156747818,-0.10997574031352997,-0.5848302245140076,0.11572675406932831,-0.5891985893249512,-0.5220450162887573,0.0315408781170845,0.02871217392385006,0.4156223237514496,0.1776704341173172,0.16124865412712097,0.13521628081798553,-0.1487744152545929,-0.5296998023986816,-0.3505823314189911,0.20039193332195282,-0.38931187987327576,0.5454288721084595,-0.40049949288368225,0.1394699662923813,0.2129637897014618,-0.11254090070724487,0.28157398104667664,0.13185107707977295,-0.03669015318155289,-0.07057338953018188,-0.07889755070209503,0.16257402300834656,0.33207517862319946,-0.013526923954486847,0.01929938793182373,-0.03881441056728363,-0.17944017052650452,-0.5408509373664856,-0.008961032144725323,0.10488889366388321,-0.0006557032465934753,-0.016189951449632645,-0.40104231238365173,0.23711839318275452,0.2712295949459076,0.30552852153778076,0.12065871059894562,-0.7330968379974365,-0.04665328562259674,0.21732819080352783,0.28670820593833923,-0.16522033512592316,0.20748445391654968,0.219448521733284,-0.12856729328632355,-0.2121351957321167,-0.007912924513220787,0.3849264085292816,-0.004742276854813099,-0.49500972032546997,0.054262079298496246,-0.08794663101434708,0.06752611696720123,-0.4440721571445465,-0.007428264711052179,0.039138562977313995,0.37873369455337524,0.11778734624385834,0.26548314094543457,0.276350200176239,0.06357016414403915,-0.2577739655971527,0.003058743430301547,0.16497036814689636,0.08592458814382553,0.13506129384040833,-0.4486880302429199,-0.05939475819468498,-0.27386173605918884,-0.2183184176683426,0.6442012786865234,0.10778089612722397,-0.14501413702964783,-0.05461481958627701,0.3217170238494873,0.005462667439132929,0.017342304810881615,-0.26055169105529785,0.1398993283510208,0.040126364678144455,0.3125915229320526,-0.0793091431260109,-0.26618605852127075,-0.3113795816898346,0.018546244129538536,0.03309609740972519,0.1390412300825119,-0.1438715159893036,0.3452757000923157,0.2889105975627899,-0.21366742253303528,0.35285884141921997,-0.14687272906303406,-0.189322367310524,-0.11149907112121582,0.0049532935954630375,0.01997539959847927,-0.330757200717926,-0.11291511356830597,0.29936718940734863,-0.1921459138393402,0.10377871990203857,-0.18657323718070984,0.5684412717819214,-0.12127846479415894,0.042439401149749756,-0.19913697242736816,-0.2301723062992096,-0.17958825826644897,-0.5823647379875183,-0.3215022385120392,-0.06983379274606705,0.1287446916103363,0.1840047538280487,-0.08107419312000275,-0.621553361415863,0.053422652184963226,-0.136698380112648,-0.11588660627603531,0.2154313325881958,-0.6084471940994263,0.2592868506908417,0.2662698030471802,0.09384625405073166,-0.47669124603271484,0.23180755972862244,-0.038735222071409225,-0.06797225773334503,0.240448996424675,-0.19801612198352814,-0.3187316656112671
CID000150311,520,-0.18161410093307495,0.07537546008825302,-0.054903388023376465,-0.06695283949375153,0.20275458693504333,0.2862708568572998,0.05666821077466011,-0.03868327662348747,-0.303284615278244,-0.17798542976379395,-0.1689923107624054,-0.3070520758628845,0.06752368062734604,-0.21393871307373047,-0.09214509278535843,0.10025651752948761,-0.10358095169067383,0.2376743108034134,0.265500545501709,-0.14058014750480652,0.1316857635974884,0.16065852344036102,0.06661858409643173,0.023275025188922882,-0.1048722118139267,-0.019063545390963554,0.11605174839496613,-0.12862420082092285,-0.1548207700252533,0.26002445816993713,-0.17651072144508362,-0.22442810237407684,-0.0310557521879673,0.028618838638067245,-0.5443514585494995,-0.05650947242975235,-0.3070773780345917,-0.2466675490140915,-0.08513764292001724,0.06032204627990723,-0.0515253059566021,-0.030573025345802307,-0.13270778954029083,-0.2741604745388031,0.2979283332824707,-0.18172574043273926,-0.06856711208820343,0.12698139250278473,-0.2813710570335388,-0.055387772619724274,-0.3280179798603058,0.02182210609316826,0.004574641585350037,-0.05639602988958359,0.03767211362719536,0.04854070395231247,-0.11221685260534286,-0.1525452584028244,0.10314194858074188,-0.07858650386333466,-1.044994592666626,0.1000257357954979,-0.3234409689903259,0.34400099515914917,-0.10545811802148819,0.07378146052360535,0.019070301204919815,0.28970545530319214,0.024811651557683945,0.2208440750837326,-0.00031751394271850586,0.15287724137306213,-0.010878537781536579,-0.07123780995607376,0.20217256247997284,-0.007415205240249634,0.04287317395210266,0.13755615055561066,0.17916691303253174,-0.03538653999567032,-0.07248680293560028,0.22725284099578857,-0.18849745392799377,0.007827287539839745,-0.09532971680164337,-0.07549254596233368,-0.16808439791202545,-0.06048779562115669,0.37187495827674866,0.03966697305440903,-0.032403863966464996,-0.03592052310705185,-0.1019342690706253,-0.004277470521628857,-0.5251482725143433,0.04131350666284561,-0.21522323787212372,0.36721935868263245,0.12059273570775986,-0.32371360063552856,0.307538241147995,0.11079289764165878,-0.0923524796962738,-0.11445634067058563,-0.09152314066886902,0.0336717888712883,-0.27972760796546936,0.23611247539520264,-0.058841537684202194,0.04396561533212662,-0.08184864372015,0.055339254438877106,0.43044838309288025,0.03842400386929512,-0.020977800711989403,0.04903150349855423,-0.1146635189652443,-0.1271752268075943,0.19754952192306519,0.22400185465812683,0.060359884053468704,-0.688712477684021,0.05138612538576126,-0.23554816842079163,-0.45902687311172485,0.08485661447048187,-0.03699176385998726,0.23543386161327362,0.22659018635749817,0.04067734628915787,-0.08122009038925171,0.036693524569272995,-0.5277365446090698,-0.25474491715431213,0.1723349392414093,-0.2091800719499588,0.0621907114982605,-0.1269041895866394,-0.08000358194112778,0.15430577099323273,-0.029587170109152794,0.10799036920070648,0.12335510551929474,-0.048166386783123016,-0.007728756405413151,0.026008855551481247,-0.14369186758995056,-0.18044476211071014,0.08658568561077118,0.11978776752948761,-0.048824042081832886,0.07325486093759537,0.18789273500442505,0.025277718901634216,0.0493265762925148,0.15637774765491486,-0.22224092483520508,-0.331933856010437,-0.01319438498467207,0.08159410953521729,0.14452460408210754,-0.04262677952647209,-0.8588903546333313,0.03364851325750351,0.1125754863023758,0.29007986187934875,-0.22519025206565857,-0.21693651378154755,0.2615455090999603,0.03008412942290306,-0.061963409185409546,-0.09241610765457153,0.22152765095233917,0.06173599883913994,-0.23853786289691925,0.08686332404613495,-0.022293979302048683,0.1493336260318756,-0.529024064540863,-0.01286845188587904,0.3364291787147522,0.3324689567089081,0.015256869606673717,-0.060558438301086426,0.010740788653492928,-0.03377462550997734,-0.30831319093704224,0.005139201879501343,0.42068514227867126,-0.04801236093044281,0.033783361315727234,0.10453055053949356,-0.30836910009384155,-0.17096850275993347,-0.2286573201417923,0.327669233083725,0.15155673027038574,0.13378697633743286,-0.21474063396453857,-0.03285576030611992,0.0034594193566590548,-0.14008507132530212,-0.14626136422157288,0.1615786850452423,-0.07431395351886749,0.09512422233819962,-0.019764911383390427,-0.05485387519001961,-0.15133464336395264,0.2647246718406677,0.00776654202491045,0.10008587688207626,-0.029430007562041283,-0.005369448568671942,0.08288506418466568,0.06749896705150604,0.4554322361946106,0.16983981430530548,-0.19277358055114746,-0.3001929819583893,0.03933674469590187,-0.028777340427041054,-0.29364168643951416,0.05630474165081978,0.27937060594558716,-0.09762786328792572,0.11377473175525665,-0.2271091639995575,0.6366799473762512,0.01437089592218399,-0.11238144338130951,-0.07287117838859558,0.006119835190474987,-0.18227815628051758,-0.5149311423301697,-0.16688531637191772,-0.19901815056800842,0.15079201757907867,0.2978581190109253,-0.08088868856430054,-0.027601081877946854,-0.013564649038016796,0.050590015947818756,0.057835616171360016,-0.03238917142152786,-0.09835254400968552,0.10135350376367569,-0.2520451843738556,-0.08323211967945099,-0.692401111125946,0.19032761454582214,0.12344734370708466,0.31825584173202515,-0.038971059024333954,0.04116223752498627,0.010932676494121552
CID000003559,521,-0.16215424239635468,-0.08854509890079498,0.03154054284095764,-0.20255832374095917,0.2844218611717224,0.3718213140964508,-0.31796106696128845,0.010767286643385887,-0.1868099421262741,-0.40962639451026917,0.06406176090240479,-0.2938048243522644,-0.030634675174951553,-0.3324083685874939,0.11076977103948593,-0.107871413230896,0.1890176236629486,0.029802631586790085,-0.15513864159584045,-0.062163274735212326,-0.11774859577417374,-0.14661753177642822,0.028948167338967323,-0.1530262976884842,0.14303606748580933,0.006978514604270458,-0.12418059259653091,-0.0454396978020668,0.07855277508497238,0.39960938692092896,0.06145964935421944,0.025681864470243454,-0.20061922073364258,-0.05461200326681137,-0.3650436997413635,0.06640373170375824,-0.29455533623695374,-0.32251614332199097,0.05262100696563721,-0.058797843754291534,0.17303499579429626,0.11779912561178207,-0.1607828140258789,-0.03607567399740219,0.23887522518634796,0.19891634583473206,0.10322827100753784,-0.009291437454521656,0.02089313603937626,-0.14548154175281525,-0.050701625645160675,0.28055480122566223,0.020997803658246994,-0.11749006807804108,0.20015354454517365,-0.07312499731779099,-0.06833793222904205,-0.11770398914813995,-0.027253180742263794,0.05578731745481491,-0.9203654527664185,-0.08273117989301682,-0.2061355859041214,0.16934241354465485,0.20703613758087158,0.2898172438144684,-0.2289034128189087,-0.03273511677980423,0.08320894092321396,-0.054062772542238235,-0.08113566040992737,-0.02926519513130188,-0.02174716629087925,-0.39878132939338684,0.029752299189567566,-0.016293412074446678,-0.14536859095096588,0.10032924264669418,0.3017765283584595,0.002533158753067255,-0.20095637440681458,-0.17985013127326965,-0.16224099695682526,-0.1676592081785202,0.012956580147147179,-0.0027916475664824247,-0.17667067050933838,-0.26809751987457275,0.283244788646698,-0.1164039820432663,-0.1391855627298355,-0.22237089276313782,0.01821180060505867,0.02113204076886177,-0.47893548011779785,-0.07135259360074997,-0.1991998851299286,0.42591986060142517,0.274639755487442,-0.24697646498680115,0.14496205747127533,0.13404276967048645,-0.2518945336341858,0.12917569279670715,-0.20340947806835175,-0.10680527985095978,-0.32554954290390015,0.3489432632923126,0.257642924785614,0.3089967370033264,0.17906180024147034,-0.040481507778167725,0.3550635874271393,0.06648298352956772,0.0018619835609570146,-0.045554399490356445,-0.018512461334466934,0.03149794787168503,0.2511574625968933,-0.09425157308578491,-0.12885400652885437,-0.5125001072883606,0.1973540484905243,-0.19643962383270264,-0.36311060190200806,-0.09073267132043839,-0.0058254883624613285,0.3548974394798279,0.23112252354621887,-0.030438613146543503,-0.10144500434398651,0.11303646862506866,-0.41150403022766113,-0.2746126055717468,-0.33679693937301636,-0.01329590380191803,0.10862903296947479,0.05162505432963371,-0.06990259885787964,0.025085529312491417,0.02467084489762783,0.14880138635635376,-0.21815863251686096,0.10521705448627472,0.20456306636333466,-0.045149873942136765,0.27190858125686646,-0.02380426600575447,-0.16832368075847626,-0.025530099868774414,-0.08084860444068909,0.07942189276218414,-0.11239031702280045,0.027197659015655518,-0.09570528566837311,0.06327582150697708,-0.06658560782670975,-0.3785538077354431,0.3013935983181,-0.007037931587547064,0.1646290123462677,-0.06396004557609558,-0.8724724054336548,0.05407176539301872,0.07351501286029816,0.26939934492111206,-0.11450739204883575,-0.131623774766922,0.1080106720328331,0.0749715119600296,0.04868720471858978,0.08236818015575409,0.4283298850059509,-0.3207017481327057,0.0027494579553604126,-0.057046275585889816,0.051961880177259445,0.05872299522161484,-0.4748111367225647,-0.14136625826358795,0.175117626786232,0.3510456681251526,-0.0019670287147164345,-0.08084377646446228,-0.08500157296657562,0.0728396326303482,-0.28384631872177124,-0.07286594063043594,0.3452228903770447,-0.0902666226029396,0.16450969874858856,-0.01921265199780464,0.13629190623760223,-0.26282408833503723,-0.18036454916000366,0.4489831328392029,-0.10763818025588989,-0.09345531463623047,-0.3065384030342102,-0.11609381437301636,0.010837418027222157,0.19597017765045166,-0.08216505497694016,0.15392759442329407,-0.021014422178268433,0.13720247149467468,-0.21206283569335938,-0.20923331379890442,-0.23250046372413635,-0.1061045378446579,0.022376306354999542,0.2634114921092987,-0.018651675432920456,0.00241124932654202,0.20637288689613342,0.1293507069349289,0.30029547214508057,-0.004206168465316296,-0.14682893455028534,-0.2906108796596527,-0.03253478556871414,-0.0985078513622284,-0.4419320523738861,-0.0945272222161293,0.3301056921482086,0.041886359453201294,0.18873891234397888,-0.23033325374126434,0.44045859575271606,0.04084836319088936,-0.08506157994270325,-0.11690723896026611,-0.24319466948509216,-0.04578477144241333,-0.3732087016105652,-0.2877410054206848,0.2936798632144928,0.20047375559806824,0.3111247420310974,-0.1130935549736023,-0.04322894662618637,-0.005659830756485462,0.039831072092056274,-0.2050836980342865,0.09551702439785004,-0.38766494393348694,0.23360785841941833,0.18055352568626404,0.18286621570587158,-0.437688410282135,0.11122411489486694,0.015647148713469505,0.13551920652389526,0.07565505802631378,-0.04023205116391182,-0.05369670316576958
CID005311027,526,0.29203784465789795,-0.1658639758825302,-0.024339864030480385,-0.44216498732566833,0.5110920667648315,0.5757896304130554,0.07687138766050339,0.09320580959320068,-0.2897239625453949,-0.006612694356590509,-0.13713882863521576,-0.4008835256099701,0.2963230013847351,-0.2590436339378357,-0.012798244133591652,-0.009806620888411999,0.09174551069736481,0.05422154814004898,0.40283656120300293,-0.06294424831867218,0.0015935659175738692,0.23066921532154083,-0.11104949563741684,-0.20153668522834778,-0.0885511189699173,-0.2528396546840668,-0.27289941906929016,0.0955522432923317,-0.008592337369918823,0.4040728509426117,-0.07029827684164047,0.08598053455352783,0.13367733359336853,-0.12259961664676666,-0.6789238452911377,0.16502031683921814,-0.3552020192146301,-0.12191959470510483,-0.4694909453392029,0.0444171167910099,0.2364789992570877,0.16635173559188843,-0.07526074349880219,-0.545026957988739,0.804804801940918,0.3305220901966095,0.09905461221933365,-0.017819499596953392,-0.08609199523925781,-0.07834941148757935,-0.8646277189254761,0.14128823578357697,-0.26470237970352173,-0.14624962210655212,0.15639719367027283,0.012848222628235817,0.11370675265789032,0.07091985642910004,0.16483813524246216,-0.06499990075826645,-1.0424009561538696,-0.1999703347682953,-0.15462180972099304,0.5302210450172424,-0.16346171498298645,-0.1322052925825119,0.03677952289581299,0.13917386531829834,0.021909061819314957,-0.1125231608748436,-0.9689089059829712,-0.09373059123754501,-0.06066965311765671,0.34115490317344666,0.4088065028190613,-0.08507071435451508,-0.226366326212883,0.2513130307197571,-0.19135668873786926,-0.40821510553359985,-0.08864669501781464,-0.24084606766700745,-0.01749209687113762,-0.19220273196697235,0.024419475346803665,-0.00443127891048789,-0.017131909728050232,-0.0317969024181366,0.7279495000839233,0.3763130009174347,-0.23035435378551483,0.05802633613348007,-0.059950459748506546,0.01790446974337101,-0.5947844982147217,-0.15630170702934265,-0.2054038941860199,0.12273268401622772,-0.11032943427562714,-0.1765485405921936,0.3508486747741699,-0.17416469752788544,-0.2748876214027405,0.30833134055137634,0.319911390542984,-0.327140748500824,-0.5138968229293823,0.20629362761974335,-0.09220536053180695,0.14957813918590546,0.2563059628009796,-0.4782191812992096,0.804841160774231,0.20305314660072327,0.31661784648895264,0.02603006921708584,-0.15413084626197815,-0.49101170897483826,0.17712780833244324,-0.037272967398166656,-0.04856344312429428,-1.0723378658294678,0.28374356031417847,-0.14725777506828308,-0.554241955280304,-0.40087413787841797,0.15745490789413452,0.3321719169616699,-0.1599861979484558,0.03777221217751503,-0.18575835227966309,0.390835165977478,-0.4892721176147461,-0.6405616998672485,-0.00177975301630795,-0.17836487293243408,0.6918482780456543,-0.3534279465675354,-0.2823363244533539,0.11362965404987335,-0.34373074769973755,0.0708245187997818,0.03863508254289627,-0.1437886655330658,0.040037743747234344,0.023090356960892677,-0.35380133986473083,0.10203127562999725,0.12871325016021729,0.08745621144771576,0.1662844866514206,-0.028469815850257874,-0.011373219080269337,0.0484938882291317,-0.2658982276916504,0.1063905730843544,0.13777008652687073,-0.3423457741737366,-0.29087576270103455,0.07250995188951492,0.15280954539775848,-0.06003718450665474,-1.1508009433746338,-0.11634443700313568,0.6691972613334656,0.33093586564064026,-0.42676839232444763,0.18969975411891937,0.41150912642478943,-0.1194310411810875,-0.08903433382511139,0.11165706813335419,0.15975655615329742,-0.36871346831321716,0.21209847927093506,0.04175224527716637,-0.16994830965995789,-0.0443669930100441,-0.11563523858785629,-0.1687852442264557,0.09729797393083572,0.2756400406360626,0.09897179901599884,-0.09806621819734573,-0.09501545131206512,-0.30925750732421875,-0.9330345392227173,0.011717250570654869,0.6753288507461548,-0.2673804759979248,0.19910578429698944,-0.2510863244533539,0.16427165269851685,0.022120144218206406,-0.2636987268924713,0.4997052252292633,0.013549995608627796,-0.16395607590675354,-0.09787514060735703,-0.02822955884039402,-0.015173757448792458,-0.42956215143203735,-0.6536141633987427,0.11188149452209473,-0.018457535654306412,-0.06055524945259094,0.2458573877811432,0.2755689024925232,-0.27393531799316406,-0.17808689177036285,0.2561902403831482,-0.05976643040776253,0.008101092651486397,0.025287877768278122,0.21218664944171906,-0.11946693807840347,0.6709012985229492,0.3824862837791443,0.06774235516786575,0.10107874870300293,-0.08384411036968231,-0.00757821649312973,-0.7318438291549683,0.03399869054555893,0.32856959104537964,-0.3068958818912506,-0.17613276839256287,0.035068146884441376,1.1099183559417725,0.03200782090425491,-0.17452536523342133,-0.061212699860334396,0.1299264132976532,-0.2955770492553711,-0.5991597771644592,-0.007710515055805445,-0.09801337122917175,0.18658693134784698,0.40866079926490784,-0.4684693217277527,-0.45110851526260376,-0.16011247038841248,0.2080327719449997,0.0018008232582360506,0.28696030378341675,-0.436551570892334,0.013142252340912819,-0.1755884289741516,-0.17452001571655273,-0.9471752047538757,0.32561391592025757,0.5788041353225708,0.2597234547138214,0.882080078125,-0.06675003468990326,-0.002630907343700528
CID000443871,527,-0.0056998818181455135,0.13624700903892517,-0.0080199483782053,-0.11329509317874908,0.3287527859210968,0.39805036783218384,0.1763361543416977,-0.08438423275947571,-0.2668871581554413,-0.05613849684596062,-0.03587811440229416,-0.3363279104232788,0.1855078488588333,-0.27731820940971375,-0.22164055705070496,0.21796953678131104,0.09267186373472214,-0.042047690600156784,-0.16301032900810242,-0.3548153340816498,0.34984272718429565,-0.14228256046772003,-0.06303874403238297,0.015080464072525501,-0.07933272421360016,-0.10267941653728485,-0.1223822832107544,0.08131784200668335,-0.20751193165779114,0.32391756772994995,-0.22310397028923035,0.1829860657453537,0.0008740067714825273,0.049069978296756744,-0.5308848023414612,-0.058804869651794434,-0.29926857352256775,-0.37424516677856445,-0.03866957873106003,-0.12845191359519958,0.055272024124860764,0.04129968211054802,-0.18924298882484436,0.002625030232593417,0.25203758478164673,0.13714295625686646,-0.14503297209739685,-0.12567642331123352,0.07423993200063705,-0.035998597741127014,-0.6271407604217529,0.18983736634254456,-0.1507408618927002,-0.10828842967748642,0.04347947984933853,0.03184930235147476,0.11967313289642334,-0.25385427474975586,0.08465221524238586,-0.10742064565420151,-0.8940199613571167,-0.03412077575922012,-0.11137566715478897,0.28983640670776367,-0.10319721698760986,0.292175829410553,-0.014075899496674538,0.06164257600903511,0.07418368756771088,0.13306117057800293,-0.28878253698349,0.07972905039787292,-0.07964127510786057,-0.2980760633945465,0.1536455899477005,-0.1966204047203064,-0.10297735035419464,0.2983021140098572,-0.10134401172399521,0.038130126893520355,-0.2220700979232788,-0.09999553859233856,-0.049389541149139404,-0.1125565767288208,-0.0262491162866354,0.015578791499137878,-0.11648832261562347,0.06697531044483185,0.5144338607788086,-0.139316126704216,-0.03739970177412033,-0.23070621490478516,-0.14659948647022247,0.05048876255750656,-0.4389038681983948,0.06458023190498352,-0.2141357660293579,0.5976155996322632,0.24491246044635773,-0.22662489116191864,0.4718436598777771,0.08013086766004562,0.12337803840637207,0.11798926442861557,-0.1986420452594757,0.02296837978065014,-0.36289721727371216,0.39120516180992126,-0.00012495517148636281,0.17294690012931824,-0.09936290234327316,0.16175195574760437,0.49227839708328247,-0.05494321510195732,0.10063747316598892,-0.11443948745727539,-0.08810527622699738,-0.19441631436347961,0.41670602560043335,0.08220444619655609,0.19536568224430084,-0.6622461080551147,0.41133517026901245,-0.370402991771698,-0.5098515748977661,-0.0020760498009622097,-0.2072490155696869,0.2766714096069336,0.12412966787815094,-0.1173168197274208,-0.04124738648533821,-0.10816910117864609,-0.38324135541915894,-0.19098082184791565,0.07423551380634308,0.02100483700633049,0.2168916016817093,-0.2781040668487549,0.037138767540454865,-0.09724386781454086,-0.044520940631628036,0.20633840560913086,0.140959233045578,0.1395576447248459,0.29703035950660706,0.01874634623527527,0.1931312382221222,-0.2080838978290558,0.16482581198215485,-0.05512465909123421,-0.2644553482532501,-0.00942646898329258,0.004255426116287708,0.019674405455589294,-0.08494274318218231,0.06875638663768768,0.13030794262886047,-0.29928523302078247,0.2144925594329834,0.1870722770690918,0.11718259751796722,-0.00010654926154529676,-0.8439796566963196,0.03246421739459038,0.14525969326496124,0.2605511546134949,-0.20226435363292694,-0.14741650223731995,0.3633514940738678,0.01848183013498783,-0.08609835058450699,-0.03370381519198418,0.4895392954349518,-0.24062609672546387,-0.18429237604141235,-0.1131301075220108,0.1647901087999344,0.09854339808225632,-0.3064711391925812,-0.054058562964200974,0.23171205818653107,0.21501648426055908,0.03691142052412033,-0.017138848081231117,-0.04332922399044037,-0.08368626981973648,-0.3396550714969635,-0.16606774926185608,0.6612473726272583,-0.06258593499660492,-0.10494901984930038,-0.1243191510438919,0.03268575668334961,-0.2300640046596527,-0.2630709111690521,0.6767500042915344,-0.08065621554851532,-0.021509289741516113,-0.35954776406288147,-0.15032491087913513,-0.10215530544519424,0.23628869652748108,-0.281663715839386,0.07055872678756714,0.018347039818763733,0.3139103055000305,0.23744864761829376,-0.10168905556201935,-0.08713121712207794,-0.14171132445335388,0.1847081035375595,0.23378166556358337,-0.03169848397374153,-0.04936099052429199,0.29133152961730957,-0.2413015365600586,0.5433616042137146,0.22871851921081543,0.017857123166322708,-0.1735692322254181,0.07471902668476105,-0.01275707222521305,-0.47073084115982056,0.03671906143426895,0.3845578134059906,0.06926427036523819,0.2729931175708771,-0.20327110588550568,0.5599008798599243,-0.023337816819548607,0.25355276465415955,-0.04817446693778038,0.10324742645025253,0.0533907487988472,-0.4255806803703308,-0.24915167689323425,-0.05333244055509567,0.09064623713493347,0.19089989364147186,0.17831948399543762,-0.027117038145661354,-0.032489676028490067,0.04049106687307358,-0.09962041676044464,-0.02758140303194523,-0.5434528589248657,0.14278078079223633,-0.17417709529399872,0.2779536545276642,-0.6611908078193665,0.4810531735420227,0.06893660128116608,0.28271201252937317,0.1722320318222046,0.04035510867834091,0.08729173243045807
CID000000191,530,0.0030330182053148746,0.3649749159812927,0.2982366979122162,0.3344455063343048,0.8026508092880249,0.5349774360656738,-0.002454102039337158,-0.28139978647232056,-0.8326333165168762,-0.0972408577799797,-0.06987979263067245,-0.6937317848205566,0.19330137968063354,-0.10313693434000015,0.1956711709499359,0.13136793673038483,-0.060312919318675995,0.024942565709352493,0.3638107180595398,0.050229884684085846,0.12471165508031845,-0.1942054033279419,-0.36219725012779236,0.04864489287137985,-0.15253402292728424,0.008620517328381538,-0.24287021160125732,-0.16125687956809998,-0.06661514937877655,0.749846339225769,-0.3507881760597229,0.003757429076358676,0.548759400844574,-0.1323179453611374,-1.0680853128433228,0.14246545732021332,-0.34082451462745667,-0.026142140850424767,-0.428627073764801,0.23123975098133087,-0.5323408842086792,0.1963774710893631,-0.11900100857019424,-0.24205581843852997,0.7565640211105347,-0.3903554081916809,-0.36470216512680054,0.11562512069940567,-0.22058632969856262,-0.029891351237893105,-0.47807493805885315,-0.16767367720603943,0.009727871045470238,-0.29819703102111816,-0.034647129476070404,-0.04724594205617905,0.2638443112373352,-0.5022401809692383,0.8694235682487488,-0.06145588308572769,-1.1191149950027466,-0.2212296426296234,-0.31303709745407104,0.5950788855552673,0.04627125337719917,-0.22221806645393372,-0.3722609877586365,0.3620602488517761,-0.25011810660362244,-0.03892093896865845,-0.21125049889087677,-0.10415450483560562,-0.2794549763202667,0.034986380487680435,1.1534640789031982,0.15904347598552704,0.17180821299552917,0.15850965678691864,0.25404518842697144,-0.5484145879745483,0.006790530867874622,0.07870279252529144,-0.07928764820098877,0.3545341491699219,-0.04901248589158058,0.10695745795965195,-0.13997098803520203,0.3527757227420807,0.38605770468711853,-0.300106942653656,-0.4163956642150879,-0.017871642485260963,0.04529925063252449,-0.04268976300954819,-0.7441901564598083,0.012543672695755959,0.3113684058189392,0.09579360485076904,-0.09378572553396225,-0.1209598034620285,0.25345510244369507,-0.20994682610034943,-0.2478494644165039,0.4198451042175293,-0.3923102021217346,0.11774184554815292,-0.33700647950172424,0.20568852126598358,-0.16254088282585144,0.577933132648468,0.07590403407812119,-0.40417346358299255,0.24051408469676971,-0.17361900210380554,0.3055804371833801,0.06485705077648163,-0.042686961591243744,-1.7645763158798218,0.037107665091753006,-0.4157271385192871,0.19984012842178345,-0.7263537645339966,-0.10324722528457642,-0.3003593683242798,-0.211370587348938,0.32480746507644653,-0.06347940117120743,0.37237560749053955,-0.019198480993509293,0.3154650330543518,0.09710552543401718,-0.11660560220479965,-0.4396790862083435,-0.5331653356552124,-0.12083659321069717,-0.10504491627216339,0.2087608277797699,-0.6515532732009888,-0.1140073910355568,-0.31116896867752075,-0.24867089092731476,0.4347861409187317,-0.22647316753864288,0.09751478582620621,-0.15703995525836945,0.08215852081775665,-0.33747678995132446,0.24960649013519287,0.05942029505968094,-0.12652285397052765,-0.09030117094516754,0.007857668213546276,0.06198190525174141,0.09392198175191879,-0.2608344256877899,-0.15936371684074402,0.07103833556175232,-0.6283937692642212,-0.4698849320411682,0.2973371148109436,-0.16696977615356445,0.04792959243059158,-0.7757970690727234,-0.10013201087713242,0.7262443900108337,0.2670445442199707,-0.27559131383895874,0.08071942627429962,-0.48599958419799805,0.0647742822766304,-0.05777173116803169,-0.1782328188419342,0.3161456882953644,0.17258764803409576,-0.36557579040527344,0.011396491900086403,0.13493314385414124,-0.07518231123685837,-0.26836246252059937,0.18440410494804382,0.03523029014468193,0.3557282090187073,-0.032460134476423264,-0.2100483924150467,-0.322720468044281,-0.5559996366500854,-0.21414270997047424,0.19517779350280762,0.4750504493713379,-0.3081698715686798,0.07804657518863678,-0.5094326138496399,0.0773380771279335,0.2503736913204193,0.10211460292339325,0.40910306572914124,-0.12046903371810913,-0.1586311310529709,-1.1018704175949097,0.030100142583251,-0.28595733642578125,-0.1324235498905182,-0.49446433782577515,0.0952703133225441,-0.14375856518745422,0.35099440813064575,-0.37270888686180115,-0.1292342245578766,-0.46758347749710083,0.09686827659606934,0.08319608867168427,-0.5277023911476135,-0.04728627949953079,-0.24084310233592987,0.2060898244380951,-0.21174685657024384,0.8821671605110168,-0.3028542101383209,-0.5504195094108582,-0.06890831142663956,0.022580068558454514,-0.03080136515200138,-0.5628980398178101,-0.051706381142139435,-0.23926706612110138,-0.3173537254333496,-0.16762395203113556,-0.5212807655334473,1.0209606885910034,-0.06854941695928574,-0.30189114809036255,0.04184409976005554,0.13766983151435852,0.07020474970340729,-0.4685077667236328,-0.3086652159690857,-0.18491069972515106,0.0544617660343647,0.2268534153699875,-0.5365311503410339,-1.2267242670059204,0.32980990409851074,0.014379660598933697,-0.0901324525475502,0.12630689144134521,0.04658547043800354,0.21355661749839783,0.19919757544994354,0.053047217428684235,-0.8350480198860168,-0.03617281839251518,0.4924803674221039,0.7441532611846924,-0.05247464030981064,-0.09066812694072723,0.1905573457479477
CID000005726,533,0.05639240890741348,0.0019340157741680741,-0.03849171847105026,-0.07175185531377792,0.49021148681640625,0.37764617800712585,0.17010964453220367,-0.21357746422290802,-0.4918461740016937,-0.20461884140968323,-0.11381403356790543,-0.4900578558444977,0.21108083426952362,-0.2853977084159851,-0.09026132524013519,0.14494673907756805,-0.17608937621116638,0.11707530915737152,0.3296249806880951,0.01812608912587166,-0.13329799473285675,0.09365994483232498,0.08025842905044556,0.16629309952259064,-0.01741049252450466,-0.038494884967803955,0.1542217880487442,-0.12998390197753906,-0.21067187190055847,0.5568689703941345,-0.1801954209804535,-0.3645651936531067,0.3034546971321106,-0.0622563362121582,-0.8761904835700989,0.10011359304189682,-0.19861769676208496,-0.1385330855846405,-0.16764727234840393,0.08042578399181366,-0.10791434347629547,0.0018954724073410034,-0.1331377476453781,-0.19866874814033508,0.2723405957221985,0.17538312077522278,0.2509085237979889,0.16020599007606506,0.1807037740945816,-0.15076887607574463,-0.37293151021003723,0.15003308653831482,-0.17579270899295807,0.07454840838909149,0.054061949253082275,0.10512065887451172,0.013785218819975853,-0.20176497101783752,0.5764350891113281,0.16211654245853424,-0.9359151721000671,-0.07416902482509613,-0.47772517800331116,0.2700490951538086,-0.08457259833812714,0.24588198959827423,-0.2232120782136917,0.3621487617492676,0.009220453910529613,0.02128612995147705,0.1787547767162323,0.06641487777233124,0.08128538727760315,-0.13171958923339844,0.4123085141181946,-0.019135821610689163,-0.054964255541563034,0.2848162055015564,0.07805663347244263,-0.1764240860939026,-0.17907574772834778,0.15442611277103424,-0.10958562791347504,0.025911245495080948,0.00866623967885971,-0.1415272355079651,-0.10144156217575073,0.045494526624679565,0.2631432116031647,0.005533718969672918,-0.06961099058389664,-0.146297425031662,0.031566888093948364,-0.044176653027534485,-0.5386730432510376,-0.15319077670574188,-0.02419011853635311,0.009606713429093361,0.04886723309755325,-0.32404422760009766,0.03394124656915665,0.13919779658317566,-0.13345417380332947,0.2426896095275879,-0.3709010183811188,-0.01197813730686903,-0.28684401512145996,0.25388282537460327,0.05624786764383316,0.25446373224258423,-0.06109444051980972,-0.0033392547629773617,0.15661320090293884,0.054394714534282684,0.057249248027801514,-0.1503029763698578,-0.08202251046895981,-0.954409122467041,0.29524487257003784,0.36254629492759705,0.13283856213092804,-0.6910812854766846,0.48005980253219604,0.0006296305800788105,-0.41430267691612244,0.10510788857936859,0.04809269309043884,0.2500638961791992,0.06759518384933472,0.038686204701662064,-0.1674422025680542,0.2774607539176941,-0.46758514642715454,-0.3682030141353607,0.13118110597133636,-0.06573985517024994,0.06665210425853729,-0.3903541564941406,-0.18662670254707336,-0.07347609847784042,-0.27248716354370117,0.2867048978805542,0.20597562193870544,0.06139900162816048,-0.09493531286716461,0.2537813186645508,-0.29487213492393494,-0.007725891657173634,-0.13717959821224213,0.06805670261383057,-0.018071066588163376,-0.10154388844966888,0.053946297615766525,-0.07897613942623138,-0.051174141466617584,0.21785302460193634,0.0500655472278595,-0.5506377220153809,-0.1713656485080719,0.30152228474617004,-0.13716444373130798,-0.1023847907781601,-0.6616076231002808,-0.0921417772769928,0.5092651844024658,0.12108470499515533,-0.32407110929489136,-0.08965462446212769,-0.06016264110803604,0.1697206348180771,-0.04590588063001633,-0.02253585495054722,0.4428192973136902,-0.16844339668750763,0.12269004434347153,0.06143168359994888,0.31361615657806396,0.2604188024997711,-0.38638836145401,-0.09868578612804413,0.39556875824928284,0.3589751124382019,0.019624387845396996,-0.15961071848869324,-0.05754206329584122,-0.17686423659324646,-0.1525888442993164,-0.19831544160842896,0.4469226896762848,-0.16123077273368835,0.11359637975692749,-0.45277976989746094,-0.049873970448970795,-0.37095096707344055,-0.1526617407798767,0.3314008116722107,-0.014122188091278076,-0.03693312406539917,-0.9059532880783081,-0.279807448387146,-0.1186770424246788,0.11427582800388336,-0.0980818122625351,0.23045508563518524,-0.02134617418050766,-0.004428952932357788,0.18440979719161987,0.03677968680858612,-0.42386841773986816,0.15058623254299164,0.03813391178846359,-0.003659754991531372,-0.12931926548480988,-0.12498899549245834,0.041674721986055374,-0.09845650941133499,0.6072821617126465,-0.007237619254738092,-0.22321808338165283,-0.025404274463653564,0.1732182502746582,-0.027749326080083847,-0.4571112096309662,0.019201239570975304,-0.22623372077941895,-0.33979517221450806,0.12955376505851746,-0.22020336985588074,0.8311465978622437,0.12644121050834656,-0.0854422077536583,0.10405512154102325,-0.10762879997491837,0.15344008803367615,-0.32405415177345276,-0.16367574036121368,0.052138615399599075,-0.03159043937921524,0.2645494043827057,-0.231568843126297,-0.431339830160141,0.0397481806576252,0.06693730503320694,-0.1636836975812912,-0.08980880677700043,0.12141988426446915,0.08834944665431976,-0.2184431105852127,0.22736921906471252,-0.6777346134185791,0.5039558410644531,0.6332998275756836,0.3174308240413666,0.022244025021791458,-0.006536322645843029,-0.06481488049030304
CID000060754,534,-0.049488142132759094,0.01172755379229784,-0.2841370403766632,0.18323901295661926,0.2047734260559082,0.2275649607181549,-0.0439145565032959,-0.07356534153223038,-0.02109040692448616,-0.12452089786529541,0.13124701380729675,-0.3868408203125,0.10954128205776215,-0.2016874998807907,-0.47077712416648865,-0.07717545330524445,0.021078968420624733,0.3015773892402649,0.10238268226385117,-0.0877576395869255,0.017604252323508263,-0.1337037831544876,0.06398750841617584,0.12428192794322968,0.1583293229341507,0.12863671779632568,-0.09304943680763245,-0.36657923460006714,0.2659566402435303,0.513938307762146,-0.09287198632955551,0.015705013647675514,0.16929197311401367,-0.22227223217487335,-0.5703616142272949,0.08170535415410995,-0.20450735092163086,-0.31869688630104065,-0.21986183524131775,0.16465361416339874,0.21537819504737854,-0.24001283943653107,-0.15999634563922882,-0.11068832874298096,0.5715200304985046,0.05043724179267883,0.3008824288845062,-0.23248672485351562,0.08553063124418259,0.023486297577619553,-0.44158124923706055,0.014184203930199146,-0.0788462907075882,-0.27750343084335327,0.008646661415696144,0.08339357376098633,-0.007615652866661549,0.23282018303871155,0.19129933416843414,0.5599271059036255,-0.8122462034225464,-0.09935259819030762,-0.06798238307237625,0.24275532364845276,0.19595618546009064,0.013531094416975975,-0.24531865119934082,0.19637753069400787,-0.12895740568637848,0.15487124025821686,-0.3572659492492676,0.10110481083393097,-0.35489422082901,-0.19366052746772766,0.23168885707855225,0.06520290672779083,-0.09292516857385635,0.3040146827697754,0.022640353068709373,0.14522835612297058,-0.10026410967111588,-0.006542759947478771,-0.24358761310577393,-0.002799405250698328,-0.1437496840953827,0.018011590465903282,-0.3406327962875366,0.058020949363708496,0.5585018396377563,0.034603022038936615,-0.2392749786376953,0.01963619515299797,-0.013077992014586926,-0.06134410947561264,-0.6822800040245056,0.1834193468093872,-0.2537328898906708,0.3936394155025482,0.13576507568359375,-0.14619901776313782,0.3090797960758209,0.15229663252830505,-0.2475282847881317,-0.017316076904535294,-0.30982446670532227,0.08332782983779907,-0.4423080384731293,0.06476689875125885,-0.11110900342464447,0.23222215473651886,-0.16531112790107727,-0.0785353034734726,0.37841445207595825,0.14441819489002228,0.10897137969732285,-0.06887628883123398,0.047474004328250885,-0.7273989915847778,0.10195573419332504,0.003624694887548685,-0.16342590749263763,-0.6102495789527893,-0.060315925627946854,-0.2977573871612549,-0.405484676361084,0.17210319638252258,0.19118468463420868,0.5447893738746643,0.05479775741696358,0.11851318180561066,-0.6081578135490417,-0.04721838980913162,-0.4764096736907959,-0.37986576557159424,-0.017903214320540428,-0.29000887274742126,0.7414684891700745,-0.7633761167526245,-0.151715949177742,-0.1304061859846115,0.11147899925708771,0.3093201518058777,0.3634348511695862,-0.0002374172181589529,-0.07208962738513947,0.12626662850379944,-0.09866023063659668,-0.0566866509616375,-0.003893572138622403,-0.1586325615644455,0.012576413340866566,-0.23001234233379364,-0.062139201909303665,-0.1676342636346817,-0.09106438606977463,0.08640921115875244,-0.09511207789182663,-0.5130701065063477,0.05230727791786194,0.17027249932289124,0.14556187391281128,-0.03171626105904579,-0.8623769879341125,0.1000823974609375,0.43545103073120117,0.28351882100105286,-0.20724546909332275,-0.15081335604190826,0.29025501012802124,0.09557783603668213,-0.07817434519529343,-0.1966589391231537,0.3109301030635834,-0.1592271327972412,0.2609871029853821,-0.2047456055879593,0.08560526371002197,0.06398509442806244,-0.27497953176498413,0.030451947823166847,0.2603909373283386,0.42168155312538147,-0.14562992751598358,0.014738425612449646,-0.10402749478816986,-0.297219455242157,-0.40655651688575745,-0.3888523578643799,0.5751562714576721,-0.107652448117733,0.0008133262163028121,-0.33897295594215393,0.13762633502483368,-0.060982249677181244,-0.14392006397247314,0.5258964896202087,-0.1255134493112564,0.17688524723052979,-0.1574508249759674,-0.0216843131929636,-0.32222825288772583,-0.026665443554520607,-0.5420413017272949,0.009424197487533092,-0.1480477750301361,0.25945255160331726,0.18688982725143433,-0.1658286452293396,-0.41869911551475525,-0.03154262900352478,-0.09510676562786102,0.32200103998184204,-0.21373315155506134,-0.017623791471123695,-0.02541176602244377,-0.05738113448023796,0.518975555896759,0.042216669768095016,-0.1999739408493042,-0.18801769614219666,0.009730711579322815,-0.07687696069478989,-0.5498138666152954,0.2639450430870056,0.5383489727973938,0.06837571412324905,0.32442450523376465,-0.4293929636478424,0.7187684178352356,0.16463956236839294,-0.1629490703344345,-0.3058946430683136,0.07718832790851593,-0.12209764868021011,-0.31313666701316833,-0.07194723188877106,-0.12735995650291443,0.34180960059165955,-0.21048545837402344,-0.24265170097351074,-0.22602629661560059,-0.03934925049543381,0.04767290875315666,-0.1184600368142128,0.25031182169914246,-0.16578038036823273,0.28284966945648193,0.06812167912721634,0.12351511418819427,-0.677379310131073,-0.12590119242668152,0.028258735314011574,0.18015223741531372,-0.3600265383720398,0.02528277412056923,-0.2636103630065918
CID000064147,535,-0.15528805553913116,0.21695366501808167,-0.14833906292915344,0.036066073924303055,0.33635181188583374,0.5058990716934204,0.3593253493309021,0.17954376339912415,-0.6130982637405396,-0.40363845229148865,0.25566500425338745,-0.44149380922317505,0.0747760683298111,-0.21026000380516052,-0.17202594876289368,0.06291864067316055,0.0655776709318161,0.29689687490463257,0.3624647557735443,0.03481488302350044,0.13408450782299042,0.17358103394508362,0.11898574978113174,0.000817847263533622,-0.4059029221534729,0.02375655621290207,0.06436572223901749,-0.11137457191944122,-0.129126638174057,0.45609569549560547,-0.1155930608510971,0.14100274443626404,0.09921880811452866,-0.18873488903045654,-0.7401291131973267,0.015452230349183083,-0.32421308755874634,-0.15518411993980408,0.06919839233160019,0.09948600828647614,0.029481928795576096,0.03301322087645531,-0.41973891854286194,-0.35512328147888184,0.23616573214530945,0.05962605029344559,0.1994491070508957,0.03161834925413132,-0.03397580236196518,0.12347064167261124,-0.22276732325553894,0.005796104669570923,0.046535808593034744,-0.3602699339389801,0.05732748657464981,-0.06008273363113403,-0.05286698788404465,-0.10216889530420303,0.5837178826332092,0.03096625581383705,-0.923819363117218,0.25851744413375854,-0.5540215969085693,0.401244580745697,0.30787140130996704,-0.1506834775209427,-0.25560906529426575,0.23357582092285156,-0.0379573218524456,0.10005684942007065,-0.008419448509812355,-0.1193942204117775,0.12647949159145355,-0.12612219154834747,0.6471691727638245,0.02285429835319519,-0.12313489615917206,0.14491204917430878,0.2921070456504822,-0.20039427280426025,-0.13919395208358765,-0.19001080095767975,-0.35612785816192627,-0.24278812110424042,0.20858979225158691,-0.23520031571388245,-0.20446231961250305,-0.04178633540868759,0.37291282415390015,0.13978691399097443,-0.08367470651865005,-0.2221170961856842,0.09531624615192413,-0.027301374822854996,-0.5826995372772217,-0.3108871281147003,0.03518245369195938,0.1894446611404419,0.029556449502706528,-0.17245738208293915,0.2906031012535095,0.08841840922832489,-0.3077905476093292,-0.056324977427721024,-0.17911496758460999,-0.13078460097312927,-0.5072910189628601,0.28197193145751953,-0.2598453760147095,0.35682567954063416,-0.029240155592560768,0.33546847105026245,0.023841671645641327,-0.21263280510902405,0.009280095808207989,0.07629590481519699,-0.04321010783314705,-0.7689902186393738,0.0798787772655487,0.2363196611404419,0.1111295074224472,-0.6247357130050659,0.18712206184864044,-0.29455694556236267,-0.08978824317455292,0.3950962722301483,0.0847850814461708,0.19550396502017975,0.16956312954425812,0.11717424541711807,-0.10462959110736847,0.04733676835894585,-0.5082855820655823,-0.42545098066329956,0.15014515817165375,-0.2756902277469635,-0.08184246718883514,-0.14139306545257568,0.05827546864748001,-0.058844227343797684,0.10792609304189682,0.3735613524913788,0.2726471722126007,-0.0008338928455486894,-0.04481838643550873,0.3259214162826538,-0.34228515625,-0.044968556612730026,-0.030589783564209938,0.14318467676639557,0.24283035099506378,-0.06713253259658813,0.34626367688179016,-0.17057202756404877,0.08196977525949478,0.08786099404096603,-0.0032298206351697445,-0.44477272033691406,-0.16085636615753174,0.11166491359472275,-0.08294303715229034,0.06611548364162445,-0.6422314643859863,-0.010008377023041248,0.30562812089920044,0.11664195358753204,-0.17031514644622803,-0.0326211154460907,0.12524548172950745,0.11749379336833954,-0.372565895318985,0.14545448124408722,0.37884995341300964,-0.05287718027830124,0.11452622711658478,-0.031354598701000214,-0.012210657820105553,0.017699090763926506,-0.42849206924438477,-0.1591973453760147,0.13531538844108582,0.2614687979221344,-0.026226093992590904,-0.14418558776378632,-0.12900787591934204,-0.13121353089809418,-0.050781071186065674,-0.12933538854122162,0.3825558125972748,0.09902968257665634,0.015232560224831104,-0.05417235568165779,0.3330015540122986,0.12754380702972412,-0.014143913984298706,0.3743816912174225,0.14158329367637634,0.08677572757005692,-0.49938488006591797,0.040068186819553375,0.00870793778449297,-0.02535303868353367,0.017302215099334717,0.07825901359319687,0.010873941704630852,0.22276142239570618,-0.23330779373645782,-0.009620869532227516,-0.15522006154060364,-0.2723214030265808,-0.1735447645187378,0.06247112900018692,-0.0815533846616745,0.25187990069389343,0.054692257195711136,0.1526227742433548,0.7847095727920532,0.15177620947360992,-0.1780714988708496,-0.22216796875,-0.16636228561401367,-0.04014510288834572,-0.442437082529068,-0.040187712758779526,0.0886620432138443,-0.2532617151737213,0.13676533102989197,-0.4489676356315613,0.8805062174797058,0.03291400149464607,-0.29804831743240356,-0.06617183238267899,-0.032866619527339935,-0.1782340407371521,-0.5852473378181458,-0.21639367938041687,-0.24795503914356232,0.12786957621574402,0.17332038283348083,0.15246909856796265,-0.6259828805923462,0.27052146196365356,0.018238890916109085,0.03444955497980118,0.10183994472026825,0.07677219063043594,0.1319940835237503,-0.20035021007061005,0.011626613326370716,-0.6739138960838318,0.1549249142408371,0.25139158964157104,0.5952609777450562,-0.29738810658454895,0.02246057614684105,0.173579141497612
CID000216239,536,-0.11546798050403595,-0.050436101853847504,0.014381760731339455,-0.16511622071266174,0.339865118265152,0.28932836651802063,0.05545176938176155,0.07190482318401337,-0.25476425886154175,-0.2429737150669098,-0.06474332511425018,-0.33344554901123047,0.06584615260362625,-0.21359053254127502,0.12896493077278137,0.08476125448942184,-0.03326208144426346,0.2327556312084198,0.06024058908224106,0.05542565509676933,-0.03968677669763565,0.10626012086868286,0.07842005789279938,0.08790811151266098,0.05521780997514725,-0.0795215591788292,0.13498133420944214,-0.00954783521592617,-0.09041376411914825,0.25645968317985535,0.006913664750754833,-0.19273844361305237,-0.20365265011787415,0.03172079101204872,-0.3440455198287964,-0.007702411152422428,-0.20599918067455292,-0.2503003478050232,-0.1500556319952011,-0.04810885712504387,0.11459521949291229,0.11580924689769745,-0.19505766034126282,-0.2311820089817047,0.03406664729118347,-0.08675532788038254,0.09497891366481781,0.1667466163635254,-0.1992078721523285,-0.09161879867315292,-0.15108099579811096,0.13422730565071106,0.034401245415210724,-0.11020193248987198,0.0025592565070837736,0.020307499915361404,-0.07433351874351501,0.02260548248887062,0.0707293301820755,-0.006728464271873236,-0.9244972467422485,-0.02655775286257267,-0.35556453466415405,0.20062308013439178,0.08304990828037262,0.14851385354995728,-0.1420823633670807,0.14257869124412537,-0.034672241657972336,0.05700986832380295,-0.03753471374511719,0.12801481783390045,-0.06218918412923813,-0.14717444777488708,0.06162317842245102,-0.0955551490187645,-0.07230827957391739,-0.018027210608124733,0.1820957064628601,-0.0968674048781395,-0.14788199961185455,0.15954585373401642,-0.315771222114563,-0.1400143802165985,-0.14594273269176483,-0.06283470243215561,-0.2095884531736374,-0.22985859215259552,0.22808031737804413,-0.02604188397526741,0.05669744685292244,-0.07595640420913696,-0.14028744399547577,-0.03704828768968582,-0.3879407048225403,-0.007612581364810467,-0.2677903175354004,0.34302085638046265,0.14929600059986115,-0.34683912992477417,0.12652519345283508,0.16807153820991516,-0.12622007727622986,-0.012505781836807728,-0.17105679214000702,0.08827207237482071,-0.3488906919956207,0.26913195848464966,-0.2523193955421448,0.24109837412834167,0.0499553345143795,0.014381754212081432,0.2865225374698639,-0.03896337375044823,-0.05632953718304634,0.09315875917673111,-0.095808245241642,-0.010421904735267162,0.020026691257953644,-0.020945042371749878,-0.1632596105337143,-0.5711101293563843,-0.12629780173301697,-0.2774224281311035,-0.3825663924217224,0.07267732918262482,-0.04594291374087334,0.3020663857460022,0.12366203218698502,0.008514371700584888,0.026730846613645554,0.06443342566490173,-0.5150657892227173,-0.2400178462266922,0.11953894048929214,-0.17939886450767517,0.0770292803645134,0.06296199560165405,-0.07918588817119598,0.09734689444303513,-0.12049072980880737,0.2662983536720276,-0.2350347936153412,-0.07233220338821411,0.006421420723199844,-0.09844643622636795,0.05761415883898735,-0.06794828176498413,-0.044652264565229416,0.10408513247966766,-0.022853683680295944,-0.015570083633065224,-0.04055515676736832,0.08785907924175262,0.13228252530097961,0.006316335406154394,-0.17832118272781372,-0.2996090352535248,0.09332487732172012,0.10361213982105255,0.27314233779907227,-0.048205502331256866,-0.8488001823425293,-0.03325120732188225,0.07606320083141327,0.3213745057582855,-0.15934158861637115,-0.15931005775928497,0.19137440621852875,-0.07019771635532379,-0.09071512520313263,-0.0330929160118103,0.3412611484527588,-0.0442185178399086,0.013451730832457542,0.10385680198669434,0.02523772045969963,0.09804396331310272,-0.46082839369773865,-0.1113763302564621,0.19272682070732117,0.3203350901603699,-0.0056074149906635284,0.031826093792915344,-0.01445816457271576,0.10374514013528824,-0.24694152176380157,0.04597710818052292,0.29823893308639526,-0.06250320374965668,0.13029490411281586,0.033472515642642975,-0.1015147715806961,-0.1224997267127037,-0.1037992462515831,0.33161336183547974,0.03984593600034714,0.06921710819005966,-0.055257298052310944,0.044046126306056976,-0.06147294491529465,-0.06166352704167366,-0.07264815270900726,0.23014864325523376,-0.14288803935050964,0.22930431365966797,-0.004513525404036045,-0.20239615440368652,0.07855957001447678,0.18690752983093262,-0.01670827344059944,0.15031757950782776,0.08461181819438934,0.027323221787810326,0.19710607826709747,0.12393637001514435,0.25580185651779175,0.1913660168647766,-0.08470095694065094,-0.40763339400291443,-0.0005387455457821488,-0.09002416580915451,-0.2919321656227112,0.06800737231969833,0.23511016368865967,-0.038481175899505615,0.1665416955947876,-0.286322683095932,0.5723686218261719,0.061145979911088943,-0.20303721725940704,-0.18896833062171936,-0.14616434276103973,-0.11703970283269882,-0.4558459222316742,-0.22262468934059143,-0.3136426508426666,0.05387755483388901,0.22082297503948212,-0.15040439367294312,-0.04945714399218559,0.012304398231208324,0.13273057341575623,0.05863575264811516,0.027314787730574608,-0.15080243349075317,0.1679716855287552,-0.06134217977523804,0.04088456556200981,-0.5714101195335388,-0.019312869757413864,-0.06445542722940445,0.13939939439296722,-0.09212290495634079,0.00037937163142487407,-0.022833202034235
CID000005412,539,0.019323665648698807,0.06292469799518585,-0.09664831310510635,-0.2441876232624054,0.2584630250930786,0.32897084951400757,-0.05473064258694649,-0.30523866415023804,-0.579126238822937,-0.0884242132306099,0.11311008781194687,-0.5408104658126831,0.15098288655281067,-0.24804100394248962,0.09354181587696075,-0.10491161048412323,0.10687293112277985,-0.1792972981929779,0.4323958456516266,-0.014978433027863503,0.3818255364894867,-0.14541999995708466,-0.21354031562805176,-0.5576984286308289,0.1557343304157257,-0.02149665169417858,-0.033893976360559464,0.10836388170719147,-0.06322698295116425,0.2546883821487427,-0.205474853515625,0.4544757902622223,0.17261123657226562,0.037100743502378464,-0.7978111505508423,-0.1712285280227661,-0.4999080300331116,-0.22677500545978546,-0.231199711561203,-0.35569775104522705,-0.13123038411140442,0.016284853219985962,-0.44987183809280396,0.27933505177497864,0.39827224612236023,0.189111590385437,0.02538285218179226,0.06614898145198822,0.12394720315933228,-0.19107875227928162,-0.7941314578056335,-0.1814599186182022,-0.14682134985923767,-0.2952306866645813,0.49765944480895996,-0.08227570354938507,-0.01931161619722843,-0.32197070121765137,0.9689720273017883,-0.13480611145496368,-1.086761713027954,0.17887146770954132,-0.12441365420818329,0.3683645725250244,-0.3873349726200104,-0.21984200179576874,-0.17371685802936554,0.47091108560562134,0.2081727534532547,0.12521381676197052,-0.5075011253356934,0.11993799358606339,-0.06549966335296631,-0.25345227122306824,0.7371288537979126,0.29845091700553894,-0.020199626684188843,0.3012253940105438,0.03689933940768242,-0.2166883647441864,-0.1569298505783081,-0.2160126268863678,0.021398305892944336,-0.08250709623098373,-0.10035969316959381,-0.0736585482954979,-0.4697960317134857,-0.13200275599956512,0.25755566358566284,-0.10071126371622086,0.032905325293540955,-0.06313494592905045,0.22991518676280975,0.06459540873765945,-0.8401645421981812,0.18023617565631866,-0.1997908055782318,0.2977617681026459,-0.041343845427036285,-0.27911949157714844,0.47466763854026794,-0.08248130977153778,-0.08654754608869553,0.07600414752960205,-0.07810749113559723,-0.11631355434656143,-0.565285325050354,0.13097290694713593,0.09553935378789902,0.12092813104391098,-0.03187680244445801,0.03705413267016411,0.1623447835445404,0.2196839153766632,0.34217381477355957,-0.1703765094280243,-0.00796768069267273,-0.254715234041214,0.2039874792098999,0.05290064960718155,0.3639722466468811,-0.9200798273086548,-0.08339214324951172,-0.18125078082084656,-0.3111928403377533,0.22759655117988586,0.0751025453209877,0.16322317719459534,0.3407982587814331,0.07442213594913483,-0.12639132142066956,0.2811078429222107,-0.7375621795654297,-0.4102180600166321,-0.19005389511585236,-0.06733342260122299,0.06343844532966614,-0.3747716546058655,-0.06394960731267929,-0.15713076293468475,0.0416729636490345,0.12656933069229126,-0.19838257133960724,0.02095610834658146,-0.063216432929039,0.0033541142474859953,-0.32607027888298035,0.1594552844762802,0.44005268812179565,-0.2811877727508545,-0.039022497832775116,0.39378976821899414,-0.25744694471359253,-0.019753700122237206,-0.2116965800523758,0.03083086386322975,-0.24332132935523987,-0.4538908004760742,-0.023275811225175858,-0.1019970178604126,0.2921135425567627,0.07271327823400497,-1.1050894260406494,0.09098665416240692,0.5249580144882202,0.12270444631576538,-0.11830173432826996,0.27198559045791626,-0.18491841852664948,0.15398569405078888,-0.17271305620670319,-0.4895438253879547,0.4100522994995117,0.0926196426153183,-0.07852204889059067,-0.0511036142706871,0.23264065384864807,-0.14412882924079895,-0.34767013788223267,0.1139097586274147,0.3069484233856201,0.4889599680900574,0.45601314306259155,-0.2868475914001465,0.006386462599039078,-0.43540698289871216,-0.005971175618469715,0.17142565548419952,0.8303350210189819,-0.011281642131507397,-0.20698633790016174,-0.5558231472969055,-0.027944291010499,0.33442366123199463,-0.10300914198160172,0.356778085231781,0.06714574992656708,0.2369658648967743,-0.3138217329978943,-0.11172014474868774,0.16259129345417023,0.3409779369831085,-0.2107866257429123,0.26463210582733154,-0.022677576169371605,0.25461095571517944,-0.17484016716480255,-0.12234141677618027,-0.2821832299232483,-0.09815596044063568,0.26913291215896606,0.05165879800915718,-0.052269577980041504,0.26162058115005493,-0.1010889783501625,0.10128842294216156,0.6271783113479614,0.1546623855829239,0.08045390993356705,0.06827341020107269,-0.03146006539463997,-0.014963540248572826,-0.6739581823348999,-0.01689136028289795,0.1447436362504959,0.01693151518702507,0.009888803586363792,-0.3424299359321594,1.1989519596099854,0.02952561341226101,-0.06198597699403763,-0.11632287502288818,0.2756803333759308,0.008220422081649303,-0.6723800301551819,-0.16755203902721405,-0.07639284431934357,0.15911085903644562,0.025928447023034096,0.039017222821712494,-0.6076940298080444,-0.03564123064279556,-0.1594068855047226,0.029842007905244827,-0.005895978305488825,-0.5276591181755066,0.2940253019332886,-0.15193280577659607,0.03657274693250656,-1.0901679992675781,-0.11558061838150024,0.5125228762626648,0.5236164331436157,-0.07074443250894547,0.08358882367610931,0.14366838335990906
CID000074989,542,-0.1263473480939865,-0.06316908448934555,-0.23079654574394226,-0.3139955401420593,0.23093688488006592,0.4028489589691162,-0.3608233630657196,-0.08895768970251083,-0.7396867275238037,-0.07932388037443161,0.16137316823005676,-0.2329089343547821,-0.011894677765667439,-0.2946684658527374,0.5493596792221069,-0.022414563223719597,0.11205893754959106,0.22689004242420197,0.2833797335624695,0.1249738484621048,0.037906672805547714,-0.09872028231620789,-0.1068008691072464,-0.36320552229881287,0.05322253704071045,-0.019971707835793495,0.05833042785525322,-0.025360900908708572,-0.19288212060928345,0.11583030223846436,-0.1648528277873993,0.22303326427936554,-0.10510843992233276,0.03103017248213291,-0.5617251992225647,-0.11279630661010742,-0.655531108379364,-0.17794394493103027,-0.10915915668010712,-0.24199903011322021,-0.008638927713036537,-0.1413482278585434,-0.2887784540653229,-0.07163107395172119,0.2083284556865692,0.39154213666915894,0.16461297869682312,0.008320433087646961,-0.05323821306228638,-0.08448716998100281,-0.4378167986869812,0.030766595155000687,-0.16484549641609192,-0.2681407332420349,0.3442738652229309,0.011908668093383312,-0.07321365922689438,-0.1967303454875946,0.7613929510116577,-0.015645554289221764,-1.0595476627349854,0.12886351346969604,-0.05157487839460373,0.5912169218063354,0.005901932716369629,-0.3409672677516937,-0.1849922388792038,0.1836320161819458,0.09470323473215103,0.2852323353290558,-0.43550434708595276,0.21233609318733215,0.06535553932189941,-0.5483145713806152,0.6419984698295593,0.11816409975290298,-0.1519501507282257,0.15689845383167267,0.09918750822544098,-0.06554902344942093,-0.18330353498458862,-0.08388198912143707,-0.10374083369970322,-0.18879802525043488,0.138664111495018,-0.15248027443885803,-0.46480312943458557,-0.09542670845985413,0.1465284526348114,-0.010865991935133934,-0.10468654334545135,-0.1679646521806717,0.16862574219703674,0.1304493397474289,-0.712828516960144,0.045037735253572464,-0.27998101711273193,0.5576556324958801,-0.0010465442901477218,-0.41734132170677185,0.4675413966178894,-0.16592049598693848,0.03034393861889839,-0.25832417607307434,-0.04865775257349014,-0.004088255576789379,-0.4913460612297058,0.22869427502155304,-0.03951997309923172,0.32572558522224426,-0.386940062046051,0.3335009217262268,0.24465663731098175,0.07923747599124908,0.10759007930755615,-0.13040457665920258,-0.04441206157207489,0.0065702334977686405,0.154832124710083,0.09562499821186066,0.19713613390922546,-0.7130800485610962,0.2711082398891449,-0.4606153964996338,-0.4133390784263611,0.3617914319038391,0.021678036078810692,0.3090919554233551,0.43424057960510254,-0.05731654167175293,-0.2333567887544632,0.4288145899772644,-0.7020808458328247,-0.3935009837150574,-0.4756188988685608,-0.08897045999765396,-0.061828918755054474,-0.13216277956962585,0.07595702260732651,0.09580683708190918,0.22074131667613983,0.43533816933631897,-0.6212183237075806,0.07139673829078674,0.10830345004796982,0.059442728757858276,-0.2060960978269577,0.29388710856437683,0.08299483358860016,-0.31189101934432983,-0.04310569912195206,0.10814300924539566,-0.034833673387765884,0.04506491869688034,-0.07947851717472076,0.02405468188226223,-0.21672901511192322,-0.4197637438774109,0.12775245308876038,-0.013204371556639671,0.3511412739753723,0.026153970509767532,-1.0342297554016113,0.012115901336073875,0.13456816971302032,0.15500812232494354,-0.07000812143087387,0.13028116524219513,0.04165641590952873,0.12410290539264679,-0.19970816373825073,-0.278724730014801,0.448550283908844,-0.24805912375450134,0.0446195974946022,-0.016662251204252243,0.14667944610118866,-0.0447942391037941,-0.3320656418800354,-0.14971041679382324,0.31070929765701294,0.613204836845398,0.3508185148239136,-0.21190187335014343,0.053736794739961624,-0.20435647666454315,-0.12635211646556854,0.0862865298986435,0.5502341985702515,-0.16896730661392212,-0.33547863364219666,-0.2068137377500534,0.15297673642635345,0.29254981875419617,-0.11660419404506683,0.4443182051181793,0.1964697241783142,0.29713624715805054,-0.22558709979057312,-0.1383226215839386,0.1804792881011963,0.4736923277378082,0.07585213333368301,0.17258460819721222,-0.12530435621738434,0.278452605009079,0.03934542089700699,-0.10401570796966553,-0.16734345257282257,-0.0008729994297027588,0.1022179126739502,0.36115649342536926,0.0926758199930191,0.27732327580451965,-0.10694883018732071,0.09529592841863632,0.585545003414154,0.19869130849838257,-0.11543136835098267,-0.11174561828374863,-0.06452540308237076,0.052922897040843964,-0.5051941275596619,0.084030382335186,0.2618372440338135,0.16425694525241852,0.11788783967494965,-0.48172250390052795,0.8276381492614746,-0.10689111799001694,0.028740227222442627,-0.3551275134086609,0.18618229031562805,-0.07904675602912903,-0.5647392272949219,-0.254194974899292,-0.107321597635746,0.1402723491191864,-0.24596109986305237,0.19355079531669617,-0.40974968671798706,0.07255686819553375,-0.05927314609289169,0.12060216814279556,-0.0009498104336671531,-0.5817260146141052,0.2551216781139374,-0.30287620425224304,-0.21920239925384521,-0.7907992601394653,0.10283420979976654,0.12987112998962402,0.3820815682411194,-0.18747715651988983,0.2288396656513214,0.11450780928134918
CID000004917,543,-0.1315680742263794,-0.16837376356124878,0.2637525796890259,-0.2441178858280182,0.3928835988044739,0.33219248056411743,-0.2757798433303833,0.06522451341152191,-0.2437799870967865,-0.1245703250169754,0.011896681971848011,-0.2927205264568329,0.05446971580386162,-0.2558637857437134,-0.014348666183650494,0.14511451125144958,-0.03599647432565689,0.06556268036365509,0.0798134058713913,0.025739636272192,0.19231829047203064,-0.02178974635899067,0.03529031202197075,0.04299100488424301,0.2531369626522064,-0.006167606916278601,-0.16565188765525818,0.0013072177534922957,-0.28060752153396606,0.4951842427253723,-0.04817533120512962,0.04841762036085129,0.01752716675400734,0.0022512972354888916,-0.3027946650981903,0.20584960281848907,-0.44097304344177246,-0.318680077791214,-0.06543515622615814,0.010572290048003197,0.049877580255270004,0.0727870836853981,-0.30352041125297546,-0.09999145567417145,0.0513942614197731,0.2040979415178299,-0.04835336282849312,-0.028028208762407303,0.035157524049282074,-0.06357908248901367,-0.17595431208610535,0.15149930119514465,-0.16320499777793884,-0.17872408032417297,0.05740339681506157,0.02191207744181156,-0.05890939384698868,0.01117486972361803,0.1502429097890854,-0.10850995779037476,-0.7631959915161133,-0.12959620356559753,-0.3249899744987488,0.267962247133255,0.05282177776098251,0.3068433403968811,-0.21214163303375244,-0.09946124255657196,0.0509614460170269,-0.03745799511671066,0.09567451477050781,-0.04256739094853401,-0.04883435741066933,-0.4809170663356781,-0.08785802870988846,0.08198237419128418,-0.07728880643844604,0.053990550339221954,0.2162702977657318,-0.13054446876049042,-0.5321900248527527,-0.13846424221992493,-0.06843473017215729,-0.21412494778633118,0.007783276028931141,-0.19901564717292786,-0.2928260266780853,-0.20716626942157745,0.4948374629020691,0.10318784415721893,-0.17290282249450684,-0.21618445217609406,0.011204289272427559,-0.08345220983028412,-0.38907086849212646,-0.08547864109277725,-0.285902738571167,0.553480863571167,0.28418102860450745,-0.33186209201812744,0.39956438541412354,0.1512550711631775,-0.049645472317934036,-0.0415218360722065,-0.16356077790260315,-0.11530563980340958,-0.44501084089279175,0.401661217212677,-0.18397977948188782,0.14976274967193604,-0.16598935425281525,-0.11150746047496796,0.24765396118164062,0.11276235431432724,-0.1876155585050583,0.022615153342485428,-0.19525046646595,-0.07189936935901642,0.41093936562538147,-0.17501215636730194,-0.12465564161539078,-0.6065257787704468,0.18167069554328918,-0.4568288326263428,-0.29731833934783936,-0.0233222134411335,0.03370589390397072,0.331825315952301,0.027778396382927895,-0.0023017372004687786,0.20704451203346252,0.04631317779421806,-0.5409229397773743,-0.22652289271354675,-0.24069707095623016,-0.12600049376487732,0.27667415142059326,-0.015253031626343727,-0.02662879228591919,-0.11872656643390656,0.07939642667770386,0.32617101073265076,-0.05108452960848808,0.009566612541675568,-0.0012663878733292222,0.05395696312189102,-0.01636378839612007,-0.02840883657336235,0.2354639321565628,0.10279820114374161,0.02390449307858944,-0.020080065354704857,-0.3056333065032959,-0.13229134678840637,-0.08229339122772217,0.06898990273475647,0.03338951617479324,-0.4877970218658447,0.049948811531066895,0.19322653114795685,0.2030506134033203,-0.014373956248164177,-0.6304954290390015,-0.1986963003873825,0.04294418543577194,0.23692819476127625,-0.1224270910024643,-0.051533591002225876,0.14375394582748413,-0.024444380775094032,-0.19908550381660461,-0.07182277739048004,0.67473304271698,-0.2764524221420288,-0.1092209592461586,-0.061063311994075775,0.06519260257482529,-0.07642089575529099,-0.28583329916000366,-0.05389404296875,0.2295234501361847,0.3296479284763336,0.15398842096328735,-0.0018431529169902205,-0.0612630620598793,-0.035895414650440216,-0.41075682640075684,0.009833155199885368,0.35074979066848755,-0.04889213293790817,0.037047550082206726,-0.16797998547554016,0.09073907136917114,-0.2178325206041336,-0.41113942861557007,0.5565623641014099,0.07425405085086823,-0.021294856444001198,-0.8509570956230164,-0.08233918249607086,-0.0315336249768734,0.4336569905281067,-0.4890974164009094,0.20177361369132996,-0.0394560769200325,0.558280885219574,-0.20708635449409485,-0.1402246356010437,0.09965608268976212,-0.10766973346471786,0.2075904905796051,0.1739637553691864,-0.11151504516601562,0.12386025488376617,0.11989524215459824,0.13681960105895996,0.3016589283943176,0.15270058810710907,-0.1452084332704544,-0.2835772931575775,-0.03129892796278,-0.10281036049127579,-0.5069538950920105,0.021842971444129944,0.22814922034740448,0.16080817580223083,0.20054545998573303,-0.24879777431488037,0.3745034635066986,-0.027533937245607376,-0.02821519412100315,-0.3577233552932739,-0.16331911087036133,-0.03890586271882057,-0.5026291012763977,-0.4158158302307129,-0.24531212449073792,0.13678401708602905,0.0831465944647789,-0.07447244226932526,-0.3365299701690674,-0.08691130578517914,0.3051784038543701,0.023232802748680115,-0.006471648812294006,-0.4559473395347595,0.08725112676620483,0.019091546535491943,0.22583547234535217,-0.5669971704483032,0.2046974003314972,-0.07631564140319824,0.18176725506782532,0.07304908335208893,-0.11813044548034668,-0.16988547146320343
CID000024486,544,-0.012026208452880383,0.006541603710502386,-0.18561135232448578,0.07450179755687714,0.55762779712677,0.32717272639274597,-0.07977660000324249,0.3746151328086853,-0.4163198471069336,-0.28064316511154175,0.20376984775066376,-0.34485387802124023,0.25625935196876526,-0.33079811930656433,-0.038375478237867355,0.12236633151769638,-0.098708376288414,-0.25841864943504333,-0.1129998117685318,0.2529919743537903,-0.22581014037132263,-0.21943137049674988,0.0253717303276062,0.06936214864253998,0.2017834633588791,-0.1166326180100441,-0.15681569278240204,-0.10193488746881485,0.03858913853764534,0.6311339139938354,0.13998068869113922,-0.23469476401805878,-0.10649444907903671,0.004331916570663452,-0.231517031788826,0.008287549018859863,-0.2873135209083557,-0.32049745321273804,-0.26890799403190613,0.0016053474973887205,0.47998085618019104,0.24554085731506348,-0.3556734323501587,0.11847804486751556,0.33176177740097046,-0.1870313584804535,0.11772710084915161,0.06303209066390991,0.24191232025623322,0.043970104306936264,0.05395127460360527,0.2300950586795807,-0.14176717400550842,-0.23423895239830017,0.0681837648153305,-0.018260855227708817,-0.05490780994296074,-0.12734147906303406,0.27293479442596436,0.18533459305763245,-0.5854524374008179,0.06563209742307663,-0.3218275010585785,0.061368174850940704,-0.017854493111371994,0.08706918358802795,-0.33056947588920593,-0.032821591943502426,0.059523217380046844,-0.1595156043767929,-0.42624202370643616,0.18639084696769714,0.036843255162239075,-0.4391384720802307,0.2847250699996948,-0.030922573059797287,0.03742612153291702,0.33768874406814575,0.287362664937973,-0.1703643649816513,-0.4766348898410797,0.2690025866031647,-0.0719379112124443,-0.37959274649620056,-0.17031589150428772,0.21634766459465027,-0.25289034843444824,0.4457504153251648,0.38438647985458374,-0.09228722006082535,-0.05618912726640701,-0.21474966406822205,-0.2678581178188324,0.0051138089038431644,-0.31500914692878723,0.08041463792324066,-0.004905839450657368,0.11321665346622467,0.36372414231300354,-0.25167691707611084,0.2146456241607666,0.13464312255382538,-0.14390355348587036,0.277017742395401,-0.3593100905418396,0.18214018642902374,-0.4417099058628082,0.3988914489746094,0.15538962185382843,0.28880131244659424,0.07409195601940155,-0.015033799223601818,0.40038642287254333,-0.08889710903167725,0.11000896990299225,-0.08424019068479538,-0.03411893919110298,-0.493397057056427,0.3942795991897583,0.11174271255731583,-0.1991761028766632,-0.42734891176223755,0.03290337324142456,-0.3830430209636688,-0.4731060564517975,0.15185090899467468,0.05774813890457153,0.6358399987220764,0.11130023002624512,-0.0713416188955307,-0.2993945777416229,-0.1797652542591095,-0.37200555205345154,-0.407662570476532,0.047496117651462555,-0.44777387380599976,0.1505926549434662,-0.13866554200649261,0.09051139652729034,-0.25269562005996704,-0.21273548901081085,0.2965073883533478,0.10243787616491318,0.014595262706279755,0.03145996108651161,-0.2419106662273407,0.1914847195148468,0.373383104801178,0.002225857926532626,-0.0578811839222908,0.14250919222831726,-0.01387622021138668,-0.4867532253265381,0.039446715265512466,-0.171659454703331,0.011392158456146717,-0.18206927180290222,-0.3764953911304474,0.04936331883072853,-0.08271796256303787,0.16416433453559875,0.0646640807390213,-0.6608287692070007,-0.004067164845764637,0.5086125135421753,0.40693479776382446,-0.18870267271995544,0.14614750444889069,0.2873151898384094,-0.1971178650856018,-0.1576753705739975,-0.26517555117607117,0.4887146055698395,0.29299288988113403,0.08909940719604492,0.036541711539030075,0.27185675501823425,0.25671863555908203,-0.5110583305358887,-0.3401293158531189,0.017741043120622635,0.4049154222011566,0.14899855852127075,-0.10877197980880737,0.05108027532696724,-0.04482574388384819,-0.41244858503341675,-0.15416660904884338,0.07911480963230133,0.12522836029529572,0.4819863438606262,-0.6568623185157776,0.0037815761752426624,-0.21157574653625488,-0.3777434825897217,0.5691863298416138,0.004849446006119251,0.012888757511973381,-0.3074677884578705,-0.20649059116840363,-0.014723634347319603,0.32453957200050354,-0.4840940833091736,0.10710062831640244,-0.04914693534374237,0.3002021610736847,-0.28051307797431946,-0.1162835955619812,-0.3297843337059021,0.25510257482528687,-0.10212532430887222,0.20984265208244324,-0.07446278631687164,-0.12482841312885284,0.12659166753292084,-0.4187026619911194,0.49451571702957153,-0.10955655574798584,-0.07553832232952118,-0.2306818664073944,0.22326774895191193,-0.03555992245674133,-0.5371028184890747,0.06835874170064926,0.14039768278598785,-0.028650367632508278,0.44185003638267517,-0.36889442801475525,0.6984211802482605,0.31615525484085083,-0.14220209419727325,-0.10777059942483902,-0.48455721139907837,0.022704733535647392,-0.3386971056461334,-0.3106395900249481,0.11442921310663223,0.3048127293586731,0.09641435742378235,0.06442724168300629,-0.1732838898897171,0.05515623837709427,-0.05038056522607803,0.01777191460132599,-0.13043539226055145,-0.27643346786499023,0.25533461570739746,-0.1946295201778412,-0.05648992583155632,-0.48533934354782104,0.09452782571315765,-0.014566158875823021,0.1569080948829651,-0.1676200032234192,-0.0862630158662796,-0.33826348185539246
CID000002541,545,0.01190892793238163,0.013955933041870594,0.3120383620262146,-0.03332115337252617,0.1635306030511856,0.31232139468193054,0.1277746707201004,-0.19609037041664124,-0.08483365178108215,-0.12469273805618286,0.0865606814622879,-0.5794873833656311,0.30088627338409424,-0.355820894241333,-0.22681613266468048,0.15499135851860046,0.02229161188006401,-0.2181689292192459,-0.06993388384580612,0.19066739082336426,0.32542529702186584,-0.07664792239665985,-0.16351532936096191,-0.16191366314888,0.35007724165916443,-0.12085826694965363,0.01850036345422268,0.25284093618392944,0.013634179718792439,0.3659818768501282,-0.10906745493412018,0.18143121898174286,0.2157934457063675,0.05732586234807968,-0.6626336574554443,-0.1676371991634369,-0.0762203112244606,-0.2116178274154663,-0.14349505305290222,0.015829259529709816,0.1375938355922699,0.15979793667793274,-0.4364472031593323,0.0534992590546608,0.5723920464515686,-0.12417285144329071,0.08113376796245575,0.07647426426410675,0.25662529468536377,-0.1916317194700241,-0.7435296177864075,0.1537102907896042,-0.16145849227905273,-0.1455158144235611,0.14043661952018738,-0.19765128195285797,-0.010592004284262657,-0.054981935769319534,0.2210874855518341,-0.04147302359342575,-0.8838682174682617,0.010168911889195442,-0.46855250000953674,-0.15579426288604736,-0.1316264271736145,0.11323165893554688,-0.14430642127990723,0.5321201682090759,0.08711560070514679,0.02457387186586857,-0.28984498977661133,-0.1267009675502777,-0.04120673984289169,0.09186611324548721,0.09157109260559082,0.29146331548690796,0.013019075617194176,0.3661155700683594,0.18765084445476532,-0.092154860496521,-0.23917734622955322,0.087311290204525,0.05027935653924942,-0.03176753595471382,-0.12578964233398438,0.1238616555929184,-0.2511383295059204,-0.05291810631752014,0.4755602478981018,0.24976353347301483,0.05491990968585014,-0.10589258372783661,-0.056308187544345856,0.1270906627178192,-0.569058358669281,0.01992136240005493,-0.21161016821861267,0.1091354638338089,0.2534336745738983,-0.2619532644748688,0.3184535801410675,-0.05308225750923157,-0.5033473372459412,0.06965415179729462,-0.23948273062705994,0.015234122984111309,-0.3376399874687195,0.2080591917037964,0.09831351041793823,0.14472541213035583,0.4651392996311188,-0.21686246991157532,0.5571648478507996,-0.13711749017238617,0.3029060363769531,-0.23920083045959473,0.030428562313318253,-0.49023595452308655,0.30913636088371277,-0.08596585690975189,0.11376230418682098,-0.8025151491165161,0.01858336851000786,0.10545390844345093,-0.5884439945220947,-0.04267272353172302,0.10025718063116074,0.12601789832115173,0.17008553445339203,0.14882756769657135,0.29567933082580566,0.01024213619530201,-0.5683470368385315,-0.2717919945716858,0.13322682678699493,-0.0404244065284729,0.4105507731437683,-0.5471028685569763,-0.07965019345283508,-0.15273457765579224,-0.19140276312828064,0.10662432014942169,0.22064527869224548,0.038249801844358444,-0.18149212002754211,-0.08151449263095856,-0.05745958164334297,0.10339520126581192,0.3492898941040039,-0.05582159012556076,0.042911093682050705,0.23571047186851501,-0.43125301599502563,-0.017035042867064476,0.011947697959840298,-0.17006714642047882,0.000967112195212394,-0.36421334743499756,-0.04771054536104202,0.08247361332178116,0.15922611951828003,0.15962889790534973,-0.8622668385505676,0.12378635257482529,0.6571544408798218,0.13310621678829193,-0.03404513746500015,0.2147807776927948,0.09463284909725189,-0.11673358827829361,-0.24508976936340332,-0.3038034737110138,0.3850710988044739,0.24092867970466614,0.11884963512420654,0.02132105827331543,0.23510341346263885,0.039136312901973724,-0.5148826837539673,-0.12575168907642365,0.24013164639472961,0.20690031349658966,-0.04755265638232231,-0.20186395943164825,-0.01885545812547207,-0.3435969948768616,-0.40991315245628357,0.058552276343107224,0.703178882598877,-0.05289608985185623,0.23738853633403778,-0.575531005859375,-0.09736087918281555,-0.22852793335914612,-0.10075273364782333,0.2829679846763611,0.061913084238767624,-0.07472215592861176,-0.3660505414009094,0.01687808707356453,0.08251036703586578,-0.2068537175655365,-0.49774232506752014,0.17346467077732086,0.10856394469738007,0.21360734105110168,-0.2693287432193756,-0.20610864460468292,-0.3706384301185608,-0.11346310377120972,0.20279741287231445,-0.2149413377046585,-0.0011107921600341797,-0.03469577804207802,-0.06973753869533539,0.13396145403385162,0.6087400317192078,0.3162519335746765,0.06976773589849472,-0.10237665474414825,0.09688426554203033,-0.14999738335609436,-0.5634693503379822,-0.18472865223884583,0.2874619960784912,0.015161675401031971,0.364325612783432,-0.16483284533023834,0.9178171157836914,0.17239156365394592,-0.30573150515556335,-0.13060477375984192,0.07383043318986893,-0.010540075600147247,-0.31773102283477783,-0.20089931786060333,0.0900539830327034,0.10714355856180191,0.5013627409934998,-0.006922313477844,-0.26608163118362427,-0.01934191957116127,-0.09385176002979279,-0.252796471118927,-0.07917460799217224,-0.09396180510520935,0.17553988099098206,0.21074537932872772,0.24670889973640442,-0.8744128346443176,-0.04087718203663826,0.7181915044784546,0.057706642895936966,0.26662102341651917,0.061401039361953735,-0.12300964444875717
CID000148211,548,-0.07638776302337646,0.0784093514084816,0.1994706392288208,-0.05193463712930679,0.26885026693344116,0.35748952627182007,-0.1940152496099472,-0.1156986728310585,-0.3500722050666809,-0.03510545939207077,0.13413606584072113,-0.13476797938346863,0.1250809282064438,-0.3904239535331726,0.20287075638771057,0.04688584432005882,-0.07179687917232513,0.42636340856552124,-0.0314803309738636,0.10617394745349884,-0.006998130585998297,-0.08468187600374222,0.12899085879325867,0.1691998541355133,0.006712131202220917,0.02309742011129856,0.35990867018699646,-0.1573030799627304,-0.11913099139928818,0.2996397018432617,-0.09951309114694595,0.06874153763055801,0.05043429136276245,-0.11907751858234406,-0.5620020031929016,0.04086271673440933,-0.3643556535243988,-0.3984973430633545,0.061958104372024536,-0.1719593107700348,0.250261515378952,-0.03683684021234512,-0.013346117921173573,-0.2151026427745819,0.18619732558727264,0.02028418518602848,0.10581590980291367,-0.3569961190223694,-0.17821864783763885,-0.04437215253710747,-0.37137550115585327,0.10545644909143448,0.03084164299070835,-0.011250905692577362,-0.008988277986645699,-0.0840262919664383,0.060835402458906174,-0.23274555802345276,-0.0019404366612434387,0.34469884634017944,-0.8366753458976746,-0.059418827295303345,-0.10823240131139755,0.39204972982406616,0.10066822916269302,0.271444708108902,-0.22672609984874725,0.32028859853744507,0.09469451755285263,-0.010212128981947899,-0.12438879162073135,-0.0686284676194191,0.05517945438623428,-0.11668030917644501,0.2999516725540161,-0.24930250644683838,-0.07896102964878082,0.5150142908096313,-0.11351128667593002,-0.12061743438243866,-0.3944607377052307,-0.10061483085155487,0.11532165110111237,-0.27963635325431824,0.11555586755275726,-0.0050988467410206795,-0.38107815384864807,0.38076746463775635,0.49882739782333374,-0.19221735000610352,0.13358590006828308,-0.04908670485019684,-0.09857556968927383,-0.07376722991466522,-0.694877028465271,-0.10976199805736542,-0.3137582540512085,0.5818419456481934,0.07544899731874466,-0.5277403593063354,0.6499017477035522,0.1808317005634308,0.2755610942840576,-0.06038173288106918,-0.1589559018611908,-0.005672347731888294,-0.23690418899059296,0.1338624209165573,-0.001087777316570282,0.13601382076740265,-0.5395423769950867,0.21120968461036682,0.47547292709350586,0.12523457407951355,0.03601572662591934,0.1491578072309494,-0.09972162544727325,-0.20251157879829407,0.4243679940700531,0.013197818771004677,-0.011890800669789314,-0.5275298357009888,0.01903640851378441,-0.47753795981407166,-0.4528799057006836,0.03540579974651337,-0.06139316409826279,0.20866043865680695,0.23431341350078583,0.14831514656543732,0.28079649806022644,0.01351953111588955,-0.6106648445129395,-0.2393995225429535,-0.37356695532798767,-0.10805235058069229,0.30249249935150146,-0.35565185546875,-0.048704199492931366,0.1561395823955536,-0.06962175667285919,0.16901446878910065,-0.34017041325569153,0.07588595896959305,-0.08864195644855499,0.11585810035467148,-0.0344289168715477,0.06808014214038849,-0.024737928062677383,-0.16323569416999817,-0.10330474376678467,5.632936881738715e-05,0.3559116721153259,0.29030919075012207,0.4010588526725769,0.16768942773342133,0.0028208508156239986,-0.45592546463012695,0.1462191343307495,-0.07005946338176727,0.0748365968465805,-0.057547587901353836,-0.843858540058136,-0.059197522699832916,0.15009354054927826,0.3228338658809662,-0.033716849982738495,-0.11165478080511093,0.26754429936408997,-0.10089621692895889,0.19787661731243134,-0.06639020889997482,0.42430558800697327,-0.038628675043582916,0.011214019730687141,-0.2608402371406555,0.08860816806554794,0.09487868845462799,-0.3786397874355316,-0.17706097662448883,0.2211487591266632,0.44237154722213745,-0.10624110698699951,0.07245903462171555,0.035238951444625854,-0.03159277141094208,-0.43249255418777466,-0.1717320680618286,0.548003077507019,-0.0937730148434639,-0.05983380228281021,-0.036661822348833084,0.1536763608455658,0.023834243416786194,-0.33091050386428833,0.3801717162132263,0.018421396613121033,-0.002151938620954752,-0.32576555013656616,0.004629868548363447,0.03319679573178291,0.0508444681763649,-0.20543093979358673,-0.08107897639274597,-0.21241798996925354,0.3222147822380066,0.1858861744403839,-0.1088600903749466,-0.2049931287765503,-0.3502344489097595,0.3127918541431427,0.22996263206005096,0.1601487398147583,-0.011250751093029976,0.01736948825418949,-0.33992940187454224,0.467616468667984,-0.03043765388429165,0.06349173933267593,-0.24945083260536194,0.08425359427928925,-0.11966709792613983,-0.4640088677406311,-0.013598625548183918,0.4734669625759125,0.22576448321342468,0.4478541314601898,-0.2505165934562683,0.5837377309799194,0.18719041347503662,0.1948748230934143,-0.3116679787635803,0.1611996442079544,0.06635388731956482,-0.4116775393486023,-0.22337591648101807,0.05163417011499405,0.4010646939277649,-0.17512063682079315,-0.13092291355133057,0.08965708315372467,-0.15572336316108704,0.1822321116924286,0.19815239310264587,0.03720042109489441,-0.3031705617904663,0.1061793714761734,0.07241898030042648,0.053019918501377106,-0.6398409008979797,0.012748616747558117,-0.1200215071439743,0.2080337554216385,0.21221843361854553,0.1254415065050125,-0.1462458074092865
CID000003648,549,0.15427155792713165,0.11815249919891357,-0.042408157140016556,-0.24395723640918732,0.5327057838439941,0.313117653131485,-0.2258448600769043,0.09149996936321259,-0.38301441073417664,-0.25131839513778687,0.19905242323875427,-0.7907088994979858,-0.18402837216854095,-0.5294755697250366,-0.10131330788135529,0.18277528882026672,0.40007853507995605,-0.2228633612394333,0.21441110968589783,0.020928114652633667,0.22013644874095917,-0.045365892350673676,0.027739141136407852,0.16783861815929413,-0.008051464334130287,-0.18197649717330933,-0.06545169651508331,-0.05135094001889229,-0.02861723303794861,0.5387319922447205,-0.12152347713708878,-0.061107926070690155,0.20641307532787323,-0.04540867358446121,-0.5008959770202637,-0.08313173055648804,-0.5055087208747864,-0.264841228723526,-0.1965988725423813,0.1495644748210907,0.10458052158355713,0.3500075042247772,-0.25147420167922974,-0.10490167140960693,0.08434735983610153,0.2007710486650467,-0.23182976245880127,-0.03696664422750473,0.08888748288154602,-0.06383558362722397,-0.3222986161708832,-0.2694077789783478,-0.3074328303337097,-0.1426689326763153,0.04966789856553078,0.06891150772571564,-0.0008404910331591964,-0.05899352580308914,0.6724365949630737,0.06513349711894989,-0.7877199649810791,0.18720459938049316,-0.21630148589611053,0.12694057822227478,0.026972442865371704,0.5259546637535095,-0.28430813550949097,0.034772731363773346,0.08449818938970566,0.10240571200847626,-0.17775137722492218,0.24298827350139618,0.11509235203266144,0.5040949583053589,0.11539912223815918,0.18027138710021973,-0.08095605671405792,0.13348662853240967,0.24224309623241425,-0.3140304684638977,-0.4933519959449768,-0.07243701070547104,-0.017444005236029625,-0.16140782833099365,-0.0417008250951767,-0.19211456179618835,-0.2933332622051239,0.17428246140480042,0.3934773802757263,0.18146884441375732,-0.08605475723743439,-0.2128905951976776,0.18277530372142792,-0.011995566077530384,-0.6438792943954468,-0.002242943737655878,-0.19084294140338898,0.5586422681808472,0.010358068160712719,-0.42832469940185547,0.39670372009277344,-0.026895904913544655,0.03424190729856491,0.12120480835437775,-0.2503361105918884,0.015217316336929798,-0.4032837748527527,0.4109896719455719,0.1108105406165123,0.023119430989027023,-0.2137213498353958,-0.015148615464568138,0.2975570261478424,-0.13019412755966187,0.11271623522043228,0.21629920601844788,-0.16947010159492493,-0.34952086210250854,0.01684233546257019,0.12534666061401367,-0.20643313229084015,-0.7252267599105835,-0.17947150766849518,-0.28140515089035034,-0.2326652705669403,-0.1746920496225357,0.22343063354492188,0.13892462849617004,0.08003681898117065,0.023180168122053146,-0.10407547652721405,0.27682140469551086,-0.5808281898498535,-0.37100663781166077,-0.30934327840805054,-0.22960264980793,0.1954127848148346,-0.10000473260879517,-0.06031663343310356,-0.30723094940185547,0.34899479150772095,0.11323599517345428,0.006041503045707941,-0.05904846265912056,0.2835460603237152,-0.265632301568985,-0.18279211223125458,0.10428828001022339,0.15049675107002258,-0.06866700947284698,0.10821255296468735,-0.2953926920890808,-0.08154425024986267,-0.11769874393939972,0.0040961503982543945,0.04018162935972214,-0.060917627066373825,-0.3990514278411865,-0.14793705940246582,-0.13117964565753937,-0.09134867787361145,0.06855372339487076,-0.8256787061691284,-0.01477876864373684,0.23194082081317902,0.2762811779975891,-0.09950423985719681,0.019775692373514175,-0.057686857879161835,-0.2052566558122635,-0.2156006544828415,0.028659451752901077,0.6969858407974243,-0.2209637612104416,-0.23275689780712128,-0.21555623412132263,0.1583884209394455,-0.0879245176911354,-0.4459396004676819,0.30310341715812683,0.20377886295318604,0.22883717715740204,0.10610134899616241,0.045386143028736115,-0.02159200981259346,-0.19904303550720215,-0.19487959146499634,0.03710028529167175,0.55836021900177,0.12441346794366837,0.2662436366081238,-0.36412566900253296,-0.039623964577913284,-0.24380536377429962,-0.5942751169204712,0.8462921380996704,0.04626532271504402,0.2097650021314621,-0.6716955900192261,-0.3499792516231537,0.21632227301597595,-0.5062589645385742,-0.5074683427810669,0.12398085743188858,0.16920781135559082,0.6576429605484009,-0.1092740148305893,-0.1539415717124939,-0.0035043000243604183,-0.004832372069358826,0.14003776013851166,0.12069737911224365,0.0006095290300436318,0.2000315636396408,0.0774473249912262,-0.1429932564496994,0.7147343754768372,0.24245648086071014,-0.04527531936764717,-0.15969349443912506,-0.13938219845294952,0.0456480011343956,-0.49628275632858276,0.2542566955089569,0.16927364468574524,0.27819591760635376,0.06802897900342941,-0.09078595042228699,0.5491765737533569,-0.1896812468767166,0.06158134341239929,-0.28138959407806396,-0.16919970512390137,0.03784825652837753,-0.507805347442627,-0.42087164521217346,0.1467568427324295,0.3760819435119629,-0.17465248703956604,0.1122366189956665,-0.3029738962650299,0.01657198742032051,0.14717140793800354,0.22264668345451355,0.16444475948810577,-0.4159553050994873,1.0010268688201904,-0.06565974652767181,-0.09781645983457565,-0.7900840640068054,0.013525676913559437,0.12339109182357788,0.39797019958496094,0.15217182040214539,0.07548300921916962,0.03927726671099663
CID000003825,552,-0.11184696853160858,-0.017993420362472534,-0.16757400333881378,-0.11046228557825089,0.5261818766593933,0.16197079420089722,-0.157130166888237,-0.019756531342864037,-0.0869624987244606,-0.024268722161650658,0.15712521970272064,-0.4625399708747864,0.1071162223815918,-0.23548582196235657,0.049737513065338135,-0.192850261926651,-0.010448416694998741,0.00929142814129591,-0.04321610927581787,0.055941373109817505,-0.10456087440252304,-0.028569554910063744,0.1345471888780594,0.19417041540145874,0.0741015076637268,-0.11159297078847885,0.040577977895736694,0.024215862154960632,0.06783561408519745,0.2610533535480499,0.06265655905008316,-0.28589311242103577,-0.11472834646701813,-0.024970831349492073,-0.5479961633682251,0.08528222888708115,-0.12509356439113617,-0.26582959294319153,-0.038907475769519806,-0.1655680537223816,0.1614920198917389,-0.12141630798578262,-0.034829508513212204,-0.1390930563211441,0.11270970106124878,-0.036663718521595,-0.026548946276307106,0.02565639652311802,0.05396084859967232,-0.13625440001487732,-0.09098956733942032,0.06380748748779297,-0.017906799912452698,-0.08704117685556412,0.1942584216594696,-0.019284775480628014,-0.03398890793323517,0.0879986435174942,0.2588607668876648,0.1115720272064209,-0.8467788696289062,0.22231826186180115,-0.19640013575553894,0.22828154265880585,0.175285205245018,0.21926645934581757,-0.24838924407958984,0.15083114802837372,-0.06431006640195847,0.06836207211017609,-0.018891703337430954,0.12192802131175995,-0.02215856872498989,-0.3297131359577179,0.09267126768827438,0.037419818341732025,-0.0562102384865284,0.08507383614778519,0.03637897968292236,-0.10402903705835342,-0.29558712244033813,-0.1451767385005951,-0.08657814562320709,-0.10695362091064453,-0.11462043225765228,0.07402326911687851,-0.13249744474887848,0.026462281122803688,0.36621585488319397,-0.2059909999370575,0.0012038896093145013,-0.010269686579704285,0.033336300402879715,0.002051490591838956,-0.4141067862510681,-0.0850270614027977,-0.18126478791236877,0.33202531933784485,0.11377253383398056,-0.2405480146408081,0.2628489136695862,0.20051677525043488,-0.215220645070076,0.09137861430644989,0.04615865275263786,0.06530581414699554,-0.5541090369224548,0.19110503792762756,0.045596539974212646,0.2721596658229828,0.14354202151298523,0.0485798604786396,0.19832463562488556,0.09590607136487961,-0.048758119344711304,-0.03892938047647476,0.11900739371776581,-0.17195133864879608,0.003773358417674899,0.14247724413871765,-0.32739657163619995,-0.583465576171875,0.299509197473526,-0.10013358294963837,-0.40877565741539,-0.07637505233287811,-0.04056883603334427,0.3356548845767975,0.05830806493759155,0.004207193851470947,-0.2524731755256653,0.1410810798406601,-0.39652079343795776,-0.2554466128349304,-0.18306216597557068,-0.09798932820558548,0.2762606143951416,-0.11885218322277069,-0.05956929922103882,-0.06953687965869904,-0.10967886447906494,0.3578973710536957,-0.22351042926311493,-0.0652051568031311,0.14442527294158936,-0.17895925045013428,0.17969222366809845,0.20735950767993927,0.045827466994524,-0.042560480535030365,-0.0333963967859745,-0.19249816238880157,-0.034724391996860504,0.07176224887371063,0.025993680581450462,0.025968879461288452,-0.09587737172842026,-0.2597622871398926,0.07901439070701599,0.020945966243743896,0.22343555092811584,0.0497593879699707,-0.9350152015686035,0.033766865730285645,0.228340744972229,0.22298359870910645,-0.06313176453113556,-0.09936759620904922,0.12191446125507355,0.0366632305085659,0.042115580290555954,0.011106109246611595,0.3009057641029358,-0.02081206999719143,-0.12489275634288788,0.06761004775762558,0.19850075244903564,0.09540726244449615,-0.4761994481086731,-0.12420564889907837,0.298539936542511,0.2546180188655853,0.005994641687721014,-0.02790570631623268,-0.1994239091873169,0.01457262597978115,-0.07492725551128387,-0.2274637222290039,0.5572930574417114,0.02101597748696804,0.13323543965816498,-0.2917388677597046,0.07262437790632248,-0.07330003380775452,-0.09813521057367325,0.4567449986934662,0.009196609258651733,0.02817234955728054,-0.08576948940753937,-0.28784090280532837,-0.021918822079896927,0.03445863723754883,-0.15881535410881042,0.1907438039779663,-0.2661523222923279,0.2823827862739563,0.1700831651687622,-0.04034041613340378,-0.0774753987789154,-0.18953609466552734,0.13892212510108948,0.15543398261070251,-0.0006319984677247703,-0.10340017080307007,0.14290794730186462,-0.056956686079502106,0.3936627507209778,-0.15939824283123016,-0.04759162664413452,-0.3205590546131134,-0.03633008524775505,0.0009618491167202592,-0.4539889693260193,0.10858939588069916,0.4452219009399414,0.0038660704158246517,0.2470904290676117,-0.2515089809894562,0.7183178663253784,0.20001420378684998,-0.05848722532391548,-0.132810577750206,-0.022902239114046097,-0.09507225453853607,-0.5390191078186035,-0.24388830363750458,-0.053227949887514114,0.11112141609191895,0.01211329735815525,-0.07860223948955536,-0.02321818470954895,-0.027220454066991806,0.08717472851276398,-0.017280614003539085,0.003226596163585782,-0.09813889116048813,0.2407275140285492,-0.07036764919757843,-0.07809805124998093,-0.5603001713752747,0.26567381620407104,0.056331567466259,0.10660062730312347,-0.055417221039533615,-0.017300859093666077,0.00808145385235548
CID000002487,555,0.17668303847312927,0.2576054036617279,0.13574764132499695,-0.3286462426185608,0.48515424132347107,0.4204595685005188,-0.4105880856513977,0.18924105167388916,-0.45729660987854004,-0.22363929450511932,-0.057126641273498535,-0.6744469404220581,-0.21895232796669006,-0.620720386505127,0.3440559506416321,0.31838899850845337,0.452549546957016,-0.42237457633018494,-0.0098275663331151,0.0359501950442791,0.19441743195056915,-0.10541746765375137,0.23315592110157013,0.21729311347007751,-0.06068306416273117,-0.29790249466896057,-0.2087901085615158,-0.19929149746894836,0.070676289498806,0.5682398676872253,-0.1182272881269455,-0.3932117521762848,0.27691060304641724,0.015086251311004162,-0.5294275283813477,-0.08258385956287384,-0.648516058921814,-0.3164810240268707,-0.13857200741767883,0.18530280888080597,0.04701212793588638,0.25067073106765747,-0.14550332725048065,-0.13840463757514954,0.01494437176734209,0.1830311268568039,-0.23615491390228271,-0.18680131435394287,0.13986483216285706,0.0812881588935852,-0.22170822322368622,-0.25260815024375916,-0.18482056260108948,-0.26687949895858765,0.1345953792333603,0.03623243048787117,-0.07497899979352951,-0.09578607976436615,0.8422527313232422,0.058663152158260345,-0.9888460040092468,0.3109988272190094,-0.32870247960090637,0.21054384112358093,0.004497563932090998,0.45776763558387756,-0.3862931728363037,0.03954930603504181,0.018297482281923294,0.0018591105472296476,-0.08911356329917908,0.5319592356681824,0.2208990752696991,0.4450041353702545,0.14202666282653809,-0.029248278588056564,-0.2607998549938202,0.06067532300949097,0.22194688022136688,-0.12364818900823593,-0.5487651824951172,0.13886551558971405,0.14999622106552124,-0.0187147818505764,0.06142023950815201,-0.1490885317325592,-0.43008047342300415,0.2880011796951294,0.5121236443519592,0.24721896648406982,-0.2535843849182129,-0.07845711708068848,0.09040404856204987,0.04939653351902962,-0.80511873960495,0.014380417764186859,-0.27436408400535583,0.7072259187698364,0.10895927995443344,-0.4219988286495209,0.48660778999328613,-0.011921805329620838,0.10506695508956909,0.05084327608346939,-0.18475696444511414,0.04433750361204147,-0.4397355914115906,0.4051235616207123,0.19888225197792053,0.10276447236537933,-0.42214399576187134,-0.2114177942276001,0.5438517332077026,-0.14745107293128967,0.04722215607762337,0.3038488030433655,-0.4161480963230133,-0.1950608193874359,0.08565287292003632,-0.04799316078424454,-0.2504439949989319,-0.7040207982063293,-0.03086288832128048,-0.3110891282558441,-0.34508901834487915,-0.10933005809783936,0.24936707317829132,0.10628391802310944,-0.1449042111635208,0.006598322186619043,-0.10771483182907104,0.2428475320339203,-0.5325291752815247,-0.4294406473636627,-0.42108482122421265,-0.28878411650657654,0.3024836480617523,-0.07559750974178314,-0.17419591546058655,-0.17284345626831055,0.12195376306772232,0.24330691993236542,-0.42662128806114197,-0.11558153480291367,0.17927713692188263,-0.3804720342159271,0.061231184750795364,0.1910921186208725,0.12758013606071472,-0.13794800639152527,0.21964474022388458,-0.4300280213356018,-0.20964446663856506,-0.3402978479862213,-0.06214990094304085,-0.002603307366371155,0.036579858511686325,-0.4883437752723694,-0.19470664858818054,-0.23437106609344482,-0.1316821575164795,0.1324828565120697,-0.8235455751419067,0.00993499718606472,0.37496721744537354,0.36236435174942017,-0.00591996917501092,0.1338725984096527,0.10207351297140121,-0.2324235439300537,-0.32264623045921326,0.025672797113656998,0.8522266149520874,-0.3208540081977844,-0.19804656505584717,-0.30350106954574585,0.226663276553154,-0.1721997708082199,-0.44088712334632874,0.34134846925735474,0.11818327009677887,0.2872421443462372,0.23722901940345764,-0.05620955303311348,0.13743436336517334,-0.2095503807067871,-0.2987619936466217,0.18844178318977356,0.5130642652511597,0.1941724717617035,0.18272070586681366,-0.33036550879478455,-0.07122451812028885,-0.372005820274353,-0.6285838484764099,0.9247125387191772,0.19846747815608978,0.0757984071969986,-0.8570641279220581,-0.6554491519927979,0.17234519124031067,-0.44199109077453613,-0.6508849263191223,0.010082796216011047,0.3046613335609436,0.768173098564148,-0.1931876838207245,-0.1489412486553192,0.07982160151004791,0.36779409646987915,0.08959498256444931,0.08473813533782959,0.057844288647174835,0.0724298357963562,-0.04111628979444504,-0.2703869640827179,0.725615382194519,0.3505375385284424,-0.11504117399454117,-0.15835553407669067,-0.08680643141269684,0.017467567697167397,-0.3978267312049866,0.12755873799324036,0.08273793756961823,0.1971512734889984,-0.009325610473752022,-0.11888732761144638,0.6160390377044678,-0.10465998947620392,0.03758387640118599,-0.38655316829681396,-0.0695086345076561,0.020011357963085175,-0.33181536197662354,-0.44286051392555237,0.2730681598186493,0.3318330645561218,-0.20675770938396454,-0.060043226927518845,-0.2713375687599182,0.2025119811296463,0.08453555405139923,0.2883208394050598,0.3166489005088806,-0.7094092965126038,1.061365008354187,0.024282626807689667,-0.14790573716163635,-0.7872484922409058,0.028621774166822433,0.10877501964569092,0.479170024394989,0.2745376229286194,0.11627508699893951,-0.0407782681286335
CID000003393,558,-0.2577401399612427,-0.2227744311094284,-0.12522701919078827,-0.11361904442310333,0.11203489452600479,0.3743770718574524,-0.0074025304056704044,-0.03353797271847725,-0.0807088315486908,-0.37050002813339233,0.21631047129631042,-0.43431538343429565,0.06247908994555473,-0.49427804350852966,-0.001772588468156755,-0.008691882714629173,0.04191919043660164,-0.09862051159143448,-0.25210312008857727,0.06542970985174179,-0.013359117321670055,0.10962451994419098,0.05916788429021835,0.17165204882621765,0.4408322870731354,0.02211178094148636,0.013927417807281017,0.0954168513417244,0.11783552169799805,0.5945436358451843,0.14965727925300598,-0.06317846477031708,0.004876661114394665,-0.09665073454380035,-0.16676121950149536,0.031318895518779755,-0.34791699051856995,-0.4224252700805664,0.02029500901699066,0.06820350885391235,0.20742857456207275,0.21227124333381653,-0.031117338687181473,-0.03457660228013992,0.11617869138717651,0.21952426433563232,0.12895384430885315,-0.12238695472478867,0.09233023226261139,0.026508811861276627,-0.05568673461675644,0.22975477576255798,0.05420964956283569,-0.18060648441314697,0.0245131254196167,-0.09594020992517471,0.07207587361335754,0.12256865203380585,0.05821986868977547,0.04352794960141182,-0.7144190073013306,-0.04076819494366646,-0.24041660130023956,0.17878960072994232,0.26706933975219727,0.2604690492153168,-0.3560810983181,-0.12881840765476227,0.18917158246040344,-0.08325933665037155,0.08456718921661377,0.2231866419315338,0.1365077942609787,-0.3581722676753998,0.13218939304351807,0.020359333604574203,-0.003284309757873416,0.06840554624795914,0.114924356341362,0.17551781237125397,-0.39967459440231323,0.05643637850880623,-0.2474692165851593,-0.26840072870254517,-0.020673897117376328,-0.1724684089422226,-0.4705704152584076,0.04798373207449913,0.45164385437965393,0.05270981043577194,0.18559503555297852,-0.21242690086364746,-0.024459917098283768,0.016294440254569054,-0.36608177423477173,-0.08857481926679611,-0.24771757423877716,0.3659161925315857,0.052127398550510406,-0.3679322600364685,0.2319696843624115,0.17285503447055817,-0.3564762771129608,-0.23692338168621063,-0.14489631354808807,-0.01958969049155712,-0.34025710821151733,0.36937904357910156,-0.07002110779285431,0.28899288177490234,0.029346883296966553,0.1883591264486313,0.15282826125621796,-0.164811372756958,0.005819124169647694,-0.06206383556127548,0.021138567477464676,-0.1050085574388504,0.16746845841407776,-0.05968351289629936,-0.19189664721488953,-0.48876339197158813,0.07213092595338821,-0.3378550708293915,-0.33025461435317993,-0.021842405200004578,-0.09368201345205307,0.27385300397872925,0.26822683215141296,-0.16063597798347473,-0.1833435744047165,0.14959055185317993,-0.5445314049720764,-0.26059913635253906,-0.08312716335058212,-0.01729586161673069,0.25173160433769226,0.14347700774669647,0.10437687486410141,-0.06653380393981934,-0.031084418296813965,0.13820254802703857,-0.07654696702957153,0.07073525339365005,0.10971905291080475,-0.05794788524508476,0.26783517003059387,0.08297830820083618,0.035594068467617035,0.07665032148361206,0.051505912095308304,-0.20643162727355957,-0.36408162117004395,0.016798075288534164,-0.03686798736453056,-0.13093137741088867,-0.1339462250471115,-0.48054900765419006,0.180598184466362,0.055072396993637085,0.07958053052425385,-0.14794258773326874,-0.6287860870361328,-0.10937358438968658,-0.09022361040115356,0.3366011083126068,-0.09351624548435211,-0.05873757600784302,0.18528416752815247,-0.19211864471435547,0.05022736266255379,-0.026761770248413086,0.5633679628372192,-0.1995254009962082,0.08760865032672882,-0.15224230289459229,0.04460738226771355,0.057131506502628326,-0.292228639125824,-0.130902960896492,0.07224545627832413,0.16805115342140198,0.027723127976059914,-0.14506550133228302,-0.023401770740747452,-0.07630254328250885,-0.3794200122356415,-0.09280091524124146,0.24092289805412292,-0.005436825565993786,0.07368437945842743,-0.09872500598430634,0.43033018708229065,-0.1868278533220291,-0.22072823345661163,0.5395283102989197,0.2547261118888855,-0.10601542145013809,-0.3466821014881134,-0.234613299369812,0.11257541179656982,0.27924662828445435,-0.23736242949962616,0.1284780502319336,-0.10643152892589569,0.41630643606185913,-0.035630352795124054,-0.07965123653411865,-0.1876978725194931,0.015555101446807384,-0.18213814496994019,0.13373179733753204,-0.11518113315105438,0.25021377205848694,0.04834198206663132,-0.16082005202770233,0.12632986903190613,0.10445041954517365,0.20906028151512146,-0.24912595748901367,-0.01841059885919094,-0.01749054156243801,-0.26017338037490845,0.12799490988254547,0.33025988936424255,0.276786208152771,0.2574816346168518,-0.2202390730381012,0.34661731123924255,0.23879411816596985,-0.24580812454223633,-0.4080691337585449,-0.12677638232707977,-0.01758357137441635,-0.22453157603740692,-0.423930823802948,-0.14774110913276672,0.22416171431541443,0.014398789033293724,0.1705627739429474,-0.22004711627960205,0.020442981272935867,0.16773346066474915,-0.06522147357463837,-0.026461344212293625,-0.29825955629348755,0.40433168411254883,0.14235416054725647,0.4079587459564209,-0.5086514949798584,0.17257431149482727,-0.1266869157552719,0.07926063239574432,-0.03598817065358162,-0.046581633388996124,0.1538688987493515
CID000003143,567,-0.05335016921162605,0.031966228038072586,0.03455033153295517,-0.006706839893013239,0.20119011402130127,0.310316801071167,0.18224740028381348,0.04642133414745331,-0.25016164779663086,-0.23054131865501404,0.054291535168886185,-0.619412899017334,0.34205231070518494,-0.18469738960266113,-0.15210796892642975,-0.15742278099060059,0.1233196035027504,-0.23602351546287537,0.12730321288108826,-0.1418800801038742,0.3528027832508087,-0.21304431557655334,-0.19691282510757446,-0.1729118525981903,0.09861322492361069,-0.16465646028518677,0.07072252035140991,0.108522430062294,-0.04900147393345833,0.41879886388778687,-0.1709035187959671,0.29130926728248596,0.16741596162319183,-0.02392290160059929,-0.6447350978851318,0.139205664396286,-0.10350529849529266,-0.3328748047351837,-0.2295459806919098,-0.05462125688791275,0.09361784160137177,0.19468870759010315,-0.4742942452430725,0.21764633059501648,0.4009447693824768,0.035776495933532715,-0.14428074657917023,0.059259265661239624,0.10591346025466919,-0.2647162675857544,-0.4950525164604187,0.11893640458583832,-0.21400514245033264,-0.24575404822826385,0.1677180528640747,-0.14544206857681274,0.07574678212404251,-0.11680412292480469,0.39051198959350586,-0.022683490067720413,-0.8255048990249634,0.14949575066566467,-0.38644465804100037,-0.05073835328221321,-0.15660232305526733,0.13142119348049164,0.0002569273055996746,0.3304899334907532,0.10384681075811386,0.10590853542089462,-0.2393207848072052,-0.13440105319023132,-0.07579945027828217,0.09434585273265839,0.251184344291687,0.20281115174293518,0.14833638072013855,0.37492433190345764,-0.12787431478500366,-0.13332051038742065,-0.23509113490581512,-0.20077863335609436,-0.02270691469311714,-0.015328546054661274,-0.09378590434789658,0.03321155905723572,-0.35519760847091675,-0.13857302069664001,0.3662984371185303,-0.12370018661022186,-0.030619660392403603,-0.18893717229366302,0.09619017690420151,-0.09432832896709442,-0.45578622817993164,0.09087018668651581,-0.05472913384437561,0.14219285547733307,0.19394461810588837,-0.2359025478363037,0.15295566618442535,0.14929719269275665,-0.23014815151691437,0.2268369197845459,-0.2909988760948181,-0.18430085480213165,-0.43907785415649414,0.19484198093414307,-0.12265481799840927,0.0697178915143013,0.3567301630973816,-0.03181896358728409,0.14875608682632446,0.13557161390781403,0.19982130825519562,-0.07627816498279572,-0.055471815168857574,-0.5553037524223328,0.2806541323661804,0.031183242797851562,-0.0468645915389061,-0.7541507482528687,-0.18436715006828308,-0.05359598249197006,-0.3679526150226593,0.1998051106929779,0.1478004902601242,0.31367677450180054,0.12900090217590332,0.12351351976394653,0.00982276163995266,-0.051188014447689056,-0.5528615713119507,-0.2915298640727997,0.17850293219089508,-0.0771845206618309,0.1319374144077301,-0.2571731209754944,-0.0907084047794342,-0.3316098749637604,-0.28156715631484985,0.020788539201021194,0.12628373503684998,-0.08605378866195679,-0.19562771916389465,-0.09734257310628891,-0.12127556651830673,-0.08462457358837128,0.39061063528060913,-0.11853287369012833,0.038262926042079926,0.26584115624427795,-0.2519896328449249,0.1662992238998413,-0.025648796930909157,-0.02068941853940487,-0.07612866163253784,-0.44285812973976135,-0.023958619683980942,0.12497669458389282,-0.07413268834352493,-0.10395258665084839,-0.8245455026626587,-0.045691393315792084,0.6763212084770203,0.16565895080566406,-0.13012661039829254,0.14761939644813538,0.03461368754506111,-0.07446897029876709,-0.277302086353302,-0.29966533184051514,0.3306313753128052,0.05678999423980713,-0.23098909854888916,-0.023379933089017868,0.16855035722255707,0.021530000492930412,-0.442943274974823,-0.013537225313484669,0.2581568956375122,0.24899108707904816,0.041867684572935104,-0.1599380224943161,-0.027820397168397903,-0.1650431603193283,-0.2084658145904541,-0.015924489125609398,0.6103540658950806,0.030053606256842613,0.22104501724243164,-0.40690237283706665,-0.05758463218808174,-0.02847195789217949,-0.22441652417182922,0.26072585582733154,0.009765532799065113,-0.04280173406004906,-0.302863746881485,0.1501946747303009,0.0039467038586735725,-0.03378457576036453,-0.27647286653518677,0.14298662543296814,0.006393007934093475,0.15561139583587646,0.013173806481063366,-0.17982009053230286,-0.33024293184280396,-0.200453519821167,0.11078653484582901,-0.09690447896718979,-0.031589411199092865,0.01303537655621767,0.04379235580563545,0.11525838077068329,0.5191055536270142,-0.06273438036441803,0.12408880889415741,-0.015245986171066761,-0.07552561908960342,-0.13901403546333313,-0.5371959805488586,-0.15041649341583252,0.1250447928905487,-0.19126559793949127,0.1809065043926239,-0.09473027288913727,0.973918616771698,0.2505437731742859,-0.1854858100414276,-0.05307620018720627,-0.006644540932029486,0.10305265337228775,-0.4603375494480133,-0.1730346977710724,-0.26055869460105896,0.1902289092540741,0.3985303044319153,0.01574878767132759,-0.34405216574668884,-0.0760936588048935,0.11571583896875381,-0.10573377460241318,0.11326172202825546,-0.08436129987239838,0.17484508454799652,0.09170917421579361,0.30658194422721863,-0.8578588366508484,-0.0991581454873085,0.503414511680603,0.19938752055168152,0.04860043525695801,-0.0079070208594203,-0.12553155422210693
CID000003750,568,0.00797202903777361,0.3405751585960388,0.032804183661937714,-0.008691060356795788,0.2956831157207489,0.3291381895542145,0.22173264622688293,-0.17059333622455597,-0.15463638305664062,-0.17744848132133484,0.025404134765267372,-0.6829357147216797,0.10213802009820938,-0.16687379777431488,-0.10221520811319351,-0.17074212431907654,-0.02403178997337818,-0.2385759800672531,0.14272484183311462,0.08184371888637543,0.3355178236961365,-0.13178448379039764,-0.2797313630580902,0.05137898400425911,-0.13155972957611084,-0.1268806904554367,0.028826361522078514,0.14886170625686646,-0.018614035099744797,0.4278910160064697,-0.2711763083934784,0.41481465101242065,0.1673891395330429,0.07447312027215958,-0.9490576982498169,-0.14761343598365784,-0.13770921528339386,-0.18366701900959015,-0.10380786657333374,0.052454035729169846,-0.0055354139767587185,0.11399479955434799,-0.2791500985622406,0.17728129029273987,0.5176407694816589,-0.017606209963560104,-0.017686259001493454,-0.0066073895432055,0.013062399812042713,-0.2916531562805176,-0.8342472314834595,0.014037800021469593,-0.32108074426651,-0.16495132446289062,0.08851692080497742,-0.033844660967588425,-0.036191876977682114,-0.3296689987182617,0.47086650133132935,0.004596334882080555,-1.0170975923538208,-0.08860144764184952,-0.382082462310791,0.039489880204200745,-0.08232219517230988,-0.032362036406993866,-0.0030591010581701994,0.5427204966545105,-0.074437215924263,0.007644480559974909,-0.24413840472698212,-0.23610612750053406,-0.13997986912727356,0.26740068197250366,0.24525758624076843,0.31847235560417175,0.10863544046878815,0.4043463170528412,-0.097833052277565,-0.125544473528862,-0.1277058720588684,0.005799931474030018,0.16793988645076752,0.09856722503900528,-0.12341183423995972,-0.11826585233211517,-0.22593608498573303,0.07724852859973907,0.505073606967926,0.06484363228082657,-0.021616492420434952,-0.05095437914133072,-0.09587416797876358,-0.09308518469333649,-0.5652793049812317,-0.07614246010780334,-0.1637708842754364,0.136490136384964,0.20191022753715515,-0.23266851902008057,0.35153040289878845,0.04460572078824043,-0.2143620252609253,0.2488512247800827,-0.14448723196983337,-0.16887232661247253,-0.5152634978294373,0.23089249432086945,0.03787343576550484,-0.0021929950453341007,0.0789216011762619,-0.12710942327976227,0.12608055770397186,0.0711803287267685,0.30780673027038574,-0.03092888556420803,0.0939512774348259,-0.46285542845726013,0.2523804008960724,0.0474209226667881,0.2761688828468323,-1.0029308795928955,-0.10278695821762085,-0.05267367511987686,-0.36561527848243713,0.029345203191041946,0.16856268048286438,0.1682622879743576,0.08198517560958862,0.21695558726787567,0.05301769822835922,-0.18168534338474274,-0.5927754640579224,-0.2679855227470398,0.18541476130485535,0.06951658427715302,0.4517626166343689,-0.4022712707519531,-0.01764470338821411,-0.2280881404876709,0.02177361771464348,-0.012902733869850636,0.13342157006263733,-0.0553780198097229,-0.24057850241661072,-0.06359590590000153,-0.26006168127059937,0.08623076230287552,0.2987169623374939,-0.03371468186378479,-0.004463140852749348,0.0105408551171422,-0.07348431646823883,0.17589008808135986,0.10789108276367188,-0.12615498900413513,-0.07217954099178314,-0.45204973220825195,-0.11587395519018173,0.13979537785053253,0.02582816407084465,-0.11193585395812988,-0.9098518490791321,0.13630636036396027,0.6723008155822754,0.09206162393093109,-0.05702715367078781,-0.07277711480855942,-0.06698836386203766,0.09150724858045578,-0.14204145967960358,-0.3368680775165558,0.41410398483276367,0.06261038035154343,-0.17047248780727386,0.020273542031645775,0.025903213769197464,0.12967662513256073,-0.4080697000026703,0.11196096986532211,0.3367033302783966,0.21094949543476105,0.008777779527008533,-0.11338195949792862,0.00463458988815546,-0.19742125272750854,-0.1989869475364685,-0.045804403722286224,0.8615727424621582,-0.0951729565858841,0.08211885392665863,-0.3396614193916321,-0.06933358311653137,0.10636866092681885,-0.18348027765750885,0.20457163453102112,-0.14831000566482544,-0.22052791714668274,-0.31167227029800415,0.025992602109909058,-0.022070204839110374,-0.31888338923454285,-0.40266984701156616,0.12590543925762177,0.0008366942638531327,0.03846434876322746,0.07375539839267731,-0.0843488872051239,-0.4683440625667572,-0.12082593142986298,0.27131742238998413,-0.1194530725479126,-0.09933821856975555,0.09755188226699829,0.09342649579048157,-0.07030148804187775,0.7444047331809998,0.16503776609897614,0.1382739543914795,0.03707627207040787,0.19373399019241333,-0.20740818977355957,-0.5779353976249695,-0.15474967658519745,0.32849544286727905,-0.12807437777519226,0.1851286143064499,-0.1632544994354248,1.024829626083374,0.1051795482635498,-0.08253742009401321,0.04086267575621605,0.018693184480071068,0.04905186593532562,-0.491801917552948,-0.22339394688606262,0.00854569673538208,0.034480657428503036,0.24152107536792755,-0.2025877982378006,-0.3593624234199524,-0.09450992196798325,-0.03199569135904312,-0.08096388727426529,-0.15850117802619934,-0.2069731205701828,0.04965076595544815,0.006356105208396912,0.1920200139284134,-1.0867886543273926,-0.1069217175245285,0.6551178693771362,0.23687255382537842,0.15426525473594666,0.11845479160547256,0.0758630782365799
CID000005466,571,-0.1387248933315277,-0.1816193163394928,-0.21355774998664856,-0.1654289960861206,0.3199998438358307,0.28792911767959595,-0.09170126169919968,0.03853399306535721,-0.2803707718849182,-0.24448220431804657,-0.0031415224075317383,-0.3568100333213806,-0.014846302568912506,-0.15536952018737793,0.16971361637115479,-0.051746539771556854,-0.025814974680542946,0.21231010556221008,-0.007332113571465015,-0.08819516003131866,-0.04282845929265022,0.08811338245868683,0.11113141477108002,0.10116066783666611,-0.025816481560468674,-0.13756820559501648,0.08858920633792877,-0.0071306005120277405,-0.08935827761888504,0.2598801851272583,0.05171801894903183,-0.30622807145118713,-0.06946627050638199,-0.023104947060346603,-0.45547419786453247,0.011857145465910435,-0.2018059492111206,-0.2774185836315155,-0.08478423207998276,-0.09436005353927612,0.020097974687814713,0.09923258423805237,-0.11486146599054337,-0.16105084121227264,0.16375333070755005,0.06740176677703857,0.19254527986049652,0.01165896374732256,-0.17574992775917053,-0.12950275838375092,-0.04300127178430557,0.17309725284576416,0.0059792534448206425,-0.054036855697631836,0.08337629586458206,-0.05387488752603531,-0.09391719102859497,-0.16145168244838715,0.07150953263044357,-0.024797562509775162,-0.9479542970657349,-0.1112004742026329,-0.33803072571754456,0.26726001501083374,0.12161944061517715,0.1402633935213089,-0.07935857027769089,0.10926955938339233,-0.10912902653217316,0.12008793652057648,-0.08476226031780243,0.27094537019729614,-0.08218725025653839,-0.17057518661022186,0.036647822707891464,-0.09831149876117706,-0.08117534220218658,0.009327300824224949,0.13971343636512756,-0.059134721755981445,-0.145431250333786,-0.030713994055986404,-0.20202115178108215,-0.04909834265708923,-0.0719272792339325,-0.13963493704795837,-0.24286262691020966,-0.2728821039199829,0.18977144360542297,-0.06213470175862312,-0.06277700513601303,-0.11794289201498032,0.0005555450916290283,0.04118628054857254,-0.40494608879089355,0.011172410100698471,-0.12701527774333954,0.31956711411476135,0.18750785291194916,-0.3388064503669739,0.10778872668743134,0.26228785514831543,-0.2683945298194885,-0.07771631330251694,-0.22099438309669495,0.0877135619521141,-0.4809536933898926,0.25362512469291687,-0.03553765267133713,0.16401340067386627,0.11658637225627899,0.07293973863124847,0.19904783368110657,0.09030766785144806,0.045360468327999115,0.19609643518924713,-0.12291208654642105,-0.08682096749544144,0.14667615294456482,0.026208389550447464,-0.20796597003936768,-0.5575326085090637,0.06554119288921356,-0.14669454097747803,-0.3709595799446106,0.15286855399608612,-0.06741020828485489,0.321643590927124,0.15366624295711517,-0.11549624055624008,-0.2524244785308838,0.060945648699998856,-0.5066438317298889,-0.27916818857192993,-0.12971368432044983,-0.15613698959350586,0.03101326897740364,-0.10643129050731659,-0.10108081251382828,0.02924323081970215,4.934147000312805e-06,0.18212822079658508,-0.2737967371940613,-0.07329125702381134,-0.0044320449233055115,-0.01868334785103798,0.10528998076915741,-0.12322882562875748,-0.03507199138402939,0.17384496331214905,-0.010841934010386467,-0.0409916415810585,0.052340067923069,0.14611396193504333,0.11136330664157867,-0.08759291470050812,-0.09915028512477875,-0.27820882201194763,0.12827175855636597,0.02999754808843136,0.10938302427530289,-0.07791941612958908,-0.8226617574691772,0.03330983594059944,0.16602769494056702,0.24534133076667786,-0.149612158536911,-0.15715107321739197,0.09084845334291458,-0.017278721556067467,-0.11090423166751862,-0.22515931725502014,0.24111886322498322,-0.18117132782936096,0.08011004328727722,-0.05407930165529251,-0.09242673963308334,0.19673755764961243,-0.5252760648727417,-0.23254430294036865,0.23506589233875275,0.3186918795108795,0.022846709936857224,-0.03511176258325577,-0.07295183837413788,0.020577285438776016,-0.16563865542411804,0.03860814496874809,0.3771950304508209,-0.27463996410369873,0.21777872741222382,0.010729633271694183,-0.08573634922504425,-0.15730948746204376,-0.10271918773651123,0.2743116617202759,-0.03281666710972786,0.02040349878370762,-0.09007550776004791,-0.1885862946510315,-0.04698901250958443,-0.06002949923276901,-0.05847100168466568,0.09128737449645996,-0.14802664518356323,0.1838010549545288,0.030196692794561386,-0.12560519576072693,-0.005866737570613623,-0.05552654713392258,-0.009462553076446056,0.17005912959575653,0.04761359095573425,0.015343266539275646,0.057975418865680695,0.2745093107223511,0.25737330317497253,0.08242255449295044,-0.13175399601459503,-0.34942054748535156,0.007927903905510902,-0.14295214414596558,-0.35884571075439453,0.0938432440161705,0.21359559893608093,-0.14641276001930237,0.15458109974861145,-0.2558450698852539,0.6422579884529114,0.03643553704023361,-0.21996378898620605,-0.12726715207099915,-0.1404607594013214,-0.08626492321491241,-0.5813332796096802,-0.17199012637138367,-0.026452019810676575,0.14207538962364197,0.2701736092567444,-0.17208977043628693,-0.058634765446186066,-0.11682999134063721,-0.01190614141523838,0.1204049363732338,0.08847465366125107,-0.07293319702148438,0.16050711274147034,-0.07104166597127914,0.104051373898983,-0.5778893828392029,-0.02648586593568325,0.04048321768641472,0.10653773695230484,-0.17138011753559113,0.11393443495035172,0.032210953533649445
CID000004909,579,-0.01013999618589878,0.07938988506793976,-0.21359865367412567,-0.31821662187576294,0.5073621273040771,0.31693682074546814,0.22235241532325745,-0.1408771425485611,-0.3252115845680237,-0.05750236660242081,-0.1691880226135254,-0.44696885347366333,0.023232143372297287,-0.14649417996406555,-0.18173828721046448,0.2131834477186203,0.16650673747062683,-0.017175987362861633,-0.06614547967910767,-0.31388768553733826,0.32693201303482056,0.05001179501414299,-0.12743546068668365,0.09734280407428741,-0.12892618775367737,0.1254308819770813,-0.119107186794281,0.042650025337934494,-0.22138318419456482,0.3639707565307617,-0.236821249127388,0.053338777273893356,0.027385199442505836,0.047762706875801086,-0.46351319551467896,0.14003941416740417,-0.4537580609321594,-0.37794384360313416,-0.171391099691391,0.011003432795405388,0.04801950976252556,0.008846735581755638,-0.16017194092273712,-0.041367433965206146,0.24205274879932404,0.22522084414958954,-0.03984996676445007,-0.16083136200904846,-0.04248595982789993,0.0037975944578647614,-0.41447514295578003,0.09257656335830688,-0.1895093023777008,-0.34013688564300537,-0.005524161271750927,0.02235686406493187,-0.009819199331104755,-0.1866568773984909,0.0788261741399765,-0.11536948382854462,-0.9636911153793335,-0.25813955068588257,-0.13371936976909637,0.31095555424690247,-0.006104636006057262,0.21497806906700134,-0.09508787840604782,0.11453066021203995,0.07687481492757797,0.27273350954055786,-0.15522795915603638,0.16732564568519592,-0.013891172595322132,-0.21919658780097961,0.2043234407901764,-0.1884879767894745,-0.13011987507343292,0.02749001979827881,0.049374040216207504,-0.021718919277191162,-0.18121936917304993,0.13257646560668945,-0.08740659058094025,-0.23353800177574158,0.008498841896653175,-0.1318206489086151,-0.12162180244922638,-0.09614075720310211,0.5385338664054871,-0.03398668020963669,-0.11469880491495132,-0.21817806363105774,-0.22026541829109192,0.006010577082633972,-0.5154331922531128,0.11797608435153961,-0.20265939831733704,0.5511831641197205,0.15076124668121338,-0.17388808727264404,0.45963573455810547,0.13142402470111847,-0.012537571601569653,0.34565871953964233,-0.18896235525608063,0.056799184530973434,-0.29638198018074036,0.3371102213859558,-0.12289992719888687,0.18081626296043396,-0.13914890587329865,0.242293119430542,0.5702676177024841,-0.012041610665619373,0.1673266589641571,-0.09602408111095428,-0.06023634225130081,-0.20945093035697937,0.2621895968914032,0.07111454010009766,0.03672747686505318,-0.7576485276222229,0.048791419714689255,-0.23378977179527283,-0.45533889532089233,0.031600017100572586,-0.2367054522037506,0.29813632369041443,0.13004323840141296,-0.08854846656322479,-0.2340250462293625,0.10627509653568268,-0.4311893880367279,-0.20935335755348206,0.1276153028011322,0.06432458013296127,0.06806936115026474,-0.11888717114925385,-0.2001630961894989,-0.09093080461025238,-0.05078446865081787,0.26125842332839966,0.14394883811473846,0.09726972877979279,0.3937390446662903,-0.11023227125406265,0.1976446658372879,-0.3094119429588318,0.12000338733196259,0.1601037085056305,-0.3028015196323395,-0.05891841650009155,0.07082292437553406,-0.08463922142982483,0.11060116440057755,0.04667416587471962,0.16312023997306824,-0.3398647606372833,0.10639473050832748,0.18382695317268372,0.06342063844203949,-0.08787290751934052,-0.9553718566894531,-0.057343482971191406,0.08281631767749786,0.32893651723861694,-0.33161768317222595,-0.171528160572052,0.25651487708091736,0.09089934825897217,-0.06708070635795593,-0.181228369474411,0.45993080735206604,-0.40434879064559937,-0.14773261547088623,-0.03708144277334213,0.08176571875810623,-0.05510915443301201,-0.25460386276245117,0.04740437492728233,0.2826594114303589,0.20255836844444275,0.012553481385111809,0.029019584879279137,0.007692715618759394,-0.11426540464162827,-0.37126317620277405,-0.04372560977935791,0.5645745992660522,-0.22834178805351257,-0.08852139860391617,-0.08000630140304565,-0.03641638159751892,-0.30251365900039673,-0.1972767859697342,0.5533953309059143,-0.004836553242057562,0.0948035717010498,-0.5035495162010193,-0.12353754043579102,-0.05377769470214844,0.16149605810642242,-0.15716202557086945,0.07387690246105194,-0.08349340409040451,0.3182533383369446,0.1382005661725998,-0.2142850160598755,-0.0761374682188034,0.1216450184583664,0.10603728145360947,0.22048577666282654,-0.10872961580753326,0.029141683131456375,0.5592039823532104,0.01984764263033867,0.4378127157688141,0.20774154365062714,-0.11273624747991562,-0.2047044336795807,0.1623440533876419,0.034877728670835495,-0.42513400316238403,0.029820222407579422,0.2142196148633957,0.13529065251350403,0.17981581389904022,-0.4344077706336975,0.5723474621772766,-0.03490331023931503,0.023666629567742348,-0.03072677180171013,-0.06272228807210922,-0.10287809371948242,-0.31625229120254517,-0.17256398499011993,-0.07824292033910751,0.020897064357995987,0.14837178587913513,0.2450375109910965,-0.015815576538443565,-0.12449437379837036,-0.015446074306964874,-0.11750885099172592,-0.04174668341875076,-0.4641300141811371,0.17500674724578857,-0.16997744143009186,0.06805974990129471,-0.7194803953170776,0.1422419250011444,0.1593126654624939,0.39814671874046326,0.11601082980632782,0.0590498261153698,0.22336551547050476
CID000005245,580,-0.13407857716083527,-0.2436995804309845,-0.018216442316770554,-0.02127210423350334,0.5098863840103149,0.26130804419517517,-0.07363252341747284,0.040620993822813034,-0.2866103947162628,-0.02973603829741478,0.12414254993200302,-0.4205032289028168,-0.012791728600859642,-0.11430120468139648,0.01988070085644722,0.03872261196374893,0.13960914313793182,0.1507236212491989,-0.13457271456718445,-0.12384238094091415,0.0630691722035408,0.17902591824531555,0.08478885143995285,-0.014037546701729298,-0.045825183391571045,0.047218941152095795,-0.28093525767326355,0.06826459616422653,-0.02668716572225094,0.29130303859710693,0.10320542007684708,-0.36551761627197266,0.011671969667077065,0.01629212684929371,-0.46779394149780273,-0.048820655792951584,-0.2943395674228668,-0.16908307373523712,-0.17902103066444397,-0.06653273850679398,0.1861213892698288,-0.03362050652503967,-0.24986621737480164,-0.3055875897407532,0.05249710753560066,-0.07860323041677475,-0.0695844292640686,0.05944178253412247,0.05901534482836723,-0.14137569069862366,0.0220430139452219,0.07761245965957642,0.1039019450545311,-0.27128398418426514,0.1026618480682373,0.09905089437961578,-0.17165088653564453,0.026125341653823853,0.2529943585395813,-0.03332888334989548,-0.9502761960029602,0.05684857442975044,-0.24448487162590027,0.1916341483592987,0.03980880230665207,0.14630450308322906,-0.11084623634815216,0.1352493017911911,-0.08145864307880402,-0.00963746290653944,-0.2070721834897995,0.016495157033205032,-0.05985364317893982,-0.25505322217941284,0.12854839861392975,-0.12015773355960846,-0.16274087131023407,-0.13314063847064972,0.161172553896904,-0.0820215716958046,-0.3066536486148834,-0.2066282033920288,-0.224622443318367,-0.12073038518428802,-0.15012218058109283,-0.08589017391204834,-0.16123858094215393,-0.07719675451517105,0.5586444139480591,-0.16735021770000458,-0.17017273604869843,-0.036201346665620804,0.13683511316776276,0.017856474965810776,-0.49836891889572144,-0.11144331842660904,-0.13380612432956696,0.19937145709991455,0.07008291780948639,-0.19071641564369202,0.13636499643325806,0.29661449790000916,-0.34333333373069763,0.10671959817409515,-0.12800860404968262,0.02274814248085022,-0.3822604715824127,0.16622701287269592,0.14288464188575745,0.03684203326702118,0.20482251048088074,0.027635717764496803,0.19549542665481567,0.09271024167537689,0.04758241027593613,0.1267608106136322,-0.18268325924873352,-0.17698872089385986,0.18753090500831604,0.010982739739120007,-0.15447880327701569,-0.7347074151039124,0.0687515139579773,0.043526582419872284,-0.40799134969711304,-0.06505255401134491,-0.06915844976902008,0.4630158841609955,0.07094968110322952,-0.18384294211864471,-0.04449697211384773,-0.03729463368654251,-0.3877091407775879,-0.3952348828315735,-0.1749148666858673,-0.22533902525901794,0.21167108416557312,0.06583581864833832,-0.033312827348709106,-0.011118138208985329,-0.05080964416265488,0.007628162857145071,-0.12485110759735107,0.08514373004436493,0.1285407841205597,-0.06779171526432037,0.04981956630945206,-0.09029360115528107,0.1781463325023651,0.13281582295894623,-0.012137185782194138,0.02586989663541317,0.024938225746154785,0.028168147429823875,-0.16951754689216614,-0.12237679958343506,-0.11469252407550812,-0.2726067900657654,-0.04234396666288376,-0.06725843250751495,0.03467864915728569,0.05621480196714401,-1.0349794626235962,0.1830102503299713,0.2333911955356598,0.2376541793346405,-0.3300332725048065,-0.009681930765509605,0.2655280828475952,0.1247636079788208,-0.1970915049314499,-0.17934098839759827,0.2585156559944153,0.11221450567245483,-0.11024482548236847,-0.03180970996618271,0.1847786009311676,0.24490170180797577,-0.45314478874206543,-0.1246747151017189,0.2567223608493805,0.24637934565544128,0.08828405290842056,0.0654878094792366,-0.10787860304117203,0.08021152764558792,-0.21551187336444855,0.008509799838066101,0.5225602984428406,-0.04968070238828659,0.19111068546772003,-0.3325943350791931,-0.051139067858457565,-0.16171491146087646,-0.14313648641109467,0.3259579539299011,0.024390682578086853,-0.20888015627861023,-0.0962410420179367,-0.07929321378469467,-0.1019783765077591,0.08274541795253754,-0.2566441595554352,-0.05923960357904434,-0.061469219624996185,0.276955783367157,0.0013447664678096771,-0.10885398089885712,0.0354229174554348,-0.1489783227443695,-0.10439042747020721,0.01968170329928398,0.024596497416496277,0.10716724395751953,0.1679857224225998,0.07581063359975815,0.27317219972610474,-0.20556442439556122,-0.20333831012248993,-0.39720338582992554,-0.15326189994812012,-0.08388099819421768,-0.5474730730056763,-0.0016110442811623216,0.11250309646129608,-0.23704461753368378,0.19449496269226074,-0.28375309705734253,0.8501567840576172,0.07063396275043488,-0.23173673450946808,-0.10421516746282578,-0.22003643214702606,-0.0772399827837944,-0.596918523311615,-0.08240582793951035,0.05409169942140579,0.1320100724697113,0.2547997534275055,-0.05029869079589844,-0.28778696060180664,-0.08703309297561646,-0.047075413167476654,0.18098831176757812,0.10182718932628632,-0.21852341294288635,0.11835329234600067,0.08394618332386017,-0.08783987164497375,-0.6453004479408264,0.034668780863285065,0.30716097354888916,0.22878007590770721,0.03745840862393379,0.044804397970438004,-0.03428121283650398
CID000003454,583,0.09790846705436707,-0.0074872104451060295,0.007789867930114269,-0.0653676688671112,0.7364284992218018,0.511750340461731,0.16851097345352173,0.052219707518815994,-0.5431573390960693,-0.224016934633255,0.42781272530555725,-0.31867873668670654,0.01116687897592783,-0.07672421634197235,-0.2016192227602005,0.12392167001962662,0.033585768193006516,0.18637993931770325,0.15958143770694733,-0.03631046414375305,-0.020225007086992264,0.31582772731781006,0.034441836178302765,0.23483648896217346,0.012854555621743202,0.10549032688140869,0.017458442598581314,-0.13221946358680725,-0.2125575840473175,0.5542027354240417,-0.3094410002231598,0.2112310379743576,0.10572031885385513,-0.11837627738714218,-0.7524232268333435,0.004012966062873602,-0.4076897203922272,-0.2615970969200134,-0.22895312309265137,0.15727843344211578,-0.013856279663741589,0.14982764422893524,-0.324247270822525,-0.2224486619234085,0.5047376155853271,0.17860054969787598,0.06239859387278557,-0.11004126071929932,0.2634769678115845,-0.03785254433751106,-0.6167915463447571,-0.0037622631061822176,0.010726183652877808,-0.3278850018978119,0.038713984191417694,-0.26774877309799194,-0.07033733278512955,0.020023703575134277,0.51197350025177,0.15891268849372864,-0.920885443687439,0.11531490087509155,-0.320380300283432,0.3791824281215668,0.09719352424144745,-0.23502667248249054,-0.22861838340759277,0.08597572147846222,-0.11601375043392181,-0.12933306396007538,-0.40750330686569214,-0.18782556056976318,0.107512928545475,-0.08319428563117981,0.5425108671188354,-0.10988347232341766,-0.1508224755525589,0.18527480959892273,-0.02163582481443882,-0.3931470215320587,-0.046394653618335724,-0.22165599465370178,-0.2942127585411072,-0.1917542815208435,0.22290508449077606,-0.42321881651878357,-0.01914341002702713,-0.05230049043893814,0.3242834210395813,-0.02168770134449005,-0.22351136803627014,-0.21757671236991882,0.1266508549451828,-0.20875568687915802,-0.5452510118484497,-0.2503350079059601,-0.08630070835351944,0.2003154754638672,0.12248943746089935,-0.017977025359869003,0.41191157698631287,0.08956458419561386,-0.18004067242145538,0.4137420654296875,-0.22662317752838135,0.02263057604432106,-0.5919803380966187,0.41268473863601685,-0.43916401267051697,0.317806601524353,0.04532788321375847,0.3766102194786072,0.03703167289495468,0.04998219385743141,0.10408500581979752,-0.191099613904953,0.022529974579811096,-0.891337513923645,0.16642645001411438,0.14480113983154297,0.16458316147327423,-0.7823601961135864,0.12081559002399445,-0.32488739490509033,-0.12645959854125977,0.28252145648002625,0.19663186371326447,0.22048631310462952,-0.06842915713787079,-0.005752867553383112,-0.021395986899733543,-0.08431555330753326,-0.3840537667274475,-0.4581991136074066,-0.19463381171226501,-0.153189018368721,0.17230063676834106,-0.3462630808353424,0.11395351588726044,0.06563675403594971,-0.10073798894882202,0.1730104684829712,0.06313052028417587,0.1068425327539444,-0.01521875150501728,0.1797468066215515,-0.14011766016483307,-0.094447061419487,-0.27542537450790405,0.22164416313171387,0.02347457781434059,-0.17220091819763184,0.04242325574159622,-0.23380108177661896,0.033278029412031174,-0.09463319182395935,0.24359118938446045,-0.44861283898353577,-0.041358716785907745,0.19162797927856445,-0.0398322269320488,0.12411987781524658,-0.6360734105110168,-0.1683366745710373,0.3498033583164215,0.22973641753196716,-0.20977267622947693,0.1413017213344574,0.0763460099697113,-0.020446013659238815,-0.39307084679603577,0.02954110875725746,0.45565181970596313,-0.03983142226934433,0.1374375820159912,-0.19386713206768036,0.46744608879089355,-0.1792777180671692,-0.39993003010749817,-0.1045648604631424,-0.03216574341058731,0.12183159589767456,-0.07022587209939957,-0.23094864189624786,-0.10914435237646103,-0.21441969275474548,-0.0817132368683815,-0.19489595293998718,0.6449447274208069,0.22851252555847168,-0.01172611303627491,-0.19027495384216309,0.23023326694965363,0.20010730624198914,-0.1368338167667389,0.6122555136680603,-0.07977437973022461,-0.08950772136449814,-0.34402912855148315,0.24249131977558136,0.10889267921447754,-0.07114602625370026,-0.2030467689037323,0.07209576666355133,-0.023218076676130295,0.21023854613304138,-0.1739804446697235,-0.1302647888660431,-0.2862603962421417,-0.32297152280807495,0.0762849748134613,-0.0043721795082092285,-0.046163905411958694,0.5069018602371216,0.3178408741950989,0.09930721670389175,0.9069593548774719,-0.053661178797483444,-0.1321655660867691,-0.2174070179462433,-0.36628517508506775,-0.08394269645214081,-0.6129260659217834,0.062103621661663055,0.2426430732011795,-0.1275726854801178,0.10036121308803558,-0.1501563936471939,0.9151631593704224,0.06346797943115234,-0.2686067223548889,-0.041111838072538376,-0.033770494163036346,-0.4456174373626709,-0.611648440361023,-0.29474717378616333,-0.3421074450016022,0.12075185775756836,0.16269667446613312,0.2605324387550354,-0.6292291879653931,0.0993170216679573,0.04432718828320503,0.03383107855916023,0.1255926936864853,-0.3015330731868744,-0.04514368623495102,-0.21971623599529266,0.06309818476438522,-0.8547652959823608,0.04052850604057312,0.42680221796035767,0.6004253625869751,-0.05191267281770706,0.03826674818992615,0.016988426446914673
CID000001986,584,-0.07364918291568756,-0.08740468323230743,-0.2094394713640213,-0.16816702485084534,0.5174063444137573,0.12373615801334381,-0.10941001027822495,-0.015757381916046143,-0.1129957064986229,-0.03199649974703789,0.1349230259656906,-0.47485604882240295,-0.040582574903964996,-0.1264401227235794,0.12957963347434998,-0.11369538307189941,0.0621982105076313,-0.06870290637016296,0.05196578428149223,0.022429147735238075,0.04727154225111008,-0.011138176545500755,0.11564347892999649,0.23990976810455322,0.01741008833050728,-0.008311863988637924,-0.02360120415687561,-0.008752396330237389,-0.0035170703195035458,0.2418685406446457,-0.00949084758758545,-0.35431766510009766,-0.10835210233926773,-0.026536237448453903,-0.6312069892883301,0.06346584856510162,-0.19486799836158752,-0.21018555760383606,-0.0901871770620346,-0.03372551500797272,0.031011521816253662,-0.21462032198905945,0.026233011856675148,-0.16862040758132935,0.12486477196216583,0.026252690702676773,0.11085005104541779,0.15788070857524872,-0.0850144624710083,-0.09636680781841278,-0.09159843623638153,-0.058460284024477005,0.019842689856886864,-0.17918093502521515,0.16373001039028168,-0.046183254569768906,-0.1820186972618103,0.07844354212284088,0.26649269461631775,0.14451345801353455,-0.8782800436019897,0.16341903805732727,-0.2045767605304718,0.266253799200058,0.1699952483177185,0.15653304755687714,-0.08614315837621689,0.25183624029159546,-0.1483277827501297,0.05534062534570694,-0.05109866335988045,0.16507840156555176,-0.038938362151384354,-0.2025296986103058,0.15565259754657745,0.009060084819793701,-0.06211846321821213,0.050852786749601364,0.12442648410797119,-0.22396795451641083,-0.20345091819763184,0.005980074405670166,-0.11910126358270645,-0.06357340514659882,-0.15558210015296936,0.05808546394109726,-0.08552541583776474,-0.018273770809173584,0.3854683041572571,-0.11090965569019318,0.028861507773399353,0.06846056878566742,0.01752939261496067,0.02289484068751335,-0.46178555488586426,-0.03571099787950516,-0.14353837072849274,0.2999287247657776,-0.00911037903279066,-0.11415185779333115,0.22593708336353302,0.2393096685409546,-0.285943865776062,0.12336727231740952,-0.041298747062683105,0.13676252961158752,-0.6375309824943542,0.14855441451072693,-0.05297223478555679,0.06614699959754944,0.06928472965955734,0.11672504246234894,0.09676160663366318,0.13101842999458313,-0.017568189650774002,0.07682015001773834,-0.03425091505050659,-0.1840195208787918,0.017656389623880386,0.1517067700624466,-0.3295736312866211,-0.6845672130584717,0.1863880455493927,-0.011603695340454578,-0.35077130794525146,-0.031323615461587906,0.013361346907913685,0.2869932949542999,-0.038401197642087936,-0.028694700449705124,-0.3527677655220032,0.16343462467193604,-0.38975900411605835,-0.2590174078941345,-0.13308954238891602,-0.1671011745929718,0.2413443773984909,-0.0767483115196228,-0.1136937290430069,0.0065122442319989204,0.004749333951622248,0.22167205810546875,-0.3460826575756073,-0.06906885653734207,0.1116088479757309,-0.28828755021095276,0.11099714040756226,0.08681875467300415,0.1491846889257431,-0.05884821340441704,-0.0807173028588295,-0.1555238664150238,0.04416248947381973,-0.002482745097950101,0.08985362946987152,-0.041567932814359665,-0.056195925921201706,-0.24895867705345154,0.02021539770066738,0.09577695280313492,0.13526871800422668,0.0541720986366272,-0.9927177429199219,0.05919256806373596,0.22533364593982697,0.2440972626209259,-0.0697530210018158,-0.16509047150611877,0.039898473769426346,0.07987572997808456,-0.005994302220642567,-0.01014629565179348,0.24420425295829773,-0.05022501200437546,0.03774690255522728,0.1436733454465866,0.0930590108036995,0.07343140989542007,-0.48858433961868286,-0.04354959726333618,0.2876720130443573,0.16306579113006592,-0.016828542575240135,0.027081221342086792,-0.15613090991973877,-0.09561306238174438,-0.02017291821539402,-0.13486069440841675,0.5922685861587524,0.022029662504792213,0.21471886336803436,-0.17731468379497528,-0.08228616416454315,-0.06335215270519257,-0.11818349361419678,0.42631953954696655,-0.11536262929439545,-0.01868385076522827,-0.08305925130844116,-0.29985007643699646,-0.13484232127666473,-0.1360638588666916,-0.10560242831707001,0.2559657692909241,-0.3197483420372009,0.20998156070709229,0.1434730887413025,-0.0303251501172781,-0.07481100410223007,0.011800140142440796,0.13518500328063965,0.08209393173456192,0.011008557863533497,-0.14075157046318054,0.2631736099720001,0.020876586437225342,0.4025976061820984,-0.04467562958598137,-0.07097773998975754,-0.41510170698165894,-0.06446470320224762,-0.08721216022968292,-0.49152737855911255,0.043914925307035446,0.32506805658340454,-0.14449504017829895,0.14123313128948212,-0.31151214241981506,0.8310075998306274,0.10324282944202423,-0.23867282271385193,-0.07469534128904343,-0.024129176512360573,-0.1515154242515564,-0.6320581436157227,-0.20509593188762665,-0.13194721937179565,0.16374938189983368,0.009251701645553112,-0.07573486864566803,-0.1282566338777542,-0.04896657168865204,0.10272028297185898,0.11839120090007782,0.05506235361099243,-0.11580264568328857,0.1917441189289093,-0.10694660991430283,-0.15754170715808868,-0.6784793138504028,0.0957498699426651,0.05384942889213562,0.21403641998767853,-0.11523306369781494,-0.005016273353248835,0.13425220549106598
CID000005234,585,-0.2277972251176834,0.07673339545726776,-0.15915547311306,-0.1731712967157364,0.49213671684265137,0.44953471422195435,0.4156602919101715,0.10803703963756561,-0.5605427026748657,-0.34404903650283813,-0.12861831486225128,-0.42618751525878906,-0.08015811443328857,-0.32708367705345154,0.06315647810697556,0.16628232598304749,-0.2204192578792572,-0.29588550329208374,0.3485799729824066,0.33908611536026,-0.38869690895080566,-0.24470177292823792,0.04189889132976532,-0.16623321175575256,0.12302126735448837,0.3162975609302521,-0.057445228099823,0.13033396005630493,0.16404682397842407,0.5811659097671509,-0.10439813137054443,-0.001322454190813005,-0.19902262091636658,-0.3183213472366333,-0.4747743010520935,-0.08835391700267792,-0.35701504349708557,-0.35100191831588745,-0.18690015375614166,0.03820982202887535,0.2610965371131897,-0.14247791469097137,-0.3566858768463135,-0.04334951192140579,0.916506290435791,0.28697314858436584,0.04634030535817146,0.31983694434165955,-0.2690555453300476,0.08707762509584427,-0.4684959948062897,0.09266698360443115,-0.18523144721984863,-0.2793044149875641,0.1519060879945755,-0.02186291292309761,-0.10135319083929062,0.03902171552181244,0.9753510355949402,-0.26478609442710876,-0.688684344291687,0.10937728732824326,-0.26935654878616333,0.49245429039001465,-0.1502237319946289,-0.26551103591918945,0.0020392208825796843,0.2052880823612213,-0.14475871622562408,0.152736634016037,-0.5686569213867188,0.35140460729599,0.3100713789463043,-0.472618043422699,0.7214507460594177,0.23587170243263245,0.1506042778491974,0.4751819670200348,0.28304043412208557,-0.6396573185920715,-0.15178069472312927,0.1705150306224823,0.36180564761161804,-0.191196009516716,0.028536509722471237,0.3537413477897644,-0.3528962731361389,0.3411211371421814,0.753030002117157,-0.03791246563196182,-0.09612113982439041,-0.18015819787979126,-0.20101015269756317,-0.09597955644130707,-0.6085960865020752,0.006757864262908697,-0.19351954758167267,0.23897644877433777,0.37080129981040955,-0.17882518470287323,0.44236332178115845,-0.15345720946788788,0.08900032937526703,0.32080990076065063,-0.36941981315612793,-0.04763862490653992,-0.2788449823856354,0.22899124026298523,-0.35634928941726685,0.2028854340314865,-0.37234288454055786,-0.1424935758113861,0.19971290230751038,0.13729533553123474,0.15180978178977966,0.03512733057141304,-0.1506246030330658,-0.7801104784011841,0.4433172345161438,0.24551931023597717,0.09002281725406647,-0.8162347078323364,0.1283034384250641,-0.2407713383436203,-0.7448080778121948,0.3517414927482605,0.19486331939697266,0.48351797461509705,0.2353295385837555,0.023618219420313835,-0.38641592860221863,0.045122385025024414,-0.5908891558647156,-0.5337668657302856,0.35969308018684387,-0.13898992538452148,0.4830303192138672,-0.7644307613372803,-0.06854910403490067,-0.11403932422399521,-0.06666090339422226,0.061619531363248825,-0.10535044968128204,-0.07380257546901703,-0.14977547526359558,-0.13632610440254211,-0.2816639542579651,0.5645608305931091,-0.3371066153049469,-0.19687792658805847,-0.16472217440605164,0.017287814989686012,-0.19374799728393555,-0.11757435649633408,-0.26766321063041687,0.12065045535564423,-0.11503301560878754,-0.22806303203105927,-0.08986963331699371,-0.3350915312767029,0.41438332200050354,-0.19223172962665558,-0.7526615262031555,0.1903371512889862,1.0679817199707031,0.45246022939682007,-0.18318328261375427,0.37793633341789246,0.11612109839916229,-0.08386542648077011,-0.37858644127845764,-0.2916284501552582,0.5032907724380493,0.03955496475100517,0.24566173553466797,-0.032696086913347244,-0.08426883071660995,0.07355938851833344,-0.4506942629814148,0.06654458492994308,0.21085424721240997,0.3386503756046295,0.2097204625606537,-0.14110098779201508,0.19259066879749298,-0.33439916372299194,-0.10511461645364761,0.02941342629492283,0.5882347226142883,0.046441540122032166,0.26690787076950073,-0.7850827574729919,0.19551484286785126,0.3323614001274109,-0.49459052085876465,0.5481347441673279,-0.12337522208690643,0.2055034339427948,-0.7077834606170654,-0.46045416593551636,0.05844897776842117,0.08335752785205841,-0.3758400082588196,0.0006673336029052734,-0.03778611868619919,0.0659957304596901,-0.12568853795528412,0.13412970304489136,-0.7675034999847412,-0.05849968269467354,0.44885796308517456,-0.08222021907567978,-0.2541445791721344,-0.2016243189573288,0.0505000464618206,-0.07616699486970901,0.8316968083381653,0.01214813906699419,-0.32113662362098694,0.013544467277824879,0.32006722688674927,-0.15878666937351227,-0.947260856628418,-0.288102388381958,0.16963739693164825,-0.22608427703380585,0.3687671422958374,-0.3324398398399353,0.7803832292556763,0.0841735228896141,-0.07436271756887436,0.1333366483449936,-0.4840100407600403,-0.1360531747341156,-0.43007248640060425,-0.16878458857536316,-0.3589828610420227,0.33379679918289185,-0.0926632508635521,-0.0418330654501915,-0.6494703888893127,-0.09161069989204407,-0.07019977271556854,0.4216628968715668,0.0685320496559143,-0.5548075437545776,0.09304758161306381,-0.31036698818206787,0.1417895406484604,-0.7826398015022278,0.10533194243907928,0.6668645143508911,0.34088462591171265,-0.07235360890626907,0.12735620141029358,-0.24295863509178162
CID000151165,586,-0.07746826112270355,-0.026869654655456543,0.02485816553235054,-0.10571253299713135,0.4032302498817444,0.25203588604927063,0.1121637225151062,0.033726196736097336,-0.24611973762512207,-0.20444545149803162,-0.1472909152507782,-0.41805338859558105,0.09756217896938324,-0.11082327365875244,0.23801784217357635,0.10327398777008057,-0.11062085628509521,0.2583974301815033,0.06594482064247131,0.06816413253545761,-0.08666404336690903,0.037524305284023285,0.07638294994831085,0.00012292861356399953,0.13834550976753235,-0.052161503583192825,-0.10897364467382431,0.021524177864193916,-0.12878437340259552,0.26193124055862427,-0.12447657436132431,-0.14364466071128845,-0.14504651725292206,0.017480386421084404,-0.38722389936447144,-0.09249567985534668,-0.20863690972328186,-0.3006303906440735,-0.12077655643224716,-0.09371359646320343,0.06737935543060303,0.20935671031475067,-0.17480531334877014,-0.2203732281923294,0.06625629216432571,-0.028682956472039223,-0.01856129802763462,0.09514974057674408,-0.23503407835960388,-0.1251932829618454,-0.1898130476474762,0.12740761041641235,-0.10967986285686493,-0.18828225135803223,0.04544331133365631,-0.09992419928312302,-0.04459354281425476,-0.05915159732103348,-0.02332373894751072,-0.04216133803129196,-0.979401707649231,0.07036282122135162,-0.4495425224304199,0.17829573154449463,0.08135382831096649,0.1165383905172348,-0.07466907799243927,0.20315571129322052,0.07907602190971375,0.0399337038397789,-0.04601087048649788,0.03254757076501846,0.038081176578998566,-0.08064575493335724,0.09380559623241425,-0.09062711894512177,-0.04508190602064133,0.016249563544988632,0.1859988272190094,0.037571847438812256,-0.2126910239458084,0.10525891929864883,-0.29351046681404114,-0.16095924377441406,-0.13738982379436493,-0.07582754641771317,-0.17421726882457733,-0.13340172171592712,0.2414906769990921,0.0848628431558609,-0.02121349796652794,-0.1658109724521637,-0.2747012674808502,0.019244568422436714,-0.44416308403015137,-0.011893803253769875,-0.24545951187610626,0.30516666173934937,0.08730252087116241,-0.24847781658172607,0.18979762494564056,0.15475784242153168,-0.12483862787485123,0.26549485325813293,-0.1309249848127365,0.09490548819303513,-0.3377058207988739,0.2272956669330597,-0.056877732276916504,0.17053861916065216,0.024321984499692917,-0.04928354546427727,0.3574828505516052,-0.03713781014084816,0.05931336432695389,0.19846069812774658,-0.10257139056921005,-0.16629649698734283,0.017518173903226852,0.05647377297282219,-0.21165204048156738,-0.6028462052345276,-0.053839825093746185,-0.3089164197444916,-0.4106212258338928,0.14610114693641663,-0.07534022629261017,0.26664063334465027,0.10363767296075821,0.08061157166957855,0.09392689168453217,0.09614991396665573,-0.5327292680740356,-0.2957311272621155,0.1784946620464325,-0.1168956533074379,0.2022373378276825,0.012240889482200146,-0.1337902992963791,0.11473188549280167,-0.13443025946617126,0.18785671889781952,-0.23587676882743835,-0.02934262529015541,0.0004475220921449363,-0.04483954980969429,0.009100298397243023,0.044954944401979446,-0.14633098244667053,0.01585846021771431,-0.09674994647502899,0.02883615531027317,-0.08932557702064514,0.017531204968690872,-0.12311269342899323,0.004651498980820179,-0.15415802597999573,-0.311468243598938,0.03644528239965439,0.10864537954330444,0.20805783569812775,-0.05254855751991272,-0.933987021446228,0.030746733769774437,0.07757040113210678,0.2829286456108093,-0.1190422773361206,-0.1428065001964569,0.1731986105442047,-0.16641075909137726,-0.08376540243625641,-0.11417500674724579,0.27971628308296204,-0.11275307089090347,-0.13471224904060364,0.003920909017324448,-0.02070615626871586,0.13809147477149963,-0.5284363031387329,-0.09161530435085297,0.19424867630004883,0.2449733465909958,0.04652184993028641,-0.09328716993331909,0.11677434295415878,0.024680186063051224,-0.3352656960487366,0.012635508552193642,0.3072822690010071,-0.06446167081594467,0.12518620491027832,0.023951392620801926,-0.18334968388080597,-0.1156381145119667,-0.08150802552700043,0.3343185484409332,0.15010789036750793,-0.044420138001441956,-0.041785262525081635,0.13204392790794373,-0.0017113253707066178,-0.14340448379516602,-0.08987782150506973,0.15063658356666565,-0.10932694375514984,0.21719110012054443,0.004171925596892834,-0.38398388028144836,0.09234471619129181,0.14092108607292175,-0.07163498550653458,0.21568036079406738,-0.08905148506164551,0.039985038340091705,0.38911932706832886,0.062027107924222946,0.25887423753738403,0.28754210472106934,-0.07017333060503006,-0.30101582407951355,0.04647272080183029,-0.04547348991036415,-0.36351683735847473,0.06451861560344696,0.34820547699928284,-0.08212347328662872,0.1372665911912918,-0.36053818464279175,0.6130469441413879,-0.022985082119703293,-0.24463622272014618,-0.1562921106815338,-0.1109541803598404,-0.04824179410934448,-0.4637349247932434,-0.22113904356956482,-0.24075977504253387,0.05491219833493233,0.1673208475112915,-0.21307364106178284,-0.002248598961159587,0.027028650045394897,0.08134235441684723,0.1700844168663025,-0.03165655583143234,-0.04891851544380188,0.13979938626289368,-0.10932239145040512,-0.05055910348892212,-0.6140849590301514,-0.011273562908172607,-0.03712744638323784,0.14060072600841522,-0.18947620689868927,0.06057077646255493,-0.03850580006837845
CID000002405,587,-0.10509757697582245,0.1295246034860611,0.5521546602249146,0.18229351937770844,0.5182921886444092,0.3180975615978241,0.2302156239748001,-0.09848711639642715,-0.09995226562023163,-0.3853673040866852,-0.09090157598257065,-0.3514294922351837,0.2327953279018402,-0.34503796696662903,0.2161208838224411,0.09316875785589218,0.2063557654619217,0.21491989493370056,0.20700028538703918,-0.13095036149024963,-0.2677319049835205,-0.1206955537199974,0.03698121756315231,-0.004473081324249506,0.13032206892967224,0.12350420653820038,-0.0503029003739357,-0.0011410892475396395,0.14187917113304138,0.3901253640651703,-0.1952531784772873,-0.2149374932050705,-0.3730008602142334,-0.016575133427977562,-0.27550381422042847,-0.049546003341674805,-0.2580837309360504,-0.56758052110672,0.12205857038497925,-0.25189775228500366,0.22461089491844177,0.08359891921281815,-0.13344678282737732,-0.2026749849319458,-0.036663711071014404,0.07751639187335968,-0.07457779347896576,-0.001726686954498291,0.3043254613876343,-0.1405591070652008,-0.3178800940513611,-0.2606787085533142,-0.2548493444919586,-0.23446831107139587,0.042847178876399994,-0.1885082721710205,0.047813206911087036,-0.07566386461257935,0.15799584984779358,-0.0853450745344162,-0.7787437438964844,0.1071835309267044,-0.1236521452665329,0.20223037898540497,0.030856531113386154,0.24405813217163086,-0.712174117565155,0.3111494183540344,0.05355120450258255,0.2995871901512146,-0.49398988485336304,-0.13946878910064697,0.06545449793338776,-0.14300444722175598,0.18525375425815582,0.17415305972099304,0.37095800042152405,0.24802632629871368,0.414706289768219,-0.0666583776473999,-0.5533620715141296,0.005437067709863186,-0.2948901057243347,-0.13624140620231628,-0.02014903351664543,-0.054177023470401764,-0.07552258670330048,0.14251808822155,0.4950142800807953,-0.013571301475167274,-0.05189622566103935,0.03989709913730621,-0.2504303753376007,0.08353948593139648,-0.5988384485244751,0.0010962337255477905,-0.5124454498291016,0.6209269762039185,-0.020152335986495018,-0.33440807461738586,0.40046364068984985,0.14299556612968445,0.09756217151880264,0.2915283739566803,0.04679981991648674,0.1162969246506691,-0.26851481199264526,0.11885255575180054,-0.2309005707502365,0.18229690194129944,-0.11207582801580429,0.0748492106795311,0.3208650052547455,-0.012810218147933483,-0.09962797164916992,0.19488120079040527,0.19220858812332153,-0.4034072458744049,0.264101505279541,-0.10893337428569794,-0.13544338941574097,-0.5680991411209106,-0.21482209861278534,-0.38114461302757263,-0.35805660486221313,0.05809146165847778,-0.048894576728343964,0.5140709280967712,0.19500020146369934,0.19406354427337646,0.41808414459228516,-0.06644468009471893,-0.5522564649581909,-0.42814937233924866,0.2003937065601349,-0.048870738595724106,0.7184995412826538,0.22448153793811798,0.020075710490345955,0.012705323286354542,-0.2501389980316162,0.21888823807239532,-0.13537779450416565,-0.015884360298514366,0.021158067509531975,0.06122723966836929,-0.22555522620677948,0.0728861466050148,-0.19266986846923828,-0.023702984675765038,0.026004400104284286,-0.033211953938007355,-0.09058234840631485,0.07023732364177704,-0.3913038671016693,-0.05944263935089111,-0.21303030848503113,-0.48763641715049744,0.02395782060921192,0.34392327070236206,0.3656873404979706,-0.09532041847705841,-0.9270208477973938,0.07332174479961395,0.43396052718162537,0.3698214888572693,0.18927574157714844,0.4260137975215912,0.26564913988113403,-0.0750536173582077,-0.15366163849830627,-0.15794067084789276,0.7832906246185303,-0.004206141922622919,-0.039170823991298676,-0.06747029721736908,0.31402280926704407,0.03028128668665886,-0.36839887499809265,0.32701125741004944,0.24022188782691956,0.2823982834815979,-0.008645603433251381,-0.11387994140386581,-0.08939267694950104,0.03530607372522354,-0.5561681389808655,-0.02450587972998619,0.30910107493400574,-0.30727776885032654,0.1351059377193451,-0.09424517303705215,-0.05899034067988396,-0.3684115707874298,-0.3518112003803253,0.39485734701156616,0.21768784523010254,0.054087113589048386,-0.1983824223279953,0.22183673083782196,-0.12552502751350403,0.04530896618962288,-0.6593202352523804,0.11981739103794098,-0.40289920568466187,0.7115876078605652,-0.287200003862381,-0.30815786123275757,0.09732391685247421,-0.052177272737026215,-0.17808957397937775,0.1417900025844574,-0.030912209302186966,0.21724066138267517,0.2282831221818924,0.008495998568832874,0.42272859811782837,0.06534218788146973,-0.09497766196727753,-0.37554293870925903,0.10396666824817657,-0.07182292640209198,-0.5657258033752441,-0.08128242194652557,0.6312105655670166,0.03795107081532478,-0.04926884174346924,-0.22296810150146484,0.747531533241272,0.07773377746343613,0.03925692290067673,-0.2682693898677826,-0.1803877353668213,0.020861167460680008,-0.20575419068336487,-0.3216480612754822,-0.28939229249954224,0.39854949712753296,0.003471860196441412,-0.03553403168916702,-0.14078086614608765,0.017870891839265823,0.12505511939525604,0.17763236165046692,-0.09978318214416504,-0.380896657705307,0.5102534294128418,0.20681926608085632,-0.11532455682754517,-0.6305796504020691,-0.1594623625278473,0.07041443884372711,0.25311270356178284,0.019232189282774925,-0.19481097161769867,-0.32735028862953186
CID000003350,588,-0.007636040449142456,-0.05809366703033447,-0.1017012819647789,-0.1353938728570938,0.25003501772880554,0.4562264084815979,-0.3161128759384155,0.018207643181085587,-0.4681435525417328,-0.18429969251155853,-0.1207745224237442,-0.24356141686439514,0.24840226769447327,-0.12728556990623474,-0.17389783263206482,0.04083849862217903,0.11134438216686249,-0.0048973821103572845,0.07654725760221481,0.16778138279914856,0.28814083337783813,0.11948772519826889,-0.08186596632003784,-0.08303660154342651,-0.07695648074150085,-0.12830746173858643,0.2360091656446457,-0.20514829456806183,0.08104406297206879,0.3316482901573181,-0.005669346544891596,-0.16032245755195618,-0.20291242003440857,0.06695519387722015,-0.38833194971084595,0.03739195317029953,-0.04691197723150253,-0.349865585565567,-0.04214954748749733,0.26151299476623535,0.12110481411218643,0.04850050061941147,-0.2231072187423706,-0.34782499074935913,0.5820147395133972,-0.037709303200244904,0.10277888923883438,0.01431208848953247,-0.02924770675599575,-0.07778829336166382,-0.47348752617836,0.09701995551586151,-0.11665232479572296,0.0029203779995441437,0.2983056902885437,-0.08679407835006714,-0.08001367002725601,-0.09626227617263794,0.12249759584665298,0.12150251865386963,-0.9140433073043823,-0.01527261734008789,-0.3606495261192322,0.25824645161628723,-0.03227890655398369,0.06892555207014084,-0.0720561295747757,0.22557762265205383,0.12186934798955917,-0.17684537172317505,-0.28998467326164246,-0.17506322264671326,0.13866984844207764,-0.30310705304145813,0.2656686007976532,0.11089030653238297,-0.025562431663274765,0.3557669222354889,0.22121195495128632,-0.11164679378271103,-0.2383262813091278,0.09037499874830246,-0.2823759913444519,-0.10966259241104126,-0.0914536565542221,-0.16929040849208832,-0.13887755572795868,-0.08126772195100784,0.3548305630683899,0.14554832875728607,-0.004498722963035107,-0.3474690914154053,0.0514037124812603,0.0023113503120839596,-0.4116451144218445,-0.036425672471523285,-0.13143399357795715,0.35689982771873474,0.1666758954524994,-0.17978535592556,0.29733842611312866,-0.08731307089328766,0.0073182955384254456,-0.16905595362186432,-0.2364288568496704,-0.14513051509857178,-0.30651673674583435,0.28296366333961487,0.0793544203042984,0.00023045018315315247,-0.0060248346999287605,0.043657220900058746,0.4358770251274109,-0.022984985262155533,-0.04614833742380142,0.08325211703777313,-0.014028677716851234,-0.4160359799861908,0.35357898473739624,0.32082146406173706,0.21068549156188965,-0.572149932384491,0.36935022473335266,-0.31391042470932007,-0.35130491852760315,-0.009182344190776348,0.040810614824295044,0.34017276763916016,0.18168281018733978,-0.024133527651429176,-0.2074950635433197,0.10613147914409637,-0.655819833278656,-0.28217044472694397,-0.23362544178962708,-0.1586415022611618,0.015326661989092827,-0.4062539041042328,-0.07121214270591736,0.0018395364750176668,-0.08450672030448914,0.021904585883021355,0.18013186752796173,-0.08716652542352676,0.02120685763657093,0.10060079395771027,-0.07203130424022675,0.1375134289264679,0.20816251635551453,0.16409407556056976,-0.11043492704629898,0.034224946051836014,0.05754439905285835,0.07134014368057251,0.12324066460132599,0.30621272325515747,-0.07618282735347748,-0.41497802734375,0.08714933693408966,0.06570100784301758,0.31906265020370483,-0.13747312128543854,-0.8794355392456055,0.02999625727534294,0.2957913279533386,0.2247031182050705,-0.2224241942167282,-0.30973008275032043,0.33421990275382996,-0.03220575302839279,0.0029697753489017487,0.2907126545906067,0.37942764163017273,-0.0037585371173918247,0.12819325923919678,0.11395998299121857,0.09391678869724274,0.08858014643192291,-0.4764168858528137,-0.03473279997706413,0.3716345727443695,0.3741287291049957,0.12788332998752594,-0.22453813254833221,0.08083654195070267,-0.12195198237895966,-0.24336127936840057,-0.1087198257446289,0.3539454936981201,-0.11974181979894638,0.14537735283374786,-0.1129796952009201,0.050807319581508636,-0.016035789623856544,-0.3368496894836426,0.18392515182495117,0.03153075650334358,-0.004130501300096512,-0.13291779160499573,0.019127681851387024,0.010603251866996288,0.35191476345062256,0.015194481238722801,0.10622511059045792,-0.03875114768743515,0.051427215337753296,-0.05284470319747925,-0.21483302116394043,-0.4190794825553894,0.046941015869379044,-0.16225196421146393,0.12068070471286774,-0.07758739590644836,-0.023115087300539017,-0.02962512895464897,0.1200801283121109,0.41007137298583984,0.08149055391550064,-0.031223565340042114,-0.28878265619277954,0.06604786962270737,-0.1178521141409874,-0.33674877882003784,-0.12221065908670425,0.16525647044181824,0.06036065146327019,0.2139146327972412,-0.14262232184410095,0.44384661316871643,-0.09479318559169769,0.07008038461208344,-0.0597013458609581,0.05565118044614792,-0.005250474903732538,-0.424217164516449,-0.22455379366874695,0.05989605188369751,0.20000585913658142,0.3634239435195923,-0.09206978976726532,-0.020443284884095192,-0.044942714273929596,0.1390429139137268,0.1262660175561905,-0.10607633739709854,-0.1992490440607071,0.07702308893203735,-0.07956062257289886,0.43282032012939453,-0.5898209810256958,0.39591628313064575,0.20756299793720245,0.15770326554775238,-0.04185596853494644,-0.14152193069458008,-0.2131168395280838
CID000056339,599,-0.05582822114229202,-0.04402923583984375,0.0335712656378746,-0.0913483053445816,0.4141179025173187,0.24493631720542908,0.06257420033216476,0.08964339643716812,-0.29483407735824585,-0.2145785093307495,-0.06817298382520676,-0.3532707095146179,0.015956420451402664,-0.231907457113266,0.17817743122577667,0.09146878123283386,-0.11992879956960678,0.1440342664718628,-0.008427118882536888,-0.004323458764702082,-0.08727031201124191,0.11449085175991058,0.01771416887640953,0.059917233884334564,0.03803914040327072,-0.05005808547139168,0.059488214552402496,-0.013002167455852032,-0.09158283472061157,0.30165523290634155,-0.007741904351860285,-0.20003275573253632,-0.10156415402889252,-0.025289684534072876,-0.3598761558532715,0.016029829159379005,-0.29908233880996704,-0.21135921776294708,-0.2812398076057434,-0.0324590802192688,0.12282788753509521,0.15997950732707977,-0.24692730605602264,-0.20593813061714172,0.05771920084953308,-0.11217997968196869,0.08331345021724701,0.17914354801177979,-0.2654917240142822,-0.1058710440993309,-0.15742897987365723,0.17047826945781708,0.04204848036170006,-0.08084480464458466,0.027820253744721413,0.005761292763054371,-0.011443067342042923,0.029647450894117355,0.04928233474493027,0.007174700498580933,-0.9267206192016602,-0.08528971672058105,-0.3622194230556488,0.2245272397994995,0.1074393019080162,0.17439456284046173,-0.1516650766134262,0.159233957529068,-0.012642955407500267,0.0035099938977509737,-0.020651156082749367,0.22425469756126404,-0.07473494112491608,-0.1229916587471962,0.09796790778636932,-0.11900082975625992,-0.02512533590197563,-0.009901637211441994,0.1972963511943817,-0.16042540967464447,-0.18208198249340057,0.16461989283561707,-0.24528677761554718,-0.0945233553647995,-0.18940727412700653,0.021143147721886635,-0.203202486038208,-0.24826495349407196,0.24081754684448242,0.035017091780900955,-0.029561776667833328,-0.06253241002559662,-0.13953112065792084,-0.04023519158363342,-0.40531331300735474,-0.007643566466867924,-0.2514965534210205,0.30586692690849304,0.16871050000190735,-0.3292955160140991,0.18198280036449432,0.1627161204814911,-0.14373844861984253,-0.03808247298002243,-0.14116282761096954,0.06335015594959259,-0.3334854245185852,0.2709689736366272,-0.24580594897270203,0.3057197630405426,0.05814675614237785,0.010941648855805397,0.25955846905708313,-0.016370344907045364,-0.07018455117940903,0.18234847486019135,-0.1508505940437317,-0.05944768339395523,0.019356895238161087,0.0662868544459343,-0.15995439887046814,-0.616224467754364,-0.12690947949886322,-0.33141371607780457,-0.4571933150291443,0.09666015207767487,-0.038550056517124176,0.22399210929870605,0.04572724550962448,0.03921424224972725,0.06810630857944489,0.0034948408138006926,-0.5077878832817078,-0.23407745361328125,0.12549686431884766,-0.23052647709846497,0.15200607478618622,0.038490165024995804,-0.009247218258678913,0.11657341569662094,-0.08661986887454987,0.27343112230300903,-0.19268059730529785,-0.0730075016617775,-0.02670881524682045,-0.18390654027462006,0.11289848387241364,-0.09109125286340714,-0.09832663834095001,0.05052952840924263,-0.03376684710383415,-0.056658875197172165,-0.03591302037239075,0.08893242478370667,0.059689510613679886,0.014557993039488792,-0.1884324997663498,-0.3288739323616028,0.07069070637226105,0.12084800004959106,0.1574152410030365,-0.03271503001451492,-0.8491977453231812,-0.04721247777342796,0.05226099491119385,0.31679069995880127,-0.20227372646331787,-0.11479182541370392,0.15875244140625,-0.12644264101982117,-0.15637244284152985,-0.1605154424905777,0.32126909494400024,-0.037971459329128265,-0.06651731580495834,0.09698246419429779,-0.05684506148099899,0.14412394165992737,-0.4394701421260834,-0.13997729122638702,0.1387666016817093,0.310822993516922,0.0021552667021751404,0.05459049344062805,-0.01003316044807434,0.07370098680257797,-0.31309622526168823,0.013762062415480614,0.28291982412338257,-0.1264672577381134,0.08369513601064682,0.03948237746953964,-0.045332666486501694,-0.13608989119529724,-0.10639049857854843,0.3315427899360657,0.06547174602746964,0.06530819088220596,-0.08401205390691757,0.020283091813325882,-0.0764659121632576,-0.0408211424946785,-0.12599608302116394,0.1353086531162262,-0.1646430492401123,0.25463223457336426,-0.10316847264766693,-0.15966054797172546,0.06609143316745758,0.20194992423057556,0.07424227148294449,0.09005595743656158,0.08492321521043777,-0.032130490988492966,0.21126332879066467,0.1259010136127472,0.29410362243652344,0.21198801696300507,-0.1766379028558731,-0.3206701874732971,0.0011996179819107056,-0.03828313574194908,-0.358544260263443,0.0772285982966423,0.24642543494701385,-0.0650186762213707,0.2029046267271042,-0.26113083958625793,0.5527197122573853,0.0797136053442955,-0.23373746871948242,-0.19942815601825714,-0.1838265210390091,-0.08998716622591019,-0.47175294160842896,-0.24308419227600098,-0.3267708420753479,0.047803305089473724,0.27353546023368835,-0.11512675136327744,-0.09670640528202057,-0.0439007505774498,0.18473592400550842,0.13019296526908875,0.0702495351433754,-0.11459939181804657,0.15579165518283844,-0.12433217465877533,-0.019275832921266556,-0.5722677111625671,-0.007239055819809437,-0.10094569623470306,0.14571788907051086,-0.10028775036334991,0.02555353008210659,0.018196338787674904
CID000003657,604,0.2474277764558792,-0.17171940207481384,-0.2385142743587494,-0.06474708020687103,0.9475212097167969,0.5736169815063477,-0.21373417973518372,-0.031155457720160484,-0.5434414148330688,0.015268665738403797,-0.19293592870235443,-0.4076344072818756,-0.20900078117847443,-0.2609483301639557,0.1594948172569275,0.06517398357391357,-0.11917710304260254,-0.06752105057239532,-0.024658918380737305,0.036297257989645004,-0.3416203260421753,0.5272405743598938,0.13137252628803253,-0.27633896470069885,-0.11060826480388641,0.055301785469055176,-0.19644153118133545,-0.02404559962451458,-0.3662804067134857,0.6446141004562378,0.03947721794247627,-0.2815592288970947,0.23181267082691193,-0.18016023933887482,-0.517208456993103,0.008537134155631065,-0.38555818796157837,-0.2541391849517822,-0.16816021502017975,0.43529707193374634,-0.03089233860373497,0.14281930029392242,0.028522098436951637,-0.055777739733457565,0.45264536142349243,0.13428053259849548,0.029490699991583824,0.31476670503616333,-0.3073878884315491,0.05367843061685562,-0.6234840154647827,-0.08426670730113983,0.07013987004756927,-0.566236674785614,0.252454936504364,0.06332562118768692,0.03534936159849167,0.2935337722301483,0.5942501425743103,0.21228154003620148,-0.8967229723930359,0.12072402238845825,-0.25832599401474,0.25895899534225464,0.09509973227977753,-0.2328711748123169,-0.2874409556388855,0.38003817200660706,0.010607903823256493,-0.015673715621232986,-0.5415582656860352,0.323914110660553,0.12884968519210815,0.13148829340934753,0.7320170402526855,0.34948116540908813,-0.005435091443359852,0.06575115025043488,0.14758028090000153,-0.4211236834526062,-0.0510890856385231,-0.41470709443092346,0.042162470519542694,0.08537699282169342,-0.044823646545410156,0.14142319560050964,-0.3821747899055481,-0.11802828311920166,0.5743240118026733,0.0671943873167038,0.06277714669704437,-0.13287684321403503,0.11854372918605804,-0.05898012965917587,-0.5694409608840942,0.23995867371559143,-0.11275563389062881,0.18139474093914032,0.12679573893547058,-0.14218184351921082,0.13372483849525452,-0.1962343156337738,-0.03063846193253994,0.3966677784919739,0.21003958582878113,-0.07633151859045029,-0.5233134627342224,0.46255573630332947,-0.03491779416799545,0.3908340036869049,-0.21963699162006378,-0.05991530418395996,0.15803447365760803,0.13670063018798828,-0.005933436099439859,0.11241249740123749,-0.05514904856681824,-0.9324304461479187,0.16515478491783142,0.0946359783411026,-0.01653999090194702,-0.7429117560386658,0.13183093070983887,-0.4733835756778717,-0.36415615677833557,0.4233805537223816,0.08342046290636063,0.5179135203361511,-0.14203234016895294,-0.3595322072505951,-0.15787813067436218,-0.017163816839456558,-0.5009765028953552,-0.5007161498069763,-0.11652050167322159,-0.43860435485839844,0.45512765645980835,-0.29550811648368835,-0.2312713861465454,-0.2245500534772873,0.10166075080633163,0.3099985420703888,-0.11113659292459488,0.2551136612892151,0.06150097772479057,-0.12395842373371124,-0.2438465803861618,0.2533557116985321,-0.169780433177948,0.35916075110435486,0.17522649466991425,-0.07714255899190903,0.14303235709667206,0.1253925859928131,-0.1835612952709198,-0.2527706027030945,0.1940787434577942,-0.5594980716705322,-0.1457684338092804,0.0326104611158371,-0.1650957316160202,-0.10821352899074554,-0.7511945962905884,0.010113957338035107,0.658336341381073,0.12057095766067505,-0.22494491934776306,-0.1686493307352066,0.0609617754817009,-0.20047473907470703,-0.296708881855011,-0.34639331698417664,0.40046411752700806,-0.14727190136909485,-0.08820837736129761,-0.00627141585573554,-0.2766944468021393,-0.01817043498158455,-0.3253327012062073,-0.17242631316184998,0.12298958003520966,0.14842680096626282,0.10519428551197052,-0.09422194957733154,-0.14965730905532837,-0.09374529123306274,-0.6732996702194214,-0.15236112475395203,0.5959838628768921,0.05858315899968147,-0.05101247504353523,-0.6289606690406799,-0.02019134908914566,-0.046711184084415436,-0.12850823998451233,0.4692179560661316,0.024074366316199303,-0.0025830299127846956,-0.38818827271461487,-0.38140010833740234,-0.2119138240814209,-0.1629757136106491,-0.4041253924369812,-0.03462246060371399,-0.17931649088859558,0.36746683716773987,-0.23600056767463684,-0.16345074772834778,-0.1661922037601471,-0.5726024508476257,0.13605156540870667,-0.4098113179206848,-0.0685516968369484,0.2904503345489502,0.28603681921958923,0.02194857969880104,0.7299484610557556,0.03159042075276375,-0.00455049891024828,-0.13791413605213165,-0.13618353009223938,-0.11888748407363892,-0.7171459197998047,-0.13507720828056335,0.24420925974845886,-0.13603422045707703,0.17266356945037842,-0.4373934864997864,1.1493808031082153,-0.1470484435558319,0.03417881578207016,-0.15747050940990448,-0.0980251207947731,-0.02730138972401619,-0.30992427468299866,-0.3557954430580139,-0.01634475588798523,0.11753501743078232,0.2756449580192566,-0.02806900069117546,-0.8192795515060425,-0.19416722655296326,0.32827523350715637,0.2584184408187866,0.013009093701839447,-0.2709553837776184,0.15926212072372437,-0.3205886483192444,-0.039268553256988525,-0.8063519597053528,0.03193958103656769,0.36376523971557617,0.4948403835296631,-0.15702411532402039,0.037892311811447144,-0.11379770189523697
CID000000861,605,-0.18572744727134705,-0.006593112833797932,-0.008103698492050171,-0.11997105926275253,0.5904548764228821,0.3204970061779022,0.0812411829829216,-0.06014768406748772,-0.342343270778656,-0.15119920670986176,-0.09517832845449448,-0.3595374822616577,0.017718160524964333,-0.06895764917135239,-0.014856663532555103,0.14035525918006897,-0.10315549373626709,0.08746019750833511,0.04051331430673599,-0.1886104792356491,-0.084536612033844,-0.0009527832153253257,0.04819081723690033,-0.02740221656858921,0.03848325461149216,-0.025837069377303123,-0.18541046977043152,-0.04250297322869301,-0.18212305009365082,0.3360942006111145,-0.09141422063112259,-0.12519370019435883,-0.1121094599366188,0.08904033154249191,-0.34773850440979004,-0.08326703310012817,-0.24778413772583008,-0.3386220335960388,-0.09014853090047836,-0.08444490283727646,0.1287204772233963,0.06790875643491745,-0.09773457050323486,-0.0007469430565834045,0.1916569471359253,-0.05133233219385147,0.054938904941082,0.14189986884593964,-0.06584163010120392,-0.029478270560503006,-0.3381872773170471,0.1069239154458046,-0.13046841323375702,-0.3998350203037262,0.08706444501876831,0.045113705098629,0.03339902684092522,-0.055780649185180664,-0.004385062959045172,-0.14574620127677917,-0.9377524256706238,-0.006686442997306585,-0.3231171667575836,0.16549448668956757,-0.04627761244773865,0.22860130667686462,-0.08107079565525055,0.1797654777765274,0.0511091873049736,0.04880334436893463,-0.09789149463176727,0.08426342904567719,-0.05862892419099808,-0.1957312822341919,0.051141299307346344,-0.13803330063819885,-0.00018445253954268992,0.04049127548933029,0.2329535037279129,-0.17213639616966248,-0.12125957012176514,0.29682236909866333,-0.11735574901103973,-0.1436576098203659,-0.07124350219964981,-0.04064521938562393,-0.06808438897132874,0.0586366131901741,0.3454156816005707,0.0030974834226071835,-0.15819740295410156,-0.1360970437526703,-0.22445181012153625,0.06709251552820206,-0.4272831082344055,0.057020604610443115,-0.2615842819213867,0.30938854813575745,0.333334743976593,-0.04596919193863869,0.28111618757247925,0.06290467083454132,0.04220680147409439,0.4733678698539734,-0.06093717738986015,0.09029234945774078,-0.1967795044183731,0.2835816442966461,-0.13952788710594177,0.07790352404117584,0.1746126115322113,0.001677233725786209,0.5268984436988831,-0.028113940730690956,0.011074271984398365,-0.09487845003604889,-0.025673437863588333,-0.049047987908124924,0.10245610773563385,0.13240619003772736,-0.05664222314953804,-0.6731318831443787,0.07056645303964615,-0.25072750449180603,-0.5843187570571899,0.07691972702741623,-0.1267019808292389,0.29727596044540405,0.26968449354171753,0.14259392023086548,-0.012607586570084095,-0.021384665742516518,-0.3775562345981598,-0.2872171998023987,0.20980902016162872,-0.1208057627081871,0.08730126917362213,-0.01823967695236206,-0.00879344530403614,0.15523122251033783,-0.04306409880518913,0.06170680373907089,0.055411167442798615,0.005631753709167242,-0.017609432339668274,-0.20263099670410156,0.0952630490064621,-0.1692323386669159,-0.1054077297449112,0.012998050078749657,-0.191605344414711,0.1866816282272339,0.012758851051330566,0.02440522238612175,-0.24097824096679688,0.026685142889618874,-0.09549753367900848,-0.31588542461395264,0.09947953373193741,0.04184337705373764,0.2846067249774933,0.002006217837333679,-0.9064623117446899,0.08054665476083755,0.12310655415058136,0.31926506757736206,-0.10220007598400116,-0.06649916619062424,0.34737032651901245,0.06025203317403793,0.014942819252610207,-0.12996233999729156,0.2654612362384796,-0.09972202777862549,-0.0720636397600174,0.11654143035411835,0.1474100649356842,0.0823783203959465,-0.44694042205810547,0.062140099704265594,0.23304155468940735,0.1486443728208542,0.059148870408535004,0.05683382228016853,0.02501850202679634,-0.03515729308128357,-0.3424164950847626,-0.012343818321824074,0.3505740761756897,-0.11074874550104141,0.07318024337291718,0.06239541620016098,-0.1794893741607666,-0.27390211820602417,-0.14090782403945923,0.4135991632938385,0.056591372936964035,-0.018622588366270065,-0.1691618263721466,0.05387011915445328,-0.06906493008136749,-0.009956210851669312,-0.2260609120130539,0.16596321761608124,-0.0059122503735125065,0.09023195505142212,-0.06149566173553467,-0.264226496219635,-0.03427644446492195,0.2702675759792328,-0.035217754542827606,0.24131377041339874,-0.1330561339855194,0.042293183505535126,0.5734857320785522,-0.06983525305986404,0.36210328340530396,0.14636167883872986,-0.19564568996429443,-0.29711127281188965,0.019094645977020264,-0.029216909781098366,-0.3142724633216858,0.0002255946455989033,0.33483895659446716,-0.06930078566074371,0.15311414003372192,-0.3486347198486328,0.5182949900627136,-0.021036867052316666,-0.10303454101085663,-0.05952052026987076,-0.08080655336380005,-0.1150459498167038,-0.2944539189338684,-0.2603461742401123,-0.30255064368247986,0.06311806291341782,0.4183731973171234,0.07345692068338394,0.09225907176733017,0.13361771404743195,0.07414468377828598,-0.02316948212683201,-0.06812261790037155,-0.23558172583580017,0.15971139073371887,-0.14579802751541138,0.05218425393104553,-0.5987591743469238,0.16227863729000092,-0.004945824854075909,0.2133616954088211,-0.022269587963819504,0.024284545332193375,-0.1447519063949585
CID000150310,608,-0.00442911684513092,0.0690293163061142,0.05069456249475479,-0.01655629649758339,0.09100005775690079,0.5105479955673218,0.3665432333946228,0.056933723390102386,-0.3978491425514221,-0.24031272530555725,0.04015587642788887,-0.4968745708465576,0.39560645818710327,-0.6216968894004822,0.2580116093158722,-0.0005278169992379844,0.33731696009635925,-0.032711636275053024,-0.15934138000011444,-0.0007772922399453819,-0.1996675431728363,-0.29061514139175415,-0.09116578102111816,-0.0041738213039934635,0.0684872642159462,-0.022019004449248314,0.16930310428142548,-0.11469782888889313,-0.001187741756439209,0.4816681742668152,-0.029990147799253464,0.027176177129149437,-0.22034183144569397,-0.11294020712375641,-0.2866593301296234,-0.07209917157888412,-0.11160057783126831,-0.427145391702652,0.13852080702781677,0.0959482416510582,0.10426943004131317,-0.02242535911500454,-0.16189424693584442,0.05518236756324768,0.4221978783607483,-0.020929526537656784,0.0808933898806572,-0.3879779875278473,-0.1872057020664215,-0.01731055974960327,-0.2171720564365387,0.29264742136001587,-0.2562341094017029,-0.061460334807634354,0.16862043738365173,0.135308638215065,0.0918627604842186,0.11523834615945816,0.3066061735153198,-0.001455310732126236,-0.8906837701797485,0.015832457691431046,0.020603084936738014,0.44463539123535156,0.062495190650224686,0.03813831880688667,-0.38659006357192993,0.1468970775604248,-0.030269121751189232,-0.08655329048633575,-0.7352904081344604,0.346759170293808,0.012933234684169292,-0.007070326711982489,0.20766833424568176,-0.22479648888111115,0.17370542883872986,0.38855117559432983,0.12380681186914444,0.14337067306041718,-0.34833329916000366,0.0270378477871418,-0.04038026183843613,-0.13951656222343445,0.007852348499000072,0.043027114123106,-0.3578668236732483,0.06363490968942642,0.5326265096664429,-0.25798696279525757,0.17574042081832886,-0.22936677932739258,0.1667945384979248,-0.00018393396749161184,-0.27299267053604126,-0.03964521363377571,-0.29349595308303833,0.29569724202156067,0.013159021735191345,-0.4872458875179291,0.1650020182132721,0.19587866961956024,0.10682221502065659,-0.0704650729894638,-0.28115177154541016,-0.13727056980133057,-0.19031813740730286,0.28200381994247437,0.03588343784213066,0.3167904317378998,0.11380802094936371,0.11048375070095062,0.21789780259132385,-0.059804968535900116,0.12572389841079712,0.1279057264328003,0.024284254759550095,-0.3607690930366516,0.4425060749053955,-0.2990548014640808,-0.24668140709400177,-0.6696889400482178,-0.12907011806964874,0.03772614523768425,-0.4033006727695465,0.29360342025756836,0.09254120290279388,0.44268450140953064,0.10728545486927032,0.08464347571134567,0.014294629916548729,-0.20956814289093018,-0.6121898889541626,-0.38275694847106934,0.3049895763397217,0.033548273146152496,0.295982301235199,-0.42535510659217834,-0.05733712762594223,-0.08556262403726578,-0.04278579354286194,0.13909845054149628,-0.0388687364757061,0.03432697802782059,0.08707693964242935,0.12704168260097504,0.1582406610250473,0.19245854020118713,-0.1650293618440628,-0.2262820303440094,-0.27238255739212036,-0.08437897264957428,-0.13440075516700745,-0.057144325226545334,0.3406733572483063,0.2751990258693695,-0.0026541054248809814,-0.435260146856308,0.15786607563495636,-0.05228215456008911,0.4455905556678772,0.08922035992145538,-0.9686024785041809,-0.11458134651184082,0.510262668132782,0.32422325015068054,0.20320725440979004,0.16080470383167267,0.12107209861278534,0.1044318675994873,-0.09543035924434662,-0.24035844206809998,0.531262993812561,-0.0933690220117569,0.11887820065021515,-0.3724645674228668,-0.22301840782165527,0.09617777168750763,-0.5334486365318298,-0.08818544447422028,0.05851714685559273,0.39414483308792114,0.15732835233211517,0.02653108537197113,0.06225322559475899,0.09873293340206146,-0.3782351613044739,0.10516683757305145,0.4020291268825531,0.0971805676817894,0.08108682930469513,-0.1013789027929306,0.05320106819272041,-0.01989845000207424,-0.2784419655799866,0.48885002732276917,-0.2561214864253998,-0.17265401780605316,-0.19131949543952942,-0.3158005177974701,-0.018735747784376144,-0.06355457007884979,-0.35506492853164673,0.09823677688837051,-0.12618161737918854,0.5039659142494202,0.08737801760435104,-0.3435157835483551,-0.3390236794948578,0.10630752891302109,0.1654074490070343,0.18024671077728271,0.0031981528736650944,-0.2539714574813843,-0.0788823738694191,-0.23054346442222595,0.41409382224082947,-0.2645179331302643,-0.0047087594866752625,-0.044748418033123016,-0.1620320826768875,-0.07000070810317993,-0.8039326667785645,-0.06359197199344635,0.23566338419914246,-0.09052068740129471,0.21119093894958496,-0.09326721727848053,0.6958848237991333,-0.08607710897922516,-0.06702806800603867,-0.1267077624797821,0.012233054265379906,-0.0021757036447525024,-0.4503297805786133,-0.32082635164260864,-0.19560201466083527,0.4934168756008148,0.08434244245290756,0.2380591183900833,-0.13337598741054535,0.20020750164985657,-0.14228220283985138,0.08569010347127914,0.06367353349924088,-0.3104863166809082,0.1415332853794098,0.23643572628498077,0.21072785556316376,-0.6362665891647339,-0.032101429998874664,0.23400139808654785,0.22332456707954407,-0.17853648960590363,-0.09668675810098648,-0.08971265703439713
CID000004236,613,-0.17692574858665466,-0.2676302194595337,-0.27836087346076965,-0.15218491852283478,0.2936263084411621,0.368166983127594,-0.18201011419296265,-0.2527396082878113,-0.32439130544662476,-0.3114473223686218,0.022322874516248703,-0.47202834486961365,0.1044483631849289,-0.10606513172388077,-0.038942135870456696,-0.0793251246213913,0.15007726848125458,0.046811703592538834,-0.011673840694129467,-0.05833514779806137,-0.002747191581875086,0.15353047847747803,-0.06017089635133743,0.23989006876945496,0.26609402894973755,-0.03347659483551979,-0.3243301510810852,0.17067265510559082,0.16357463598251343,0.5495205521583557,0.027643471956253052,0.01228371076285839,0.16787739098072052,-0.1743583381175995,-0.12966635823249817,0.09929422289133072,-0.4359155297279358,-0.4050341546535492,-0.08780537545681,-0.024976499378681183,0.1648898422718048,0.45483121275901794,-0.20147307217121124,0.052999578416347504,0.11602884531021118,0.22202500700950623,-0.13660600781440735,-0.09166388213634491,0.09550920128822327,0.09416822344064713,-0.20071962475776672,0.1959809958934784,-0.18207252025604248,-0.4842582643032074,-0.06518399715423584,-0.08076543360948563,0.08568041026592255,-0.12147007882595062,0.3097607493400574,-0.004004836082458496,-0.8197463750839233,0.08606887608766556,-0.2626411020755768,0.3224422335624695,0.19973203539848328,0.2758188247680664,-0.3345475196838379,-0.04623470827937126,0.3630959689617157,-0.05954655259847641,0.03454763442277908,-0.00912650115787983,-0.06407950818538666,-0.3522653579711914,0.28356271982192993,0.13977079093456268,0.06242771074175835,0.06582604348659515,0.15404650568962097,0.10936626046895981,-0.352146714925766,0.11188706010580063,-0.1462833732366562,-0.19348253309726715,-0.01519845612347126,-0.13688945770263672,-0.5771452784538269,-0.10170644521713257,0.6863197088241577,-0.10620550811290741,-0.06763654947280884,-0.29986998438835144,-0.06996335834264755,0.06848151981830597,-0.5447646975517273,0.04210219904780388,0.0001460254134144634,0.546471357345581,0.12666575610637665,-0.12485264241695404,0.19293484091758728,0.22904126346111298,-0.5533921122550964,0.07712513208389282,-0.05940982699394226,-0.15512056648731232,-0.3975665271282196,0.3633952736854553,-0.02274743840098381,0.17809532582759857,0.0941648930311203,0.011566503904759884,0.19039592146873474,-0.10417182743549347,0.024053525179624557,0.13693802058696747,0.10302309691905975,-0.2993289828300476,0.26801687479019165,-0.09944039583206177,0.09097244590520859,-0.6601470708847046,-0.023710276931524277,-0.3269278407096863,-0.5401136875152588,-0.02013363316655159,-0.041635073721408844,0.42305222153663635,0.14719250798225403,-0.2574077248573303,-0.29028964042663574,0.12557238340377808,-0.6379136443138123,-0.17327849566936493,-0.18043360114097595,-0.09498809278011322,0.3200899064540863,0.060081787407398224,0.001498061465099454,-0.18364839255809784,0.07137610018253326,0.34247320890426636,0.13405945897102356,-0.024026650935411453,0.31332769989967346,0.027202600613236427,0.025020554661750793,0.03164457529783249,-0.06531880795955658,-0.03791431337594986,-0.011100517585873604,-0.2730191648006439,-0.2490120381116867,0.03779243677854538,-0.44071143865585327,-0.2107876092195511,-0.13250045478343964,-0.4163810610771179,0.12363340705633163,0.14211049675941467,0.1142156720161438,-0.07766897976398468,-0.7234132885932922,0.09990257024765015,0.2024444341659546,0.28956907987594604,-0.17589136958122253,0.2591398358345032,0.09996823966503143,-0.4485985338687897,-0.20898839831352234,-0.18842864036560059,0.7458816766738892,-0.13425830006599426,-0.22873616218566895,-0.31085696816444397,0.012641091831028461,0.057981569319963455,-0.2860139310359955,-0.3098403215408325,0.1976679414510727,0.1973540335893631,0.25433263182640076,-0.17173583805561066,-0.02289237454533577,0.03160484880208969,-0.3227159082889557,-0.08789088577032089,0.3627993166446686,0.03296682611107826,-0.011518058367073536,-0.2317175567150116,0.044109195470809937,-0.12237302213907242,-0.3527776598930359,0.5429540872573853,0.3580051362514496,0.023805823177099228,-0.6764518022537231,-0.11075608432292938,0.17216065526008606,0.07820364087820053,-0.43613201379776,0.16920888423919678,-0.051079440861940384,0.46252864599227905,-0.06577777117490768,-0.2441430538892746,-0.13047099113464355,0.02999572455883026,-0.16472198069095612,0.07986898720264435,-0.20623309910297394,0.19371874630451202,0.2276788204908371,0.08803682029247284,0.3956797122955322,-0.051881153136491776,-0.3257284462451935,-0.15839549899101257,0.15634045004844666,-0.012296837754547596,-0.4615324139595032,0.011429855599999428,0.21651184558868408,0.1375855952501297,0.1699887216091156,-0.569739818572998,0.7272895574569702,0.31506553292274475,-0.47248712182044983,-0.426408052444458,-0.06338736414909363,0.24263401329517365,-0.4056835174560547,-0.42137184739112854,-0.05275092273950577,0.22117073833942413,0.03686964884400368,-0.07609939575195312,-0.2969086170196533,0.0010274111991748214,0.08549237251281738,0.13298094272613525,-0.105601966381073,-0.4784620702266693,0.46708741784095764,0.03198286518454552,0.09207354485988617,-0.614022433757782,0.01450989581644535,-0.008996757678687572,0.06798093765974045,0.1792442798614502,0.07699695229530334,-0.0544176883995533
CID000002522,616,-0.23207025229930878,-0.0021529109217226505,-0.02397018112242222,-0.01285390555858612,0.3676972985267639,0.4435533583164215,-0.010191261768341064,0.292475163936615,-0.6415573358535767,-0.2661483883857727,-0.11624161154031754,-0.3697294592857361,0.2085876166820526,-0.35059112310409546,0.011880737729370594,-0.05118946358561516,0.15301653742790222,-0.34284713864326477,0.047501884400844574,-0.317836731672287,0.11898211389780045,0.12813737988471985,0.03675464913249016,0.06167708709836006,-0.2968939542770386,0.07031773775815964,-0.025628741830587387,-0.09993862360715866,-0.1492300182580948,0.6566272974014282,-0.07613568007946014,-0.08227915316820145,-0.26049527525901794,0.13688789308071136,-0.11297831684350967,0.0549766905605793,-0.43957996368408203,-0.3181423246860504,-0.10833563655614853,0.14942029118537903,0.5055139064788818,0.09386088699102402,-0.30703073740005493,0.0358235165476799,0.4544333815574646,0.13239304721355438,0.041436098515987396,-0.10062684118747711,-0.26924705505371094,-0.03807755187153816,-0.2094230204820633,0.20468556880950928,-0.3158389925956726,-0.18886950612068176,0.10167350620031357,0.1298612654209137,0.13945630192756653,-0.14695847034454346,0.299077570438385,0.5157943964004517,-0.7367209196090698,0.0707632377743721,-0.20667299628257751,0.2520543932914734,0.1521625816822052,-0.17122283577919006,-0.35277697443962097,-0.015521240420639515,-0.13077126443386078,-0.059648580849170685,-0.7444218397140503,-0.2469261884689331,0.3065164387226105,-0.46174708008766174,0.2708069086074829,0.035168588161468506,0.026562590152025223,0.2850627601146698,-0.10818171501159668,0.04662531241774559,-0.25193411111831665,0.2051008641719818,-0.5387768149375916,-0.08244790881872177,0.17573073506355286,-0.25501924753189087,-0.2482057809829712,0.22027340531349182,0.300874263048172,0.12205340713262558,-0.3091420531272888,-0.437826544046402,0.03746083378791809,-0.023418506607413292,-0.46787476539611816,0.035967182368040085,-0.13621126115322113,0.3724328577518463,0.3811466097831726,-0.3930704593658447,0.14260736107826233,-0.053750813007354736,-0.27530723810195923,0.09236112236976624,-0.12149421125650406,-0.141488716006279,-0.3229987323284149,0.1364988088607788,0.03906649723649025,0.2915150225162506,-0.09821099042892456,0.06046786159276962,0.399213969707489,-0.04048929736018181,0.1188247948884964,0.19713129103183746,-0.10650404542684555,-0.4462908208370209,0.31092149019241333,-0.12363970279693604,-0.07993219047784805,-0.4561343789100647,-0.0746571496129036,-0.35428687930107117,-0.8383611440658569,0.2286740094423294,0.07272347062826157,0.7097722291946411,0.22484318912029266,-0.09709563851356506,-0.06738022714853287,-0.008813194930553436,-0.36676591634750366,-0.4218342900276184,-0.13171344995498657,-0.4245518147945404,0.0375874824821949,-0.25185322761535645,-0.05435650795698166,-0.2401280701160431,-0.029493996873497963,0.2501399517059326,-0.07980817556381226,0.023306727409362793,0.0016492545837536454,-0.3161822259426117,0.07714281231164932,-0.05827686935663223,0.1462685912847519,0.13027231395244598,-0.047132834792137146,-0.11049194633960724,0.1503795087337494,-0.17118865251541138,0.06722797453403473,0.12837697565555573,-0.017550906166434288,-0.7076015472412109,0.19844970107078552,0.013073498383164406,0.26856473088264465,0.1488994061946869,-0.8689550161361694,0.0016867645317688584,0.30741414427757263,0.34002596139907837,-0.046218179166316986,-0.13294580578804016,0.569177508354187,-0.14852949976921082,-0.1897808015346527,-0.15313345193862915,0.35692256689071655,-0.09339367598295212,-0.002286279108375311,-0.042053211480379105,-0.10107278823852539,-0.007912902161478996,-0.2707359492778778,-0.25108465552330017,0.2551044225692749,0.3785005211830139,0.2760745882987976,0.16172440350055695,-0.16088815033435822,0.008263027295470238,-0.422624409198761,-0.426445871591568,0.3704528212547302,0.01880057528614998,0.09539265930652618,-0.2097257822751999,-0.06089436262845993,0.06255103647708893,-0.23168113827705383,0.46981993317604065,-0.15314362943172455,-0.047941453754901886,0.06587151437997818,0.20572802424430847,0.016042634844779968,0.4522544741630554,-0.3468485474586487,0.29965683817863464,-0.1191248670220375,0.43270331621170044,0.08304069936275482,-0.27398261427879333,-0.4460505545139313,0.2068505734205246,-0.4363979399204254,0.2535433769226074,-0.13403859734535217,0.2787185609340668,0.12750427424907684,-0.26014068722724915,0.3384503722190857,0.08133216947317123,-0.2922782301902771,-0.22505149245262146,-0.005568094551563263,-0.052434735000133514,-0.24590501189231873,0.01345349382609129,0.2693980634212494,0.12357312440872192,0.49835047125816345,-0.38334470987319946,0.5227477550506592,-0.03445800021290779,0.006662002298980951,-0.3690100312232971,-0.03589795529842377,0.003648132085800171,-0.14586620032787323,-0.150983065366745,-0.04813496023416519,0.23496536910533905,0.01881428062915802,0.06150920316576958,-0.3114924430847168,0.19922828674316406,0.02269095741212368,0.0648583322763443,0.15466704964637756,-0.2282422035932541,0.20953717827796936,0.17735545337200165,0.1995280236005783,-0.43120497465133667,-0.11512184143066406,0.09838281571865082,-0.2421434223651886,-0.15382209420204163,0.05347355455160141,-0.4484904706478119
CID000001971,619,0.031422264873981476,0.24984629452228546,-0.028734689578413963,0.21360063552856445,0.5659680366516113,0.4508891701698303,-0.04346174746751785,-0.03891827538609505,-0.7796934843063354,-0.045632295310497284,-0.14820803701877594,-0.3906162977218628,0.031932033598423004,-0.09970878064632416,-0.006265443749725819,0.2096034586429596,-0.07674809545278549,0.054552532732486725,0.29679661989212036,-0.06969480216503143,0.14642246067523956,-0.08863644301891327,-0.1535521298646927,-0.06311435997486115,-0.42352455854415894,0.045747097581624985,-0.2436220347881317,-0.21942326426506042,-0.06689392030239105,0.5383535027503967,-0.2782346308231354,0.2754771113395691,0.27419382333755493,-0.11671896278858185,-1.1759976148605347,0.006867441348731518,-0.379956990480423,-0.09468557685613632,-0.3038908839225769,0.2532137632369995,-0.22783148288726807,0.10519824922084808,-0.18128803372383118,-0.4515196681022644,0.6178655624389648,0.0020714341662824154,-0.19437678158283234,0.04537545517086983,-0.2923777401447296,0.12091203033924103,-0.790996253490448,-0.0024017870891839266,0.017729461193084717,-0.1264779269695282,-0.0068237497471272945,-0.03353076055645943,0.31901246309280396,-0.12604613602161407,1.0749366283416748,-0.16466493904590607,-1.053460717201233,-0.05902249366044998,-0.3515346944332123,0.3611606955528259,0.41839560866355896,-0.3949795365333557,-0.081306591629982,0.17863592505455017,-0.12693169713020325,-0.05135424807667732,-0.1096368208527565,-0.29619935154914856,-0.23933151364326477,0.16275514662265778,1.0096713304519653,0.004898227751255035,-0.09251458197832108,0.1109088808298111,0.2803337872028351,-0.5900207757949829,0.09611987322568893,0.14930258691310883,-0.17367832362651825,0.0949992835521698,0.08475731313228607,0.1623380482196808,-0.08598808944225311,0.3544532358646393,0.5704165101051331,-0.10009215027093887,-0.4204152524471283,0.009866243228316307,-0.02442171610891819,-0.039031073451042175,-0.8688554763793945,-0.3008423447608948,0.24969959259033203,0.1422167718410492,-0.11718388646841049,-0.021835103631019592,0.43612366914749146,-0.07048988342285156,-0.18678787350654602,0.23553280532360077,-0.2518513798713684,0.004291704390197992,-0.41631850600242615,0.13234813511371613,-0.1766861379146576,0.4442140460014343,-0.07486465573310852,-0.1076522246003151,0.15617336332798004,-0.26659688353538513,0.09089044481515884,0.01822977140545845,-0.07309167087078094,-1.6400057077407837,0.035238903015851974,-0.35856693983078003,0.3801038861274719,-0.8949121236801147,-0.0600334107875824,-0.4895578920841217,-0.014321178197860718,0.2661423087120056,-0.037648819386959076,0.3451501727104187,0.18538382649421692,0.30317559838294983,-0.24532675743103027,-0.17726801335811615,-0.4022795557975769,-0.4142330586910248,-0.497469425201416,0.00311853876337409,0.26437151432037354,-0.4922519624233246,-0.222494438290596,0.10322322696447372,-0.007386335637420416,0.2935378849506378,0.05560537055134773,0.178010031580925,-0.1629297286272049,0.1119670495390892,-0.23278780281543732,0.2548956573009491,-0.028208453208208084,-0.06734135001897812,-0.10842341184616089,-0.0256685558706522,0.3077848553657532,-0.012914876453578472,-0.2676834166049957,-0.03131505846977234,0.05738462135195732,-0.5535620450973511,-0.2883625030517578,0.029618820175528526,-0.07011650502681732,0.11292867362499237,-0.7489854097366333,0.08806391805410385,0.7727185487747192,0.21364474296569824,-0.24173691868782043,0.08248288929462433,-0.4159103333950043,0.08199216425418854,-0.08794967830181122,-0.030483046546578407,0.3269709646701813,-0.0429631844162941,-0.13301941752433777,0.018006999045610428,0.03525712341070175,-0.03951083868741989,-0.25163203477859497,0.038736797869205475,-0.07566855102777481,0.30558615922927856,0.08187564462423325,-0.10587026923894882,-0.26133033633232117,-0.3696638345718384,-0.07472529262304306,-0.03224167972803116,0.6381479501724243,-0.19126303493976593,0.09099874645471573,-0.3776651918888092,0.27705374360084534,0.285017192363739,0.08567160367965698,0.43078693747520447,-0.12410503625869751,-0.2674470543861389,-0.8127826452255249,0.046734798699617386,-0.22604259848594666,-0.18946543335914612,-0.21245940029621124,0.13065466284751892,0.04460131376981735,0.2236660271883011,-0.31371670961380005,0.12081532180309296,-0.3504188656806946,0.10646568238735199,0.04817246273159981,-0.2794418931007385,0.04810013622045517,-0.14924225211143494,0.06548386812210083,-0.1819256842136383,1.0533946752548218,-0.025265570729970932,-0.41184672713279724,-0.06368770450353622,-0.09722296893596649,-0.03792239725589752,-0.6760652661323547,0.2960856854915619,0.0394013337790966,-0.40360912680625916,-0.042164552956819534,-0.28262969851493835,1.0352582931518555,-0.07930338382720947,-0.3295818567276001,-0.05368373543024063,0.1432683765888214,0.12231458723545074,-0.590332567691803,-0.2824089527130127,-0.18040509521961212,0.05089492350816727,0.07147517055273056,-0.11120189726352692,-1.244524598121643,0.4084067940711975,0.1013743132352829,-0.01908862590789795,0.1026545986533165,0.09978346526622772,-0.038850001990795135,0.2132498323917389,0.13797597587108612,-0.9526863098144531,-0.1413966864347458,0.4252915382385254,0.7898563146591187,-0.0661904439330101,-0.07802214473485947,0.21457116305828094
CID000002099,620,0.07374528795480728,0.12578673660755157,0.07373875379562378,-0.4904833734035492,0.37858662009239197,0.22087080776691437,0.1886281967163086,-0.17169277369976044,-0.47517865896224976,-0.14709657430648804,0.23458163440227509,-0.5710027813911438,0.25979432463645935,-0.4121151566505432,-0.24571256339550018,-0.005507298279553652,0.07754403352737427,0.02906554378569126,-0.13002611696720123,0.10188770294189453,0.29630720615386963,0.35296955704689026,-0.09478717297315598,-0.13672474026679993,0.2865045964717865,-0.10241319984197617,-0.22524194419384003,0.16870646178722382,0.09598658233880997,0.22447729110717773,-0.15923456847667694,-0.05764927342534065,-0.13083156943321228,-0.22706536948680878,-0.7182424664497375,0.006654492579400539,-0.17152419686317444,-0.20101423561573029,-0.18625345826148987,0.08672068268060684,-0.004307860042899847,0.1980171650648117,-0.4592491686344147,-0.1292373389005661,0.47097688913345337,-0.13566701114177704,-0.0356975682079792,-0.030632242560386658,0.21221403777599335,-0.33924391865730286,-0.5376302003860474,0.32223859429359436,-0.15221242606639862,-0.010136651806533337,0.22194790840148926,-0.08322444558143616,-0.1588771641254425,0.1199197992682457,0.33043378591537476,-0.1256481111049652,-0.9374815821647644,-0.011934059672057629,-0.3998566269874573,0.1572200357913971,-0.14881764352321625,-0.037951674312353134,-0.49694108963012695,0.7087197303771973,-0.12691155076026917,0.03377232328057289,-0.38090261816978455,-0.016368597745895386,-0.018174048513174057,0.1840021312236786,0.3395572900772095,0.20420598983764648,-0.1926211416721344,0.32006725668907166,0.10282015800476074,-0.2404528111219406,-0.2623903751373291,0.10741683095693588,0.16425836086273193,-0.4635152816772461,-0.09586627036333084,0.040943264961242676,-0.12538893520832062,0.015067917294800282,0.6221111416816711,0.3820262849330902,0.0637672170996666,-0.22263376414775848,0.13000905513763428,0.19077271223068237,-0.6356476545333862,-0.05740051716566086,-0.13916003704071045,0.26087573170661926,0.0659361332654953,-0.27649790048599243,0.43990835547447205,-0.1608200967311859,-0.47225818037986755,0.21126854419708252,-0.05919339135289192,0.1805131584405899,-0.31615036725997925,0.2521781325340271,-0.1439686417579651,0.24504026770591736,0.48939400911331177,-0.1720484495162964,0.5759150981903076,-0.22465379536151886,0.4162120819091797,-0.2038280963897705,0.0012983620399609208,-0.46212631464004517,0.31027665734291077,-0.22067901492118835,0.06947115063667297,-0.8973253965377808,-0.20322218537330627,0.06335849314928055,-0.42542171478271484,0.1376219093799591,-0.17907816171646118,0.23218877613544464,0.14293082058429718,0.14280617237091064,0.017214717343449593,0.32854050397872925,-0.5768879055976868,-0.21117587387561798,0.06352972239255905,-0.08161111176013947,0.4880679249763489,-0.23771540820598602,0.11269519478082657,-0.11260847002267838,-0.03006102703511715,0.1862337738275528,0.3146524429321289,-0.21537718176841736,-0.07464271783828735,0.19121518731117249,0.10939280688762665,0.06958284229040146,0.4356028139591217,0.3421424329280853,-0.09169057756662369,0.1646426022052765,-0.2666119635105133,-0.052354197949171066,0.004319676663726568,-0.02827642485499382,-0.024576336145401,-0.25754719972610474,-0.03898801654577255,0.07167450338602066,0.3314128518104553,-0.1280878633260727,-0.935510516166687,-0.09349743276834488,0.82744300365448,0.10916431993246078,0.020142683759331703,-0.03112587332725525,-0.14417529106140137,-0.22470664978027344,-0.25598224997520447,-0.22710272669792175,0.5925599336624146,0.09058783203363419,-0.19601279497146606,-0.11053161323070526,0.1745605170726776,0.18018703162670135,-0.375230610370636,0.010044798254966736,0.03517751395702362,0.10447056591510773,0.11386372148990631,-0.06800229847431183,-0.043768905103206635,-0.16783492267131805,-0.468028724193573,-0.022039156407117844,0.5788194537162781,0.08644124865531921,0.03752259537577629,-0.4004139006137848,-0.07808442413806915,-0.28246641159057617,-0.2647782862186432,0.18829184770584106,-0.12744800746440887,0.016571884974837303,-0.4646841883659363,0.0371999517083168,0.4525527358055115,-0.171310693025589,-0.5717358589172363,-0.15685324370861053,0.3065187335014343,0.32022422552108765,-0.1836935430765152,-0.022882699966430664,-0.4223853051662445,-0.22478079795837402,0.2724494934082031,0.28396958112716675,-0.044047124683856964,0.08016809821128845,-0.0018967986106872559,0.059727542102336884,0.7588815093040466,0.5006552338600159,-0.027754059061408043,-0.15669718384742737,-0.10478347539901733,-0.23461398482322693,-0.7335796356201172,0.10251426696777344,0.23419904708862305,-0.06140054017305374,0.07173184305429459,-0.010518455877900124,0.8712303042411804,-0.0857769250869751,-0.27798333764076233,-0.004584027919918299,0.03784345090389252,-0.11729009449481964,-0.3468009829521179,-0.3598307967185974,-0.18063625693321228,0.2020120918750763,0.4601127505302429,-0.03763917088508606,-0.11790702491998672,-0.10824894905090332,-0.14628548920154572,-0.2508302927017212,-0.0027740777004510164,-0.39363667368888855,0.39351052045822144,0.12114979326725006,0.02003590203821659,-0.8996491432189941,-0.2516023814678192,0.8106107711791992,0.06391172856092453,0.0010667413007467985,-0.02321351319551468,-0.1950990855693817
CID000036339,621,-0.07719165831804276,-0.047690462321043015,-0.060078561305999756,-0.11196775734424591,0.3832290768623352,0.2403733730316162,0.08593229204416275,-0.019535887986421585,-0.22816307842731476,-0.2363623082637787,-0.07740223407745361,-0.3468737006187439,-0.032969117164611816,-0.13089223206043243,0.025538111105561256,-0.07345467060804367,-0.07731834799051285,0.08482830971479416,0.12631800770759583,-0.009928673505783081,-0.14918790757656097,0.11554773151874542,0.04336165264248848,0.053791679441928864,-0.009772690944373608,0.004018631763756275,-0.1013590544462204,-0.03762517869472504,-0.02069697342813015,0.2666167616844177,0.05412960797548294,-0.3372437357902527,-0.11825980246067047,-0.0007327467319555581,-0.5090141296386719,0.029793450608849525,-0.20904001593589783,-0.2948893904685974,-0.0955365002155304,-0.16918732225894928,0.02894502505660057,-0.01046777330338955,-0.1611061841249466,-0.1506309062242508,0.18760225176811218,-0.054924964904785156,0.01531519927084446,0.24049797654151917,-0.30680471658706665,-0.11012276262044907,-0.11330457031726837,0.08023682236671448,0.07940902560949326,-0.11014892905950546,0.04471428319811821,-0.052389807999134064,-0.12979678809642792,0.008694464340806007,0.12484969943761826,-0.1067291721701622,-0.9461885690689087,-0.14958998560905457,-0.2867588996887207,0.24073946475982666,0.01660854183137417,0.1828252375125885,-0.026798594743013382,0.21760138869285583,-0.020076846703886986,0.10445789247751236,-0.10595421493053436,0.12143070995807648,-0.07128395140171051,-0.1759898066520691,0.0827745571732521,-0.04631156474351883,-0.09873604774475098,0.042720966041088104,0.26740193367004395,-0.06188325211405754,-0.12317381054162979,-0.01270025409758091,-0.18360185623168945,-0.034387052059173584,-0.13009946048259735,-0.09620298445224762,-0.17433230578899384,-0.24101261794567108,0.2551180124282837,-0.18012864887714386,0.0910060852766037,-0.024386942386627197,-0.02891782857477665,-0.02055787667632103,-0.4415736794471741,0.0066233971156179905,-0.1727508008480072,0.3504980504512787,0.0871361494064331,-0.20940549671649933,0.18331289291381836,0.20996037125587463,-0.22993223369121552,-0.0014897703658789396,-0.17684641480445862,0.10397863388061523,-0.49040302634239197,0.2319764345884323,-0.07675202190876007,0.071924589574337,0.19206023216247559,-0.09563356637954712,0.18281958997249603,0.04088658094406128,0.010897418484091759,0.16603367030620575,-0.07667573541402817,-0.08997246623039246,0.16577312350273132,0.06575142592191696,-0.16651098430156708,-0.6029934287071228,-0.04627302289009094,-0.08912963420152664,-0.3476886749267578,0.12541578710079193,-0.030276019126176834,0.2870080769062042,0.12729166448116302,-0.009808731265366077,-0.11169642210006714,0.05161364749073982,-0.53087317943573,-0.2623580992221832,0.0561361201107502,-0.10715103149414062,0.1399621218442917,-0.13802579045295715,-0.1069764718413353,0.05469188839197159,-0.002745115663856268,0.05794522166252136,-0.16274011135101318,-0.07406626641750336,-0.01373890321701765,-0.11419055610895157,-0.01397773064672947,-0.054883409291505814,-0.18225805461406708,0.2005293369293213,0.01627926528453827,0.028186380863189697,0.04790974035859108,0.017998317256569862,-0.06763796508312225,-0.06589106470346451,-0.14281007647514343,-0.3094038665294647,0.09384995698928833,0.02373664453625679,0.20050111413002014,-0.05862004682421684,-0.8895242810249329,0.04167332500219345,0.19867271184921265,0.2438656985759735,-0.18311628699302673,-0.07102908939123154,0.04395373538136482,0.07817190140485764,-0.11640533059835434,-0.1790754497051239,0.24207432568073273,-0.10373564064502716,-0.07803328335285187,0.1643482893705368,-0.18877960741519928,0.1486114114522934,-0.5153801441192627,-0.09424001723527908,0.22155365347862244,0.2053476870059967,0.01776561327278614,0.023473426699638367,-0.0042411210015416145,-0.004461091011762619,-0.10970854759216309,0.1294601857662201,0.43419569730758667,-0.2138529270887375,0.24929270148277283,-0.010141020640730858,-0.09609248489141464,-0.13562482595443726,-0.10360267013311386,0.2797878086566925,0.011564195156097412,0.009977282956242561,-0.058673419058322906,-0.033188652247190475,-0.16299180686473846,-0.06518681347370148,-0.08113911002874374,0.1863405406475067,-0.08158029615879059,0.15300005674362183,-0.060616981238126755,-0.14584870636463165,-0.04230346530675888,0.0814116969704628,0.09108849614858627,0.1034725084900856,-0.04223830625414848,0.05892898887395859,0.17988276481628418,0.1644332855939865,0.2686789035797119,-0.03895336389541626,-0.05908762291073799,-0.32852476835250854,-0.01557091809809208,-0.10234644263982773,-0.3698158264160156,0.13192787766456604,0.21122273802757263,-0.1537470817565918,0.017361456528306007,-0.20084615051746368,0.6843218207359314,0.04441291466355324,-0.21859237551689148,-0.13622431457042694,-0.189484640955925,-0.10984190553426743,-0.617195188999176,-0.18981938064098358,-0.12149782478809357,0.14670154452323914,0.29506197571754456,-0.26573634147644043,-0.04251955822110176,0.012822533026337624,0.05927508324384689,0.13450375199317932,0.02662513218820095,-0.14167866110801697,0.10366600751876831,-0.12350789457559586,0.04079508036375046,-0.6005018949508667,-0.028595995157957077,0.10515181720256805,0.21638266742229462,-0.09229519963264465,0.011264199391007423,0.026200760155916214
CID000004138,622,-0.05013116076588631,0.27143704891204834,0.3306828439235687,0.006199823226779699,0.7219472527503967,0.340725839138031,0.4599941372871399,-0.019472822546958923,-0.23674359917640686,-0.017949268221855164,0.10419503599405289,-0.28494301438331604,0.2137642651796341,-0.08111472427845001,-0.3214932680130005,0.1664823591709137,0.05663352087140083,0.04747031256556511,-0.15739133954048157,-0.14066438376903534,0.19216212630271912,-0.06635329127311707,-0.10410300642251968,0.08827834576368332,0.014278829097747803,-0.017260750755667686,-0.2539384067058563,0.0480206273496151,-0.09698708355426788,0.2735269367694855,-0.26957598328590393,0.06458859145641327,-0.03480758145451546,0.054539699107408524,-0.5683571696281433,-0.11359341442584991,-0.33741945028305054,-0.5042375326156616,0.01257895864546299,-0.21714439988136292,0.046619873493909836,-0.02435660921037197,-0.15649700164794922,-0.02815159223973751,0.25449007749557495,0.016077235341072083,-0.13073748350143433,0.042885418981313705,-0.07846663892269135,0.03453574702143669,-0.6892221570014954,0.06820948421955109,-0.11044392734766006,-0.4038546681404114,-0.07305717468261719,0.10762999206781387,0.09931770712137222,-0.132017120718956,0.2844894230365753,-0.22747297585010529,-0.8993724584579468,-0.013067821972072124,-0.12379537522792816,0.22816023230552673,-0.16096313297748566,0.3091197907924652,-0.09126868098974228,0.14588026702404022,0.18896719813346863,0.08959724009037018,-0.3356022834777832,-0.04176439344882965,0.03671884909272194,-0.21166841685771942,0.2574583888053894,-0.11212704330682755,-0.05750346928834915,0.21152587234973907,0.0019241214031353593,-0.21100611984729767,-0.07860065996646881,-0.0532805509865284,0.060616880655288696,-0.007219369523227215,-0.048959650099277496,0.16382959485054016,0.07934194803237915,0.19857048988342285,0.6018682718276978,-0.16004274785518646,-0.08012407273054123,-0.1263798475265503,-0.10941779613494873,0.1483643800020218,-0.5137936472892761,0.04164819419384003,-0.331928551197052,0.5369282960891724,0.18822744488716125,0.047055434435606,0.6069760322570801,-0.06563707441091537,0.2983558773994446,0.5571414232254028,-0.17791244387626648,0.08024973422288895,-0.312890887260437,0.3307541608810425,-0.0391269251704216,0.18061932921409607,-0.15452715754508972,0.07051496207714081,0.3812483847141266,-0.19526463747024536,0.18120726943016052,-0.21792328357696533,0.11771953105926514,-0.1829165518283844,0.1509018838405609,0.002207517623901367,0.14357303082942963,-0.7662955522537231,0.2805289924144745,-0.4414582848548889,-0.5644528865814209,0.00045668185339309275,-0.21899326145648956,0.2034464180469513,0.1497718244791031,-0.011374430730938911,0.323131263256073,-0.23069581389427185,-0.31751370429992676,-0.24636895954608917,0.41355428099632263,0.025479953736066818,0.3455111086368561,-0.30172112584114075,0.18738920986652374,-0.0030014761723577976,-0.004918606486171484,0.14958567917346954,0.19052621722221375,0.11014499515295029,0.2100609987974167,-0.004231599625200033,0.1382187306880951,-0.06334871798753738,-0.0018400177359580994,-0.03159577399492264,-0.2760674059391022,0.02878342941403389,0.020976170897483826,0.08354280889034271,-0.2610097825527191,0.011552795767784119,0.0012930035591125488,-0.28895992040634155,0.02620246447622776,0.25468316674232483,0.2481827437877655,0.0872892215847969,-0.8488726615905762,0.04033299535512924,0.16509434580802917,0.23686817288398743,-0.17424073815345764,-0.05065753310918808,0.39693698287010193,0.18438023328781128,-0.07931385934352875,-0.15054874122142792,0.4560321271419525,-0.132562056183815,-0.12260453402996063,0.0383368544280529,0.07390233129262924,0.003504656720906496,-0.2908884286880493,0.15503168106079102,0.15769092738628387,0.05766100808978081,-0.05995209142565727,0.09412284940481186,0.023560646921396255,-0.09016378223896027,-0.3069007098674774,0.06000872328877449,0.7206626534461975,-0.025944504886865616,-0.15315935015678406,-0.11855705082416534,-0.02579624392092228,-0.15946590900421143,-0.07988852262496948,0.7468291521072388,0.01657245121896267,-0.015628088265657425,-0.2623586058616638,0.06337393075227737,-0.19842268526554108,0.14515608549118042,-0.32379013299942017,0.11130480468273163,0.028384476900100708,0.24381625652313232,0.1567918062210083,-0.1221666932106018,-0.1256866455078125,-0.04457153379917145,0.2065129280090332,0.1370055377483368,-0.17657533288002014,-0.042390577495098114,0.5518222451210022,-0.4053681492805481,0.6012445688247681,0.101718470454216,0.053775422275066376,-0.204247385263443,-0.03935690596699715,0.025593142956495285,-0.5255984663963318,0.009971505030989647,0.45560747385025024,-0.025417115539312363,0.10777958482503891,-0.30493855476379395,0.6446889638900757,-0.0623348243534565,0.25162473320961,0.04203301668167114,0.02927536331117153,0.02305660769343376,-0.4953296184539795,-0.24834422767162323,-0.12130619585514069,-0.09795813262462616,0.07311485707759857,0.20747356116771698,-0.09870867431163788,0.14271233975887299,0.07709947228431702,-0.21291987597942352,-0.20584647357463837,-0.595118522644043,0.11188273131847382,-0.028734153136610985,0.029107188805937767,-0.7479397058486938,0.37600061297416687,0.07332208007574081,0.41758227348327637,0.17864111065864563,0.039726629853248596,0.08155655860900879
CID006447131,623,-0.09037420898675919,-0.06708092987537384,0.2375260889530182,-0.0063741086050868034,0.07850250601768494,0.4285873770713806,-0.06627028435468674,0.04627687484025955,-0.15362462401390076,-0.40826478600502014,0.16482901573181152,-0.549765944480896,0.16412119567394257,-0.2727174460887909,-0.3053474724292755,-0.02041597291827202,0.005011177156120539,-0.37699055671691895,0.032965727150440216,-0.23513981699943542,0.31015393137931824,-0.0013722628355026245,0.020989321172237396,-0.21755699813365936,-0.10859756171703339,-0.006760942749679089,-0.06681530922651291,-0.07199981063604355,-0.03656839206814766,0.3562960922718048,-0.1335732638835907,0.2654764652252197,0.18378934264183044,-0.1359119862318039,-0.5505990386009216,0.1973271667957306,-0.10423722118139267,-0.24357685446739197,-0.2566906809806824,-0.1974949985742569,-0.14890339970588684,0.0607258602976799,-0.4921252727508545,0.1263871192932129,0.4276857376098633,-0.014203444123268127,0.10213073343038559,0.10787294059991837,0.0524265393614769,-0.1617724746465683,-0.6838042140007019,0.18975014984607697,-0.1233893632888794,-0.05787745863199234,0.40870460867881775,-0.0975603312253952,-0.15717433393001556,-0.0204290933907032,0.27589958906173706,-0.01656980812549591,-0.7517307996749878,-0.05279466509819031,-0.5314847826957703,-0.0051531316712498665,-0.21566204726696014,0.00526617094874382,0.004718357231467962,0.24771873652935028,0.1805957853794098,0.08177035301923752,-0.49120840430259705,-0.11834840476512909,-0.031215131282806396,-0.033796314150094986,0.5490349531173706,0.09280514717102051,-0.03404977545142174,0.693263828754425,0.05962272733449936,0.07765190303325653,-0.4033139646053314,-0.2845035493373871,-0.23069961369037628,-0.14234314858913422,-0.05039508268237114,0.18796251714229584,-0.2753320336341858,-0.0870964452624321,0.23127427697181702,-0.07992918789386749,-0.1894119530916214,-0.2717980742454529,0.05484004691243172,0.05600142478942871,-0.37760820984840393,0.1263081133365631,0.2261943519115448,-0.15788450837135315,0.09616755694150925,-0.09928032755851746,0.15074396133422852,0.14534758031368256,-0.36058664321899414,-0.049331486225128174,-0.18442270159721375,0.14226773381233215,-0.4446563720703125,0.2594159245491028,-0.010901265777647495,-0.025146853178739548,0.3236697316169739,-0.15737032890319824,0.23784410953521729,-0.0016266971360892057,0.14340683817863464,-0.1720544844865799,0.04027891904115677,-0.6904165148735046,0.38263899087905884,0.1083562821149826,-0.03325710818171501,-0.7074296474456787,-0.4568025469779968,-0.19555988907814026,-0.48292917013168335,0.2861151099205017,-0.047216176986694336,0.28089118003845215,0.3567442297935486,-0.027023354545235634,0.11943840980529785,-0.08924766629934311,-0.5870347619056702,-0.38223686814308167,-0.0768008679151535,-0.010017705149948597,0.21941392123699188,-0.354773610830307,-0.06518855690956116,-0.363850474357605,-0.15555144846439362,0.022323861718177795,0.35715603828430176,-0.11803678423166275,-0.13740673661231995,-0.28615012764930725,0.18451981246471405,-0.22402484714984894,0.2586504817008972,0.03616078943014145,-0.0027913569938391447,0.21904146671295166,0.06175951287150383,-0.10333085060119629,0.011753121390938759,0.1765148788690567,0.04003267362713814,-0.4359765946865082,0.10916656255722046,0.28324583172798157,0.04743155464529991,0.11850634962320328,-0.7264901995658875,-0.2185976505279541,0.6359449625015259,0.11646083742380142,-0.3329610526561737,0.041549280285835266,-0.18359419703483582,-0.089297354221344,-0.10778051614761353,-0.14440055191516876,0.4543820321559906,0.252850204706192,-0.03180905431509018,-0.19789370894432068,0.05720958858728409,0.18531979620456696,-0.40107059478759766,-0.058673787862062454,0.12988194823265076,0.21267683804035187,0.3725951611995697,-0.09281717240810394,0.03935648128390312,-0.15694060921669006,-0.11790617555379868,-0.11114133894443512,0.46556004881858826,-0.2083044797182083,0.3604492247104645,-0.4035756587982178,-0.19864587485790253,-0.043863821774721146,-0.45975765585899353,0.3401052951812744,-0.03147663176059723,0.07912147790193558,-0.2689454257488251,-0.10414130985736847,0.18720749020576477,0.051077015697956085,-0.15891435742378235,0.1814403235912323,-0.010569378733634949,0.17571261525154114,-0.1624535620212555,-0.02628406509757042,-0.36023759841918945,-0.36858147382736206,-0.04714324325323105,-0.23081469535827637,-0.17608781158924103,0.14098134636878967,-0.19118352234363556,0.04409614950418472,0.5526622533798218,0.12317846715450287,-0.10248972475528717,-0.10432654619216919,-0.038583796471357346,-0.18203485012054443,-0.5471113920211792,0.022164486348628998,-0.20264732837677002,-0.3432837128639221,0.109256312251091,-0.1723964512348175,0.8425412178039551,-0.1426239311695099,-0.32506391406059265,-0.08847769349813461,-0.0448872372508049,0.026015255600214005,-0.5192136168479919,-0.18063944578170776,-0.2738191485404968,0.23222485184669495,0.423494428396225,-0.08493485301733017,-0.45666712522506714,-0.14801166951656342,-0.11667418479919434,-0.03364603966474533,-0.041914477944374084,-0.07273311913013458,0.20824572443962097,0.014279198832809925,0.25923606753349304,-0.6423302888870239,-0.4205533564090729,0.5485837459564209,0.07025284320116043,-0.23361793160438538,-0.17429187893867493,-0.17027106881141663
CID000170361,624,-0.07132722437381744,-0.11710754781961441,-0.07695512473583221,-0.09728170931339264,0.3035583198070526,0.2569018006324768,-0.005025672726333141,0.02749185636639595,-0.23745520412921906,-0.1731826364994049,0.04353722557425499,-0.3583787679672241,-0.0749465674161911,-0.13405965268611908,0.030950242653489113,-0.009657668881118298,0.08330400288105011,0.024742137640714645,-0.1041635274887085,-0.1985764503479004,0.06365572661161423,-0.14040818810462952,0.04444392770528793,0.13465583324432373,-0.06024596840143204,-0.03569773584604263,-0.1840038001537323,0.007432880811393261,-0.09319484233856201,0.3055046796798706,-0.007991800084710121,-0.14283688366413116,0.01756175234913826,0.06202723830938339,-0.6361405253410339,-0.05017627403140068,-0.24527251720428467,-0.28573688864707947,-0.16450552642345428,-0.06326404213905334,0.004594308324158192,0.10684088617563248,-0.1270943284034729,-0.053662847727537155,0.20843040943145752,-0.02772403694689274,0.10108975321054459,0.1351635754108429,-0.2808762490749359,0.0229017473757267,-0.2781783938407898,0.20523130893707275,0.09259108453989029,-0.0765700414776802,0.15714260935783386,-0.041930992156267166,-0.04511123523116112,-0.11565488576889038,0.13595156371593475,-0.22293207049369812,-0.9919583201408386,-0.10970059782266617,-0.30547815561294556,0.2503122389316559,0.1535513550043106,0.24206773936748505,-0.006024685688316822,0.14979231357574463,-0.13971219956874847,-0.05163954570889473,-0.2000184804201126,0.11605216562747955,-0.09379730373620987,-0.14601826667785645,0.1601981818675995,-0.173801451921463,-0.11871951818466187,0.028678635135293007,0.1982584446668625,0.10256630182266235,-0.10688598453998566,-0.2522823214530945,-0.012100961059331894,-0.029942095279693604,-0.10538673400878906,0.0317605622112751,-0.16164755821228027,-0.14294789731502533,0.2470247447490692,-0.14612385630607605,0.013864082284271717,-0.16494828462600708,-0.08955557644367218,0.0920674204826355,-0.4761736989021301,-0.032075732946395874,-0.13741037249565125,0.33338311314582825,0.19247736036777496,-0.2294326275587082,0.17479386925697327,0.17935249209403992,-0.21197974681854248,0.15753476321697235,-0.2355000078678131,0.021763011813163757,-0.596217930316925,0.2874549627304077,0.13565805554389954,0.1626286655664444,0.05720598250627518,0.1191691905260086,0.22570765018463135,0.0353936031460762,0.029484743252396584,0.23585836589336395,-0.18418347835540771,-0.14124861359596252,0.1235104650259018,0.1914072334766388,-0.10780137777328491,-0.5975401997566223,0.24764986336231232,-0.20387613773345947,-0.37834084033966064,0.06368596851825714,-0.1894901692867279,0.25109702348709106,0.00031356216641142964,-0.1153227835893631,-0.13970696926116943,-0.04269725829362869,-0.49921202659606934,-0.24507860839366913,-0.03966154903173447,-0.1559622585773468,0.20640650391578674,-0.24203543365001678,-0.007042217068374157,-0.06462596356868744,0.009239429607987404,0.0617387592792511,-0.17701561748981476,-0.014175346121191978,0.1488942801952362,-0.05299774929881096,0.14852800965309143,-0.1167091503739357,0.12546220421791077,-0.04920508712530136,-0.053632158786058426,-0.07068471610546112,-0.02023404836654663,0.10929672420024872,-0.1402980238199234,-0.0717560425400734,-0.07914205640554428,-0.31387564539909363,0.07744260877370834,0.09889809042215347,0.0718073770403862,-0.06294552981853485,-0.862675666809082,0.15575847029685974,0.20602436363697052,0.1397211253643036,-0.20479102432727814,-0.12644073367118835,0.1577993482351303,-0.02774176560342312,-0.10494723170995712,-0.19103991985321045,0.21812398731708527,-0.14889825880527496,0.030418207868933678,0.022949669510126114,-0.22145310044288635,0.19704005122184753,-0.4767891466617584,-0.14569705724716187,0.12488895654678345,0.2079176902770996,0.020749447867274284,-0.0734061673283577,-0.050917863845825195,-0.011912574991583824,-0.14858804643154144,-0.08748741447925568,0.562522292137146,-0.2194526493549347,0.07526938617229462,-0.09190021455287933,-0.0202319473028183,-0.14292606711387634,-0.09654457122087479,0.4176459312438965,-0.09109145402908325,-0.08067037165164948,-0.1957903653383255,-0.0701000764966011,-0.1728743612766266,-0.07855209708213806,-0.10318957269191742,0.14726856350898743,-0.006718373857438564,0.15200790762901306,-0.0214743223041296,-0.047478869557380676,-0.06164092943072319,-0.2769981622695923,0.188206747174263,0.12236801534891129,-0.014035145752131939,-0.04838641360402107,0.1493973284959793,0.07930777221918106,0.3982168138027191,0.07269129902124405,-0.08109388500452042,-0.20608265697956085,0.025838902220129967,-0.11387737840414047,-0.476792573928833,0.057321835309267044,0.28058919310569763,-0.263427197933197,0.16778473556041718,-0.15403486788272858,0.7301255464553833,0.024074966087937355,-0.14175185561180115,-0.10576393455266953,-0.14902880787849426,0.003147934330627322,-0.6358029842376709,-0.22564128041267395,0.1844949573278427,0.12816306948661804,0.24368123710155487,0.012173211202025414,-0.1644115149974823,-0.05325363948941231,0.04752093553543091,0.25469380617141724,0.17528778314590454,-0.2634204030036926,0.11589621007442474,-0.19966402649879456,0.07291361689567566,-0.6129009127616882,0.23666878044605255,0.05505502223968506,0.2457047402858734,-0.0522993728518486,0.1443905085325241,0.10666768252849579
CID000004075,635,0.11668173223733902,-0.18013513088226318,0.22214892506599426,-0.05390866473317146,0.7032982110977173,0.2980800271034241,-0.2161773145198822,-0.1589222550392151,-0.40422481298446655,-0.06088186427950859,0.43653613328933716,-0.4608796536922455,0.014313867315649986,-0.09129798412322998,0.02207864448428154,-0.010180408135056496,0.14731420576572418,0.239769846200943,-0.09684200584888458,0.06263597309589386,0.13491752743721008,0.36802878975868225,0.15835437178611755,0.003531578229740262,0.01649678684771061,-0.1232755184173584,-0.08771388232707977,0.0733872652053833,-0.1573009192943573,0.44983044266700745,-0.12561392784118652,-0.05634605884552002,-0.059217195957899094,0.04309210181236267,-0.43147602677345276,-0.03643513843417168,-0.5450409054756165,-0.3670913875102997,0.04478676989674568,0.11375606060028076,0.3348531126976013,-0.2741944193840027,-0.03662291169166565,-0.20831353962421417,0.224752739071846,0.2252463847398758,0.14573602378368378,0.5502905249595642,0.3520456552505493,-0.2261010855436325,-0.3404635787010193,-0.2089531123638153,-0.08097441494464874,-0.47738033533096313,0.06607101112604141,0.1269024759531021,-0.07110042870044708,0.07964583486318588,0.5587852001190186,0.03551222011446953,-0.8901658058166504,-0.01975267566740513,0.06567633897066116,0.3686832785606384,0.1180686354637146,0.03370345011353493,-0.6166527271270752,0.22284820675849915,-0.08068233728408813,-0.04242037236690521,-0.2534573972225189,-0.1293054074048996,0.10934329032897949,0.03878335654735565,0.5271375179290771,0.07193561643362045,0.08072557300329208,-0.1347978115081787,-0.15336725115776062,-0.7743643522262573,-0.24357691407203674,-0.13723447918891907,0.07158925384283066,-0.12617196142673492,0.12360940873622894,0.005649650003761053,0.009531485848128796,0.1229398250579834,0.5019485950469971,0.25395798683166504,0.0027175366412848234,-0.0614997036755085,0.13308607041835785,0.229470893740654,-0.7051675915718079,-0.11883441358804703,-0.1277177482843399,0.5455201864242554,0.23989617824554443,-0.05963914468884468,0.5425923466682434,-0.004175317473709583,-0.18211916089057922,0.40571171045303345,-0.029923494905233383,-0.18300768733024597,-0.3805049955844879,0.24671879410743713,0.005601787474006414,0.4624410569667816,-0.10098783671855927,0.3814842104911804,0.28281155228614807,-0.006466174032539129,0.09960933774709702,-0.3397175073623657,0.25387972593307495,-0.3055710196495056,-0.013619206845760345,0.006194269750267267,0.09174905717372894,-0.727148175239563,0.2393900454044342,-0.3145412802696228,-0.4724559783935547,0.0372893363237381,-0.00562426308169961,0.3454795777797699,-0.03291342407464981,0.01965310052037239,-0.057694971561431885,-0.044948577880859375,-0.40596476197242737,-0.38256004452705383,-0.2110295593738556,0.03170474246144295,0.47556304931640625,-0.19227784872055054,0.0582098588347435,-0.03150620684027672,0.005784548819065094,0.17957676947116852,-0.0019764541648328304,0.11280012130737305,0.03601975366473198,0.13923212885856628,0.13053274154663086,0.14491398632526398,0.28550562262535095,0.41524943709373474,-0.013883465901017189,-0.00804982054978609,-0.019222334027290344,-0.021640103310346603,0.02539892867207527,-0.27429676055908203,0.000690972781740129,-0.37250447273254395,-0.14096644520759583,0.09056356549263,0.08118931949138641,-0.04816821962594986,-0.8288793563842773,0.17441126704216003,0.3711433708667755,0.32298585772514343,0.011328445747494698,0.012996450066566467,0.3499382436275482,0.1791333109140396,-0.23048703372478485,-0.06966529786586761,0.6049360036849976,-0.25614920258522034,0.1717159003019333,0.3822299838066101,0.5541537404060364,0.3125630021095276,-0.322074294090271,-0.06091061979532242,0.36755988001823425,0.11783257871866226,0.2577672600746155,-0.11478856950998306,-0.13740724325180054,-0.1959514021873474,-0.3876259922981262,-0.01242190320044756,0.5266380310058594,0.014402073808014393,0.09719923883676529,-0.23561033606529236,-0.07124093919992447,-0.04540528729557991,0.07428862154483795,0.3985850512981415,-0.020277660340070724,-0.1531122922897339,-0.4630284309387207,-0.19212879240512848,0.18558132648468018,-0.022442925721406937,-0.4566883444786072,0.2718784213066101,-0.24539554119110107,0.4201321005821228,0.3610329329967499,-0.015088558197021484,-0.05347998067736626,-0.2673383057117462,0.04495076462626457,-0.06050006300210953,-0.007334262132644653,-0.09616987407207489,0.6410612463951111,-0.1330556422472,0.5405110120773315,0.29040369391441345,-0.13014796376228333,-0.20948663353919983,-0.18912775814533234,0.01688448339700699,-0.6097233891487122,-0.11516215652227402,0.10979852825403214,0.18264521658420563,0.1604396402835846,-0.6073561310768127,0.8367964029312134,0.11955589056015015,-0.13060489296913147,0.03182119131088257,-0.09794964641332626,0.05811803415417671,-0.397291898727417,-0.36577120423316956,-0.025061100721359253,0.15437179803848267,-0.11927249282598495,0.22442524135112762,-0.16405799984931946,-0.07666412740945816,-0.023785879835486412,0.11164133250713348,-0.25067898631095886,-0.4446757733821869,0.2916819453239441,0.0962812677025795,-0.08902771770954132,-0.7669633626937866,0.20700927078723907,0.006895540747791529,0.3159991502761841,0.11991109699010849,0.07159726321697235,-0.027826327830553055
CID000005394,636,-0.023965399712324142,0.0009363651042804122,-0.057168494910001755,-0.1265833079814911,0.41314369440078735,0.2835618853569031,0.15595276653766632,-0.2553311884403229,-0.2568090260028839,-0.11159896850585938,0.0008051961776800454,-0.37153178453445435,-0.0325717031955719,-0.10053543746471405,-0.20980656147003174,-0.08922208100557327,-0.1284416764974594,-0.08161623775959015,0.04956037923693657,0.1919519454240799,-0.01809973642230034,0.02752131223678589,0.12865030765533447,0.017749551683664322,-0.04235834628343582,0.040148865431547165,-0.0326438844203949,0.02241862379014492,-0.0006065130000934005,0.25865691900253296,-0.029858645051717758,-0.30898720026016235,-0.07592465728521347,0.019299298524856567,-0.5922983288764954,0.007984766736626625,-0.2605842649936676,-0.2916765809059143,-0.130233496427536,-0.14469829201698303,0.05453651398420334,-0.09712804853916168,-0.15905141830444336,-0.05411461740732193,0.2370576411485672,-0.02497844770550728,0.024981200695037842,0.13263148069381714,-0.3284839391708374,-0.09140066802501678,-0.24010750651359558,-0.05003182217478752,0.18186675012111664,-0.16750775277614594,-0.0027391582261770964,0.049297381192445755,-0.24066026508808136,0.1382608711719513,0.004596599843353033,0.03914033621549606,-1.0158064365386963,-0.2403157651424408,-0.3033992350101471,0.29263657331466675,0.01815010979771614,0.16338030993938446,-0.05109161138534546,0.2692592740058899,0.02212800458073616,-0.0011644617188721895,-0.19254067540168762,0.03661053627729416,-0.0681048184633255,-0.1557115912437439,0.10034812986850739,-0.1073925644159317,-0.024831622838974,0.055780988186597824,0.305032342672348,-0.12601354718208313,-0.1524547040462494,0.0496097132563591,-0.10598411411046982,0.003213064279407263,-0.07457135617733002,-0.009349623695015907,-0.09260475635528564,-0.20542201399803162,0.4115048050880432,-0.21648642420768738,0.03713492676615715,-0.031158244237303734,-0.20106878876686096,-0.10267581790685654,-0.49147143959999084,-0.141409769654274,-0.1931391954421997,0.3777392506599426,-0.02548115886747837,-0.14793084561824799,0.35745757818222046,0.18659454584121704,-0.035381436347961426,0.030257737264037132,-0.04384980350732803,0.12223811447620392,-0.5193868279457092,0.24432019889354706,-0.12299821525812149,0.07788419723510742,0.14596159756183624,-0.17251519858837128,0.357224702835083,-0.14145241677761078,0.06946032494306564,-0.013669529929757118,0.07921873033046722,-0.1401984989643097,0.02354586124420166,0.09994186460971832,-0.03361394256353378,-0.7344435453414917,-0.17350421845912933,-0.14435483515262604,-0.2542625069618225,0.013571473769843578,-0.04944862052798271,0.22642573714256287,0.10349448770284653,-0.05143768712878227,-0.08326976001262665,0.028608238324522972,-0.570264995098114,-0.319192498922348,0.02291320636868477,-0.1018068790435791,0.18280285596847534,-0.12451126426458359,0.01001022569835186,0.04398518055677414,-0.011952793225646019,0.10581821203231812,0.07872746139764786,-0.13620400428771973,-0.07529179006814957,-0.26413631439208984,0.04333711788058281,0.10416169464588165,0.008293211460113525,0.15086673200130463,0.0644703134894371,0.022719407454133034,0.12478788197040558,0.018261125311255455,0.015163874253630638,-0.015443524345755577,-0.1849084198474884,-0.3368307948112488,0.05885211378335953,-0.039313383400440216,0.07293164730072021,-0.0508950836956501,-1.0491812229156494,0.15070810914039612,0.16023053228855133,0.25350862741470337,-0.17140616476535797,-0.06332075595855713,0.06507489830255508,0.12575319409370422,-0.13199880719184875,-0.06876738369464874,0.20764406025409698,-0.11890800297260284,0.05703849717974663,0.02719566784799099,-0.15825167298316956,0.1763000190258026,-0.45329731702804565,0.02917368710041046,0.15502920746803284,0.21156874299049377,0.083830825984478,0.03623571619391441,0.05238020420074463,-0.18044325709342957,-0.33989083766937256,0.05626080185174942,0.51750248670578,-0.2850438058376312,0.17179547250270844,-0.09740642458200455,-0.03524802252650261,-0.0904763713479042,-0.07068256288766861,0.42501211166381836,0.10192811489105225,-0.11372099071741104,-0.06856026500463486,0.03943505138158798,-0.2390589416027069,-0.12284604460000992,-0.13722750544548035,0.23753181099891663,-0.07184597849845886,0.11358074098825455,-0.03114941343665123,-0.10664908587932587,-0.03815501183271408,0.08384369313716888,0.07439881563186646,0.005743932910263538,-0.08960507810115814,-0.05599849298596382,0.2566743493080139,0.18504750728607178,0.310194194316864,-0.08248914778232574,-0.1869783252477646,-0.31302645802497864,0.08642086386680603,-0.07684522867202759,-0.6432254910469055,0.07255709916353226,0.27292564511299133,-0.19645875692367554,-0.013091999106109142,-0.2994637191295624,0.7414270043373108,0.0595124289393425,-0.14288891851902008,-0.1876509189605713,-0.08748769760131836,-0.16312888264656067,-0.5901090502738953,-0.2118484228849411,-0.09498642385005951,0.057253967970609665,0.1334153711795807,-0.2776009440422058,-0.18267811834812164,0.11045839637517929,0.05851327255368233,0.05062143877148628,-0.02741037681698799,-0.26749828457832336,0.09188687801361084,-0.15665064752101898,-0.11191389709711075,-0.7209063768386841,-0.1799120306968689,0.14640207588672638,0.3268924653530121,0.008589613251388073,-0.0216062068939209,0.08842264115810394
CID000005735,639,0.012679574079811573,0.25416845083236694,-0.05592828989028931,-0.12332616001367569,0.25088316202163696,0.26388081908226013,0.07748059928417206,0.04042227938771248,-0.19969800114631653,-0.2963409423828125,0.017115285620093346,-0.6743552088737488,0.08531645685434341,-0.2593308091163635,-0.19842064380645752,-0.1379437893629074,-0.0600956566631794,-0.16916386783123016,0.06579472124576569,0.06170053407549858,0.2176191359758377,0.07131229341030121,-0.2085968255996704,0.17183342576026917,-0.06802676618099213,-0.18791700899600983,0.12219496816396713,0.10742606967687607,-0.03953803703188896,0.3584747910499573,-0.23702172935009003,0.2899990975856781,0.029461944475769997,0.15205718576908112,-0.8722192645072937,-0.1789904087781906,-0.12223585695028305,-0.16636109352111816,-0.16061213612556458,0.12329741567373276,-0.051283400505781174,0.057170648127794266,-0.27990007400512695,0.22912153601646423,0.48802393674850464,0.12159045040607452,0.14770717918872833,-0.045793741941452026,-0.02586250938475132,-0.20364069938659668,-0.6701693534851074,0.15837839245796204,-0.33838021755218506,-0.08799552917480469,0.14022928476333618,-0.002896158490329981,-0.06780049949884415,-0.17129456996917725,0.5042712688446045,0.12263097614049911,-0.9714628458023071,-0.028344416990876198,-0.5334255695343018,0.04076657444238663,0.03033529594540596,0.06378732621669769,-0.06369149684906006,0.519584596157074,-0.03482278063893318,0.03802601248025894,0.0005993768572807312,-0.2792357802391052,-0.04602103680372238,0.3178287744522095,0.232376366853714,0.2562859356403351,0.04171784594655037,0.405834436416626,0.11391256004571915,-0.15700992941856384,-0.14341886341571808,0.2252642661333084,0.1749824583530426,-0.04956056922674179,-0.0944749265909195,-0.11571576446294785,-0.2345261126756668,0.2495223581790924,0.44906917214393616,0.11614400148391724,-0.07431286573410034,-0.08310810476541519,-0.14836469292640686,-0.08607226610183716,-0.45648497343063354,-0.20175676047801971,-0.07278008759021759,0.10107835382223129,0.19063425064086914,-0.2855278551578522,0.24494950473308563,0.042582131922245026,-0.3426632285118103,0.09437612444162369,-0.11650080978870392,-0.03717385232448578,-0.5800653696060181,0.3052927255630493,0.17041978240013123,0.09861795604228973,0.13245005905628204,0.051497362554073334,0.07268696278333664,0.009727704338729382,0.24995727837085724,-0.008193731307983398,0.13507702946662903,-0.4806045591831207,0.3097078204154968,0.025083322077989578,0.14979106187820435,-0.9090468287467957,-0.09804819524288177,-0.09617717564105988,-0.3561244606971741,0.15876884758472443,0.12271080911159515,0.16743259131908417,0.12930814921855927,0.0739944577217102,0.034894730895757675,-0.11656691879034042,-0.5830665826797485,-0.20753121376037598,0.012685025110840797,0.01213168166577816,0.4016478657722473,-0.2936801612377167,0.10530611127614975,-0.3375506103038788,0.12815576791763306,0.08376578986644745,0.16521061956882477,-0.0778750628232956,-0.23947623372077942,-0.02823255956172943,-0.2025495022535324,0.06140340492129326,0.1748034656047821,0.09641457349061966,-0.007789173629134893,-0.13097518682479858,-0.08131688833236694,0.10800564289093018,0.2113279551267624,-0.09325750917196274,-0.06302713602781296,-0.43040552735328674,-0.054407376796007156,0.08500939607620239,-0.042435042560100555,-0.10405278205871582,-0.8636333346366882,0.1440279185771942,0.6461673974990845,0.05462133139371872,-0.06447329372167587,-0.0401468425989151,-0.23888692259788513,0.10961656272411346,-0.20860978960990906,-0.39949145913124084,0.4150919020175934,-0.0697547122836113,-0.052792567759752274,-0.04433367773890495,-0.09073126316070557,0.04976446181535721,-0.37884271144866943,-0.0013644949067384005,0.33316898345947266,0.14096538722515106,0.07746483385562897,-0.027589377015829086,-0.006170001812279224,-0.09767017513513565,-0.12223585695028305,-0.2056213915348053,0.6827292442321777,-0.09160596132278442,0.17812994122505188,-0.2655237317085266,-0.059240035712718964,-0.12057169526815414,-0.22460715472698212,0.21918508410453796,-0.09443119913339615,-0.264864444732666,-0.4215001165866852,0.13043513894081116,0.07538147270679474,-0.38480204343795776,-0.29563021659851074,0.031179968267679214,0.07425422966480255,0.09402094781398773,-0.09815991669893265,0.0031101282220333815,-0.42299723625183105,0.04650783911347389,0.28349077701568604,0.09453202039003372,-0.08610852807760239,0.11884979158639908,0.10325195640325546,-0.2931026518344879,0.7270346879959106,0.1456734836101532,0.02078162506222725,-0.032446324825286865,0.17194423079490662,-0.1475876420736313,-0.5698395371437073,-0.09034860134124756,0.2949819564819336,-0.12712521851062775,0.2257642298936844,-0.1528281420469284,1.0075891017913818,0.05606275796890259,-0.1879281997680664,-0.052262891083955765,-0.09075158834457397,0.07845072448253632,-0.5131787657737732,-0.31390461325645447,0.17210400104522705,0.0766540914773941,0.28324565291404724,-0.024423789232969284,-0.44329899549484253,-0.0601261630654335,-0.06889273971319199,0.023846447467803955,-0.17726929485797882,-0.13239148259162903,0.09356165677309036,0.00656847283244133,0.14907392859458923,-0.9627870321273804,-0.14171969890594482,0.7108625173568726,0.14836695790290833,0.06941909343004227,0.08968523144721985,0.03527659922838211
CID000000453,647,0.2717636823654175,-0.20526139438152313,-0.048364121466875076,0.03843369707465172,0.5454708337783813,0.5343440771102905,-0.13361594080924988,0.05542619153857231,-0.35410839319229126,-0.15671929717063904,0.3541557192802429,-0.36631447076797485,0.25315457582473755,-0.33525002002716064,0.281796395778656,0.24655213952064514,-0.00939208548516035,0.21899092197418213,-0.23161724209785461,-0.19155320525169373,0.22664014995098114,0.27079692482948303,0.21421417593955994,0.05602892488241196,0.4076403081417084,-0.39856934547424316,-0.21906383335590363,-0.05140867084264755,0.07061205804347992,0.4301682412624359,-0.05804124474525452,-0.29485076665878296,-0.10827998071908951,0.015555426478385925,-0.7659299373626709,-0.11185137182474136,-0.4211772382259369,-0.2542326748371124,0.12692579627037048,0.006284606643021107,-0.09832904487848282,-0.23639416694641113,-0.14092090725898743,-0.33834752440452576,0.38179922103881836,-0.06294963508844376,0.17205825448036194,0.18162801861763,0.4963653087615967,-0.06693967431783676,-0.6305260062217712,0.03178912028670311,-0.182501882314682,-0.0724993571639061,0.13274593651294708,0.19785885512828827,-0.026009052991867065,-0.10826236009597778,0.7473625540733337,-0.11377296596765518,-0.9593710899353027,0.21989357471466064,-0.30067217350006104,0.4238044321537018,0.11217017471790314,0.07520053535699844,-0.4513518810272217,0.5176626443862915,-0.3236856758594513,-0.172734797000885,-0.8308599591255188,-0.021220523864030838,0.10667648166418076,0.23097190260887146,0.8002681732177734,0.008870795369148254,0.27461498975753784,0.21631936728954315,-0.41818028688430786,-0.13261869549751282,-0.11587657034397125,0.07538921386003494,-0.09647751599550247,0.1720096617937088,-0.4375905394554138,0.2361900806427002,-0.02877725288271904,0.09649811685085297,0.6210941672325134,-0.14632754027843475,-0.04506174474954605,0.173537939786911,-0.10491788387298584,0.28557735681533813,-0.8990052938461304,0.1422136276960373,-0.002059292746707797,0.37195611000061035,0.07658395916223526,-0.434052050113678,0.5881531834602356,-0.2347293645143509,-0.04190713167190552,0.26453185081481934,-0.09523817896842957,0.04774375632405281,-0.6504224538803101,0.20463013648986816,0.19880180060863495,0.6245356202125549,-0.738054096698761,0.42495331168174744,0.12691476941108704,-0.061312008649110794,0.3379788398742676,-0.12520113587379456,0.15335515141487122,-0.7927199006080627,0.21037693321704865,-0.04629368707537651,-0.037225328385829926,-1.0293488502502441,0.4003879427909851,-0.7973979711532593,-0.5311026573181152,-0.24051885306835175,-0.17196747660636902,0.19795788824558258,0.05539240315556526,0.09351186454296112,-0.19116725027561188,-0.2574149966239929,-0.21276049315929413,-0.5309494137763977,-0.38325372338294983,-0.2628503143787384,0.930630087852478,-0.3175332844257355,0.32423388957977295,-0.25588589906692505,-0.051359839737415314,0.24124249815940857,-0.36906519532203674,0.10503433644771576,-0.03796158730983734,0.205979585647583,-0.060294944792985916,-0.08584938198328018,0.2245338410139084,0.2613828480243683,0.07061924040317535,-0.05234149843454361,-0.39929643273353577,-0.04572489857673645,-0.08938171714544296,-0.08023824542760849,-0.14581513404846191,-0.42481350898742676,-0.06956104189157486,-0.2919371724128723,-0.0024109885562211275,0.08681851625442505,-0.9630128741264343,0.06928682327270508,0.9336694478988647,0.2440478354692459,0.14864397048950195,0.14005592465400696,0.04321616515517235,0.32428210973739624,-0.236332967877388,-0.32331961393356323,0.4745352864265442,0.014577698893845081,0.09236529469490051,-0.10702794790267944,0.3673875331878662,0.15965189039707184,-0.18592527508735657,-0.36164191365242004,0.3338072896003723,0.26154154539108276,0.15169189870357513,-0.17824897170066833,-0.26766762137413025,-0.10082630813121796,-0.5874646306037903,-0.100111223757267,0.7876923680305481,0.130008265376091,0.012834507040679455,-0.6022998094558716,0.09981229156255722,0.032748423516750336,-0.30650046467781067,0.5393611788749695,-0.23509354889392853,-0.22860407829284668,-0.37960875034332275,0.1763247549533844,0.05669504404067993,-0.24094033241271973,-0.6609725952148438,-0.0300711952149868,-0.1433575600385666,0.32918643951416016,0.1097731813788414,0.4356323778629303,-0.2520379424095154,-0.14577391743659973,0.16863107681274414,-0.32647082209587097,0.1768633872270584,-0.432088702917099,-0.14363136887550354,-0.10540477931499481,1.0921190977096558,-0.17520840466022491,0.005394140724092722,-0.04149031639099121,0.1518964320421219,0.02785613015294075,-0.8944401741027832,0.09878288209438324,0.4834233820438385,-0.26627516746520996,-0.027741169556975365,-0.38894668221473694,0.999912440776825,-0.2857615351676941,-0.09303174912929535,-0.1544201374053955,0.07596377283334732,0.387332022190094,-0.58160400390625,-0.21219873428344727,0.35439231991767883,0.3242360055446625,-0.23707428574562073,0.3184691369533539,-1.2534807920455933,-0.15158338844776154,0.13316978514194489,0.13571056723594666,-0.14352671802043915,-0.5322331190109253,0.3503634035587311,-0.0622604563832283,-0.30808404088020325,-1.042539358139038,0.17320580780506134,0.04815370962023735,0.3742673993110657,0.5484136343002319,0.3204944133758545,-0.014977583661675453
CID000003767,648,-0.10765662044286728,0.25444740056991577,0.44541311264038086,-0.17331700026988983,0.763676643371582,0.5565388202667236,0.4672529101371765,0.013986596837639809,-0.9708297848701477,-0.2612992823123932,0.1418888121843338,-0.43529146909713745,0.07261906564235687,-0.3919166624546051,0.24707522988319397,0.16449275612831116,-0.0915813148021698,-0.2141018807888031,-0.050364017486572266,0.04678071290254593,0.08706718683242798,0.0034778700210154057,-0.11339591443538666,-0.04254038631916046,-0.22263212502002716,0.0010215647052973509,0.0385415144264698,-0.06335281580686569,0.18571989238262177,0.3617789149284363,-0.09472449868917465,-0.2333039939403534,-0.16367889940738678,-0.10386006534099579,-0.02634027972817421,0.2038654386997223,-0.6750695109367371,-0.32547587156295776,-0.3455519676208496,0.15975549817085266,0.18833109736442566,0.13351544737815857,-0.6701799631118774,-0.04220912605524063,0.5455150008201599,0.13017362356185913,-0.20780333876609802,0.08207356929779053,-0.1492510735988617,0.018175754696130753,-0.5836968421936035,0.23675981163978577,-0.2624692916870117,-0.5399975180625916,0.10998493432998657,-0.21943776309490204,-0.09151192009449005,-0.05654029920697212,0.6742898225784302,0.06781653314828873,-0.8553774952888489,0.19507043063640594,-0.07260562479496002,0.7483092546463013,-0.010384069755673409,-0.022396421059966087,-0.46610552072525024,0.17596647143363953,0.09880952537059784,0.03343220800161362,-0.9578680992126465,0.1336956024169922,-0.10810220241546631,-0.09474220871925354,0.28297334909439087,0.007591432426124811,0.06013709306716919,0.19327327609062195,0.09830602258443832,-0.2762545943260193,-0.19742201268672943,-0.29570046067237854,-0.4646598696708679,-0.23213288187980652,0.06441384553909302,-0.022048665210604668,-0.1652275025844574,-0.2915029227733612,0.6187142729759216,-0.06543996930122375,-0.22748513519763947,-0.2662774920463562,-0.0703335627913475,0.14717355370521545,-0.7125916481018066,-0.015180567279458046,-0.15680861473083496,0.5726936459541321,0.41111236810684204,-0.2939288318157196,0.4110836982727051,0.1554674208164215,-0.1661500632762909,0.2816024124622345,-0.07468511909246445,-0.048240646719932556,-0.09838030487298965,0.3364746570587158,0.09485138952732086,0.41231244802474976,0.2759784460067749,-0.28643161058425903,0.6442025899887085,-0.03683644160628319,0.023779433220624924,0.33821988105773926,-0.15902748703956604,-0.3616426885128021,0.29730868339538574,0.07984710484743118,0.05244173854589462,-0.5447233319282532,-0.09695850312709808,-0.18057458102703094,-0.5045450329780579,0.1756383627653122,0.011242914944887161,0.514369010925293,0.287442147731781,0.18912601470947266,0.3702089786529541,0.09031003713607788,-0.5728110074996948,-0.5421115159988403,0.5799217820167542,0.015392770059406757,-0.10207289457321167,-0.3959350883960724,0.042729731649160385,-0.3027028441429138,-0.11602230370044708,0.23987886309623718,-0.11811784654855728,0.05101507157087326,-0.10998082160949707,-0.2938675582408905,-0.037430088967084885,0.2196902483701706,-0.003469690680503845,0.2039029598236084,0.15475276112556458,-0.07912786304950714,0.14818333089351654,0.15424630045890808,-0.02159774862229824,0.12177108228206635,0.03490261361002922,-0.24077288806438446,-0.10696089267730713,0.12362267822027206,0.21836134791374207,-0.006052744574844837,-0.7840956449508667,-0.20709297060966492,0.4873799681663513,0.19523482024669647,-0.29631367325782776,0.21986699104309082,0.4609440267086029,-0.22050292789936066,-0.701423168182373,-0.18947608768939972,0.48847484588623047,-0.25225400924682617,-0.23048873245716095,-0.16661377251148224,-0.1655021607875824,0.06541086733341217,-0.23221468925476074,-0.11969859898090363,0.24267855286598206,0.20627517998218536,0.15066729485988617,-0.40224403142929077,0.1408020704984665,-0.24485492706298828,-0.4303334653377533,-0.14573603868484497,0.21076306700706482,0.17034026980400085,-0.022990288212895393,-0.06057998538017273,0.2139786183834076,-0.10234244912862778,-0.29510611295700073,0.40559715032577515,0.09734850376844406,0.17798158526420593,-0.36392512917518616,-0.09635014832019806,0.08898985385894775,-0.03332085534930229,-0.7356664538383484,-0.22609341144561768,0.03591115027666092,0.28385138511657715,-0.198293074965477,0.04963166266679764,-0.384170264005661,-0.2160664051771164,-0.415172815322876,0.004834347870200872,-0.11944695562124252,-0.017918404191732407,0.3865809440612793,0.3892219364643097,0.6549013257026672,-0.1241486668586731,-0.18567240238189697,-0.2762080729007721,-0.06802596896886826,-0.11481364816427231,-0.6325417757034302,-0.1957482397556305,0.39569681882858276,0.22177907824516296,0.19937165081501007,-0.3004399538040161,0.7012038230895996,0.2160227745771408,-0.02289661392569542,-0.03619132190942764,0.05541278049349785,0.09096711874008179,-0.143756702542305,-0.12157855927944183,0.05407605320215225,0.2798660397529602,0.47891727089881897,-0.258750855922699,-0.0822269394993782,0.07038898766040802,0.056501857936382294,0.3763290047645569,0.20671501755714417,-0.8185520172119141,0.419471800327301,0.07177482545375824,0.015463428571820259,-0.6475257873535156,0.09674222022294998,0.4365771412849426,0.420370876789093,-0.03454963117837906,-0.07732447236776352,-0.11157257854938507
CID000003333,649,-0.0431077778339386,-0.003914227709174156,-0.11739473044872284,-0.09711722284555435,0.21023841202259064,0.4110155999660492,-0.24097728729248047,0.16723152995109558,0.06034545972943306,-0.1693779081106186,0.2346017062664032,-0.4692728519439697,0.2557219862937927,-0.2451673001050949,0.018047098070383072,0.05548480153083801,-0.2598359286785126,0.05495516583323479,0.19622881710529327,0.018033908680081367,-0.08001182973384857,-0.1879822164773941,-0.0032475863117724657,-0.010720105841755867,-0.12484259903430939,-0.24046942591667175,-0.11596813052892685,-0.05929794907569885,-0.17068317532539368,0.5068659782409668,-0.2722933292388916,-0.11649845540523529,0.10738559067249298,-0.09966550022363663,-0.44945430755615234,0.003492496907711029,-0.36794617772102356,-0.2434752881526947,-0.16543430089950562,-0.041736774146556854,0.5465801954269409,0.05085117742419243,-0.18297255039215088,-0.11883741617202759,0.15544399619102478,0.0866018682718277,-0.006435810122638941,-0.04471909999847412,-0.21261119842529297,-0.21160216629505157,-0.5050410628318787,0.07727451622486115,-0.13939082622528076,-0.0859689861536026,0.12482687085866928,-0.06781511008739471,0.10165400803089142,0.04888405650854111,-0.03801857307553291,0.021703392267227173,-0.7684532403945923,0.3050409257411957,-0.1555977165699005,0.19291789829730988,0.27687868475914,-0.12780828773975372,-0.5697370171546936,0.33854979276657104,-0.21096546947956085,0.1000753790140152,-0.6334258913993835,0.16327252984046936,0.058779824525117874,-0.14855119585990906,0.3081471920013428,0.03544836491346359,0.2244246006011963,-0.14168445765972137,0.22837412357330322,0.04333963245153427,-0.3795866072177887,-0.04375682398676872,-0.1960720419883728,-0.04563019797205925,-0.1104879230260849,-0.08445506542921066,-0.2162444144487381,0.3187127113342285,0.39060935378074646,-0.01590508036315441,-0.05337238311767578,-0.16319894790649414,0.07577276229858398,0.1090364009141922,-0.6569752097129822,0.0361052043735981,-0.3146675229072571,0.22602567076683044,0.08268418163061142,-0.4353795051574707,0.33928245306015015,0.11662676185369492,-0.3236315846443176,0.1699836701154709,-0.32682090997695923,0.13614651560783386,-0.4687645435333252,0.3143678307533264,0.1049625501036644,0.20879602432250977,-0.22998185455799103,-0.01692190207540989,0.4840698838233948,-0.01089452113956213,0.09422601759433746,-0.0548185333609581,0.1589895337820053,-0.5148886442184448,-0.11078453063964844,0.262981116771698,0.1274384707212448,-0.7252944707870483,0.06512157618999481,-0.6527658700942993,-0.4357907772064209,0.02182811126112938,-0.020909229293465614,0.4546435475349426,0.03950595110654831,0.10642071813344955,-0.22767356038093567,0.03623812273144722,-0.5188055038452148,-0.37079381942749023,-0.3196907639503479,-0.22433359920978546,0.8089499473571777,-0.13215407729148865,0.24481415748596191,0.028995048254728317,-0.0905672013759613,0.2975127696990967,-0.15842781960964203,0.09018643945455551,-0.15690550208091736,-0.02533038891851902,-0.0972316712141037,0.17341718077659607,-0.09209030121564865,-0.28659653663635254,-0.004127590451389551,-0.018387747928500175,0.12557119131088257,0.27470508217811584,-0.25189661979675293,-0.012014689855277538,-0.1107383742928505,-0.4521695673465729,0.09447499364614487,0.36039143800735474,0.10080379247665405,0.14976589381694794,-0.6903868913650513,0.04571305587887764,0.3085841238498688,0.2959384024143219,-0.06326194852590561,-0.07708356529474258,0.4311367869377136,-0.038579948246479034,-0.11604388803243637,-0.011645222082734108,0.5203062295913696,-0.0005664408090524375,0.12120602279901505,-0.022413909435272217,0.13280580937862396,0.14994557201862335,-0.3767816722393036,-0.19859322905540466,0.41484779119491577,0.3858907222747803,0.09508650004863739,-0.08028683811426163,-0.0968320444226265,0.18081168830394745,-0.5768923163414001,-0.11675403267145157,0.4770093560218811,0.2800300717353821,-0.10657832771539688,-0.1570960134267807,0.1362227350473404,0.12827230989933014,-0.2911447584629059,0.36494874954223633,0.007610800676047802,-0.03361786529421806,-0.057924289256334305,-0.07023286819458008,0.3022366166114807,-0.019076889380812645,-0.17504675686359406,-0.010086655616760254,-0.22052745521068573,0.5988162755966187,-0.13836245238780975,-0.3003295063972473,0.0012906261254101992,0.03993915766477585,0.016236770898103714,-0.029736166819930077,0.10258685052394867,0.042411766946315765,0.11086815595626831,-0.25934627652168274,0.4109630584716797,-0.01865428313612938,-0.07124664634466171,-0.09875865280628204,0.02814134955406189,0.01779806613922119,-0.38849690556526184,0.20249707996845245,0.4964907169342041,0.06491686403751373,0.14818568527698517,-0.2556212544441223,0.6794484853744507,0.04193621128797531,-0.21864429116249084,-0.018115822225809097,-0.014234188012778759,0.025422781705856323,-0.4929586350917816,-0.27802950143814087,-0.009689107537269592,0.34218961000442505,0.12345200777053833,-0.1397729068994522,-0.17439799010753632,-0.07513339817523956,0.20459742844104767,-0.027628308162093163,-0.14969919621944427,-0.1552598774433136,0.749625027179718,-0.21393123269081116,-0.0020869686268270016,-0.6070559620857239,-0.08575844764709473,-0.12127741426229477,0.023219067603349686,0.05922883749008179,0.04424392431974411,-0.2494005262851715
CID000005076,656,-0.12536150217056274,-0.04819662868976593,0.015460848808288574,-0.08176388591527939,0.28315678238868713,0.25621095299720764,-0.057850562036037445,-0.07238630950450897,-0.3542957901954651,-0.05654541775584221,0.2509476840496063,-0.4753609299659729,0.12385692447423935,-0.20024268329143524,-0.33868151903152466,-0.10006894916296005,0.07474236190319061,0.15424931049346924,0.32390332221984863,0.27661269903182983,0.0241169985383749,0.19557656347751617,-0.07732415199279785,-0.19361813366413116,0.00853275042027235,-0.10747025161981583,0.09707748144865036,-0.13718107342720032,-0.003799125552177429,0.37611719965934753,-0.28692978620529175,0.23114590346813202,0.2766563296318054,0.09203038364648819,-0.8336647748947144,0.03759830445051193,-0.1534399688243866,-0.2673177421092987,-0.1477617770433426,0.059679605066776276,0.05155200883746147,-0.040395814925432205,-0.2240113765001297,-0.05630602687597275,0.6429181694984436,0.2064497470855713,0.06349114328622818,-0.0707368552684784,0.11021022498607635,-0.19078482687473297,-0.7357400059700012,0.041553057730197906,-0.35669824481010437,-0.11190652847290039,0.1887565553188324,0.05060495808720589,-0.02029743231832981,0.0034584880340844393,0.49783745408058167,0.3018248677253723,-0.8811661601066589,-0.1901085376739502,-0.2629600167274475,0.33029139041900635,0.07373632490634918,0.12103356420993805,0.07183860242366791,0.603909432888031,0.06188984960317612,0.100242018699646,0.18861456215381622,-0.12131317704916,0.01513245701789856,0.2840222120285034,0.4718073010444641,0.1237713098526001,0.02634255960583687,0.38076719641685486,-0.23749740421772003,-0.34720107913017273,-0.12488335371017456,0.05721038579940796,-0.14741483330726624,-0.2652866244316101,-0.08920412510633469,0.1292242556810379,-0.3187856376171112,-0.012352099642157555,0.3052995800971985,-0.16761328279972076,-0.0064702825620770454,-0.0913405567407608,0.012678118422627449,0.04648315906524658,-0.6201257705688477,-0.20410136878490448,-0.2638464570045471,0.23413018882274628,0.07362349331378937,-0.18061968684196472,0.2554503381252289,-0.11041345447301865,-0.2615366578102112,0.17408911883831024,-0.1980394423007965,0.09344892203807831,-0.4887503683567047,0.32292306423187256,-0.2190740406513214,-0.02723255753517151,-0.02051309496164322,0.3472563326358795,-0.06771137565374374,0.0996842160820961,0.09411206841468811,0.40328946709632874,0.1863294392824173,-0.8136981725692749,0.376779168844223,0.27418774366378784,0.08320005238056183,-0.7595738172531128,-0.1709253489971161,-0.12658561766147614,-0.20905736088752747,0.26786747574806213,0.03014429844915867,0.08671630173921585,0.26845312118530273,-0.011493931524455547,-0.022994626313447952,-0.017283545807003975,-0.5282760858535767,-0.3764456510543823,-0.24687278270721436,0.09743352234363556,0.05224999785423279,-0.5646365880966187,0.049244098365306854,-0.17396827042102814,-0.004574939608573914,-0.17028042674064636,0.23691818118095398,0.06296439468860626,-0.18060046434402466,0.10526096820831299,-0.3001282215118408,0.20916874706745148,0.09283085912466049,0.07150348275899887,-0.0025535202585160732,0.2809305489063263,0.2624068558216095,0.32030028104782104,-0.036577094346284866,0.08238528668880463,-0.07543444633483887,-0.33717790246009827,-0.13554537296295166,-0.0008012950420379639,-0.22400352358818054,0.07496782392263412,-0.8365553617477417,-0.09128197282552719,0.541098952293396,0.12024124711751938,-0.053795766085386276,-0.19081899523735046,-0.180087611079216,0.136697918176651,-0.11878609657287598,-0.059124015271663666,0.25640538334846497,-0.0968606024980545,-0.05406813696026802,-0.08075384795665741,0.10650327056646347,0.04251939803361893,-0.41591423749923706,0.09894663095474243,0.263597697019577,0.14019693434238434,0.012457954697310925,0.10605303943157196,0.07869166880846024,-0.2003539353609085,-0.15431231260299683,-0.3632250726222992,0.7481678128242493,-0.1596798598766327,-0.0910370871424675,-0.03681210055947304,0.05896180868148804,0.05625263974070549,-0.19953007996082306,0.24994437396526337,-0.18222318589687347,-0.12765978276729584,-0.6603214144706726,0.10344791412353516,0.001673683524131775,-0.27233392000198364,-0.07706920057535172,0.12372515350580215,0.11792834848165512,0.0037505894433707,0.10456471145153046,0.12412486225366592,-0.3483017086982727,-0.0003276228962931782,0.03574966639280319,0.056249819695949554,-0.05200095847249031,-0.10931887477636337,0.07260225713253021,-0.07883260399103165,0.7277485132217407,-0.12855465710163116,-0.0383945032954216,-0.18297894299030304,-0.10999538749456406,-0.19437140226364136,-0.4129734933376312,-0.021455485373735428,0.20544680953025818,0.05262698978185654,0.2268989533185959,0.06953314691781998,0.8462932705879211,-0.12078310549259186,-0.18907654285430908,-0.07078863680362701,0.07165933400392532,0.06650825589895248,-0.37025925517082214,-0.2600023150444031,-0.1810600310564041,0.18898355960845947,0.042344726622104645,0.26250842213630676,-0.5198796987533569,-0.2004126012325287,0.17375949025154114,0.5385385751724243,-0.08580969274044037,0.10367286205291748,0.020931031554937363,0.09138224273920059,0.11057927459478378,-0.9037748575210571,-0.10627385228872299,0.2981887459754944,0.28060927987098694,-0.0714033916592598,0.039368897676467896,0.005987225566059351
CID000002800,657,-0.05238061398267746,-0.14653058350086212,-0.16285419464111328,-0.05101439356803894,0.18377740681171417,0.37406355142593384,-0.3179965317249298,-0.18948893249034882,-0.19951948523521423,-0.2169734239578247,-0.06420663744211197,-0.4083426892757416,0.28255313634872437,-0.29211926460266113,0.13935501873493195,-0.012585488148033619,-0.05871838331222534,0.3017849922180176,-0.0824740082025528,-0.06349025666713715,-0.31949537992477417,0.18774251639842987,0.09909768402576447,-0.06513650715351105,0.21763789653778076,-0.3051600754261017,-0.09707502275705338,0.04927288740873337,-0.047402411699295044,0.2881479263305664,-0.013591947965323925,-0.1276485025882721,0.03882388770580292,-0.10189185291528702,-0.46496647596359253,0.06627807021141052,-0.1114964485168457,-0.3093099296092987,-0.17050641775131226,-0.1526864767074585,0.06841133534908295,0.22997045516967773,-0.26245877146720886,-0.23482823371887207,0.23301449418067932,0.21229073405265808,0.2073194533586502,-0.13645146787166595,0.07012785226106644,-0.2592807710170746,-0.15050137042999268,0.2132984846830368,-0.1391100138425827,0.06145436689257622,0.1878737509250641,-0.12994793057441711,-0.10042045265436172,-0.1426166296005249,-0.018511494621634483,0.041164580732584,-0.8329779505729675,-0.04684027284383774,-0.430880069732666,0.04386014863848686,0.11395833641290665,0.16120857000350952,-0.17532086372375488,-0.011042332276701927,-0.07549338042736053,-0.07304219156503677,-0.14170673489570618,0.10116040706634521,0.016408313065767288,-0.1522890329360962,-0.00517156720161438,-0.1281728297472,0.08640855550765991,0.15796925127506256,0.006992079317569733,0.23425492644309998,-0.262937992811203,-0.038077034056186676,-0.17619915306568146,-0.09172141551971436,-0.22810955345630646,-0.02590179443359375,-0.2312886267900467,-0.17452657222747803,0.24681401252746582,0.17378412187099457,-0.11808508634567261,-0.21486277878284454,-0.18596123158931732,0.11293810606002808,-0.4607780873775482,0.050657887011766434,-0.014866435900330544,0.1752408742904663,0.1477469950914383,-0.34778106212615967,0.15148675441741943,0.18518397212028503,-0.31234803795814514,-0.048240456730127335,-0.18136601150035858,-0.04254080727696419,-0.43416762351989746,0.18496838212013245,0.13216407597064972,0.19286122918128967,0.16248776018619537,-0.009432089515030384,0.4207170605659485,0.06331434845924377,0.14855679869651794,0.14004218578338623,0.04860318452119827,-0.2366260588169098,0.27295738458633423,0.058334898203611374,-0.11926162242889404,-0.6438618898391724,0.2860729694366455,-0.2826458513736725,-0.5761082768440247,0.06125880032777786,-0.09863213449716568,0.41079777479171753,0.2367733269929886,-0.031312163919210434,-0.20909562706947327,-0.0323408767580986,-0.5085724592208862,-0.3002166152000427,-0.382906973361969,0.07779797166585922,0.3319377303123474,-0.15905550122261047,-0.18236753344535828,0.06184488534927368,-0.06956304609775543,0.20014747977256775,-0.25338655710220337,0.04915958642959595,-0.0327569954097271,0.26170897483825684,0.10077723115682602,-0.08678910881280899,-0.2624916434288025,0.18211543560028076,-0.0606221966445446,0.032851286232471466,-0.18459802865982056,0.1172284260392189,-0.15623576939105988,-0.04421571269631386,-0.024126073345541954,-0.31664934754371643,0.11440563201904297,-0.11574365943670273,0.020503807812929153,-0.055066514760255814,-0.8208292126655579,-0.03616989776492119,0.31805676221847534,0.23780110478401184,-0.243656188249588,-0.029238838702440262,0.1606474220752716,-0.08548231422901154,-0.03759659081697464,-0.14528170228004456,0.3486495316028595,-0.328042209148407,0.08564870059490204,-0.11811403185129166,0.1725664883852005,0.26969465613365173,-0.3913619816303253,-0.301322340965271,0.27498868107795715,0.4070737957954407,0.041012246161699295,-0.18521061539649963,0.027441073209047318,-0.11598525196313858,-0.4006004333496094,0.003174221608787775,0.4857443869113922,-0.15864570438861847,0.2564227283000946,-0.35770803689956665,0.1165626049041748,-0.17910203337669373,-0.24478647112846375,0.3967672288417816,-0.03122267685830593,-0.21106424927711487,-0.17448469996452332,0.011856895871460438,0.02036169543862343,-7.575676136184484e-05,-0.3732134699821472,-0.07388623058795929,-0.01459009014070034,0.19053784012794495,0.05647125095129013,-0.22226175665855408,-0.21514804661273956,-0.09991028159856796,0.04322037845849991,0.23337677121162415,0.04591589421033859,-0.08722645044326782,-0.00033698900369927287,0.10619495064020157,0.24444229900836945,0.2694316804409027,-0.07704125344753265,-0.17815075814723969,0.1829887181520462,-0.005889910273253918,-0.5263302326202393,0.20267383754253387,0.3867703676223755,-0.15889079868793488,0.20508714020252228,-0.23404192924499512,0.5803329944610596,0.03790875896811485,-0.17132964730262756,-0.17640420794487,-0.10943837463855743,0.07442968338727951,-0.46332836151123047,-0.15987370908260345,-0.0441608652472496,0.3032488226890564,0.21205401420593262,-0.12826530635356903,0.015456241555511951,-0.026536038145422935,0.050686657428741455,-0.025379309430718422,-0.02672412432730198,-0.13353243470191956,0.27075904607772827,-0.059800345450639725,0.1677655726671219,-0.5705949068069458,0.10646431148052216,0.18064871430397034,-0.025604313239455223,-0.04844215512275696,0.1884024292230606,-0.1589452475309372
CID000003261,658,-0.0735764354467392,-0.050249289721250534,0.015717923641204834,-0.011218962259590626,0.3889177739620209,0.4188285768032074,-0.11334451287984848,0.018249446526169777,-0.24678146839141846,-0.3207029700279236,0.07106733322143555,-0.24244794249534607,0.153971329331398,-0.30076169967651367,0.013783209025859833,0.15721642971038818,0.011360575444996357,0.12600015103816986,-0.05313258245587349,-0.11823756992816925,-0.14557036757469177,0.16140568256378174,0.025251876562833786,0.06324327737092972,0.1938205063343048,0.016288116574287415,-0.1323830932378769,0.07093635201454163,0.03652084618806839,0.31988540291786194,0.04947924613952637,-0.06717891991138458,-0.10039769113063812,0.11179596185684204,-0.3453536033630371,-0.047583531588315964,-0.32431986927986145,-0.25935059785842896,-0.28010857105255127,-0.13192905485630035,0.20567166805267334,0.09306462109088898,-0.2772189974784851,-0.287833034992218,0.16052350401878357,0.055917881429195404,0.020264482125639915,-0.024254735559225082,0.025304580107331276,-0.09711918979883194,-0.2095273733139038,0.2713562846183777,-0.10009324550628662,-0.06598744541406631,0.06944645941257477,-0.2254011332988739,0.07237489521503448,-0.00839004386216402,0.14087828993797302,-0.03279843553900719,-0.8846294283866882,0.07539846003055573,-0.34502243995666504,0.1833222210407257,0.1533823162317276,0.20113864541053772,-0.21985316276550293,0.09068143367767334,0.23482033610343933,0.209554523229599,-0.07876263558864594,0.029892390593886375,0.0024547099601477385,-0.1896291971206665,0.20746080577373505,-0.12014459073543549,-0.0011723488569259644,0.14048129320144653,0.030108701437711716,-0.0979250818490982,-0.09992510080337524,-0.05349404737353325,-0.18567165732383728,-0.09478677809238434,0.009908093139529228,-0.033216752111911774,-0.1676989644765854,-0.23004040122032166,0.3614949882030487,0.036983732134103775,-0.1135980635881424,-0.16320039331912994,0.00046990514965727925,-0.026618128642439842,-0.46072593331336975,0.07287526875734329,-0.2560184895992279,0.3395535349845886,0.09934443235397339,-0.32837700843811035,0.25844240188598633,0.09035847336053848,-0.18404951691627502,-0.04241660609841347,-0.1160547137260437,0.19312040507793427,-0.31745511293411255,0.26797914505004883,-0.22991132736206055,0.0809166356921196,0.03954680263996124,-0.015322595834732056,0.3698524832725525,0.12795227766036987,-0.0628490298986435,0.010742569342255592,0.08199357986450195,-0.03133078292012215,0.08313477039337158,-0.040640998631715775,0.04123898223042488,-0.47358816862106323,-0.09337583929300308,-0.4650484025478363,-0.5338302254676819,0.01889277622103691,0.061181746423244476,0.19672791659832,0.24178722500801086,0.04146008566021919,-0.05735351890325546,-0.03855600953102112,-0.5382362604141235,-0.3385261297225952,-0.04989919811487198,-0.16182847321033478,0.3349144160747528,0.0007835656288079917,0.07576335966587067,0.1820961982011795,-0.07173775881528854,-0.003850697074085474,0.00147430005017668,-0.06585552543401718,-0.017274387180805206,0.03971126675605774,0.09598871320486069,-0.031483571976423264,-0.2859956622123718,0.06674463301897049,-0.08338760584592819,-0.11706371605396271,-0.27887389063835144,0.11576841026544571,-0.16744759678840637,0.018667709082365036,-0.18752604722976685,-0.38426733016967773,0.05059472471475601,0.1523686796426773,0.1907356232404709,0.08763771504163742,-0.8749606013298035,0.06606361269950867,0.11263368278741837,0.23903289437294006,-0.269963800907135,0.0496838204562664,0.283658891916275,0.033129554241895676,-0.2557591199874878,-0.031320199370384216,0.48203936219215393,-0.09507931768894196,-0.10803220421075821,-0.10156571865081787,0.2549164593219757,0.24156081676483154,-0.5466081500053406,-0.23192867636680603,0.18876001238822937,0.28820154070854187,0.12932340800762177,-0.337211549282074,-0.17365635931491852,0.0491403266787529,-0.38507941365242004,0.13515309989452362,0.30978691577911377,-0.018212076276540756,0.09055302292108536,-0.3056185841560364,0.08808885514736176,-0.15166941285133362,-0.32922035455703735,0.42508190870285034,0.23670880496501923,0.060027770698070526,-0.12521705031394958,0.00835045613348484,0.04813898727297783,0.0445876382291317,-0.09496638923883438,0.039456259459257126,-0.097728431224823,0.29756179451942444,-0.046561796218156815,-0.17315585911273956,-0.08221237361431122,-0.09562962502241135,0.10757279396057129,0.18091389536857605,0.16324463486671448,-0.06638748198747635,0.09605356305837631,0.14072810113430023,0.3090442419052124,0.06327665597200394,-0.06145889312028885,-0.3124407231807709,-0.009215044789016247,0.03460506349802017,-0.3316997289657593,0.0788714662194252,0.22001104056835175,-0.017665768042206764,0.08709028363227844,-0.1299910992383957,0.5107611417770386,0.14900963008403778,-0.2607465982437134,-0.25559157133102417,-0.13067568838596344,-0.05427941679954529,-0.4256459176540375,-0.2516254484653473,-0.4049442708492279,0.34744974970817566,0.26466861367225647,-0.18651346862316132,-0.21163499355316162,-0.12797589600086212,0.1863769292831421,-0.08821497857570648,-0.1792551577091217,-0.38604265451431274,0.28811413049697876,0.0019981167279183865,0.058012954890728,-0.49965953826904297,-0.012633943930268288,-0.006862765643745661,0.10523746907711029,-0.038779597729444504,0.02727421186864376,-0.07502591609954834
CID000005155,667,-0.03265092521905899,-0.021178768947720528,-0.20752088725566864,-0.20907509326934814,0.290031373500824,0.36127230525016785,0.06438340991735458,-0.11428284645080566,-0.5545440912246704,-0.23233246803283691,-0.09838365018367767,-0.4581870138645172,0.05589740350842476,-0.300483763217926,0.0528317466378212,0.15334534645080566,-0.04418443515896797,0.27123260498046875,0.4027690291404724,-0.042648620903491974,0.17171499133110046,0.07910521328449249,0.09753682464361191,0.17080357670783997,-0.058438561856746674,0.06090502068400383,0.10582568496465683,-0.08311367779970169,-0.2737453579902649,0.35462072491645813,-0.2405027151107788,-0.26925402879714966,0.14762410521507263,-0.017015229910612106,-0.8859062194824219,0.03625301271677017,-0.3169097304344177,-0.15235669910907745,-0.04615604132413864,0.14840953052043915,-0.14379505813121796,-0.032707005739212036,-0.0279773510992527,-0.39504122734069824,0.24201837182044983,0.26510339975357056,0.37809595465660095,-0.05302046611905098,-0.04597365856170654,-0.1324883997440338,-0.3241423964500427,0.12461528927087784,-0.0917368158698082,0.06934548914432526,0.025766024366021156,0.10533986240625381,-0.052498143166303635,-0.07168874889612198,0.5230518579483032,0.01950310543179512,-1.0129789113998413,0.018149476498365402,-0.3441324532032013,0.48175889253616333,-0.005296508781611919,0.12859222292900085,-0.07578388601541519,0.4338253140449524,-0.05455205589532852,0.08435229957103729,0.10524600744247437,0.07934048026800156,0.007887830957770348,0.0898849368095398,0.4775276184082031,-0.11225283145904541,-0.13417279720306396,0.12294493615627289,0.09221583604812622,-0.11344990879297256,-0.11042775958776474,0.2247675359249115,-0.301900178194046,-0.08763263374567032,-0.07418040931224823,-0.1764308512210846,-0.09486289322376251,-0.1392415165901184,0.23900075256824493,0.1893351525068283,-0.026097411289811134,-0.0588911771774292,0.006700843572616577,-0.004935388918966055,-0.6537744402885437,-0.15433721244335175,-0.23560300469398499,0.19821669161319733,-0.03907903656363487,-0.4388718605041504,0.11127834022045135,0.2097901999950409,-0.19170641899108887,0.08193383365869522,-0.19484592974185944,-0.024387985467910767,-0.3174813389778137,0.22280430793762207,0.06042482331395149,0.13255803287029266,-0.3224821984767914,0.1190851479768753,0.09782196581363678,-0.007317955605685711,0.031968556344509125,-0.010409897193312645,-0.22664478421211243,-0.6189135909080505,0.24165299534797668,0.3278064727783203,-0.012166345492005348,-0.7112560272216797,0.263405978679657,-0.14306160807609558,-0.33219248056411743,0.18331500887870789,-0.07743373513221741,0.16572551429271698,0.0922892689704895,-0.011835111305117607,-0.20663757622241974,0.31572413444519043,-0.5764790773391724,-0.36879950761795044,0.09307334572076797,-0.1652936041355133,-0.011110402643680573,-0.13838808238506317,-0.1909485012292862,0.03448491543531418,-0.21260574460029602,0.13945791125297546,0.0578179769217968,-0.08837083727121353,-0.11140326410531998,0.23792819678783417,-0.29114457964897156,-0.0142042962834239,0.10707737505435944,0.04761384055018425,-0.010791930370032787,-0.1370941549539566,0.1847156286239624,-0.04019276052713394,0.04737193137407303,0.12276716530323029,-0.10170183330774307,-0.4185217320919037,-0.11849471181631088,0.31079989671707153,-0.0857754498720169,0.026711439713835716,-0.7629572749137878,-0.014017576351761818,0.2951279878616333,0.23875363171100616,-0.20862248539924622,-0.12144415080547333,0.05099900811910629,0.020269690081477165,-0.020863842219114304,0.001580053591169417,0.33743733167648315,-0.30733317136764526,0.20794057846069336,-0.055351465940475464,0.179907888174057,0.2838904559612274,-0.5289965867996216,-0.08510342240333557,0.36845332384109497,0.3863908350467682,-0.03072643280029297,-0.020539885386824608,-0.04787397012114525,-0.03494928404688835,-0.1555022895336151,-0.08481766283512115,0.38563480973243713,-0.14449761807918549,-0.07696329802274704,0.05313432961702347,-0.20961400866508484,-0.16811178624629974,-0.20610137283802032,0.17882709205150604,0.10083234310150146,-0.04246913641691208,-0.7396641373634338,-0.1414475291967392,-0.0597461573779583,-0.11537563800811768,0.01525009237229824,0.08848849684000015,-0.09578283131122589,0.017850080505013466,0.15962116420269012,0.05915117263793945,-0.3270745873451233,0.19653567671775818,-0.07010268419981003,0.12416770309209824,0.00741810817271471,-0.09566132724285126,0.02706289291381836,0.18195895850658417,0.5055519342422485,0.22413603961467743,-0.1473252773284912,-0.11297106742858887,-0.0157155841588974,-0.030557293444871902,-0.39826616644859314,0.012551968917250633,0.05071290209889412,-0.2541223466396332,0.11508412659168243,-0.2086792290210724,0.8969873189926147,0.001241985009983182,-0.2538897395133972,0.10265786945819855,-0.18745163083076477,0.061931438744068146,-0.44654273986816406,-0.22046390175819397,0.03201624006032944,0.055612582713365555,0.013923210091888905,-0.24401123821735382,-0.44276338815689087,-0.1472524106502533,0.004272331949323416,-0.036460019648075104,0.032543472945690155,0.07878802716732025,0.046492598950862885,-0.27290794253349304,-0.019211310893297195,-0.7822016477584839,0.24059204757213593,0.3211083710193634,0.39123621582984924,-0.17121334373950958,0.0637202188372612,0.1160460114479065
CID005493444,670,-0.16119390726089478,-0.15270628035068512,0.07409562915563583,-0.11836647987365723,0.8691337704658508,0.32709938287734985,0.11630456149578094,-0.04397858306765556,-0.2611140012741089,-0.009382545948028564,-0.057742875069379807,-0.3548363149166107,0.27873361110687256,0.08602072298526764,-0.12247244268655777,-0.015726106241345406,-0.13869653642177582,0.4818093180656433,0.11490762233734131,0.2063743770122528,-0.4640738368034363,0.008040105924010277,0.024152887985110283,-0.1565554291009903,0.07856867462396622,-0.14797638356685638,0.012463855557143688,-0.030609820038080215,-0.06432918459177017,0.31685498356819153,-0.08705590665340424,-0.11874351650476456,-0.16120944917201996,-0.06458713859319687,-0.2843768000602722,-0.08012602478265762,-0.13332830369472504,-0.40121978521347046,0.12009856849908829,-0.27214354276657104,0.18849939107894897,0.34817785024642944,-0.13582102954387665,-0.22867853939533234,0.07902004569768906,-0.009171301499009132,0.12452013790607452,-0.05055537819862366,-0.11470718681812286,-0.052016377449035645,-0.24672314524650574,0.04764221981167793,-0.05987374857068062,-0.3906789720058441,0.030391599982976913,-0.10559342056512833,0.027116280049085617,-0.14681284129619598,-0.034038763493299484,0.1366703063249588,-0.8934529423713684,-0.0037057162262499332,-0.33784908056259155,0.07694907486438751,0.08707036077976227,0.06952313333749771,-0.3756164014339447,0.16216285526752472,0.11649397760629654,-0.06651350855827332,-0.1403636783361435,-0.08262099325656891,0.18242815136909485,-0.07316498458385468,0.06652658432722092,0.032882530242204666,0.07293132692575455,0.08193458616733551,-0.1712275743484497,-0.10418666899204254,-0.28173768520355225,0.10559587180614471,-0.23281988501548767,-0.1560988873243332,-0.06905847042798996,-0.023139694705605507,-0.03603559732437134,-0.10280461609363556,0.36911988258361816,0.08474629372358322,0.020848248153924942,-0.10097803920507431,-0.21723218262195587,0.17121906578540802,-0.37945348024368286,-0.019832732155919075,-0.3932263255119324,0.38561975955963135,0.28348544239997864,-0.036385197192430496,0.3150232434272766,0.17073318362236023,-0.00894321221858263,0.5310865640640259,-0.007489973213523626,-0.05929800122976303,-0.24740076065063477,0.1998361051082611,0.0040815444663167,0.4998810291290283,0.0576750747859478,-0.06183256581425667,0.46759262681007385,-0.16151520609855652,0.025932084769010544,-0.15232165157794952,0.17862394452095032,-0.24648447334766388,0.0130471708253026,-0.05891738459467888,-0.11478769779205322,-0.647783100605011,0.06620447337627411,-0.34082648158073425,-0.49875608086586,0.2352205216884613,-0.01289033330976963,0.34131380915641785,0.25681251287460327,0.02073568105697632,0.1079326868057251,-0.006214377470314503,-0.38917604088783264,-0.28300148248672485,0.10467555373907089,0.10503695905208588,0.3389638662338257,-0.021454256027936935,0.1091565266251564,0.1830078661441803,-0.23964226245880127,0.5969730615615845,0.06582698971033096,0.028136933222413063,-0.028175119310617447,0.22582122683525085,-0.022943681105971336,0.22516711056232452,-0.4275081753730774,-0.08030322194099426,-0.07110770791769028,0.07311087101697922,0.04042140394449234,0.09131477773189545,-0.14415904879570007,-0.05534294992685318,-0.24783150851726532,-0.3402414619922638,0.20149929821491241,-0.12453661113977432,0.27922579646110535,-0.14124861359596252,-0.9597965478897095,-0.06654640287160873,0.12074930965900421,0.337436318397522,0.16103088855743408,0.014132258482277393,0.2217983901500702,-0.20496785640716553,0.051074713468551636,-0.05484921485185623,0.40233904123306274,-0.0036769150756299496,0.0489068441092968,-0.015024840831756592,0.16611778736114502,0.10311523824930191,-0.4190123975276947,0.0078598503023386,0.26672694087028503,0.16522493958473206,-0.07070271670818329,-0.2186148464679718,0.10810685157775879,-0.14205031096935272,-0.42794638872146606,-0.04838292673230171,0.4495004713535309,-0.08878690004348755,0.08482737839221954,-0.05399094894528389,0.026470890268683434,0.0021321058738976717,0.06198716163635254,0.5189852714538574,0.14123478531837463,-0.25083550810813904,-0.023057321086525917,0.06821568310260773,0.06520664691925049,-0.1153096929192543,-0.22253863513469696,0.1470092236995697,-0.06174571439623833,0.3836743235588074,0.2186596393585205,-0.4795672297477722,0.005980014801025391,0.10469876229763031,-0.17718473076820374,0.21658842265605927,-0.03605712205171585,0.16295188665390015,0.6242374181747437,0.0731651782989502,0.2916361391544342,0.28745782375335693,0.2567674517631531,-0.2715092599391937,0.06041233614087105,-0.03880055993795395,-0.39746227860450745,0.053084373474121094,0.4758691191673279,0.10028264671564102,0.21157801151275635,-0.6944531202316284,0.5138347744941711,-0.006844379007816315,-0.025820696726441383,-0.17818817496299744,-0.12109120190143585,0.05776045471429825,-0.34014105796813965,-0.30119839310646057,-0.049334991723299026,-0.05999915674328804,0.15368656814098358,-0.19657854735851288,0.03355761244893074,0.286459356546402,0.31453937292099,-0.22015371918678284,-0.13743630051612854,-0.07118235528469086,0.22532422840595245,0.13240820169448853,-0.0357123538851738,-0.5642995834350586,0.15582787990570068,0.07734066992998123,0.09669680148363113,-0.2129201591014862,-0.11163239181041718,-0.1271340399980545
CID000003414,680,-0.10852973163127899,-0.1305742859840393,-0.2902930974960327,0.11361326277256012,0.25163018703460693,0.2271130383014679,-0.1639215648174286,-0.10126747936010361,-0.30016785860061646,-0.0012452140217646956,0.2383226603269577,-0.5052973031997681,-0.03589118644595146,-0.11624766886234283,-0.009400474838912487,0.18620122969150543,0.3081163465976715,0.2054634988307953,-0.09044128656387329,-0.16433869302272797,0.25724077224731445,0.3286065459251404,0.063987597823143,-0.09040524810552597,-0.27532780170440674,-0.04626331478357315,-0.5176355242729187,-0.12340307235717773,0.26152950525283813,0.4689668118953705,-0.26970672607421875,0.04467654600739479,0.16623316705226898,0.06567414104938507,-0.4114568829536438,0.08938878774642944,-0.653520941734314,-0.07356443256139755,-0.2548368275165558,0.13152071833610535,0.2617377042770386,-0.3578592538833618,-0.3185838758945465,-0.5023126006126404,0.6560676693916321,0.012154403142631054,-0.38379234075546265,-0.14518383145332336,-0.0043700397945940495,-0.10640285164117813,-0.8821814656257629,-0.1437138319015503,0.0017389297718182206,-0.2953573763370514,-0.13654625415802002,0.11441417038440704,0.12221294641494751,-0.31181758642196655,0.7834476232528687,0.14339753985404968,-0.9629983901977539,0.01724601909518242,-0.08799596130847931,0.41752251982688904,-0.15777012705802917,-0.00020272583060432225,-0.3876189589500427,0.3848242163658142,-0.3131485879421234,0.12632083892822266,-0.5778907537460327,0.43844300508499146,-0.10479538142681122,-0.05323744937777519,0.5043129324913025,0.10117129981517792,0.006727579049766064,0.21531715989112854,-0.13961699604988098,-0.07499997317790985,-0.20032982528209686,-0.26078057289123535,-0.4397662580013275,-0.08191880583763123,-0.18991442024707794,0.11481505632400513,-0.03981059044599533,0.1594211757183075,0.7580985426902771,0.19726935029029846,-0.08093853294849396,-0.12233321368694305,0.004732619039714336,-0.07883290946483612,-0.7827328443527222,-0.04833291843533516,-0.10548584163188934,0.505273163318634,0.2730512022972107,-0.28716158866882324,0.30492931604385376,-0.06983958184719086,-0.19234713912010193,-0.02042955532670021,-0.18472103774547577,-0.10185853391885757,-0.5075688362121582,0.2127363234758377,0.5293081998825073,0.4283577501773834,-0.017553508281707764,0.2164880335330963,0.35988375544548035,-0.059373874217271805,0.1899656355381012,-0.2190433293581009,0.029285136610269547,-1.0311777591705322,0.49920693039894104,-0.29640674591064453,0.3104367256164551,-1.175784707069397,0.549502968788147,-0.21287503838539124,-0.41206759214401245,-0.03527431935071945,-0.12352627515792847,0.4750637114048004,0.341740220785141,0.11648352444171906,-0.35887980461120605,-0.0011019527446478605,-0.3161331117153168,-0.313779354095459,-0.33892375230789185,-0.18608969449996948,0.8505846858024597,-0.7160194516181946,0.25962063670158386,-0.3201138973236084,0.15991345047950745,-0.07811730355024338,0.33458447456359863,0.20263329148292542,0.39461174607276917,0.10549213737249374,-0.1677609533071518,-0.1500719040632248,0.12507446110248566,0.37210613489151,-0.14643104374408722,-0.0233453456312418,0.2911904454231262,-0.03363166004419327,-0.40402406454086304,0.12764206528663635,-0.17901089787483215,-0.42245545983314514,-0.0948464646935463,-0.09619040787220001,0.021736981347203255,-0.1875041276216507,-0.9802871942520142,-0.1508655697107315,0.938443660736084,0.15070974826812744,-0.4277268946170807,0.03907546401023865,0.3650413453578949,0.3238934278488159,-0.47145310044288635,-0.21398024260997772,0.32015448808670044,0.14527037739753723,-0.3760613799095154,-0.2825842797756195,-0.028972988948225975,0.2250797003507614,-0.13113483786582947,-0.17265139520168304,0.2611483335494995,0.18077890574932098,-0.010013776831328869,0.03907307982444763,-0.23671714961528778,-0.19848649203777313,-0.4454333186149597,-0.2414783537387848,0.49778228998184204,0.15925626456737518,-0.004523050971329212,-0.7218130230903625,-0.01758382096886635,-0.1771395057439804,-0.2448236495256424,0.48775696754455566,-0.3478003442287445,-0.1319572627544403,-0.6316583752632141,-0.36595219373703003,-0.0103997141122818,-0.11567217111587524,-0.7829787135124207,-0.06506260484457016,0.04851677268743515,0.31561604142189026,0.03096369467675686,-0.21595260500907898,-0.4690985083580017,-0.3931308388710022,-0.062263816595077515,0.05719451978802681,-0.11993124336004257,-0.03322936221957207,-0.04288647696375847,-0.11290399730205536,0.7698845863342285,0.04197317734360695,-0.1808803230524063,-0.04683397337794304,0.20383091270923615,-0.18015575408935547,-0.6913474202156067,-0.052826888859272,0.24923090636730194,-0.1685521900653839,0.22914306819438934,-0.37739235162734985,1.0735434293746948,-0.159661665558815,-0.11009226739406586,-0.11980092525482178,0.16239376366138458,0.1659432351589203,-0.5468084812164307,-0.18495282530784607,0.4950055181980133,0.22716394066810608,0.21321053802967072,0.3862893581390381,-0.5428297519683838,-0.09725401550531387,0.06361030042171478,0.015848308801651,-0.22873187065124512,-0.3420014977455139,0.04414879530668259,0.23753675818443298,-0.15450266003608704,-1.0086536407470703,0.5275489091873169,0.5704482197761536,0.38933509588241577,0.4542543292045593,-0.09767533838748932,-0.2588662803173065
CID000004192,683,-0.04440368339419365,-0.2549518048763275,0.03721184283494949,-0.13253982365131378,0.4747052788734436,0.4027217924594879,0.06140696257352829,-0.021591540426015854,-0.14782433211803436,-0.2641357481479645,0.22983095049858093,-0.5317685604095459,0.14116281270980835,-0.02698689140379429,-0.3664472997188568,-0.05981923267245293,0.09028349816799164,-0.2029012143611908,0.24628977477550507,-0.28353047370910645,0.09251990169286728,-0.08539298921823502,-0.09200404584407806,0.11639498174190521,0.3709844946861267,0.007884388789534569,-0.18176071345806122,0.02478322945535183,-0.10224230587482452,0.3762523829936981,-0.17833343148231506,0.18974706530570984,0.1326218545436859,0.028051700443029404,-0.6138396263122559,-0.141594797372818,-0.3208785355091095,-0.24397853016853333,-0.2651556134223938,-0.03515172749757767,0.016094813123345375,0.11070132255554199,-0.423898309469223,-0.040210939943790436,0.32237574458122253,0.17243783175945282,0.15259841084480286,0.08348920941352844,0.33653348684310913,-0.25722143054008484,-0.48334455490112305,0.04542412608861923,-0.1146276444196701,-0.2460816651582718,0.3443261981010437,-0.2521213889122009,0.10998447984457016,-0.1528777778148651,0.4722052216529846,-0.10312436521053314,-0.7506459355354309,-0.002638101577758789,-0.30364590883255005,0.027027565985918045,0.019113581627607346,0.0886908769607544,-0.18382959067821503,0.19770768284797668,0.29928600788116455,0.005010697059333324,0.06775011867284775,-0.33244818449020386,0.08956469595432281,0.063060462474823,0.2640473246574402,0.15373142063617706,-0.0746939405798912,0.29562535881996155,-0.10061347484588623,-0.2936985492706299,-0.1233617514371872,-0.16047200560569763,-0.17524878680706024,-0.2165931761264801,-0.052562929689884186,0.12458787113428116,-0.33750471472740173,-0.17553265392780304,0.5358546376228333,-1.0657310667738784e-05,-0.009233152493834496,-0.2008238285779953,0.14659668505191803,-0.03723117709159851,-0.540946364402771,-0.1212151050567627,-0.1800103485584259,0.054994236677885056,0.06436926871538162,-0.1292237788438797,0.15929657220840454,0.18176403641700745,-0.4441527724266052,0.010910497978329659,-0.056244730949401855,0.09865781664848328,-0.5156142711639404,0.30041301250457764,-0.018826112151145935,0.0360993966460228,0.010603046044707298,0.04004520922899246,0.05214593559503555,0.20554247498512268,0.05422975495457649,-0.04891418665647507,0.15542826056480408,-0.35762447118759155,0.1458146870136261,-0.04547148197889328,0.23759861290454865,-0.660014271736145,0.021672625094652176,-0.048902541399002075,-0.41170698404312134,-0.0672823116183281,0.17319300770759583,0.11049586534500122,0.08625175058841705,-0.04666164889931679,-0.13012133538722992,-0.10358820110559464,-0.4997747540473938,-0.33286288380622864,-0.2284020483493805,0.05630122497677803,0.3194722533226013,-0.22614626586437225,-0.007326841354370117,-0.017121579498052597,-0.04401480779051781,0.014133110642433167,0.5015331506729126,-0.05794445425271988,-0.025914659723639488,-0.12242674827575684,-0.3000093400478363,-0.16391482949256897,0.0540311262011528,-0.3070738613605499,-0.011932069435715675,-0.01525568962097168,-0.34275415539741516,0.11325909197330475,-0.06601682305335999,-0.0739993304014206,0.190744549036026,-0.44218340516090393,0.07933773845434189,-0.2921670973300934,0.00389358913525939,0.06685955077409744,-0.7794169783592224,0.16761548817157745,0.39960771799087524,0.14221158623695374,-0.2539045810699463,0.020536059513688087,-0.1414554864168167,0.023319806903600693,-0.27995848655700684,-0.06735359132289886,0.45228520035743713,-0.14428596198558807,0.034522172063589096,-0.17750513553619385,0.294046550989151,0.2304920256137848,-0.40193548798561096,-0.11489610373973846,0.39112240076065063,0.22103050351142883,0.3833831250667572,-0.2971196472644806,-0.10800723731517792,-0.32755592465400696,-0.1750568151473999,-0.048547644168138504,0.6696087121963501,0.114842489361763,0.1274087131023407,-0.38379383087158203,0.05913056060671806,-0.15393762290477753,0.02037636563181877,0.5430028438568115,0.17035524547100067,-0.0659589022397995,-0.44130629301071167,0.11574939638376236,0.23423223197460175,-0.11640467494726181,-0.15804365277290344,0.14974425733089447,-0.03200756758451462,0.15959647297859192,0.026358241215348244,-0.03907572850584984,-0.2766600549221039,-0.2971246540546417,0.1488650143146515,-0.013137191534042358,-0.07360778003931046,-0.014247655868530273,-0.07638506591320038,0.24519550800323486,0.3594665825366974,0.11040957272052765,-0.06839923560619354,-0.22524242103099823,-0.09695373475551605,-0.02871783636510372,-0.5584604740142822,0.06971479207277298,0.2084948569536209,-0.10018817335367203,0.09749120473861694,-0.33414411544799805,0.8161240816116333,0.1756773740053177,-0.2506677508354187,-0.10318683087825775,-0.11183377355337143,0.13920395076274872,-0.3875102400779724,-0.2560870051383972,-0.2070717066526413,0.05936850234866142,0.2725781500339508,-0.003034216118976474,-0.4942644238471985,-0.25018662214279175,0.19682353734970093,-0.0013837754959240556,-0.07336265593767166,-0.34925922751426697,0.21131744980812073,0.18579566478729248,0.2801889479160309,-0.7197033166885376,0.04300690442323685,0.46598750352859497,0.10017672926187515,0.10767892748117447,-0.052549660205841064,0.02235105074942112
CID000004771,686,-0.12183402478694916,0.2000308334827423,0.15234267711639404,0.11058928817510605,0.5972028374671936,0.5131015777587891,0.4749540388584137,-0.2328992784023285,-0.40998682379722595,-0.2512113153934479,0.03568601980805397,-0.6344112157821655,-0.0677890032529831,-0.4422650933265686,-0.337155282497406,0.08411407470703125,-0.10848069190979004,0.0115143908187747,0.1171661764383316,0.09062206000089645,-0.010412581264972687,0.16992780566215515,0.039329662919044495,0.1220237985253334,-0.21885128319263458,0.028354715555906296,0.0889367163181305,0.16377654671669006,0.006294346414506435,0.3621863126754761,-0.31667476892471313,0.06993918120861053,0.262912780046463,0.036597684025764465,-0.32551810145378113,0.3853076994419098,-1.1298319101333618,-0.5058319568634033,0.27879443764686584,-0.08370257914066315,0.4006475806236267,-0.16488532721996307,-0.28233689069747925,-0.0552699938416481,0.35102441906929016,0.24845194816589355,-0.1994757503271103,-0.1659800261259079,0.10107240825891495,-0.07694222033023834,-0.415449321269989,-0.12900766730308533,-0.5110939741134644,-0.4831791818141937,-0.21570739150047302,0.1520983725786209,-0.08717174828052521,-0.14854365587234497,0.13503047823905945,-0.2584749758243561,-1.063427209854126,-0.23892001807689667,0.2960646152496338,0.6450076699256897,-0.2234886884689331,0.3129163682460785,-0.49908962845802307,0.045809581875801086,0.12445010244846344,0.3584323823451996,-0.2146596908569336,0.005960044451057911,-0.34680256247520447,-0.41719239950180054,0.45407968759536743,0.04906870797276497,-0.14237090945243835,0.23583582043647766,-0.06880305707454681,-0.28027087450027466,-0.25694161653518677,-0.06013457104563713,-0.12262113392353058,-0.19425880908966064,0.2776210904121399,-0.12983758747577667,-0.20521613955497742,-0.10163253545761108,1.1469839811325073,0.023261593654751778,-0.3232922852039337,-0.18310965597629547,-0.30257564783096313,-0.05579989403486252,-0.5506488680839539,0.034406088292598724,-0.47000980377197266,0.6535207629203796,0.179587259888649,-0.4498458504676819,1.0086753368377686,-0.11271120607852936,0.18738964200019836,0.26576223969459534,0.06285451352596283,-0.041756752878427505,-0.09563103318214417,0.3313000798225403,-0.050282977521419525,0.4077748656272888,-0.30836594104766846,-0.25335997343063354,0.6344009637832642,-0.1882828325033188,0.5713728666305542,-0.21200108528137207,0.28562766313552856,-0.3879917562007904,0.2102087289094925,-0.259426087141037,0.21978342533111572,-0.7814146876335144,-0.2711794674396515,-0.44186148047447205,-0.5754980444908142,-0.23581555485725403,-0.2332957684993744,0.2928575277328491,0.2202112227678299,0.011183783411979675,0.07071787118911743,-0.10947813093662262,-0.5433899164199829,-0.3676179051399231,0.2933264374732971,-0.1071176752448082,0.4544644355773926,-0.0572795495390892,-0.09730951488018036,-0.29179295897483826,0.09109348058700562,0.47809362411499023,0.19625064730644226,0.07842136919498444,0.16117793321609497,-0.025552038103342056,-0.021195227280259132,0.3052369952201843,0.24985449016094208,0.019146911799907684,-0.1530977487564087,-0.05192717909812927,0.19860702753067017,-0.04951135441660881,0.1572716385126114,-0.20408228039741516,-0.11794401705265045,-0.4334183633327484,-0.0473114475607872,0.12487290054559708,0.053530871868133545,-0.06636745482683182,-0.9545673131942749,-0.2629684507846832,0.026949550956487656,0.5940033197402954,0.20339879393577576,0.2892196774482727,0.5250089168548584,0.16251559555530548,-0.3291354775428772,-0.4916393756866455,0.5926766395568848,-0.14813873171806335,-0.2692926228046417,-0.23154588043689728,0.2687470018863678,-0.06496623903512955,-0.24648761749267578,0.06782720983028412,0.5273376703262329,0.3259924054145813,-0.06552963703870773,-0.05294843390583992,-0.07755695283412933,0.03565765544772148,-0.6703816056251526,0.2513432800769806,0.4930042326450348,-0.03543158620595932,-0.30745869874954224,-0.25591057538986206,0.1221933513879776,-0.6289644837379456,-0.2977938652038574,0.5849823355674744,0.20458169281482697,0.273836612701416,-0.8660603761672974,-0.04943980649113655,-0.44880685210227966,0.3135389983654022,-0.30572035908699036,-0.1778137981891632,0.34392493963241577,0.44276681542396545,-0.002083952771499753,-0.12003578245639801,-0.26316192746162415,0.14923450350761414,0.20935818552970886,0.0998162031173706,-0.06361538171768188,0.19426791369915009,0.2088058888912201,-0.09288013726472855,0.44848576188087463,0.09021411091089249,-0.2721092104911804,-0.23338015377521515,0.3243463337421417,0.05664398521184921,-0.6802681684494019,0.316338449716568,0.4590582251548767,0.3454102575778961,-0.0738738402724266,-0.3421808183193207,0.6017657518386841,-0.23997323215007782,0.1593134105205536,-0.012782657518982887,0.05794912576675415,-0.21226949989795685,-0.1538945883512497,-0.11437065899372101,-0.03929326310753822,0.22922050952911377,0.04752795770764351,-0.2210729569196701,-0.11884136497974396,0.24987435340881348,-0.2832328975200653,-0.12309710681438446,-0.25435900688171387,-0.8847487568855286,0.47146549820899963,0.08536167442798615,-0.16969265043735504,-0.6688021421432495,-0.09667859971523285,0.08460138738155365,0.3891471028327942,0.279676616191864,-0.09978464245796204,0.12826207280158997
CID000005572,689,-0.3160359859466553,0.16987667977809906,0.32368552684783936,-0.03037681058049202,0.14881053566932678,0.3662394881248474,-0.21225109696388245,-0.013428563252091408,-0.4324112832546234,-0.25304892659187317,-0.100580133497715,-0.2048519104719162,0.007282797247171402,-0.4935336112976074,0.6060583591461182,0.2048477679491043,0.2141943722963333,-0.03711604326963425,-0.37358665466308594,0.19836758077144623,-0.02225535549223423,-0.453287273645401,-0.15506848692893982,-0.03144827485084534,0.08738397061824799,-0.15085940062999725,-0.08665737509727478,-0.18982091546058655,0.23341798782348633,0.4317457675933838,-0.036670491099357605,-0.2219448834657669,0.036701809614896774,-0.11291692405939102,-0.3093801736831665,-0.15376287698745728,-0.5874749422073364,-0.38109710812568665,-0.11617094278335571,0.29565972089767456,0.0635882169008255,0.1784733682870865,0.030651578679680824,-0.13699713349342346,0.5455993413925171,0.019236791878938675,0.04670481011271477,-0.13387492299079895,0.10710297524929047,0.01188012957572937,-0.28656965494155884,0.25619742274284363,-0.021981701254844666,-0.18235576152801514,0.004648955073207617,0.19436490535736084,-0.04247421771287918,-0.20944766700267792,0.42417779564857483,0.15853039920330048,-1.0088584423065186,0.20224158465862274,-0.26749294996261597,0.4682703912258148,0.10098858177661896,0.1668049544095993,-0.2752637267112732,0.0527772381901741,0.14033600687980652,-0.10085366666316986,-0.07941700518131256,-0.10582523047924042,0.0001994550257222727,-0.16351930797100067,0.17399272322654724,-0.03309386968612671,-0.26649630069732666,0.46065711975097656,0.15772752463817596,0.07208818197250366,-0.11301825195550919,0.01677563413977623,-0.018302133306860924,-0.07130759954452515,0.16235217452049255,0.40487322211265564,-0.37873151898384094,-0.2825210690498352,0.524539589881897,-0.14908505976200104,-0.32079967856407166,-0.22681570053100586,-0.07559153437614441,-0.07199645042419434,-0.6763858795166016,0.0016814820701256394,-0.2379041612148285,0.48199233412742615,0.22499480843544006,-0.4023366868495941,0.4474111497402191,0.10353754460811615,-0.06080044433474541,-0.0758228749036789,-0.09116010367870331,0.11185207217931747,-0.14243777096271515,0.4105541706085205,0.28133222460746765,0.18058595061302185,-0.10338234901428223,-0.29510948061943054,0.6226845383644104,-0.09470884501934052,-0.01031305082142353,-0.25486499071121216,-0.3629838228225708,0.0007944881799630821,0.5419582724571228,-0.17615953087806702,-0.06819534301757812,-0.5567362904548645,0.0020359097979962826,-0.5017486214637756,-0.4931620955467224,0.05468156933784485,-0.0034019232261925936,0.46269503235816956,0.17166969180107117,-0.005207917187362909,0.16485992074012756,-0.005529914982616901,-0.550432562828064,-0.4208771586418152,-0.48362046480178833,-0.11759044975042343,0.4024357199668884,-0.28852805495262146,-0.07136484235525131,-0.06968250125646591,0.06011607497930527,0.19902606308460236,-0.48143213987350464,0.022123921662569046,-0.09159843623638153,0.1767110973596573,0.1747225821018219,0.2524726688861847,0.1353311538696289,-0.506579577922821,0.10856251418590546,-0.13319401443004608,-0.1700625866651535,-0.34448081254959106,0.08401093631982803,-0.030267810449004173,-0.041709184646606445,-0.5482039451599121,0.08769382536411285,-0.07054732739925385,0.11847303062677383,0.03621809929609299,-0.8435401916503906,-0.01019718311727047,0.17979268729686737,0.3148207366466522,-0.16400246322155,-0.058821745216846466,0.3095526695251465,-0.14216738939285278,-0.2117662876844406,-0.061339784413576126,0.6436024904251099,-0.21061649918556213,0.00643390417098999,-0.1972346156835556,0.06615932285785675,-0.026451151818037033,-0.450053870677948,-0.21610864996910095,0.1265958994626999,0.4995603561401367,0.33468785881996155,0.08680155128240585,0.020646315068006516,0.20676906406879425,-0.47923803329467773,-0.1603921800851822,0.4128600060939789,0.05198477581143379,-0.12501659989356995,-0.2693471610546112,-0.03068508580327034,-0.3900691866874695,-0.33238545060157776,0.7186926007270813,0.1579803228378296,-0.20930957794189453,-0.6369307041168213,0.05760834738612175,-0.07308569550514221,0.20503577589988708,-0.7350481152534485,0.14171580970287323,0.20259547233581543,0.4979378581047058,-0.09600301086902618,-0.1943943202495575,-0.5927559733390808,0.23719081282615662,0.09853656589984894,0.2064044028520584,-0.07229113578796387,-0.2247907668352127,-0.14493608474731445,0.21832343935966492,0.40397778153419495,-0.11782270669937134,-0.19961927831172943,-0.12710623443126678,0.012806640937924385,-0.07264147698879242,-0.46693092584609985,-0.30674195289611816,0.2585383653640747,0.10259519517421722,0.3569240868091583,-0.16172829270362854,0.7354199290275574,0.20428478717803955,0.17193637788295746,-0.27162134647369385,0.025924529880285263,-0.015763189643621445,-0.2391088902950287,-0.4524889886379242,0.31982988119125366,0.3907076418399811,0.10403386503458023,-0.17102405428886414,-0.3780216574668884,0.284305602312088,-0.06170661374926567,-0.27669626474380493,0.20266585052013397,-1.0107674598693848,0.5088471174240112,0.22534838318824768,-0.019534777849912643,-0.5614355802536011,0.01651715114712715,0.057817984372377396,0.20624935626983643,0.28765687346458435,0.04719841480255127,-0.27015551924705505
CID000003249,694,-0.32948508858680725,-0.18750780820846558,-0.051845066249370575,0.1174655556678772,0.4747493267059326,0.536406934261322,0.027926737442612648,0.042146459221839905,-0.6613253355026245,-0.28206807374954224,-0.057891469448804855,-0.5805360674858093,0.1908155381679535,-0.15094220638275146,0.10699693113565445,0.03863435983657837,0.14955735206604004,-0.32456767559051514,0.13363608717918396,-0.3143472969532013,0.10086722671985626,-0.03679116815328598,-0.08235856890678406,-0.046856172382831573,-0.24543075263500214,0.02188699319958687,0.13941429555416107,0.04142824187874794,-0.10799930989742279,0.6248100996017456,-0.2113635540008545,-0.0031737550161778927,-0.29492563009262085,0.17218023538589478,-0.16567571461200714,0.1345442235469818,-0.4034198224544525,-0.11803285777568817,-0.2086704671382904,0.18842816352844238,0.41570717096328735,0.09406603127717972,-0.44481754302978516,-0.19646668434143066,0.6207089424133301,0.3089590072631836,-0.008901420049369335,-0.10212774574756622,-0.3298124670982361,-0.1286313533782959,-0.3980788290500641,0.16738609969615936,-0.1542477160692215,-0.15842925012111664,0.17157931625843048,0.07540953159332275,0.1943473070859909,-0.2361784428358078,0.4151762127876282,0.45057806372642517,-0.6931121349334717,0.056231386959552765,-0.23813483119010925,0.28114980459213257,0.18166203796863556,-0.27391889691352844,-0.17260102927684784,0.10288101434707642,-0.11656131595373154,-0.11024622619152069,-0.6780329942703247,-0.23505735397338867,0.23126983642578125,-0.3748500943183899,0.4557725489139557,0.00685399305075407,-0.15314586460590363,0.4169978201389313,-0.15679600834846497,0.16186214983463287,-0.08932411670684814,0.2122664898633957,-0.5184261202812195,-0.1301850974559784,0.10671412944793701,-0.052283357828855515,-0.24526238441467285,0.2555221915245056,0.45378103852272034,0.17458075284957886,-0.31231093406677246,-0.36127692461013794,0.14701756834983826,-0.16979441046714783,-0.6891898512840271,0.042075760662555695,0.06977976858615875,0.3035455644130707,0.4834774434566498,-0.409006267786026,0.1933898627758026,0.07470257580280304,-0.20225128531455994,0.21983397006988525,-0.3376297354698181,-0.0648970752954483,-0.2870773375034332,0.17266209423542023,-0.11168559640645981,0.2098570615053177,-0.19641342759132385,0.11599812656641006,0.45605093240737915,-0.10727955400943756,0.08219106495380402,0.18221674859523773,-0.08374898135662079,-0.594025731086731,0.28347182273864746,-0.24542970955371857,0.06580895185470581,-0.6661590337753296,-0.14407023787498474,-0.3666783273220062,-0.8087331056594849,0.315681517124176,0.005691024474799633,0.8014647364616394,0.25894129276275635,-0.19900627434253693,0.019933713600039482,0.07122176885604858,-0.41913166642189026,-0.3553396463394165,-0.1392837017774582,-0.2508598268032074,-0.040376950055360794,-0.35728466510772705,-0.04660739749670029,-0.40671974420547485,6.999075412750244e-05,0.14542381465435028,-0.09667728841304779,0.17605993151664734,-0.00527065247297287,-0.1465577781200409,-0.06245681643486023,-0.2036403864622116,0.030580684542655945,0.022395774722099304,-0.1505153328180313,0.04782316833734512,0.24425622820854187,-0.01638169214129448,0.15766063332557678,0.0749945193529129,0.021094676107168198,-0.5286682844161987,0.06374324858188629,-0.20983049273490906,0.10278717428445816,-0.03753647580742836,-0.9131760597229004,-0.12659937143325806,0.5217772722244263,0.21989932656288147,-0.22815319895744324,-0.011339856311678886,0.4892938733100891,-0.18758352100849152,-0.3785315454006195,-0.12547311186790466,0.4183006286621094,-0.19868381321430206,-0.16602428257465363,-0.11082179844379425,-0.18601593375205994,0.08751395344734192,-0.16817112267017365,-0.20821180939674377,0.12754105031490326,0.2693968415260315,0.19061243534088135,0.08270714432001114,-0.2140895128250122,-0.11365219205617905,-0.27710404992103577,-0.3166843354701996,0.4893672466278076,0.036589354276657104,0.1648385375738144,-0.33234867453575134,-0.08163608610630035,0.1343098133802414,-0.22524651885032654,0.3583032190799713,-0.08090724050998688,-0.07902409136295319,-0.2628733515739441,0.12484010308980942,0.044722121208906174,0.5330680012702942,-0.3076569139957428,0.06725461781024933,0.12958630919456482,0.18187250196933746,0.16188648343086243,-0.3195209503173828,-0.895893394947052,0.23073115944862366,-0.2930973470211029,0.15369322896003723,-0.1769297569990158,0.12597638368606567,0.22165265679359436,-0.3824044466018677,0.41445621848106384,0.16405147314071655,-0.3064773976802826,-0.2865530252456665,-0.09884659945964813,-0.057027656584978104,-0.4063735604286194,0.022373473271727562,0.15840382874011993,0.010008329525589943,0.48950475454330444,-0.35497409105300903,0.6228370666503906,0.11858850717544556,-0.10865519940853119,-0.3897588551044464,-0.2979559898376465,-0.01267734169960022,-0.13069181144237518,-0.18669821321964264,-0.015316085889935493,0.18779829144477844,-0.012579443864524364,0.030068080872297287,-0.2826593220233917,0.1861899346113205,0.06840851157903671,0.2532913386821747,0.18428222835063934,-0.217646986246109,0.06306914985179901,0.3472822606563568,0.24223601818084717,-0.5508326292037964,-0.07537441700696945,0.3416864275932312,-0.11356349289417267,-0.2814769148826599,-0.05211924389004707,-0.4879649579524994
CID000004189,695,-0.061673007905483246,-0.017273476347327232,-0.09216342121362686,-0.09498172998428345,0.41085538268089294,0.3758552670478821,0.025057444348931313,-0.44151267409324646,-0.38891130685806274,-0.2532292604446411,-0.1475187987089157,-0.3232397735118866,0.014827892184257507,-0.376380056142807,-0.2024267464876175,-0.07586584240198135,-0.13140630722045898,-0.043302904814481735,0.053664207458496094,-0.055150747299194336,0.007856488227844238,-0.06560192257165909,0.3772401809692383,0.10354860126972198,0.09233888983726501,0.19963277876377106,-0.1792985498905182,0.33570075035095215,0.14434953033924103,0.28795692324638367,-0.3196222186088562,0.1270265430212021,-0.0685061663389206,0.2746090292930603,-0.9199310541152954,-0.14742626249790192,-0.29398709535598755,-0.2033262997865677,-0.5412769317626953,0.1952967643737793,-0.15670816600322723,0.2403554469347,-0.21036486327648163,-0.22669880092144012,0.268373966217041,0.06322690099477768,0.04223085567355156,0.03165159374475479,-0.19000637531280518,0.21643471717834473,-0.32495957612991333,-0.08707240968942642,0.05406748130917549,0.057544756680727005,-0.08214779943227768,-0.5240922570228577,-0.1262960582971573,-0.01478729210793972,1.0031944513320923,-0.17954519391059875,-0.9475782513618469,-0.0065804035402834415,-0.2556084990501404,0.6161633133888245,0.6071889400482178,-0.2677348256111145,-0.44483113288879395,0.18825054168701172,0.05172044783830643,0.0743788480758667,-0.4838744103908539,0.028429681435227394,0.497464120388031,-0.2047843039035797,0.7563366889953613,-0.32361897826194763,-0.10290022194385529,0.08850613236427307,-0.06241075322031975,-0.0982816144824028,-0.26551303267478943,-0.02959080971777439,0.2654021978378296,-0.19311286509037018,0.2587965726852417,-0.270978182554245,-0.532015860080719,0.34398412704467773,0.6455639600753784,0.1674451380968094,-0.0020608962513506413,0.35118362307548523,0.011594605632126331,-0.00014016777276992798,-0.6224137544631958,-0.11865534633398056,0.01118198037147522,0.242273211479187,-0.15256378054618835,-0.4067782461643219,0.5063081383705139,-0.1564580500125885,-0.06521053612232208,0.19861941039562225,-0.026564251631498337,0.11862103641033173,-0.24358217418193817,0.27789244055747986,-0.20091724395751953,0.44112807512283325,-0.46552810072898865,0.15072569251060486,0.10446671396493912,0.14699475467205048,0.06706041097640991,0.12244276702404022,0.002223080489784479,-0.9375239610671997,0.2876325845718384,0.0377206988632679,0.037884440273046494,-1.0749952793121338,0.20373766124248505,-0.20485453307628632,-0.27931997179985046,0.3472152054309845,0.1296481043100357,0.3796517550945282,0.412632554769516,0.05431291460990906,-0.03685038164258003,0.18904536962509155,-0.6965075731277466,-0.21707072854042053,-0.019500140100717545,0.12207847833633423,0.5273400545120239,-0.1983443796634674,-0.3800714612007141,0.1639271378517151,0.10673079639673233,0.4578656256198883,0.11606428772211075,-0.22625985741615295,-0.32465261220932007,-0.07012330740690231,-0.01848721131682396,0.2126576155424118,0.2213759869337082,-0.14663009345531464,-0.010035721585154533,0.0055046360939741135,-0.3102055788040161,-0.35695701837539673,-0.1402379870414734,-0.07233606278896332,-0.015328912064433098,-0.4311109483242035,-0.08451014757156372,-0.27587568759918213,0.0712159126996994,0.0827934741973877,-0.9149878621101379,0.15903759002685547,0.9303427934646606,0.15289153158664703,-0.2390367090702057,-0.0007390439277514815,0.07405607402324677,-0.02937053143978119,0.05501949042081833,-0.2451915293931961,0.8627874255180359,-0.10059038549661636,0.12876039743423462,-0.06873798370361328,-0.20433831214904785,-0.03219451382756233,-0.2527548372745514,0.13919217884540558,0.24834756553173065,0.6161268353462219,-0.21045978367328644,-0.7936967611312866,0.10189945995807648,-0.008863127790391445,-0.3156018853187561,0.3686278760433197,0.865628719329834,-0.15557508170604706,0.09209079295396805,-0.45199793577194214,0.5502798557281494,0.17867830395698547,-0.19903632998466492,0.5227026343345642,0.022521529346704483,0.23677532374858856,-0.4743083417415619,-0.030920689925551414,0.24032416939735413,0.0747624933719635,0.025777000933885574,-0.23739400506019592,0.01342859584838152,0.2967498004436493,0.11377891153097153,-0.08393435180187225,-0.19647598266601562,0.0425192229449749,0.2760787010192871,0.18324679136276245,0.14822500944137573,-0.05252695083618164,-0.2059849202632904,-0.5668714642524719,1.105817198753357,0.3279590606689453,-0.10733942687511444,0.22524003684520721,-0.11723039299249649,-0.10518815368413925,-0.8297938108444214,0.054599352180957794,0.11990246921777725,-0.053643692284822464,-0.02783874049782753,-0.4541763365268707,0.9512319564819336,0.03786291554570198,0.13603374361991882,-0.18623770773410797,0.13137294352054596,0.14356626570224762,-0.414031982421875,-0.2108825147151947,-0.10621050745248795,0.3454357981681824,-0.14160369336605072,0.04009212180972099,-1.1207430362701416,-0.10782291740179062,0.16210289299488068,0.1283666491508484,0.09546886384487152,-0.0863051638007164,0.5015376806259155,0.10119183361530304,-0.1490556299686432,-0.9989203214645386,0.21761901676654816,0.5956476926803589,0.5290583372116089,0.14933277666568756,-0.16228222846984863,0.09947755187749863
CID000002818,698,-0.07185269147157669,-0.07212363183498383,0.10030368715524673,-0.21349191665649414,0.23941850662231445,0.25772708654403687,0.0539407841861248,0.05126373842358589,-0.32207968831062317,-0.16083873808383942,-0.10597292333841324,-0.3385506570339203,-0.055579185485839844,-0.24132248759269714,0.06416554749011993,0.017647359520196915,-0.04477940872311592,-0.08125220239162445,0.16102094948291779,0.1298491507768631,0.07144792377948761,-0.019230138510465622,-0.04718014597892761,0.08197847753763199,0.1038162112236023,0.052674222737550735,0.08810096979141235,-0.06803621351718903,-0.0965566411614418,0.22153882682323456,-0.07551680505275726,-0.1832541525363922,-0.15052109956741333,0.08788122981786728,-0.3634641468524933,-0.0585564561188221,-0.1967075616121292,-0.2815229594707489,-0.21924741566181183,-0.024388957768678665,0.07339609414339066,0.06313230097293854,-0.23952026665210724,-0.1938798725605011,0.08785618841648102,-0.1740531325340271,-0.02769380807876587,0.27087199687957764,-0.28401434421539307,-0.05552669242024422,-0.19734647870063782,0.08895687758922577,0.123493991792202,-0.20679447054862976,0.020969819277524948,0.01413496769964695,-0.06771095842123032,0.18262331187725067,0.13141819834709167,-0.09528212249279022,-0.8498223423957825,-0.08913590759038925,-0.37707141041755676,0.18188011646270752,0.10242576897144318,0.18155689537525177,-0.23295958340168,0.1267397701740265,0.06444407999515533,0.04970758408308029,-0.01497920136898756,-0.09651634842157364,-0.012095881626009941,-0.22072908282279968,0.18779517710208893,-0.05226709321141243,-0.12646058201789856,-0.07127569615840912,0.223161980509758,0.10055744647979736,-0.25559061765670776,0.22806906700134277,-0.21774789690971375,-0.3165661692619324,-0.124702587723732,0.02918766811490059,-0.24595551192760468,-0.1983167827129364,0.29114946722984314,-0.03272494673728943,0.12253494560718536,-0.18208935856819153,-0.1686890423297882,-0.06192626804113388,-0.38676944375038147,-0.018649274483323097,-0.2335955649614334,0.34862732887268066,0.060576342046260834,-0.3176443576812744,0.21868781745433807,0.15576179325580597,-0.06627941131591797,-0.013503479771316051,-0.1321406066417694,0.10897717624902725,-0.3798334002494812,0.30384567379951477,-0.20496825873851776,0.21321646869182587,0.04627837985754013,0.07593655586242676,0.26246562600135803,0.01808520033955574,-0.04202767461538315,0.10524598509073257,-0.15572649240493774,-0.08558757603168488,0.08597934246063232,0.11213388293981552,-0.12383697926998138,-0.5315980315208435,0.030531704425811768,-0.2565486431121826,-0.3076697885990143,0.15330836176872253,-0.07918693125247955,0.26417848467826843,0.12428673356771469,0.0256863534450531,0.21590685844421387,0.15815207362174988,-0.5548699498176575,-0.2310909926891327,0.022999083623290062,-0.19510021805763245,0.05270766466856003,0.037623029202222824,-0.14771878719329834,0.022949431091547012,-0.003219556761905551,0.2616182863712311,-0.18776988983154297,-0.019039234146475792,0.04822656884789467,-0.3029859662055969,-0.037233661860227585,0.09447524696588516,0.04395412281155586,0.011427241377532482,-0.059553343802690506,-0.09517524391412735,-0.1520281583070755,-0.06614740937948227,0.15758614242076874,0.06366435438394547,-0.1102457195520401,-0.3480232059955597,-0.029483219608664513,0.14193697273731232,0.28563612699508667,-0.0077316733077168465,-0.9006446003913879,0.03920454531908035,0.1377519816160202,0.2883651554584503,-0.33310437202453613,-0.049443911761045456,0.16711044311523438,-0.030346428975462914,-0.0628797635436058,-0.09012553840875626,0.4279603064060211,-0.05084419250488281,-0.1691216379404068,0.21726441383361816,-0.09201119095087051,0.02362816222012043,-0.3927009105682373,-0.08868975192308426,0.07311569154262543,0.29459261894226074,0.06783789396286011,0.046331923454999924,-0.03369378298521042,0.07263492047786713,-0.2610456943511963,0.03278353065252304,0.3237147331237793,-0.07859949767589569,0.15507428348064423,-0.046740029007196426,0.0329461395740509,-0.03865916654467583,-0.2352980375289917,0.3970276415348053,0.08492102473974228,0.026669254526495934,-0.11743281781673431,0.1771305352449417,-0.08875270932912827,0.06309308111667633,-0.20257262885570526,0.2536988854408264,-0.05788625404238701,0.3171238601207733,-0.10169639438390732,-0.21409186720848083,-0.01147987600415945,0.31532344222068787,0.14140871167182922,0.24387498199939728,-0.039979711174964905,0.059827424585819244,0.28996700048446655,0.07975441962480545,0.2678791582584381,0.12533870339393616,-0.1568412482738495,-0.33153030276298523,0.0946517288684845,-0.05422396585345268,-0.36608290672302246,0.06328748166561127,0.22105546295642853,-0.007328015752136707,0.17332904040813446,-0.304813414812088,0.5591428875923157,0.1861841380596161,-0.10981806367635727,-0.23656217753887177,-0.1631394922733307,-0.18875661492347717,-0.4496244788169861,-0.28554680943489075,-0.1960369050502777,0.1745399534702301,0.22013327479362488,-0.025399422273039818,-0.1769881248474121,-0.016009163111448288,0.23288002610206604,0.13679173588752747,0.05291881412267685,-0.24948549270629883,0.2479376345872879,-0.13178235292434692,0.0016921758651733398,-0.5778729915618896,0.1561843454837799,-0.0415848009288311,0.23727789521217346,-0.09012247622013092,0.017662376165390015,0.013199818320572376
CID000047320,701,0.07307185977697372,0.22836598753929138,0.35763853788375854,0.13377514481544495,0.5629095435142517,0.23546890914440155,0.16235975921154022,-0.06289906799793243,-0.08405531942844391,-0.021774645894765854,0.09245333075523376,-0.28824350237846375,0.2225593626499176,-0.06040889024734497,-0.028641510754823685,-0.07535015046596527,0.00910040270537138,0.19294898211956024,-0.2233019769191742,0.11971113830804825,-0.20568522810935974,-0.07666626572608948,0.026559656485915184,-0.13894185423851013,0.028058400377631187,0.042334578931331635,0.13644865155220032,0.010737133212387562,0.027825167402625084,0.35060805082321167,-0.08457200974225998,-0.011104990728199482,-0.07949230074882507,-0.028071735054254532,-0.5762437582015991,-0.15897466242313385,-0.5320072174072266,-0.48191800713539124,-0.1326647698879242,0.039076875895261765,0.11411090195178986,-0.10121629387140274,-0.22974026203155518,-0.4381905496120453,0.19751328229904175,-0.12151892483234406,-0.13220646977424622,0.27827662229537964,-0.56960129737854,0.03626977279782295,-0.7008004188537598,0.03250332921743393,-0.20803602039813995,-0.16465790569782257,0.13405664265155792,-0.18146128952503204,-0.15168710052967072,-0.0921449288725853,0.15481407940387726,-0.06304323673248291,-0.9446173906326294,0.3083166480064392,-0.17054998874664307,0.24235856533050537,0.05156325176358223,0.08975352346897125,-0.011215987615287304,0.2843690514564514,0.11971743404865265,0.055979885160923004,-0.4000994563102722,-0.2722996771335602,0.19507147371768951,0.019023846834897995,0.3931361138820648,-0.0766446441411972,0.014103943482041359,0.27307647466659546,-0.2507092356681824,0.004348380956798792,-0.16300152242183685,-0.39894723892211914,-0.11976270377635956,-0.10883700847625732,-0.004541370086371899,0.23731401562690735,-0.05231909081339836,0.005861413665115833,0.6219350695610046,-0.07710473239421844,0.1201586127281189,-0.134794220328331,-0.16845034062862396,0.010413018055260181,-0.7022770047187805,-0.06144915148615837,-0.39647039771080017,0.4532797336578369,-0.00225254287943244,-0.18877145648002625,0.6179021596908569,0.025784719735383987,-0.0040798187255859375,0.48453694581985474,-0.16196949779987335,0.012691785581409931,-0.4589189887046814,0.25489574670791626,0.01536540687084198,0.2508547306060791,-0.394464910030365,0.007238441612571478,0.47169584035873413,-0.026662101969122887,0.031855497509241104,0.23464782536029816,-0.06280289590358734,-0.24674470722675323,0.014941168017685413,0.05778437852859497,0.043089814484119415,-0.6839258670806885,0.06000562757253647,-0.5443373918533325,-0.3361784517765045,0.06063665822148323,-0.021269330754876137,0.35034477710723877,-0.03503281995654106,0.028214935213327408,0.4040071368217468,-0.23378369212150574,-0.6279457807540894,-0.24589546024799347,0.11416506767272949,-0.051600921899080276,0.733795702457428,-0.4162578582763672,0.09352459013462067,-0.0987001433968544,-0.09824497997760773,0.29204174876213074,-0.03308378532528877,0.02134908363223076,0.042182691395282745,0.1810111701488495,0.03535149246454239,0.24291086196899414,-0.21338117122650146,-0.17259226739406586,-0.0909782350063324,0.18605920672416687,-0.029445668682456017,0.010340852662920952,0.07105055451393127,0.0099162757396698,-0.23033860325813293,-0.4283211827278137,-0.1274024099111557,0.20576255023479462,0.11095291376113892,-0.18788675963878632,-0.9121424555778503,0.05123520642518997,0.26544949412345886,0.35455673933029175,-0.13687089085578918,-0.05356920510530472,0.2872162461280823,0.08718986809253693,0.09155986458063126,-0.06133456900715828,0.37003374099731445,0.0649360790848732,-0.04753183200955391,0.14520299434661865,-0.3801054358482361,0.11966542899608612,-0.44158515334129333,0.05681878328323364,0.1692241132259369,0.1850467324256897,0.20515982806682587,-0.24633392691612244,0.1085604652762413,-0.14624139666557312,-0.4578159749507904,-0.03819672018289566,0.5582959055900574,0.1095060259103775,-0.24985826015472412,-0.17714659869670868,0.0032427520491182804,-0.014139838516712189,-0.11481662094593048,0.4559658169746399,0.06478779017925262,-0.024170976132154465,-0.15323308110237122,0.3199698328971863,0.05866416171193123,-0.29199880361557007,-0.3150683641433716,0.05687795951962471,-0.005260893609374762,0.18071603775024414,0.07055886834859848,-0.08693979680538177,-0.06195387989282608,-0.3689151108264923,0.3345811069011688,0.11370684206485748,0.03614722937345505,-0.2544577419757843,0.4913613200187683,-0.041057296097278595,0.44887518882751465,0.045270126312971115,0.26770853996276855,-0.0684453696012497,-0.137330561876297,-0.18078488111495972,-0.4113401770591736,0.08481317013502121,0.42142874002456665,-0.07422183454036713,0.10893740504980087,-0.2822912037372589,0.604340672492981,0.06521347165107727,0.10699987411499023,-0.2281074970960617,-0.05921095609664917,-0.11342877149581909,-0.4223977029323578,-0.32705944776535034,-0.0030518651474267244,0.07533331960439682,-0.053604017943143845,0.04966830462217331,0.12177218496799469,0.11527403444051743,0.1320711374282837,0.2036728858947754,0.04580875486135483,-0.6293340921401978,0.061469174921512604,-0.0734768807888031,0.10475900024175644,-0.6236388087272644,0.25800833106040955,-0.02582542970776558,0.331359326839447,0.19462253153324127,0.07902336865663528,-0.04410014674067497
CID000005515,702,0.018866946920752525,0.16310802102088928,-0.014175737276673317,0.07351602613925934,0.28585201501846313,0.2624068260192871,0.1543881595134735,-0.09753342717885971,-0.1922706514596939,-0.15483319759368896,-0.003179463790729642,-0.5979893803596497,0.21319428086280823,-0.20151999592781067,-0.22692003846168518,-0.12284877151250839,-0.0028991836588829756,-0.16360099613666534,0.1744108498096466,-0.09437309205532074,0.2807621359825134,-0.14414314925670624,-0.19436845183372498,0.03249211981892586,-0.0915563702583313,-0.14578461647033691,0.19021490216255188,0.09347902238368988,-0.055894892662763596,0.4179525375366211,-0.27651840448379517,0.33276158571243286,0.13692305982112885,0.03249713033437729,-0.7893659472465515,-0.00550177413970232,-0.12421383708715439,-0.1950169801712036,-0.24072852730751038,-0.06400301307439804,-0.05164399743080139,0.14042069017887115,-0.31246334314346313,0.16486406326293945,0.4604821801185608,0.030899953097105026,0.006421518512070179,0.0999966412782669,0.06956279277801514,-0.26712000370025635,-0.694238543510437,-0.07195375859737396,-0.3524617552757263,-0.0740639790892601,0.11290840804576874,-0.0035013959277421236,-0.03641423210501671,-0.2263791561126709,0.42532649636268616,0.03127184510231018,-0.996013343334198,0.10828332602977753,-0.37346234917640686,0.07183040678501129,-0.1222679615020752,0.05418583005666733,-0.13032248616218567,0.5164169073104858,0.021861493587493896,-0.030278319492936134,-0.1773020476102829,-0.12888750433921814,-0.08340154588222504,0.18352878093719482,0.27771520614624023,0.1958184689283371,0.23716679215431213,0.3267771899700165,-0.10356317460536957,-0.0708591490983963,-0.06449881941080093,-0.04028530791401863,0.1074526309967041,0.07367856800556183,-0.06089123338460922,-0.04041687026619911,-0.28711676597595215,0.09646368026733398,0.4165586531162262,-0.0211997888982296,-0.06861714273691177,-0.04120732471346855,0.048528045415878296,-0.18232659995555878,-0.5226941108703613,-0.09009082615375519,-0.09071237593889236,0.11245538294315338,0.14449718594551086,-0.25966042280197144,0.2829679846763611,0.09792061895132065,-0.16638211905956268,0.23292255401611328,-0.14761069416999817,-0.15267832577228546,-0.47283807396888733,0.20509783923625946,0.06775979697704315,0.15011414885520935,0.08809308707714081,0.09012067317962646,0.10644320398569107,0.18604984879493713,0.3273386061191559,0.047153741121292114,0.009097104892134666,-0.5235847234725952,0.08948616683483124,-0.05694364383816719,0.17038783431053162,-0.9170526266098022,-0.20053939521312714,-0.11445941776037216,-0.3832029700279236,0.1162140816450119,0.10918901860713959,0.2931056320667267,0.15083931386470795,0.1676967442035675,0.055362045764923096,-0.1759341061115265,-0.5557494759559631,-0.3036274015903473,0.0890507847070694,0.04769003391265869,0.3182544708251953,-0.40489277243614197,-0.05566561222076416,-0.2286883294582367,-0.08234836161136627,0.05049639940261841,0.1329193115234375,-0.09579475224018097,-0.22788354754447937,-0.05689891427755356,-0.2080237865447998,-0.037515368312597275,0.28286677598953247,-0.06874407082796097,0.02011675387620926,0.12948288023471832,-0.1255836933851242,0.255542129278183,0.18636521697044373,-0.05536395311355591,-0.0969696193933487,-0.44211888313293457,-0.13874845206737518,0.2026260644197464,-0.05233308672904968,-0.09759832918643951,-0.9562840461730957,0.08220197260379791,0.5948082208633423,0.11929626762866974,-0.1446688175201416,0.08877221494913101,-0.03561139106750488,0.08493432402610779,-0.09104639291763306,-0.25920623540878296,0.318237841129303,-0.06648270785808563,-0.09739694744348526,0.08824419975280762,0.0990886390209198,-0.02245437540113926,-0.38099080324172974,0.10254641622304916,0.4084542393684387,0.2558078467845917,0.07414697855710983,-0.021196696907281876,0.009134341031312943,-0.08337297290563583,-0.17393052577972412,-0.10481341183185577,0.7561593651771545,-0.059991080313920975,0.10255573689937592,-0.3857995569705963,-0.06306303292512894,-0.020397251471877098,-0.14274799823760986,0.19434337317943573,-0.046540647745132446,-0.17378124594688416,-0.35380393266677856,0.07774968445301056,-0.028972338885068893,-0.1885584145784378,-0.3562384247779846,0.057905834168195724,-0.11376579105854034,-0.009914626367390156,0.025933945551514626,-0.10382367670536041,-0.40829142928123474,-0.09469899535179138,0.2751549184322357,-0.05152251571416855,-0.09292956441640854,0.01889013685286045,0.08381075412034988,-0.16041354835033417,0.5963618755340576,0.053761959075927734,0.08801169693470001,0.067410409450531,0.018864864483475685,-0.18016701936721802,-0.5205625295639038,-0.14634668827056885,0.2909823954105377,-0.0880049616098404,0.16780832409858704,-0.14674696326255798,0.9768338203430176,0.21749596297740936,-0.045367348939180374,-0.018789049237966537,0.02768915891647339,0.1062517762184143,-0.5176013708114624,-0.20262384414672852,-0.10377862304449081,0.07511483132839203,0.2903062701225281,0.08352208137512207,-0.3421385586261749,-0.05383036285638809,-0.05362946540117264,0.05058969184756279,0.012424719519913197,-0.10289841890335083,0.12111750990152359,0.0516335591673851,0.23198309540748596,-1.051405668258667,-0.1732531487941742,0.5595876574516296,0.24502691626548767,0.043976791203022,0.04890768229961395,0.01496753841638565
CID000003510,705,-0.13044649362564087,-0.05700736120343208,-0.07405364513397217,-0.11828769743442535,0.45479193329811096,0.25901174545288086,0.031130123883485794,-0.01953621581196785,-0.22510750591754913,-0.21726760268211365,-0.11197936534881592,-0.29358580708503723,-0.02032536268234253,-0.09637872874736786,-0.18372109532356262,-0.011827399954199791,-0.002416205359622836,0.13914208114147186,0.24072697758674622,0.03839446231722832,0.024942779913544655,0.22171059250831604,0.07153729349374771,0.048074983060359955,-0.07357627153396606,0.06633374840021133,-0.03283565491437912,-0.08584078401327133,0.013706231489777565,0.2503620386123657,-0.00039198886952362955,-0.3584127426147461,-0.062248457223176956,0.008054530248045921,-0.6072307229042053,-0.10468055307865143,-0.2554815709590912,-0.2171536684036255,-0.01238778792321682,-0.04013287276029587,0.04711586982011795,-0.01472141407430172,-0.14680905640125275,-0.3315092921257019,0.13047075271606445,-0.14124444127082825,-0.043031610548496246,0.2721502184867859,-0.2647939622402191,-0.015986397862434387,-0.09044288843870163,-0.015294057317078114,0.12968780100345612,-0.16342899203300476,0.10047721862792969,0.011101702228188515,-0.11895418167114258,-0.036271750926971436,0.13533608615398407,-0.13391277194023132,-1.0143800973892212,-0.03597581386566162,-0.3139803111553192,0.3292596638202667,-0.02568729594349861,0.13525977730751038,-0.03833668306469917,0.3013404905796051,0.026859592646360397,0.047057874500751495,-0.03058493137359619,0.0271160788834095,-0.020999904721975327,-0.1064055785536766,0.16083762049674988,-0.02258685976266861,-0.04003634303808212,0.021738916635513306,0.30650967359542847,-0.1374180167913437,-0.1634732186794281,0.002045744564384222,-0.20182283222675323,-0.032432444393634796,-0.15619046986103058,-0.0987294539809227,-0.10071401298046112,-0.198826864361763,0.3378922939300537,-0.03170520067214966,0.06977908313274384,-0.034340135753154755,0.04917699843645096,-0.018407557159662247,-0.521674394607544,-0.05494343489408493,-0.2999509572982788,0.33744096755981445,0.0005141317960806191,-0.1794627606868744,0.26205581426620483,0.230716735124588,-0.21369948983192444,0.05439097434282303,-0.07674357295036316,-0.048175711184740067,-0.39478179812431335,0.19323387742042542,0.1126507893204689,0.06826530396938324,0.02174784615635872,-0.10991321504116058,0.1993992179632187,0.050591301172971725,-0.012642377987504005,0.22253108024597168,-0.16357897222042084,-0.12814971804618835,0.12179646641016006,0.23990829288959503,-0.046992070972919464,-0.6768993139266968,-0.06795142590999603,-0.07336141169071198,-0.338115930557251,0.03456331789493561,0.0018528669606894255,0.24129244685173035,0.14427150785923004,-0.05843242257833481,-0.0311408881098032,0.11162164062261581,-0.47263750433921814,-0.31389886140823364,0.06609029322862625,-0.16001209616661072,0.09377285093069077,-0.011714691296219826,-0.05674997717142105,0.12018805742263794,-0.049984343349933624,0.057218968868255615,0.14349940419197083,-0.07705938816070557,0.04595058411359787,0.035652097314596176,-0.14003711938858032,-0.050885189324617386,0.07533959299325943,0.21494193375110626,0.013713471591472626,0.0273294635117054,0.1694701611995697,-0.04011429473757744,-0.012681961059570312,0.040961865335702896,-0.22975119948387146,-0.32201242446899414,-0.005425062961876392,0.021402571350336075,0.18803153932094574,-0.04145507514476776,-0.9433162808418274,0.20176935195922852,0.11587555706501007,0.23454734683036804,-0.20692500472068787,-0.1063544973731041,0.14279818534851074,0.15065762400627136,-0.03544074296951294,-0.018520599231123924,0.23823001980781555,0.034332841634750366,-0.13989011943340302,0.18623332679271698,-0.08205877244472504,0.148147314786911,-0.5266925096511841,0.07133325189352036,0.3354004919528961,0.23627087473869324,0.044793467968702316,-0.07994751632213593,-0.03376999497413635,-0.031606510281562805,-0.1584715098142624,0.11154671013355255,0.5086825489997864,-0.11498896777629852,0.14131265878677368,0.07811218500137329,-0.1779956817626953,-0.11621322482824326,-0.12288029491901398,0.30936959385871887,0.17661796510219574,0.027085881680250168,-0.06062651425600052,0.02578909322619438,-0.11805794388055801,-0.10928962379693985,-0.05579281970858574,0.09594307094812393,-0.07401872426271439,0.11423096805810928,-0.09597786515951157,-0.09102965146303177,-0.07224119454622269,0.10351254791021347,0.007444709539413452,0.04410630464553833,-0.07611642777919769,0.011958887800574303,0.17279765009880066,0.22006838023662567,0.3388773798942566,0.018987536430358887,-0.1500363051891327,-0.3208003342151642,-0.02397487312555313,-0.012734550051391125,-0.36608606576919556,0.05227408558130264,0.28218236565589905,-0.12681028246879578,0.06847570836544037,-0.2474297732114792,0.6874102354049683,0.06910866498947144,-0.14298032224178314,-0.06475262343883514,-0.1723252236843109,-0.11280488967895508,-0.6253801584243774,-0.11490480601787567,0.03795947879552841,0.11791976541280746,0.23350906372070312,-0.27310675382614136,-0.10245561599731445,-0.03782813623547554,0.04270144924521446,0.18582896888256073,0.11821144819259644,-0.12259332090616226,0.1150408387184143,-0.19151034951210022,-0.1392567902803421,-0.6736210584640503,0.015686308965086937,0.190383642911911,0.34511151909828186,-0.01849282905459404,-0.0586099848151207,0.06666972488164902
CID001349907,708,0.03687335550785065,-0.07692153751850128,-0.15921573340892792,-0.1578814685344696,0.48001137375831604,0.2957879900932312,-0.3088069558143616,-0.18162746727466583,-0.3964678645133972,0.06838611513376236,0.2776711583137512,-0.6471329927444458,-0.13331684470176697,-0.16620133817195892,-0.25833624601364136,-0.33123573660850525,-0.15811410546302795,-0.09595160186290741,0.09123559296131134,0.17818328738212585,-0.13492165505886078,-0.1512533724308014,-0.15599964559078217,-0.18605300784111023,-0.1192888617515564,-0.2530044615268707,-0.19188745319843292,0.03828941658139229,0.11957613378763199,0.3195808529853821,0.14113548398017883,0.26759639382362366,-0.09566828608512878,-0.0319148525595665,-0.973220705986023,0.14852069318294525,-0.40965956449508667,-0.12341056019067764,-0.4631783366203308,0.061944615095853806,-0.23563556373119354,0.025044715031981468,-0.00488706212490797,-0.17555037140846252,0.25079819560050964,0.20255091786384583,-0.26474717259407043,-0.15026670694351196,0.10506908595561981,-0.13336381316184998,-0.5899940729141235,-0.243852898478508,-0.027958810329437256,-0.12642943859100342,0.06990981101989746,0.019828718155622482,-0.11660180240869522,0.14699792861938477,0.59878009557724,0.23475854098796844,-0.9234846234321594,0.17067395150661469,-0.2093278467655182,0.14391109347343445,0.10594184696674347,0.0691855251789093,-0.33546528220176697,0.26427292823791504,-0.12249229848384857,-0.07902760058641434,-0.1794443279504776,-0.05736064165830612,0.00840981025248766,-0.016017043963074684,0.4391230642795563,0.11365298926830292,0.020079493522644043,0.20702573657035828,-0.06681875884532928,0.1288701742887497,-0.18885807693004608,0.08980834484100342,-0.20740225911140442,0.05643078684806824,-0.15300704538822174,0.15367552638053894,-0.18757139146327972,0.12872648239135742,0.4866568446159363,0.232016921043396,-0.2412729263305664,-0.31489062309265137,0.11145824193954468,0.06779957562685013,-0.6583523750305176,-0.10916963964700699,-0.11696560680866241,0.24570152163505554,-0.2174607813358307,-0.07768481224775314,0.4687991738319397,0.03746171295642853,-0.3362289071083069,0.10996322333812714,0.09963148832321167,0.04033999145030975,-0.7515527009963989,0.13060109317302704,0.23768429458141327,0.1873921900987625,0.006320333573967218,0.21305863559246063,0.03203905001282692,0.23647841811180115,0.2814655900001526,0.18136392533779144,0.017294038087129593,-0.6664674878120422,0.03136435151100159,-0.0725741758942604,-0.04294684901833534,-1.0170410871505737,0.3324818015098572,-0.04058261960744858,-0.27709805965423584,-0.07025332748889923,-0.05936463922262192,0.03693427890539169,-0.026549631729722023,0.10771657526493073,-0.3597164750099182,0.10229213535785675,-0.5587220788002014,-0.4607716202735901,-0.3239290416240692,0.252191960811615,0.5187144875526428,-0.3235038220882416,-0.03941839933395386,-0.09872434288263321,0.2626684308052063,0.1723407655954361,0.18384143710136414,-0.17367446422576904,-0.17269912362098694,-0.08225110173225403,0.12043803930282593,0.252063125371933,-0.09865157306194305,-0.31422144174575806,-0.43677887320518494,0.14015649259090424,0.024161893874406815,-0.08476022630929947,-0.10743416845798492,-0.015314945951104164,0.04393733665347099,-0.27693530917167664,-0.04971959441900253,0.090249203145504,0.07806891202926636,0.16782163083553314,-1.0626089572906494,-0.01178677100688219,0.401073157787323,0.1271381676197052,-0.2202046811580658,-0.12548813223838806,0.05385279655456543,0.04201633855700493,-0.09395871311426163,-0.18260638415813446,0.25154221057891846,-0.12006574869155884,-0.482456773519516,-0.11552292108535767,0.23288002610206604,0.015730837360024452,-0.34647825360298157,-0.0049210176803171635,0.21914777159690857,0.20946848392486572,0.016709964722394943,-0.07271009683609009,-0.08071032911539078,-0.11060206592082977,-0.14126117527484894,-0.3667123317718506,0.7936963438987732,0.08333085477352142,-0.04820423573255539,-0.36848729848861694,-0.20466776192188263,0.1836244761943817,-0.24970293045043945,0.5418756008148193,-0.1941482424736023,-0.24747388064861298,-0.38839590549468994,-0.16813820600509644,-0.166588693857193,-0.41322630643844604,-0.23373809456825256,0.17255795001983643,-0.02723856270313263,0.28059256076812744,0.16107340157032013,-0.10891364514827728,-0.08381067216396332,0.2628519535064697,0.02724992111325264,0.07743322849273682,-0.12874703109264374,-0.13139598071575165,0.13747812807559967,-0.2116449624300003,0.6049021482467651,0.162093847990036,-0.18152597546577454,-0.1570512056350708,-0.18768608570098877,0.0029976069927215576,-0.7275043725967407,0.2016792744398117,0.36711806058883667,-0.26076871156692505,-0.04408299922943115,-0.3332350254058838,0.8347328305244446,0.04896654933691025,-0.11008842289447784,-0.11690924316644669,0.4138776659965515,-0.09737557917833328,-0.5437418222427368,-0.27587395906448364,0.030223499983549118,0.23485025763511658,0.17687676846981049,0.157975971698761,-0.28571251034736633,-0.23347289860248566,-0.1714935004711151,0.02523821033537388,0.03450692817568779,-0.1498560905456543,0.3303568959236145,0.311929851770401,-0.05732659250497818,-0.8612295389175415,0.1865578293800354,0.37980353832244873,0.41552606225013733,0.07757458090782166,0.11136951297521591,0.31721025705337524
CID000038904,709,-0.2929050028324127,-0.01869257353246212,-0.07002435624599457,-0.22844794392585754,0.26970064640045166,0.4840455651283264,0.10454626381397247,0.16718511283397675,-0.4215027391910553,-0.2805881202220917,0.1408122330904007,-0.2937876284122467,0.4410777986049652,-0.5201597213745117,0.13888773322105408,-0.049092840403318405,0.13539601862430573,0.16759321093559265,-0.0763908326625824,-0.12222199141979218,-0.13791993260383606,0.08852414041757584,0.15394172072410583,0.009424236603081226,0.2691875398159027,-0.28451570868492126,0.07971516251564026,-0.09770466387271881,0.017534153535962105,0.5024369955062866,0.13789550960063934,-0.039779894053936005,-0.26816925406455994,-0.18406179547309875,-0.13682366907596588,0.08351309597492218,-0.28645405173301697,-0.3511352837085724,-0.3705807328224182,-0.05784470587968826,0.3383006751537323,0.23290665447711945,-0.17577703297138214,-0.26436465978622437,0.565017580986023,0.20229005813598633,0.1596733182668686,-0.11414791643619537,-0.15121960639953613,-0.06814682483673096,-0.2582976818084717,0.305212140083313,-0.15167999267578125,-0.36713194847106934,-0.08801339566707611,0.10059793293476105,0.20692355930805206,-0.0502723827958107,0.04099883511662483,0.0500863716006279,-0.877315878868103,-0.19435636699199677,-0.09570284187793732,0.4801902770996094,0.10581126064062119,0.13942016661167145,-0.38605573773384094,-0.03759361431002617,0.06830675899982452,0.07089850306510925,-0.4919743537902832,0.07508159428834915,0.005711936857551336,-0.14102986454963684,0.15064731240272522,-0.053154803812503815,0.1390070617198944,0.3016664981842041,0.12603935599327087,0.019232789054512978,-0.29418787360191345,0.08393476158380508,-0.29399609565734863,-0.20745864510536194,0.05640126392245293,-0.04133008047938347,-0.37163034081459045,0.016508856788277626,0.42079439759254456,0.014699299819767475,-0.3864819407463074,-0.23171615600585938,-0.07729719579219818,0.01383989118039608,-0.39530760049819946,-0.028962766751646996,-0.3523271381855011,0.37965017557144165,0.15895038843154907,-0.4139760136604309,0.09380760043859482,0.01930638775229454,-0.168502539396286,0.007876694202423096,-0.10291682183742523,-0.10536793619394302,-0.2624833881855011,0.20809245109558105,0.08974270522594452,0.45664849877357483,0.16944147646427155,-0.14247511327266693,0.4508379399776459,0.1718510091304779,0.1895352452993393,0.015471592545509338,0.021036460995674133,-0.1946219652891159,0.2480357140302658,-0.0837317556142807,-0.18500234186649323,-0.5345115661621094,0.28232336044311523,-0.4653499126434326,-0.5503938794136047,0.06720514595508575,0.14963750541210175,0.6044769287109375,0.23058657348155975,0.03902040794491768,-0.25020134449005127,0.11336605250835419,-0.48581933975219727,-0.5861915946006775,0.12337182462215424,-0.18716339766979218,0.3631613254547119,-0.4293612837791443,-0.05021626874804497,-0.11609771102666855,-0.40007296204566956,0.26052728295326233,-0.05157562345266342,-0.17962057888507843,0.11181692034006119,0.09808970987796783,0.1501508355140686,-0.14589817821979523,0.24030649662017822,0.030006418004631996,0.11767085641622543,-0.15646319091320038,-0.1703834980726242,0.1928175538778305,-0.0491606704890728,-0.06419341266155243,-0.055658262223005295,-0.553056001663208,0.07884041965007782,0.18737325072288513,0.328718364238739,0.046827107667922974,-0.6599193811416626,-0.19580048322677612,0.41209810972213745,0.44042152166366577,-0.19415512681007385,-0.040663499385118484,0.3628000020980835,-0.24509680271148682,-0.2508449852466583,-0.016519714146852493,0.25130194425582886,-0.2759343087673187,0.2424764335155487,-0.13786748051643372,-0.21181920170783997,-0.07192983478307724,-0.22870425879955292,-0.3813354969024658,0.10634191334247589,0.5235768556594849,0.11720607429742813,-0.10460136085748672,0.018875375390052795,-0.1201847568154335,-0.616854727268219,0.01037558913230896,0.09973033517599106,-0.25807255506515503,0.09114621579647064,0.02145383134484291,0.03299012780189514,-0.16530463099479675,-0.255746066570282,0.4730405807495117,0.02543337270617485,-0.06410468369722366,-0.21780052781105042,-0.046845197677612305,-0.022948691621422768,-0.05469515174627304,-0.6793894171714783,0.12759000062942505,-0.1919383555650711,0.3087654709815979,-0.08276284486055374,-0.14710280299186707,-0.2698318362236023,0.0001672208309173584,-0.19770577549934387,0.300889790058136,-0.12507298588752747,0.1220054030418396,-0.09194143861532211,-0.12023941427469254,0.4139443337917328,0.13708430528640747,-0.08048917353153229,-0.13238853216171265,0.11888865381479263,0.08237317204475403,-0.502062201499939,0.18499323725700378,0.6152631640434265,0.06970227509737015,0.23242822289466858,-0.41799983382225037,0.7352988123893738,0.19989831745624542,-0.11687202751636505,-0.30626380443573,-0.036566831171512604,-0.08061458170413971,-0.25589650869369507,-0.17068462073802948,0.26337912678718567,0.3233949542045593,0.29020076990127563,-0.10605703294277191,-0.22451837360858917,-0.08757368475198746,0.04981935769319534,0.06139529496431351,0.16639982163906097,-0.3637409806251526,0.3448806405067444,-0.04360796883702278,-0.0318550169467926,-0.4010617733001709,0.13171550631523132,0.08982918411493301,0.06387051194906235,0.020910119637846947,0.27321046590805054,-0.43537193536758423
CID000072054,712,0.053401730954647064,0.23079843819141388,0.7127554416656494,0.07255242764949799,0.4461292624473572,0.3174850344657898,0.22538523375988007,0.011288950219750404,-0.44055262207984924,-0.16103008389472961,-0.17606806755065918,-0.14212438464164734,0.28736650943756104,-0.3330075442790985,-0.007607567124068737,-0.07809246331453323,-0.06609037518501282,0.07144179195165634,0.07277356088161469,-0.16893069446086884,0.04191582277417183,-0.06498333811759949,-0.0869753509759903,0.057203151285648346,0.12985244393348694,0.11583570390939713,0.1855391561985016,-0.23280338943004608,-0.07966206222772598,0.2906009256839752,0.11403224617242813,0.007314622402191162,-0.34025946259498596,-0.11820652335882187,-0.5330092310905457,-0.006144392304122448,-0.1787467747926712,-0.40170273184776306,-0.02702888287603855,-0.22888712584972382,0.2407691925764084,-0.07618097960948944,-0.033472079783678055,-0.2775367796421051,0.25507453083992004,0.052456896752119064,-0.049331068992614746,-0.1512935608625412,-0.346754252910614,0.055471669882535934,-0.4560391306877136,-0.027296552434563637,-0.01580219529569149,-0.27926105260849,0.02537139132618904,0.0358981192111969,0.0821869820356369,0.08879226446151733,0.1640569269657135,0.09973286092281342,-0.8185092210769653,0.13701960444450378,-0.21503333747386932,0.27106302976608276,0.007248014211654663,0.19827088713645935,-0.3569488525390625,0.2545091509819031,0.42607489228248596,-0.038728266954422,-0.2081616222858429,-0.6801856160163879,0.15678131580352783,0.1302676647901535,0.30088233947753906,0.17977634072303772,0.04964413121342659,0.2810060977935791,-0.01734696701169014,-0.09149012714624405,-0.3583967685699463,-0.03627127408981323,0.05626917630434036,-0.023458927869796753,0.07616830617189407,0.02806173637509346,-0.4059987962245941,0.22214722633361816,0.5799540281295776,-0.36290284991264343,0.021799469366669655,-0.07185967266559601,-0.02734152413904667,-0.08819341659545898,-0.622713565826416,-0.007822481915354729,-0.346011757850647,0.4647369384765625,0.2620411217212677,-0.052288275212049484,0.5330702066421509,0.18938107788562775,0.16986900568008423,0.2791704833507538,-0.05001368373632431,-0.1917353868484497,-0.2138630598783493,0.0880693644285202,-0.18455341458320618,0.20443542301654816,-0.2569367289543152,-0.13293781876564026,0.3677493631839752,0.030342495068907738,0.06567700207233429,-0.18785648047924042,-0.04761246219277382,-0.08463031053543091,0.18981440365314484,-0.23056133091449738,0.009611410088837147,-0.7040926218032837,-0.1794801652431488,-0.3293072581291199,-0.3587436079978943,0.07302998006343842,0.11974247545003891,0.35029178857803345,0.16571219265460968,0.2378341257572174,0.47822365164756775,-0.19871094822883606,-0.5776378512382507,-0.32494306564331055,-0.18178637325763702,-0.005861544515937567,0.38356637954711914,-0.061879418790340424,-0.11441381275653839,0.23130956292152405,-0.2081335335969925,-0.022316455841064453,-0.07120393216609955,0.18117758631706238,-0.12821748852729797,0.035238251090049744,-0.055655814707279205,-0.020872056484222412,-0.1622525304555893,-0.15876056253910065,-0.25981226563453674,0.17370983958244324,-0.06149229407310486,-0.03279900550842285,0.04278945550322533,0.05207014083862305,-0.1691296547651291,-0.4952453672885895,0.14771714806556702,-0.1485733836889267,0.29581254720687866,-0.2259938269853592,-0.8827576637268066,0.0734129399061203,0.2957710325717926,0.26282909512519836,0.0862608253955841,0.20196238160133362,0.16200655698776245,-0.06040220335125923,0.23135216534137726,0.08662708103656769,0.4443420469760895,-0.23090314865112305,-0.05156344175338745,-0.26346683502197266,0.05811896175146103,-0.07887715101242065,-0.33787474036216736,0.039836667478084564,0.315794438123703,0.18613579869270325,-0.0436786524951458,0.21900209784507751,0.19114507734775543,0.00033073127269744873,-0.4127383232116699,-0.04672589898109436,0.5488265752792358,0.1990336775779724,-0.06687845289707184,-0.09336285293102264,0.3001793920993805,-0.05155603215098381,-0.039343491196632385,0.40887242555618286,0.2816457152366638,-0.27205273509025574,-0.4115573465824127,0.5539845824241638,0.009336678311228752,-0.11058640480041504,-0.2783425748348236,0.23102454841136932,0.042057525366544724,0.369544118642807,-0.010282499715685844,-0.2617185115814209,-0.32633471488952637,-0.03342786431312561,0.2351418435573578,-0.029327446594834328,-0.18613207340240479,0.0063378275372087955,0.43932628631591797,-0.25462740659713745,0.4802108407020569,-0.2462218701839447,0.028904324397444725,-0.15003009140491486,-0.10226191580295563,-0.0492386631667614,-0.4437031149864197,-0.1331098973751068,0.3168136477470398,-0.008534890599548817,0.3055843710899353,-0.397186279296875,0.685716450214386,-0.034128349274396896,0.012626218609511852,-0.45664578676223755,-0.03961789980530739,0.06558813154697418,-0.27199700474739075,-0.43949374556541443,-0.31475988030433655,0.2663530707359314,-0.07750964164733887,-0.09763920307159424,-0.006879627704620361,0.13255950808525085,0.15134505927562714,-0.23169970512390137,-0.01918545924127102,-0.3584108352661133,0.12945805490016937,0.21045836806297302,-0.05847238376736641,-0.6302872896194458,-0.1006840318441391,-0.02663259580731392,0.2663695216178894,0.12365782260894775,-0.21930842101573944,-0.29613375663757324
CID000005215,713,-0.06802967190742493,-0.14455828070640564,-0.06636937707662582,-0.23354125022888184,0.4245296120643616,0.26578807830810547,-0.1116764098405838,0.11703409254550934,-0.2619667649269104,-0.13555610179901123,0.11293429136276245,-0.402566522359848,-0.027064677327871323,-0.11545827239751816,0.13446834683418274,0.06699888408184052,-0.039455436170101166,0.008536356501281261,-0.08606527745723724,-0.0013498219195753336,0.05634036660194397,0.13694244623184204,0.15750668942928314,0.026897650212049484,-0.06326732784509659,-0.02775133214890957,-0.1414865255355835,0.028728250414133072,-0.02715482749044895,0.24292008578777313,0.05973272770643234,-0.30215469002723694,-0.09794138371944427,-0.004716512747108936,-0.4742647111415863,-0.027531838044524193,-0.24672362208366394,-0.24956479668617249,-0.07153139263391495,0.017529496923089027,0.06871771812438965,-0.0840814933180809,-0.12321923673152924,-0.13270574808120728,0.243821382522583,-0.007330276072025299,0.005792154464870691,0.1848059445619583,0.017443859949707985,-0.006211358122527599,-0.12644484639167786,0.10114791244268417,-0.03688830882310867,-0.155674010515213,0.11016066372394562,-0.10185007005929947,-0.1695137917995453,-0.01815854385495186,0.1926579773426056,-0.013361501507461071,-0.9124380350112915,-0.07889498770236969,-0.1988431066274643,0.2648266851902008,0.09817800670862198,0.07484783232212067,-0.10197018086910248,0.08295390754938126,-0.08664784580469131,0.047905366867780685,-0.19282908737659454,0.10710461437702179,0.009367713704705238,-0.1985745131969452,0.06248295307159424,-0.10501537472009659,-0.14082810282707214,-0.0571354515850544,0.21577875316143036,-0.15003028512001038,-0.20064035058021545,-0.03468746691942215,-0.29318931698799133,-0.06362541019916534,-0.08215424418449402,-0.11838767677545547,-0.16221889853477478,-0.1788499355316162,0.32389122247695923,-0.19438546895980835,-0.03677402436733246,-0.02349371649324894,0.017451757565140724,-0.02758793905377388,-0.4468730092048645,-0.018108922988176346,-0.11416468769311905,0.2939901351928711,0.06271538883447647,-0.20389166474342346,0.14224857091903687,0.19893038272857666,-0.35107144713401794,0.00248889927752316,-0.1252129226922989,0.08073531091213226,-0.5509756803512573,0.2560499310493469,0.029254019260406494,0.056534625589847565,0.1634911447763443,0.1385866105556488,0.1275799721479416,0.021093318238854408,0.00164977612439543,0.17443619668483734,-0.23246629536151886,-0.12237163633108139,0.0580948106944561,0.16991004347801208,-0.15776221454143524,-0.6028567552566528,0.08386190235614777,-0.08140810579061508,-0.3692094683647156,0.08724723011255264,-0.02489926479756832,0.33044856786727905,0.15988881886005402,-0.07065702229738235,-0.17858187854290009,0.08680641651153564,-0.42393431067466736,-0.3569091856479645,-0.1683487594127655,-0.19972661137580872,0.055784039199352264,-0.038443513214588165,-0.037121426314115524,-0.05931203439831734,0.08218313753604889,0.08526481688022614,-0.2664085030555725,-0.005818844307214022,0.02641495130956173,-0.17842546105384827,0.15873834490776062,-0.04485819861292839,0.11199922859668732,0.12648335099220276,-0.03780178725719452,-0.03597778454422951,0.0582687072455883,0.05701621621847153,0.01477273739874363,-0.053292982280254364,-0.16093145310878754,-0.24674411118030548,0.10840163379907608,0.028984909877181053,0.10699055343866348,0.0001364231138722971,-1.0110788345336914,0.10220500081777573,0.10922674834728241,0.25502723455429077,-0.17092564702033997,-0.1388104408979416,0.17918847501277924,0.11272416263818741,-0.11281120777130127,-0.09954565763473511,0.2374127358198166,-0.04438328370451927,-0.02297240123152733,0.145538330078125,0.09277709573507309,0.06166278198361397,-0.43845057487487793,-0.17050667107105255,0.24207337200641632,0.19894370436668396,0.08584678918123245,-0.019927214831113815,-0.11205314099788666,0.0015320986276492476,-0.10227979719638824,0.011165803298354149,0.4369099736213684,-0.0703832283616066,0.23371091485023499,-0.06134074926376343,-0.06488321721553802,-0.07830528914928436,-0.06922966986894608,0.31781214475631714,-0.05942707508802414,-0.026812095195055008,-0.026106154546141624,-0.1944832056760788,-0.11685948073863983,0.005839915480464697,-0.172349750995636,0.11744902282953262,-0.136031836271286,0.18051151931285858,0.018991000950336456,-0.08182556182146072,-0.01941775158047676,-0.0065489113330841064,-0.07560773193836212,0.0894196480512619,0.03523438423871994,0.0566488616168499,0.16622620820999146,0.2253168523311615,0.2383989840745926,-0.09096638113260269,-0.12882298231124878,-0.3198506534099579,-0.030532360076904297,-0.11033777892589569,-0.3986233174800873,0.05781608819961548,0.16375942528247833,-0.0752069503068924,0.09702396392822266,-0.22146949172019958,0.7434906959533691,0.1409323662519455,-0.26115477085113525,-0.0938413143157959,-0.12730230391025543,-0.10097746551036835,-0.6121382713317871,-0.1882295310497284,0.07134481519460678,0.19486379623413086,0.27887725830078125,-0.08142976462841034,-0.19114220142364502,-0.028948748484253883,0.019375614821910858,0.28776130080223083,0.17296043038368225,-0.19627758860588074,0.09225686639547348,-0.09876985847949982,-0.02490275911986828,-0.5644784569740295,0.027822479605674744,0.08420765399932861,0.1946440041065216,0.01242781151086092,0.06737080961465836,0.009497962892055511
CID000077993,715,0.027681272476911545,-0.007805138826370239,0.261834055185318,-0.21088364720344543,0.31452807784080505,0.36173102259635925,-0.024972328916192055,-0.5727148652076721,-0.8922281265258789,-0.2819398045539856,0.03345620259642601,-0.652797520160675,-0.17911463975906372,-0.28052788972854614,0.23076744377613068,0.046794772148132324,0.3895300030708313,0.24359223246574402,-0.31725388765335083,-0.15578851103782654,0.0718204528093338,0.05241329222917557,-0.2186339795589447,0.03650122135877609,-0.38682064414024353,0.18129944801330566,0.1296999752521515,0.028153931722044945,-0.15073439478874207,0.3889097571372986,-0.10232577472925186,0.15006017684936523,0.01117793656885624,-0.0058874161913990974,-0.21276898682117462,0.1330476552248001,-0.7907269597053528,-0.34381818771362305,-0.16313602030277252,0.010856984183192253,0.39017030596733093,0.44275885820388794,-0.34810972213745117,-0.5741238594055176,0.4917584955692291,0.04422994703054428,0.05264778062701225,0.13788382709026337,-0.20611748099327087,-0.06026415899395943,-0.7233211398124695,0.12051427364349365,-0.35452955961227417,-0.19224897027015686,0.1704971045255661,-0.21514610946178436,-0.01515099685639143,-0.07287327945232391,0.6665348410606384,0.4184161126613617,-0.8574597239494324,-0.0928359404206276,0.12999700009822845,0.733070433139801,0.34886306524276733,0.22874009609222412,0.0020641356240957975,0.13457074761390686,-0.006502905394881964,-0.11302133649587631,-0.16429004073143005,-0.15459196269512177,0.026502227410674095,0.13130375742912292,0.5927368402481079,0.22874565422534943,-0.09745819866657257,0.7166863083839417,-0.2952847480773926,-0.2052043229341507,-0.2246464043855667,-0.053336549550294876,-0.04578675702214241,-0.1315244883298874,0.1306641697883606,0.04445113241672516,-0.1546606719493866,0.06712502241134644,0.9747625589370728,-0.008577684871852398,-0.2081565111875534,-0.20307815074920654,0.07131217420101166,0.08320380747318268,-0.7909868955612183,-0.15970858931541443,-0.46230417490005493,0.8922809362411499,0.28134626150131226,-0.25214725732803345,1.0633618831634521,0.13497667014598846,-0.10219577699899673,0.09574399143457413,-0.18071186542510986,0.07356125861406326,-0.13600455224514008,0.2453843653202057,-0.059936463832855225,0.018540505319833755,-0.2853034734725952,0.14890852570533752,0.9504246711730957,0.1578247845172882,0.23093733191490173,-0.12836338579654694,0.03220336511731148,0.09147267043590546,0.7801945805549622,0.1927499771118164,0.3619232177734375,-0.7836633920669556,0.00964586716145277,-0.037168823182582855,-0.3867596983909607,-0.25986120104789734,0.03034401871263981,0.22403964400291443,0.07681207358837128,0.08091715723276138,0.14238384366035461,-0.05634797364473343,-0.6215465664863586,-0.2803991734981537,-0.20192229747772217,0.3849327266216278,0.0807567834854126,-0.12766793370246887,-0.19510319828987122,-0.06714556366205215,0.17676874995231628,-0.1441096067428589,-0.07794351875782013,0.0825597271323204,0.3920195698738098,0.0534423366189003,0.26241451501846313,0.017036497592926025,-0.02837095782160759,0.0597633495926857,-0.12189079821109772,-0.06119141727685928,0.3598020374774933,0.06949849426746368,0.0429353304207325,-0.027331996709108353,0.01069912314414978,-0.18758606910705566,-0.0912160649895668,0.2800704836845398,0.11847327649593353,-0.23205313086509705,-1.0064914226531982,-0.20696239173412323,0.166904479265213,0.2569858133792877,-0.33708488941192627,0.47435322403907776,0.38525015115737915,-0.22832553088665009,-0.24921266734600067,0.10233388841152191,0.49662384390830994,-0.18577134609222412,0.10777194797992706,0.06157417967915535,-0.08556744456291199,0.2186235934495926,-0.2834969162940979,0.017678391188383102,0.2705373466014862,0.22031426429748535,0.3909572958946228,-0.17210251092910767,-0.14616000652313232,-0.3385043144226074,-0.39927226305007935,-0.6994665265083313,0.49702367186546326,-0.06931841373443604,-0.3828549385070801,-0.04056273400783539,0.2965323030948639,-0.21352167427539825,-0.4234982430934906,0.6316040754318237,-0.07125037908554077,-0.4114927351474762,-0.9739805459976196,-0.08041922748088837,-0.0018377602100372314,0.009729573503136635,-0.2500194013118744,-0.13728882372379303,0.0071410490199923515,0.09057639539241791,0.4675571918487549,0.1650485098361969,-0.7167500853538513,-0.08631788194179535,0.16032056510448456,-0.11799068748950958,-0.11916270107030869,-0.18388612568378448,0.18020987510681152,-0.08557406812906265,0.5414655804634094,0.10798116028308868,-0.22084113955497742,-0.029371071606874466,-0.05859984830021858,-0.03131242096424103,-0.46868810057640076,-0.026006828993558884,0.48044753074645996,0.6015992760658264,0.32441356778144836,-0.06737549602985382,0.3925326466560364,0.1045503169298172,-0.015841007232666016,-0.2040531188249588,0.03980589658021927,-0.1992812603712082,-0.1949102133512497,-0.2789965271949768,0.05391068384051323,0.2511691749095917,-0.028150856494903564,0.08877159655094147,0.00675597507506609,-0.07765494287014008,0.07290469110012054,0.23304684460163116,0.03161544352769852,-1.493748426437378,0.10428199917078018,-0.06446297466754913,0.007092422340065241,-0.9408613443374634,0.028031576424837112,0.4416845738887787,0.4104977548122406,0.4456931948661804,0.08983027189970016,0.05180655047297478
CID000000596,716,0.055706072598695755,0.15946988761425018,0.25448495149612427,0.07860822975635529,0.571426510810852,0.527995765209198,0.22200098633766174,-0.3676999807357788,-0.7944856882095337,-0.0033189207315444946,-0.05049026012420654,-0.5492188334465027,0.31805866956710815,-0.3413946032524109,0.1371164619922638,0.25674811005592346,-0.1252642124891281,-0.09942786395549774,0.2730991244316101,0.027800029143691063,-0.3725050389766693,0.1807527095079422,-0.10329077392816544,-0.04875928908586502,0.03987172991037369,0.08837582170963287,0.021927643567323685,-0.2935285270214081,-0.24898533523082733,0.7035840749740601,-0.24942247569561005,-0.1757057011127472,0.38945892453193665,0.007883215323090553,-1.2360737323760986,0.24091105163097382,-0.33758994936943054,-0.053722478449344635,-0.24239066243171692,0.3324532210826874,-0.46127748489379883,-0.10443110764026642,-0.0022733628284186125,-0.25529932975769043,0.5660265684127808,0.0553695447742939,0.06933103501796722,0.05824963375926018,0.11132840812206268,-0.2296128273010254,-0.19497272372245789,0.020303845405578613,-0.09474162757396698,0.09030686318874359,0.0577668622136116,-0.10580205917358398,0.25970128178596497,-0.2757624089717865,1.1271307468414307,-0.15758104622364044,-1.1126391887664795,-0.27715209126472473,-0.2621331810951233,0.5468910932540894,0.00766147393733263,-0.004474320914596319,-0.33385488390922546,0.46294456720352173,-0.20413771271705627,0.12106670439243317,0.08514413982629776,0.10577132552862167,0.22148346900939941,0.25334081053733826,0.9737619161605835,-0.1699438989162445,-0.06048613041639328,0.2524697780609131,0.018222887068986893,-0.4109310209751129,-0.08456791192293167,0.09509318321943283,-0.02796999178826809,0.11106805503368378,0.059269584715366364,0.08065088838338852,0.022552240639925003,0.4246186316013336,0.3761654198169708,-0.27947893738746643,-0.18598739802837372,0.09607785940170288,-0.12355709075927734,-0.06256520748138428,-0.8208588361740112,-0.1000542864203453,0.30120688676834106,0.05145685747265816,-0.11429037153720856,-0.31880563497543335,0.16071398556232452,-0.037923697382211685,-0.17472735047340393,0.4473729729652405,-0.3132801055908203,0.11246553808450699,-0.16862769424915314,0.18238049745559692,-0.0035922168754041195,0.6251085996627808,-0.1077808141708374,-0.2501949965953827,0.04202849417924881,-0.24153363704681396,0.10255162417888641,-0.1756483018398285,0.036862701177597046,-1.7878303527832031,0.13080398738384247,0.051876865327358246,0.014623885974287987,-0.9155547022819519,0.3500710725784302,-0.18955713510513306,-0.1955685317516327,0.21715685725212097,-0.0218826774507761,0.1712276041507721,0.05238943174481392,0.12195154279470444,0.12726518511772156,0.06235458329319954,-0.3671940863132477,-0.4576992094516754,-0.016602862626314163,-0.014888167381286621,0.2205217331647873,-0.5538057088851929,0.03781890124082565,-0.25436416268348694,-0.31952551007270813,0.4809480607509613,-0.19136112928390503,0.15602551400661469,-0.30755099654197693,0.0767248123884201,-0.19017988443374634,0.16150636970996857,-0.5001264810562134,0.1163451224565506,0.11494829505681992,-0.08477749675512314,0.07958786189556122,-0.09521589428186417,-0.13885967433452606,0.3041667938232422,0.16031798720359802,-0.6381431221961975,-0.35414937138557434,0.2338748425245285,-0.20865531265735626,0.033830609172582626,-0.696114182472229,-0.20570191740989685,0.9065690040588379,0.19178828597068787,-0.2835901975631714,0.156342551112175,-0.47273415327072144,0.1378394365310669,-0.17715506255626678,-0.049024391919374466,0.46032553911209106,-0.10113362222909927,0.05164998769760132,0.07975587248802185,0.3327460289001465,0.20467126369476318,-0.40178999304771423,0.1335206925868988,0.13084520399570465,0.4781951904296875,0.0040361313149333,-0.15330728888511658,-0.18354466557502747,-0.1872023046016693,-0.05899292975664139,0.059145260602235794,0.5083419680595398,-0.23755721747875214,0.1847345530986786,-0.40962648391723633,0.0008294821018353105,-0.14739550650119781,0.08417560160160065,0.1589520275592804,-0.16905754804611206,-0.14894136786460876,-1.3501414060592651,-0.28552135825157166,-0.03237320855259895,-0.01174348033964634,-0.18661464750766754,0.1573338806629181,-0.10892077535390854,0.19192680716514587,0.07198438793420792,0.2682725489139557,-0.6485371589660645,0.030974458903074265,-0.003260195255279541,-0.3314056992530823,-0.07635687291622162,-0.08932166546583176,0.0799533873796463,-0.39096319675445557,0.8891817331314087,-0.3735329210758209,-0.17522510886192322,-0.028590280562639236,0.08013352006673813,-0.011802700348198414,-0.6517361998558044,0.012357042171061039,-0.10935568809509277,-0.4799354076385498,-0.1756633222103119,-0.2841525673866272,1.1942026615142822,-0.08059027045965195,-0.30423879623413086,0.21736392378807068,-0.24808445572853088,0.37648940086364746,-0.39002954959869385,-0.40118828415870667,0.14914365112781525,-0.07948212325572968,0.09532620012760162,-0.32749471068382263,-1.0647943019866943,0.02673516236245632,0.1527429074048996,-0.15538325905799866,-0.04096653312444687,0.10847033560276031,0.18193462491035461,0.07836641371250153,0.006187823601067066,-0.9420226216316223,0.2636553645133972,0.6564333438873291,0.7009568810462952,0.02595999836921692,0.09061796963214874,0.19614660739898682
CID000003279,721,0.10356471687555313,-0.0006375402444973588,-0.14374606311321259,0.051227349787950516,0.7111493945121765,0.2754982113838196,-0.5318215489387512,0.11135338246822357,-0.08679623901844025,0.04230803996324539,0.21784110367298126,-0.3244936466217041,-0.16814091801643372,-0.12244262546300888,-0.30157408118247986,-0.23967134952545166,-0.006935209035873413,-0.11060378700494766,0.12930898368358612,-0.1216319352388382,-0.3162214756011963,0.04665416479110718,0.06828312575817108,-0.0055795894004404545,0.05501626059412956,-0.09833228588104248,-0.2116231620311737,0.00025706886663101614,0.02569180727005005,0.32618722319602966,0.021876979619264603,-0.29413241147994995,0.1539236307144165,-0.10754656791687012,-0.6667477488517761,0.031387001276016235,-0.23199200630187988,-0.15757036209106445,-0.2739279270172119,-0.04804151505231857,0.22938600182533264,-0.15829086303710938,-0.07019715011119843,-0.05235128849744797,0.4054414629936218,0.11696469783782959,0.046182531863451004,0.1029607281088829,0.2806153893470764,0.015608447603881359,-0.3295561373233795,-0.0783023089170456,0.021530700847506523,-0.20862933993339539,0.13730758428573608,0.09757374227046967,-0.14559336006641388,0.22528915107250214,0.23568150401115417,0.3844408392906189,-0.7270182967185974,0.26295167207717896,-0.146013081073761,0.07296887040138245,0.1603144407272339,-0.12303446233272552,-0.2296864539384842,0.2401358187198639,-0.05215947702527046,0.039321571588516235,-0.29005131125450134,0.04094981402158737,-0.05406126379966736,-0.1421506702899933,0.25468525290489197,-0.026788244023919106,0.007557341363281012,0.12762022018432617,-0.12987229228019714,-0.3338943421840668,-0.2056700736284256,-0.18348205089569092,-0.05895425006747246,-0.05092187970876694,-0.066020168364048,-0.05641517788171768,-0.03186223655939102,0.00491409283131361,0.5243491530418396,0.057045530527830124,0.07019855082035065,0.02195916511118412,-0.0864790678024292,-0.061851609498262405,-0.6519812345504761,0.05193672329187393,-0.09308819472789764,0.18866276741027832,0.09154754877090454,-0.021805083379149437,0.3766542971134186,0.037480585277080536,-0.21443092823028564,0.07749703526496887,0.01596860960125923,0.17550911009311676,-0.5410922765731812,0.024478059262037277,0.06858957558870316,-0.010787482373416424,0.0504673607647419,-0.02781428024172783,0.19580906629562378,0.07087588310241699,-0.017841001972556114,0.08838564902544022,0.017769087105989456,-0.5232146382331848,0.08871836960315704,0.2756462097167969,-0.30273061990737915,-0.7815964818000793,0.16276387870311737,-0.12633119523525238,-0.4084928035736084,0.008216917514801025,-0.07655651867389679,0.5680931210517883,-0.17042909562587738,-0.02443709596991539,-0.47589677572250366,-0.08156465739011765,-0.3300522565841675,-0.3535268306732178,-0.5020861625671387,-0.30996546149253845,0.6120749711990356,-0.2519451081752777,0.1195002943277359,-0.006211685948073864,0.10266666114330292,0.062242794781923294,0.1576511561870575,-0.0168251171708107,-0.04277916997671127,-0.24225053191184998,-0.05509553104639053,-0.07465152442455292,-0.21153731644153595,0.026354080066084862,-0.11829880625009537,0.02338859811425209,0.013365393504500389,0.005651891231536865,-0.2631242871284485,0.023638809099793434,0.10875849425792694,-0.29956406354904175,0.08063904196023941,0.10577064752578735,0.060918278992176056,0.04618912935256958,-0.8891252279281616,0.14478102326393127,0.4537568688392639,0.2711043059825897,-0.23969335854053497,-0.07160502672195435,0.08595528453588486,-0.015169334597885609,0.006299616303294897,-0.14761029183864594,0.22535964846611023,-0.11169518530368805,-0.04164489358663559,0.15249934792518616,0.33851680159568787,0.026525314897298813,-0.32585519552230835,0.029022246599197388,0.13052652776241302,0.13117052614688873,-0.04443873092532158,0.1456523835659027,-0.08924965560436249,-0.2668253779411316,-0.22809414565563202,-0.3708800673484802,0.9337899088859558,0.09815134108066559,0.2612341344356537,-0.6676768064498901,0.18103723227977753,0.17781886458396912,-0.08867375552654266,0.5357416868209839,-0.02291969209909439,0.0043539730831980705,-0.06680956482887268,-0.27785545587539673,-0.258532851934433,-0.08536987006664276,-0.2638081908226013,0.20490558445453644,-0.26096051931381226,0.18927308917045593,0.24073579907417297,0.1597888171672821,-0.16374921798706055,-0.08703497052192688,0.3014681935310364,0.052638519555330276,-0.15525329113006592,-0.15153822302818298,0.14970560371875763,-0.11729993671178818,0.6541231870651245,0.029632221907377243,-0.0009548760717734694,-0.24308469891548157,-0.1606592833995819,-0.1907815933227539,-0.6372581720352173,0.13045981526374817,0.24723763763904572,-0.16686122119426727,0.24296268820762634,-0.19975948333740234,0.854770302772522,0.040331583470106125,-0.09166337549686432,-0.17080071568489075,-0.07513563334941864,-0.12460295855998993,-0.6611559987068176,-0.13888989388942719,-0.2133064717054367,0.2813177704811096,-0.16170945763587952,-0.08749271929264069,-0.41665810346603394,0.025799836963415146,0.18615534901618958,0.15771275758743286,0.10786880552768707,-0.1870088279247284,0.22996637225151062,-0.060853321105241776,-0.13861888647079468,-0.7597571611404419,0.06090046092867851,0.17244508862495422,0.1660427749156952,-0.19151827692985535,-0.05445404723286629,-0.1375804841518402
CID000002726,724,-0.15099233388900757,-0.1532953977584839,0.2872081398963928,-0.19173426926136017,0.3007194995880127,0.3016619086265564,-0.16402193903923035,0.13313958048820496,-0.308611661195755,-0.18514272570610046,0.0015326865250244737,-0.32794564962387085,0.13199104368686676,-0.31291836500167847,0.12154883146286011,0.1391451358795166,0.01455523632466793,0.0938933715224266,0.12869195640087128,-0.04112285375595093,0.2285381257534027,0.04270201921463013,0.10401725769042969,-0.03581753373146057,0.15662240982055664,0.079320028424263,-0.1662924438714981,0.013637864962220192,-0.29867830872535706,0.40139007568359375,0.01992890238761902,0.06264493614435196,-0.07521629333496094,-0.06743158400058746,-0.36914950609207153,0.21245114505290985,-0.38759666681289673,-0.3693372309207916,-0.059930603951215744,-0.019954971969127655,0.024563271552324295,-0.026816438883543015,-0.22959788143634796,-0.08818928152322769,0.07885164767503738,0.11695142835378647,-0.07440116256475449,-0.04485548660159111,0.012436330318450928,-0.04406457766890526,-0.1405072957277298,0.09505850076675415,-0.20509600639343262,-0.08198992162942886,0.086848184466362,-0.0072868079878389835,-0.07902365922927856,-0.04502616077661514,0.15090325474739075,-0.10315050184726715,-0.7912014126777649,-0.06215197592973709,-0.2749817669391632,0.3065436780452728,0.05536099523305893,0.2519252896308899,-0.0769132599234581,-0.019230786710977554,0.02230750024318695,0.0779242292046547,0.033280257135629654,-0.02785053290426731,-0.0631924718618393,-0.42374247312545776,-0.013632208108901978,0.04523599520325661,-0.18139652907848358,0.20159533619880676,0.22494590282440186,-0.140900120139122,-0.5538932681083679,-0.17353518307209015,-0.11753340065479279,-0.19853124022483826,0.0033873221836984158,-0.1424679011106491,-0.3447636365890503,-0.19095440208911896,0.3977773189544678,0.10400362312793732,-0.06157713010907173,-0.20181313157081604,0.050878673791885376,-0.09686263650655746,-0.378324419260025,-0.05992194265127182,-0.20067059993743896,0.5544441938400269,0.1993386447429657,-0.3989507853984833,0.33199822902679443,0.19213616847991943,-0.047831352800130844,-0.12299859523773193,-0.13380324840545654,-0.09333126246929169,-0.5291934013366699,0.37522560358047485,-0.19685029983520508,0.084480881690979,-0.11984380334615707,-0.06808225810527802,0.20305278897285461,0.06366095691919327,-0.18985041975975037,0.017559349536895752,-0.17242464423179626,-0.12681356072425842,0.5781067609786987,-0.08729590475559235,-0.18480125069618225,-0.5454824566841125,0.23670566082000732,-0.391409695148468,-0.19476690888404846,0.06250153481960297,-0.011790847405791283,0.39064469933509827,0.038779065012931824,-0.05349408835172653,0.25157058238983154,0.08723703771829605,-0.6385235786437988,-0.2558608651161194,-0.0962367132306099,-0.20290367305278778,0.17273196578025818,-0.04853101074695587,-0.09704570472240448,-0.07173700630664825,0.025670219212770462,0.23368246853351593,-0.1117907389998436,0.017937729135155678,0.07034288346767426,0.0019691591151058674,-0.05854399874806404,-0.060504086315631866,0.21510371565818787,0.14961710572242737,0.052131276577711105,0.05847395583987236,-0.1619964838027954,-0.10619582235813141,-0.09357768297195435,0.025213951244950294,0.14279279112815857,-0.45929932594299316,0.0795583426952362,0.18554744124412537,0.18985643982887268,-0.053848110139369965,-0.6070927381515503,-0.2578783631324768,0.023906730115413666,0.23662400245666504,-0.16015002131462097,-0.14721839129924774,0.17149244248867035,0.0031878664158284664,-0.2081320732831955,-0.02311757206916809,0.6038911938667297,-0.22407782077789307,-0.15861931443214417,-0.09429977834224701,-0.012701082043349743,-0.029980218037962914,-0.3843564987182617,-0.14688141644001007,0.22727623581886292,0.34810957312583923,0.12194118648767471,0.027205705642700195,0.04161456972360611,-0.07803626358509064,-0.36737748980522156,-0.04869506135582924,0.33149710297584534,-0.04086356610059738,0.042231835424900055,-0.11686718463897705,-0.027884092181921005,-0.11131099611520767,-0.48992934823036194,0.4464739263057709,0.10964423418045044,0.05080423504114151,-0.7085959911346436,-0.05107586458325386,-0.0054399482905864716,0.32555991411209106,-0.35743749141693115,0.2021719515323639,-0.08647850900888443,0.563653826713562,-0.12788380682468414,-0.13711830973625183,0.06360048055648804,-0.15364602208137512,0.16201218962669373,0.23037144541740417,-0.15624982118606567,0.06554490327835083,-0.047554485499858856,0.1671721190214157,0.30339640378952026,0.26961928606033325,-0.07023420184850693,-0.27859073877334595,-0.09895157814025879,-0.05912453681230545,-0.4557546079158783,0.009394505992531776,0.14835670590400696,0.17946788668632507,0.1609649360179901,-0.18554197251796722,0.4966496527194977,0.07733822613954544,-0.04501696676015854,-0.2713649868965149,-0.1350501924753189,0.005610768683254719,-0.50214022397995,-0.3972720503807068,-0.19116532802581787,0.25866273045539856,0.11170528829097748,-0.11845765262842178,-0.2317396104335785,-0.03695196658372879,0.2337656468153,0.06685499846935272,-0.00943030882626772,-0.3485838770866394,0.05411040782928467,0.005564922001212835,0.22726163268089294,-0.5071126222610474,0.19199825823307037,-0.02012193761765957,0.16144390404224396,-0.09266576170921326,0.01962105557322502,-0.14510712027549744
CID000160051,729,0.09076981246471405,0.14696744084358215,-0.16859450936317444,0.03505861759185791,0.8938294649124146,0.17173227667808533,-0.29943037033081055,-0.13357333838939667,-0.29748716950416565,0.16537335515022278,0.15130379796028137,-0.5647003650665283,-0.5234801769256592,0.11604785919189453,-0.16416892409324646,-0.3120577931404114,-0.07650329172611237,-0.023951828479766846,-0.08556704223155975,0.27020084857940674,-0.05665872246026993,-0.08496595919132233,-0.05723724514245987,-0.05326154828071594,-0.36355099081993103,-0.3618972897529602,-0.40794435143470764,-0.03609750419855118,0.38680315017700195,0.5865687131881714,0.07153161615133286,-0.16776062548160553,0.20093993842601776,0.013415774330496788,-1.0373332500457764,0.39037737250328064,-0.8561474680900574,0.008896321058273315,-0.38849520683288574,0.11135047674179077,-0.05506942793726921,-0.13664230704307556,0.16851255297660828,-0.031993355602025986,0.4996151030063629,-0.11803159862756729,-0.5890024900436401,0.6796591877937317,-0.165005162358284,0.1520605981349945,-0.9260584115982056,-0.3225206732749939,0.11823274940252304,-0.36097702383995056,-0.22009706497192383,0.22215726971626282,-0.020351046696305275,0.277193546295166,0.4677163064479828,0.23591212928295135,-1.1165634393692017,0.25135403871536255,0.3526436388492584,0.4750608801841736,-0.19027045369148254,0.02243681624531746,-0.2748725414276123,0.7310686111450195,-0.1292058229446411,-0.12298844754695892,-0.4438816010951996,-0.24486584961414337,0.10583517700433731,0.3419211506843567,0.7760893106460571,0.20322749018669128,-0.1475643813610077,0.28207603096961975,-0.19238969683647156,-0.5304345488548279,-0.04937482997775078,0.16265743970870972,0.18401579558849335,0.21170087158679962,-0.07170470803976059,-0.07325273752212524,0.04389018565416336,0.17441657185554504,0.9730039834976196,-0.10269138962030411,-0.26215651631355286,0.26641279458999634,0.1391298770904541,0.1468561291694641,-1.1371816396713257,-0.04584810882806778,-0.05874725431203842,0.3000147342681885,-0.026813119649887085,0.012700970284640789,1.1778604984283447,-0.2501002252101898,-0.20747621357440948,0.17822811007499695,0.23179081082344055,-0.10340595245361328,-0.7450907230377197,0.2042592316865921,0.06548832356929779,0.4123148024082184,-0.3503080904483795,0.2503036856651306,0.11538274586200714,0.15423980355262756,0.15266098082065582,-0.06594250351190567,0.03549744561314583,-1.0589463710784912,0.27815765142440796,-0.3101915419101715,0.09750564396381378,-1.409942865371704,0.4805173873901367,-0.23807542026042938,-0.4870487153530121,-0.27366816997528076,-0.18136784434318542,0.40701016783714294,-0.10643669217824936,0.4176950454711914,-0.4516523480415344,-0.0481596477329731,-0.3536859154701233,-0.4771100878715515,-0.34658312797546387,-0.06330415606498718,1.1924726963043213,-0.3763170540332794,-0.056349001824855804,-0.38640403747558594,0.42661571502685547,0.17213526368141174,0.22121939063072205,-0.33898863196372986,-0.1369616687297821,-0.25347900390625,-0.14423665404319763,0.3096672296524048,0.05693323165178299,-0.03594755381345749,-0.2577511966228485,0.11367182433605194,0.46206140518188477,-0.09730075299739838,-0.09567553550004959,0.22886891663074493,-0.23041924834251404,-0.3717491626739502,0.08153184503316879,0.03024231269955635,-0.263403058052063,0.298130601644516,-1.292184829711914,-0.5245872735977173,0.5594695806503296,0.07852306216955185,-0.4219125807285309,0.15789297223091125,-0.22411088645458221,-0.14264874160289764,0.07164063304662704,-0.27877184748649597,0.1592658907175064,0.26502132415771484,-0.5834583640098572,0.4294658601284027,0.18645784258842468,-0.24905073642730713,-0.127168208360672,-0.20397472381591797,0.30374473333358765,0.1896001249551773,-0.039286576211452484,-0.18581095337867737,-0.25178489089012146,-0.3866233825683594,-0.6184388399124146,-0.37800154089927673,1.1153995990753174,0.2531663775444031,-0.08945765346288681,-0.7602821588516235,-0.4510078430175781,0.05869269371032715,-0.08466515690088272,0.5576158761978149,-0.15588176250457764,-0.15752865374088287,-0.5282536745071411,0.09965964406728745,-0.07939092069864273,-0.5457145571708679,-0.4562562108039856,0.32503482699394226,-0.03849063813686371,0.1344672590494156,0.19503211975097656,0.07719068974256516,-0.49366268515586853,0.009405386634171009,0.6192910671234131,-0.29485616087913513,0.06418615579605103,-0.03708673268556595,0.342848539352417,-0.1325036883354187,1.1455967426300049,-0.14152514934539795,-0.16750535368919373,0.053859978914260864,-0.002018058206886053,-0.15130716562271118,-0.876815676689148,0.2372438907623291,0.5964676141738892,-0.16384249925613403,0.26605862379074097,-0.5917572975158691,1.0006942749023438,-0.22966714203357697,0.10763202607631683,0.014710521325469017,0.38239622116088867,0.12402788549661636,-0.6764747500419617,-0.2051808387041092,0.28798002004623413,-0.027454322203993797,-0.04175984859466553,0.24027800559997559,-0.5969951152801514,-0.21356043219566345,0.23198752105236053,0.11454026401042938,0.04302018880844116,-0.47862499952316284,0.12096691131591797,0.511505663394928,-0.3789604902267456,-1.3443104028701782,0.37056881189346313,0.20386317372322083,0.5958319306373596,0.5803144574165344,-0.07594849914312363,0.08172072470188141
CID000003478,738,0.12341008335351944,-0.041431065648794174,-0.4186932146549225,0.05800970271229744,0.5215878486633301,0.35699233412742615,-0.034685730934143066,-0.07663701474666595,-0.18629184365272522,-0.15495698153972626,0.06096017360687256,-0.2040131539106369,0.24080082774162292,-0.06406517326831818,-0.07703148573637009,-0.16413244605064392,-0.15867939591407776,-0.1673518270254135,0.05201936885714531,-0.15547393262386322,-0.014656176790595055,0.0413118414580822,0.05719988793134689,-0.03575004264712334,0.18396912515163422,0.021102314814925194,-0.07063678652048111,-0.038218192756175995,0.02384079433977604,0.3778288960456848,-0.041267912834882736,-0.15864893794059753,-0.06603758037090302,-0.15479038655757904,-0.3579339385032654,-0.0368473082780838,-0.1105971708893776,-0.3281687796115875,-0.1799537092447281,0.10453081130981445,0.09721652418375015,-0.09024791419506073,0.09689628332853317,-0.24939315021038055,0.12603504955768585,0.09482823312282562,-0.0342753566801548,0.23501427471637726,0.09914455562829971,-0.06794686615467072,-0.2031923085451126,0.06603936105966568,-0.1304110735654831,-0.164157435297966,0.042823635041713715,0.17515139281749725,-0.05516928434371948,-0.3783983588218689,-0.10354401171207428,-0.29826730489730835,-0.9000915288925171,0.07824353128671646,-0.39445891976356506,0.43156296014785767,0.20398160815238953,-0.2158324271440506,-0.23581334948539734,0.2516418993473053,-0.012898149900138378,0.008660538122057915,-0.5021055936813354,0.04248039051890373,0.047795169055461884,-0.3319752812385559,-0.06481806188821793,-0.09008819609880447,-0.19438239932060242,0.08509571105241776,0.1910938024520874,-0.26882997155189514,-0.31396734714508057,0.04946667328476906,-0.1621268093585968,-0.4242746829986572,-0.20683594048023224,-0.10765494406223297,-0.36052462458610535,-0.153879314661026,0.3385295867919922,0.03734045475721359,0.06045900657773018,-0.0038133100606501102,0.07757782191038132,-0.10848327726125717,-0.5711830854415894,-0.21007749438285828,-0.3158632814884186,0.3480972349643707,0.14026054739952087,-0.5079350471496582,0.2558174729347229,0.10992889106273651,-0.14865157008171082,0.06666483730077744,0.04243489354848862,0.06951051950454712,-0.3783808946609497,0.3685482144355774,0.026050249114632607,0.4701625406742096,0.14093685150146484,0.06436586380004883,0.5284584760665894,0.10953102260828018,0.03652606159448624,0.03098500892519951,-0.06547250598669052,-0.49546727538108826,0.028688425198197365,0.13042594492435455,0.039360351860523224,-0.7692111134529114,0.07481463998556137,-0.3298310935497284,-0.38377052545547485,-0.04685736075043678,0.03641420230269432,0.5099066495895386,-0.14276917278766632,0.0042083291336894035,-0.4371328353881836,-0.07685550302267075,-0.6049327254295349,-0.32695409655570984,0.09994212538003922,-0.06486605107784271,0.33925455808639526,-0.02740011177957058,-0.08279876410961151,0.25002187490463257,-0.2707788944244385,0.4649931788444519,-0.027843091636896133,-0.2609438896179199,-0.08869330585002899,-0.2931273877620697,-0.029783759266138077,-0.09054647386074066,0.08530020713806152,-0.1701851785182953,-0.15862612426280975,-0.034204039722681046,-0.17939816415309906,0.042216986417770386,-0.04419004172086716,0.12148676812648773,-0.10789038985967636,-0.3657711148262024,0.10588507354259491,-0.26454460620880127,0.2410668432712555,-0.21010065078735352,-0.8672946691513062,0.20836219191551208,0.5628200173377991,0.10562904179096222,-0.2636718153953552,-0.13065633177757263,0.18662762641906738,0.13384750485420227,0.08913339674472809,0.06424534320831299,0.5615438222885132,-0.32057371735572815,0.11680220067501068,0.17064066231250763,0.08542707562446594,-0.04341169074177742,-0.3127823770046234,0.09009205549955368,0.34156370162963867,0.4355350136756897,-0.023572109639644623,0.04175871983170509,-0.10084541141986847,0.060905445367097855,-0.6945394277572632,0.09719967097043991,0.32366618514060974,0.21029658615589142,0.18672505021095276,-0.20758184790611267,0.11543629318475723,0.1358467936515808,-0.008720431476831436,0.16159066557884216,-0.13833816349506378,-0.05553681403398514,-0.21646101772785187,-0.15103736519813538,-0.09053678810596466,0.2141156643629074,-0.5649729371070862,0.255415141582489,-0.00450038630515337,0.36760297417640686,-0.2165718823671341,-0.04740823060274124,-0.08710259944200516,-0.027083590626716614,-0.0030677556060254574,0.27012985944747925,-0.05038807541131973,0.07216523587703705,0.26620563864707947,0.19265271723270416,0.522289514541626,0.14969485998153687,-0.0017452873289585114,-0.20780053734779358,-0.13651715219020844,0.06695695221424103,-0.5773569345474243,-0.027249634265899658,0.22668060660362244,-0.12394525855779648,0.3327721357345581,-0.37567758560180664,0.7235296964645386,-0.060596395283937454,0.06697575002908707,-0.22309689223766327,-0.04168296605348587,-0.14442884922027588,-0.3848634362220764,-0.3499082028865814,-0.06142481416463852,0.00022114216699264944,0.31785690784454346,0.06321459263563156,0.09430144727230072,-0.06817305088043213,0.01237168163061142,0.09260077029466629,-0.07385636121034622,-0.23674769699573517,0.3716166317462921,-0.16788506507873535,0.06459114700555801,-0.6497862339019775,-0.09166770428419113,0.04110211879014969,0.33902230858802795,0.160052090883255,0.10678035020828247,-0.1970781832933426
CID000002173,745,0.35936853289604187,-0.24184691905975342,0.1817377358675003,-0.23834581673145294,0.8639348745346069,0.38753741979599,0.16153475642204285,-0.17526943981647491,-0.5568467974662781,-0.21122176945209503,0.15245136618614197,-0.7112702131271362,-0.21511709690093994,-0.27275365591049194,0.07968486845493317,0.040530748665332794,0.06437693536281586,-0.24318444728851318,-0.2998289167881012,0.04970436170697212,0.13212785124778748,0.057017773389816284,-0.12362827360630035,0.048896338790655136,-0.0003711223544087261,-0.09922842681407928,-0.17292572557926178,-0.10816110670566559,0.0740419551730156,0.2225411832332611,-0.056672949343919754,0.12212157249450684,-0.12239893525838852,0.1366480588912964,-0.42979303002357483,-0.24685077369213104,-0.6006861329078674,-0.38375934958457947,-0.41790929436683655,-0.22183182835578918,-0.2732219398021698,0.35575729608535767,-0.10894830524921417,0.1676892340183258,0.11093617975711823,0.46782922744750977,-0.004689925815910101,0.14395448565483093,-0.07531845569610596,-0.12865160405635834,-0.42938709259033203,-0.10751471668481827,-0.18548068404197693,-0.9575222730636597,0.11135809123516083,0.04753730818629265,-0.02677183412015438,-0.02106807753443718,1.1863071918487549,-0.3819848299026489,-1.093761920928955,0.1795659363269806,-0.10764829814434052,0.713745653629303,-0.10602538287639618,-0.8871201276779175,-0.5497034788131714,0.2464173138141632,-0.24930867552757263,-0.017661163583397865,-0.8032013773918152,-0.002427706029266119,-0.1543160378932953,-0.28289487957954407,0.8581787347793579,0.1773788034915924,0.44487833976745605,-0.05558071285486221,-0.26090043783187866,-0.05054821819067001,-0.40222111344337463,0.07240782678127289,0.07913627475500107,-0.24040183424949646,0.200948566198349,0.1269809454679489,0.1489279717206955,-0.033195048570632935,0.5057278275489807,-0.10772943496704102,-0.39333289861679077,-0.19826142489910126,0.19388805329799652,0.2069931924343109,-0.6674079298973083,-0.019792689010500908,-0.31367117166519165,0.2549724578857422,-0.1295008510351181,-0.07237358391284943,0.0836503654718399,-0.1665460169315338,-0.05166454240679741,1.1297277212142944,-0.05735008791089058,0.0348961167037487,-0.31488746404647827,0.3768656849861145,0.05363985896110535,0.6250869631767273,-0.14736482501029968,-0.01378470379859209,0.27396950125694275,-0.08021418750286102,0.23482589423656464,0.020608343183994293,-0.4393504559993744,-0.2524038255214691,0.2304045706987381,0.07016396522521973,0.08019818365573883,-0.9004408717155457,-0.05286439135670662,-0.26907724142074585,-0.4502039849758148,0.1472242921590805,-0.1367790549993515,0.4883407950401306,-0.1458391696214676,-0.21920569241046906,0.08891014754772186,0.28614693880081177,-0.7479225993156433,-0.4511415362358093,0.09045015275478363,0.04421345144510269,0.3161482512950897,-0.26230424642562866,0.028395747765898705,-0.3425765335559845,0.09970853477716446,0.6622450351715088,-0.08597652614116669,0.1461629867553711,0.24867606163024902,-0.1509079486131668,0.287222295999527,0.34467917680740356,-0.02187294140458107,0.13861337304115295,-0.061078350991010666,-0.24547891318798065,-0.03596419841051102,0.14353284239768982,-0.25650328397750854,-0.15418672561645508,-0.1430543214082718,-0.13765855133533478,-0.08764813840389252,0.11889998614788055,0.573196291923523,0.22333404421806335,-1.119310736656189,0.4084245264530182,0.6190798878669739,0.3096473813056946,-0.3429746925830841,0.4433525502681732,-0.09099686145782471,-0.567001461982727,-0.1751832515001297,-0.3429291546344757,0.884975790977478,-0.4303092360496521,0.0657399445772171,0.2830948829650879,0.038088779896497726,0.12277941405773163,-0.24455192685127258,0.22914287447929382,0.24571041762828827,0.08433885872364044,0.16627547144889832,-0.07766493409872055,0.059257227927446365,-0.39354729652404785,-0.09259053319692612,0.23078922927379608,0.2972393035888672,-0.04906066134572029,0.2752018868923187,-0.3561038076877594,-0.17268803715705872,0.6690247058868408,-0.15042026340961456,0.5004496574401855,-0.05214281752705574,0.04200843721628189,-0.3034411668777466,-0.011125380173325539,-0.4230165481567383,0.0972311869263649,-0.46756601333618164,0.0824713483452797,-0.5449578166007996,0.5159063339233398,0.07525334507226944,-0.6107239127159119,-0.19292491674423218,-0.1760626584291458,0.3358538746833801,0.24265117943286896,-0.06793178617954254,-0.09864147007465363,1.2612125873565674,0.05389545112848282,0.9007247686386108,0.05568467453122139,-0.27085080742836,-0.12285783141851425,-0.08514957129955292,0.3210706114768982,-1.027801275253296,0.1840885877609253,0.16944512724876404,0.021560896188020706,-0.11452005803585052,-0.6183510422706604,1.202713131904602,-0.14805921912193298,-0.16066791117191315,-0.13239307701587677,0.15113921463489532,-0.08182955533266068,-0.5140828490257263,-0.2802952826023102,0.11664463579654694,-0.021654073148965836,-0.0495532862842083,0.1275932341814041,-1.010574221611023,0.08346424996852875,-0.07231159508228302,-0.153299480676651,0.4208047389984131,-1.0876559019088745,0.3023020923137665,-0.057356126606464386,-0.17712678015232086,-0.9945535659790039,-0.12418109178543091,0.16777534782886505,0.36506161093711853,-0.17260105907917023,-0.13775768876075745,0.09602680802345276
CID000003661,746,-0.3280896544456482,0.1661461740732193,0.14328226447105408,0.18823346495628357,0.3886135220527649,0.28676024079322815,-0.010500880889594555,0.20534949004650116,-0.39308229088783264,-0.25714948773384094,0.1547132432460785,-0.2397490292787552,0.25135424733161926,-0.449079692363739,0.014281770214438438,0.04443778842687607,-0.02176136150956154,-0.06314273178577423,-0.1405644565820694,0.21892133355140686,-0.21539190411567688,-0.14437994360923767,-0.1682584583759308,0.24178576469421387,0.318414568901062,-0.0328667014837265,0.0561278834939003,-0.0962478369474411,-0.06450863927602768,0.44531121850013733,0.08102107048034668,-0.2992307245731354,-0.06415542215108871,-0.07889330387115479,-0.1294841170310974,0.03148717060685158,-0.5323908925056458,-0.29337430000305176,-0.11033573001623154,0.0021341308020055294,0.42223572731018066,0.037001222372055054,-0.40054982900619507,-0.11415771394968033,0.3034053146839142,-0.156709223985672,-0.29506534337997437,0.32501500844955444,0.22329044342041016,0.03844626992940903,-0.34925466775894165,0.33338379859924316,-0.10955925285816193,-0.11664702743291855,-0.03634759783744812,0.29846569895744324,-0.2321588695049286,0.06130162626504898,0.38765445351600647,0.009932393208146095,-0.8056290745735168,0.19152748584747314,-0.16948828101158142,0.12164570391178131,-0.039998896420001984,0.265571653842926,-0.48556607961654663,-0.045759301632642746,0.019003000110387802,-0.06693579256534576,-0.5371058583259583,-0.40951719880104065,-0.04617644101381302,-0.20242281258106232,0.31299257278442383,0.06926654279232025,0.0732511579990387,0.317798912525177,0.35719162225723267,-0.04251764714717865,-0.3492768108844757,-0.11393693834543228,0.023069318383932114,-0.04210482910275459,-0.012163348495960236,-0.03746417164802551,-0.37253525853157043,-0.045216046273708344,0.4987872540950775,-0.08553767204284668,-0.28075918555259705,-0.24842843413352966,-0.1924876719713211,0.1294262707233429,-0.5659492611885071,0.021560411900281906,-0.21792113780975342,0.25822004675865173,0.26955175399780273,-0.555402398109436,0.4265541136264801,0.020834054797887802,0.014461773447692394,0.11215372383594513,-0.2702668607234955,0.03707408532500267,-0.11733479797840118,0.29493606090545654,0.11047147214412689,0.3583146631717682,0.14323993027210236,-0.3120010197162628,0.35048970580101013,-0.22084183990955353,0.003087792545557022,-0.2151416838169098,-0.31725865602493286,0.023754745721817017,0.12843237817287445,-0.11705489456653595,-0.011899342760443687,-0.6240972280502319,0.0687389224767685,-0.4598940908908844,-0.6229695081710815,0.04345695301890373,0.02093137428164482,0.32883214950561523,0.20862627029418945,0.001919305301271379,0.07929877936840057,0.062402814626693726,-0.5074542164802551,-0.35697856545448303,-0.022451724857091904,-0.39819493889808655,0.30506154894828796,-0.31860190629959106,0.151655912399292,-0.15451596677303314,-0.1211622804403305,0.20193441212177277,0.004285931587219238,-0.06530328094959259,-0.01905188336968422,-0.11343514919281006,0.0576120987534523,0.25910744071006775,-0.12488676607608795,-0.1667795181274414,0.04858509451150894,-0.2482312172651291,-0.330182820558548,0.007001608610153198,0.14523303508758545,0.06691887974739075,0.04196026176214218,-0.4419959485530853,0.07553593069314957,0.10440246760845184,0.30208876729011536,0.049380574375391006,-0.7268937826156616,-0.041744522750377655,0.17830345034599304,0.31009259819984436,-0.14491577446460724,0.24274015426635742,0.5527868866920471,0.03341547027230263,-0.20875227451324463,-0.17359605431556702,0.5543782711029053,0.15347740054130554,-0.18576931953430176,0.1786879152059555,0.06806529313325882,0.15462622046470642,-0.2990753650665283,-0.025603502988815308,0.014062236063182354,0.4969051778316498,0.0986814871430397,0.25189247727394104,0.17911462485790253,0.1674201488494873,-0.31423625349998474,-0.08244095742702484,0.29935866594314575,0.15005652606487274,0.20046070218086243,-0.33423641324043274,-0.0705595538020134,-0.40271133184432983,-0.21917076408863068,0.6524158120155334,0.07322147488594055,-0.23570051789283752,-0.2723146378993988,0.3983829617500305,-0.09003809839487076,0.30421915650367737,-0.46403932571411133,0.14640435576438904,0.11814427375793457,0.4198964536190033,-0.23921044170856476,-0.17710304260253906,-0.36800140142440796,-0.11154165118932724,0.21421656012535095,0.12310532480478287,-0.07302327454090118,0.10521062463521957,0.21353153884410858,-0.13610467314720154,0.4999842643737793,-0.0404561311006546,-0.24232523143291473,-0.26986122131347656,0.17782095074653625,0.11359566450119019,-0.6025813221931458,0.0030987907666713,0.21217744052410126,0.1271316111087799,0.22103652358055115,-0.1127670556306839,0.6684442758560181,0.12399914115667343,0.19788920879364014,-0.2580861747264862,-0.09316509962081909,-0.1334044188261032,-0.4654928743839264,-0.22060659527778625,0.01916370913386345,0.46772655844688416,0.3221064507961273,-0.23661796748638153,-0.2952788472175598,0.15925541520118713,-0.16070038080215454,-0.1618453562259674,0.3219496011734009,-0.75508052110672,0.3776434063911438,0.3229485750198364,0.08132327347993851,-0.5523037910461426,-0.00947543978691101,0.06091775745153427,0.027830909937620163,0.20282749831676483,-0.1399078220129013,-0.12148451805114746
CID000005578,749,-0.05870430916547775,-0.07935161888599396,0.019531933590769768,-0.11618109792470932,0.4635527729988098,0.22508153319358826,0.046560779213905334,-0.033299487084150314,-0.16222886741161346,-0.20078793168067932,-0.15529605746269226,-0.43353527784347534,-0.010955450125038624,-0.07613096386194229,-0.0374361015856266,-0.031578510999679565,-0.13962146639823914,-0.027658915147185326,-0.04414696618914604,0.05296642333269119,-0.15125033259391785,0.00584334135055542,-0.026737093925476074,0.052109718322753906,0.13000807166099548,-0.004703165497630835,-0.2593250572681427,-0.012467563152313232,0.042263325303792953,0.27389538288116455,-0.05763038992881775,-0.2999362349510193,-0.12076600641012192,0.05087630823254585,-0.41105303168296814,-0.13058245182037354,-0.18965886533260345,-0.27560681104660034,-0.07067827880382538,-0.14249484241008759,0.024099785834550858,0.14869897067546844,-0.19442680478096008,-0.20727379620075226,0.10099371522665024,0.05363605171442032,-0.023303313180804253,0.2915099263191223,-0.11890045553445816,-0.02808622643351555,-0.16580481827259064,0.13137443363666534,0.06361371278762817,-0.1656215488910675,0.08279060572385788,-0.08250270783901215,-0.04846936836838722,0.13309071958065033,0.02779718115925789,-0.061859965324401855,-0.9010011553764343,-0.14165589213371277,-0.39204615354537964,0.03249629586935043,0.08639709651470184,0.21986588835716248,-0.1475154608488083,0.12615667283535004,0.07578568905591965,-0.11552447080612183,-0.044395748525857925,0.05147291347384453,-0.06265045702457428,-0.11629678308963776,0.05612199380993843,-0.0848788246512413,-0.029087359085679054,-0.0337153822183609,0.29273825883865356,0.06720738857984543,-0.2053840160369873,0.009058071300387383,-0.2589496672153473,-0.11308012157678604,-0.2214922159910202,-0.07947874814271927,-0.13969814777374268,-0.06892072409391403,0.3057710528373718,-0.02741050161421299,-0.01829673908650875,-0.10761246830224991,-0.13773736357688904,0.010617869906127453,-0.47066766023635864,-0.04186093807220459,-0.28446024656295776,0.24862578511238098,0.12029079347848892,-0.1327507346868515,0.2427419126033783,0.15289846062660217,-0.1426747441291809,0.26049551367759705,-0.08884070813655853,0.0005299076437950134,-0.3876267671585083,0.18765345215797424,0.05879823490977287,0.1481560468673706,0.17769311368465424,-0.2453421652317047,0.2623461186885834,-0.05309678986668587,0.08123502880334854,0.21528777480125427,-0.10647803544998169,-0.1207183450460434,0.04099603369832039,-0.006024425383657217,-0.213480144739151,-0.7397667169570923,-0.16038557887077332,-0.14976347982883453,-0.3890884518623352,0.04261438921093941,-0.08218231797218323,0.25787585973739624,0.1340596228837967,0.11182181537151337,0.014213663525879383,0.03143993020057678,-0.4195978045463562,-0.27705204486846924,0.06139792129397392,0.00014691054821014404,0.262739360332489,0.052711863070726395,-0.07259173691272736,0.06322745978832245,-0.02969583310186863,0.16553187370300293,-0.027507629245519638,-0.07441352307796478,-0.042205967009067535,-0.23728568851947784,0.1425698846578598,0.06214465945959091,-0.16766777634620667,0.05670676380395889,-0.14812403917312622,-0.029777299612760544,-0.06684641540050507,-0.10140305757522583,-0.2245349884033203,-0.023549478501081467,-0.2034616470336914,-0.2537705898284912,0.060146499425172806,-0.01811947673559189,0.23413340747356415,-0.08479354530572891,-1.0008939504623413,0.1513071060180664,0.11016206443309784,0.27334293723106384,-0.13730019330978394,-0.009516963735222816,0.1335597187280655,0.04326301068067551,-0.061099886894226074,-0.11448792368173599,0.2852155268192291,-0.15771661698818207,-0.052633851766586304,0.22175800800323486,0.08320826292037964,0.06727740913629532,-0.4552531838417053,0.0030428855679929256,0.16949434578418732,0.18755444884300232,0.05088559910655022,-0.09858362376689911,0.06423124670982361,0.033775441348552704,-0.2514767050743103,0.10666342824697495,0.4552990794181824,-0.14932315051555634,0.2784098982810974,-0.05506560951471329,0.03764782100915909,-0.17404884099960327,-0.04690557345747948,0.4858584403991699,0.08842752128839493,-0.13272634148597717,-0.008273974992334843,0.05474986508488655,-0.14823338389396667,-0.15375350415706635,-0.13127274811267853,0.11986783891916275,0.0062871528789401054,0.20513078570365906,-0.10798678547143936,-0.35320916771888733,0.02850816212594509,0.20071685314178467,-0.03223643824458122,0.19355157017707825,-0.08154409378767014,0.07410355657339096,0.38193365931510925,-0.061492450535297394,0.22931607067584991,0.12371450662612915,-0.06072957068681717,-0.31028324365615845,0.0726814866065979,-0.06262235343456268,-0.39450496435165405,0.10911162942647934,0.4422929286956787,-0.1002926453948021,0.0885484367609024,-0.25788530707359314,0.553200364112854,-0.007575531490147114,-0.13094142079353333,-0.11167819797992706,-0.24766325950622559,-0.009004381485283375,-0.485043466091156,-0.21307678520679474,-0.12438013404607773,0.05039370805025101,0.2783565819263458,-0.2506580352783203,-0.02368175983428955,0.08609448373317719,0.12861067056655884,0.12909425795078278,0.016490811482071877,-0.18626943230628967,0.14249083399772644,0.02098717726767063,-0.05767727643251419,-0.6257227063179016,-0.13231860101222992,0.006305989809334278,0.18726955354213715,-0.06775499880313873,-0.0385466106235981,-0.010450785048305988
CID000508230,752,-0.17243692278862,0.004771368112415075,0.06235627084970474,-0.06576292216777802,0.610906183719635,0.2588616609573364,0.2183561772108078,0.07659552991390228,-0.23052553832530975,-0.19077332317829132,-0.06825877726078033,-0.42252200841903687,0.12580439448356628,-0.06211008504033089,0.25266537070274353,0.05445249006152153,-0.1088889092206955,0.29665666818618774,0.0384436771273613,0.12070846557617188,-0.11391697824001312,-0.095112144947052,0.10122998803853989,0.01178097166121006,0.0958535373210907,-0.06471043080091476,-0.16436581313610077,0.023047547787427902,-0.11665519326925278,0.26920393109321594,-0.11001446098089218,-0.1860365867614746,-0.17809328436851501,0.016795190051198006,-0.3248790502548218,-0.1366128772497177,-0.2387479543685913,-0.35650330781936646,-0.001054525375366211,-0.14891818165779114,0.12683340907096863,0.1831924021244049,-0.13966475427150726,-0.23621614277362823,0.04320993274450302,-0.0252650436013937,0.057981204241514206,0.05389057472348213,-0.2242363691329956,-0.1168963685631752,-0.16570648550987244,0.16391035914421082,-0.025255119428038597,-0.30698877573013306,-0.0072705745697021484,-0.051067400723695755,-0.009367543272674084,-0.07995498180389404,-0.005385553929954767,-0.11021264642477036,-0.9763836860656738,0.046891551464796066,-0.3685778081417084,0.22415772080421448,0.11434187740087509,0.08524449914693832,-0.14383940398693085,0.1440250128507614,0.07643365114927292,0.028073105961084366,-0.06247435137629509,0.005153648555278778,0.13298295438289642,-0.08250419795513153,0.07562752813100815,-0.018542539328336716,0.041200876235961914,0.02655775286257267,0.11653842777013779,-0.11857914924621582,-0.21662071347236633,0.07765159755945206,-0.3135222792625427,-0.19191992282867432,-0.13195818662643433,-0.03072127141058445,-0.10866580158472061,-0.06439529359340668,0.21919000148773193,0.07928522676229477,0.025481656193733215,-0.12947112321853638,-0.2206973135471344,-0.03777531906962395,-0.43264761567115784,-0.06094520539045334,-0.3133435845375061,0.33999812602996826,0.10126501321792603,-0.2277655154466629,0.21230557560920715,0.12853598594665527,-0.12987998127937317,0.3974507749080658,-0.11025284230709076,0.034755807369947433,-0.2681027054786682,0.2913946509361267,-0.05032924562692642,0.24714453518390656,0.00617747288197279,-0.005933921784162521,0.3829037547111511,-0.07981456816196442,0.05242607742547989,0.15284058451652527,-0.08535245805978775,-0.15607702732086182,-0.08340045064687729,0.026894163340330124,-0.2379135638475418,-0.5772379636764526,-0.058133549988269806,-0.36434412002563477,-0.3956511318683624,0.1793782263994217,-0.0640573799610138,0.2857512831687927,0.15268288552761078,0.06745053827762604,0.16633173823356628,0.0829830914735794,-0.48342999815940857,-0.3206598162651062,0.2699151933193207,-0.07907910645008087,0.19756539165973663,0.024728059768676758,-0.10051349550485611,0.02548239566385746,-0.19394530355930328,0.23760607838630676,-0.26727187633514404,-0.049439217895269394,0.005395150743424892,-0.051608700305223465,0.009300695732235909,0.0848742201924324,-0.1332537829875946,-0.09985079616308212,-0.06744670122861862,0.03384597972035408,-0.011392015032470226,0.07274186611175537,-0.15967345237731934,-0.02315387688577175,-0.17277686297893524,-0.33292630314826965,0.044603846967220306,0.08949565887451172,0.22174036502838135,-0.03855018690228462,-0.8929165601730347,0.08095475286245346,0.06563055515289307,0.3173127770423889,-0.05059147626161575,-0.1202157512307167,0.2530134916305542,-0.1639445573091507,-0.0391068235039711,-0.11447161436080933,0.29437631368637085,-0.12597307562828064,-0.01995556429028511,0.009774279780685902,-0.042890362441539764,0.10491248220205307,-0.49881696701049805,-0.04542304947972298,0.17490516602993011,0.22894072532653809,-0.0014877126086503267,-0.02884981594979763,0.07785455137491226,-0.014051372185349464,-0.3596765398979187,0.05968588590621948,0.2765856087207794,-0.11661779880523682,0.047756705433130264,0.09763281047344208,-0.08443182706832886,-0.08462681621313095,0.030774276703596115,0.3421283960342407,0.17767485976219177,-0.07424779236316681,-0.014199676923453808,0.19070109724998474,0.06188208982348442,-0.0834532305598259,-0.16805711388587952,0.16641181707382202,-0.12245485931634903,0.23362866044044495,0.08054323494434357,-0.36163270473480225,0.09185073524713516,0.08064020425081253,-0.1572948843240738,0.2635965943336487,-0.07350002974271774,0.11667897552251816,0.5009176135063171,0.033220987766981125,0.26040133833885193,0.2555747628211975,0.03454499691724777,-0.35718435049057007,-0.015984151512384415,-0.01608363725244999,-0.34171542525291443,0.05454356595873833,0.4694559574127197,-0.016313567757606506,0.1724511682987213,-0.4345332980155945,0.6463093757629395,0.006690141744911671,-0.170344740152359,-0.1376502811908722,-0.18657353520393372,-0.07597502321004868,-0.3893119692802429,-0.2516762316226959,-0.1909349411725998,-0.01946478709578514,0.1127784475684166,-0.15031951665878296,0.032205402851104736,0.02459663711488247,0.09478642046451569,0.1674223095178604,-0.03501949831843376,-0.05655141919851303,0.10842720419168472,-0.09968487173318863,-0.08359012752771378,-0.5752221941947937,-0.04578474909067154,-0.08440442383289337,0.12699255347251892,-0.27203208208084106,0.08491712808609009,-0.05342136695981026
CID000005454,765,-0.168758362531662,-0.22037522494792938,-0.13932661712169647,-0.2033051699399948,0.33784523606300354,0.28404486179351807,-0.11398829519748688,0.05104917287826538,-0.24152734875679016,-0.24004288017749786,0.023107558488845825,-0.337547242641449,-0.02065182290971279,-0.20051209628582,0.11619226634502411,-0.029791057109832764,-0.008528078906238079,0.12764737010002136,-0.1000003069639206,-0.0012783292913809419,0.006079488899558783,0.11522495746612549,0.09358440339565277,0.1215444952249527,-0.03401895612478256,-0.11770500987768173,0.15568098425865173,-0.0022647767327725887,-0.04792088270187378,0.24705485999584198,0.04157503694295883,-0.28512245416641235,-0.11353621631860733,-0.004478516988456249,-0.3911774754524231,-0.03139319643378258,-0.24920034408569336,-0.2154039889574051,-0.07236211001873016,-0.034321580082178116,0.05275188758969307,0.10419504344463348,-0.15209774672985077,-0.24414758384227753,0.039224378764629364,0.08189910650253296,0.15162357687950134,0.0465361550450325,-0.08634785562753677,-0.05231329798698425,-0.015923302620649338,0.19908028841018677,0.07568882405757904,-0.06456045806407928,0.07451100647449493,-0.00934840552508831,-0.07251816987991333,-0.047968484461307526,0.07520435750484467,0.014494436793029308,-0.9105475544929504,-0.09114225208759308,-0.32598868012428284,0.21976777911186218,0.1749405562877655,0.15685300529003143,-0.1777976006269455,0.034751344472169876,-0.12719085812568665,0.04945940896868706,-0.04456932470202446,0.3015831410884857,-0.11901944875717163,-0.17306959629058838,0.02667471393942833,-0.12900562584400177,-0.0840420350432396,-0.08056537806987762,0.16148051619529724,-0.06706821918487549,-0.1628488302230835,-0.025526857003569603,-0.3012487292289734,-0.08584312349557877,-0.12675614655017853,-0.09585288912057877,-0.24384823441505432,-0.24073100090026855,0.2332306206226349,-0.03346533700823784,-0.08368273079395294,-0.08609875291585922,0.01984373852610588,0.023724403232336044,-0.4064826965332031,0.0020459697116166353,-0.23352205753326416,0.3173063099384308,0.1789395958185196,-0.3679293096065521,0.1140274628996849,0.24169425666332245,-0.2414366900920868,-0.07108466327190399,-0.15377415716648102,0.028204897418618202,-0.45042070746421814,0.25738292932510376,-0.06715871393680573,0.2667681574821472,0.0967169851064682,0.04191181808710098,0.19298475980758667,0.03440121188759804,0.019032130017876625,0.21440553665161133,-0.15276506543159485,-0.011891769245266914,0.011827534064650536,-0.054412443190813065,-0.22237610816955566,-0.6031721830368042,-0.07610015571117401,-0.19620101153850555,-0.3250928521156311,0.06036493927240372,-0.08539765328168869,0.2943834960460663,0.16929087042808533,-0.09891267120838165,-0.14835324883460999,0.05398627370595932,-0.4525584280490875,-0.2675343155860901,-0.12400448322296143,-0.15883108973503113,0.01809409260749817,0.07487066090106964,-0.048789359629154205,0.029734572395682335,0.005952012725174427,0.29905781149864197,-0.24277560412883759,-0.09577345848083496,0.0019419878954067826,-0.1664712131023407,0.19444075226783752,-0.07625483721494675,0.036827605217695236,0.16909350454807281,-0.05293281003832817,-0.08680394291877747,0.0641372799873352,0.10594628751277924,0.21238604187965393,-0.053615666925907135,-0.14595898985862732,-0.26593485474586487,0.10762389749288559,0.05097813531756401,0.1564953774213791,-0.07260435819625854,-0.8664733171463013,0.05537259578704834,0.0499490424990654,0.28798794746398926,-0.15953044593334198,-0.17312940955162048,0.18331989645957947,0.03431292623281479,-0.10054346174001694,-0.09659040719270706,0.29666000604629517,-0.13981831073760986,0.08552924543619156,-0.017995182424783707,0.06498400866985321,0.1253068745136261,-0.4667070806026459,-0.18389223515987396,0.20329156517982483,0.3438584506511688,0.015341619029641151,-0.0399121418595314,-0.10768277943134308,0.11251427978277206,-0.19995027780532837,0.037611331790685654,0.3837553560733795,-0.18611988425254822,0.18516302108764648,0.037380822002887726,-0.005328378174453974,-0.1493695229291916,-0.07122941315174103,0.38267555832862854,-0.030211061239242554,0.026659581810235977,-0.04832864925265312,-0.18638165295124054,-0.07380148023366928,-0.10143151134252548,-0.04912469536066055,0.09823533892631531,-0.15615388751029968,0.24784496426582336,0.020848726853728294,-0.14075282216072083,0.06690504401922226,-0.017651300877332687,-0.08716362714767456,0.199740931391716,0.11760008335113525,0.023500127717852592,0.07497723400592804,0.21389667689800262,0.2410593330860138,0.1441502869129181,-0.17735615372657776,-0.41918474435806274,0.0068105473183095455,-0.14291903376579285,-0.3302418291568756,0.051939405500888824,0.2972821593284607,-0.07665981352329254,0.18192176520824432,-0.2578802704811096,0.5876060128211975,0.060294102877378464,-0.18631592392921448,-0.14505210518836975,-0.1767667979001999,-0.07709874212741852,-0.5383873581886292,-0.15879526734352112,-0.04424508661031723,0.07921203225851059,0.23769836127758026,-0.14014700055122375,-0.11138014495372772,-0.07382278144359589,0.0383782684803009,0.11515174061059952,0.14280280470848083,-0.14795517921447754,0.1976446956396103,0.013064605183899403,0.027444785460829735,-0.5781558752059937,-0.11116693913936615,-0.061502061784267426,0.11750902980566025,-0.11400000751018524,0.09074188768863678,0.07111641764640808
CID000005717,766,-0.0026901073288172483,0.11042618751525879,-0.07268506288528442,-0.0011004016268998384,0.28412729501724243,0.24879992008209229,0.02321745827794075,-0.19267648458480835,-0.27306896448135376,-0.037776995450258255,0.06847716867923737,-0.5349959135055542,0.17682678997516632,-0.28358712792396545,-0.35401231050491333,-0.08580833673477173,-0.005277320742607117,0.1482820063829422,0.16069835424423218,0.13265974819660187,0.10579762607812881,0.20195527374744415,-0.12075217068195343,0.17032627761363983,-0.14018414914608002,-0.23607882857322693,0.3645406663417816,-0.08843902498483658,0.02467275597155094,0.28045037388801575,-0.334629088640213,0.26304346323013306,0.05164402723312378,-0.015445810742676258,-0.7701486945152283,-0.022454479709267616,-0.2755640745162964,-0.20687253773212433,-0.2694179117679596,-0.03688446804881096,-0.06282056868076324,0.05495685338973999,-0.2886278033256531,0.13433018326759338,0.436959445476532,0.0663650780916214,0.0070431651547551155,-0.0006941854953765869,-0.11312197148799896,-0.1978834867477417,-0.7597623467445374,0.05350048467516899,-0.4609035551548004,-0.11390052735805511,0.21884796023368835,0.014356745406985283,-0.05416685342788696,-0.19120891392230988,0.48595738410949707,0.2558754086494446,-0.9687679409980774,-0.04798981547355652,-0.267707884311676,0.2807082235813141,-0.000527438533026725,0.09270866215229034,-0.1375812292098999,0.6693048477172852,-0.02604391798377037,-0.0777847021818161,0.02895534597337246,-0.13450291752815247,0.015959620475769043,0.3083077669143677,0.3235982060432434,0.14615122973918915,0.1236041784286499,0.3170798718929291,-0.0439617857336998,-0.21264103055000305,-0.028959209099411964,0.025895122438669205,0.13991639018058777,-0.2755874693393707,0.03747027367353439,-0.10719239711761475,-0.31348422169685364,0.3096659779548645,0.3820590376853943,0.0007752537494525313,-0.08075425773859024,-0.02430974319577217,-0.12630298733711243,-0.04891373589634895,-0.6104651093482971,-0.18981757760047913,-0.2724064886569977,0.2644316852092743,0.016415920108556747,-0.30676501989364624,0.33562248945236206,0.022287964820861816,-0.16115044057369232,0.17357030510902405,-0.08261255919933319,0.004461251199245453,-0.4409709870815277,0.2571903467178345,0.061913032084703445,0.11923618614673615,-0.03842989727854729,0.3296017050743103,0.1284523904323578,0.11162734031677246,0.31828856468200684,0.41254371404647827,0.19611568748950958,-0.5465368032455444,0.27103108167648315,0.04863918572664261,0.16995856165885925,-0.8738330602645874,-0.4408615231513977,-0.3187100291252136,-0.3502556383609772,0.21543626487255096,0.005081683397293091,0.11461746692657471,0.14528200030326843,0.17054888606071472,0.005165322218090296,-0.08763720840215683,-0.5393452644348145,-0.2844410538673401,0.010732370428740978,0.11637421697378159,0.21266818046569824,-0.480978786945343,0.13709041476249695,-0.29013994336128235,-0.046902548521757126,0.03514400124549866,0.18134698271751404,-0.014563830569386482,-0.2332908660173416,0.18326589465141296,-0.1352817267179489,0.07441993057727814,0.0901833325624466,0.15469202399253845,-0.02485446073114872,-0.07443810999393463,0.15764793753623962,0.40204572677612305,0.371459424495697,0.028758356347680092,-0.13588368892669678,-0.40543103218078613,-0.14375868439674377,0.19375364482402802,-0.0646403580904007,-0.15000367164611816,-0.9878519773483276,0.00044823289499618113,0.6301554441452026,0.13721472024917603,-0.17220720648765564,0.031717363744974136,-0.23066017031669617,0.1090208888053894,-0.18677616119384766,-0.25195619463920593,0.3330448567867279,-0.09367135912179947,-0.15700726211071014,0.013997219502925873,-0.04271955043077469,-0.024241194128990173,-0.3224511444568634,0.002662664745002985,0.35423821210861206,0.18511448800563812,0.08495758473873138,0.055339567363262177,0.09428324550390244,0.05357905477285385,-0.16746613383293152,-0.3282815217971802,0.7054514288902283,-0.24111440777778625,0.02642536163330078,-0.13334819674491882,0.010011550970375538,0.029704734683036804,-0.16736719012260437,0.2034626007080078,-0.1608559638261795,-0.15950612723827362,-0.4537123143672943,0.10483326017856598,0.03226866200566292,-0.31557807326316833,-0.2610517740249634,0.02224937081336975,0.005498570390045643,0.05620927736163139,-0.04117901995778084,0.07860596477985382,-0.3806016743183136,-0.15751603245735168,0.18504711985588074,0.19602397084236145,-0.05474279075860977,0.11900030076503754,0.22394657135009766,-0.39866477251052856,0.6243752241134644,-0.044794343411922455,-0.17219622433185577,-0.04693146049976349,0.12166555970907211,-0.1752977967262268,-0.5663245320320129,-0.02865706756711006,0.39131370186805725,0.07838442921638489,0.1610473245382309,-0.18416917324066162,0.9627305865287781,0.13642951846122742,-0.04734707996249199,-0.025478074327111244,0.07307511568069458,0.11937133967876434,-0.44320183992385864,-0.28713852167129517,-3.218650817871094e-05,0.15163099765777588,0.19812697172164917,0.26897096633911133,-0.36323580145835876,-0.17011071741580963,-0.04312296211719513,0.5074597001075745,-0.149718776345253,-0.02485472708940506,0.09443175792694092,0.14687961339950562,0.10051797330379486,-1.05821692943573,-0.4121130108833313,0.47599101066589355,0.23401424288749695,-0.01635560393333435,0.11422823369503021,-0.0455881804227829
CID000000085,769,0.029043590649962425,-0.25928959250450134,-0.20177169144153595,-0.1560797244310379,0.5403231382369995,0.2856653928756714,-0.2734591066837311,-0.19650614261627197,-0.1893712729215622,0.14212097227573395,0.07227317988872528,-0.29604339599609375,-0.34514203667640686,-0.08698053658008575,-0.03615080192685127,0.004384470172226429,-0.03939897567033768,-0.30956193804740906,0.08537201583385468,-0.07908038049936295,-0.23563726246356964,0.14210650324821472,0.1896614283323288,0.026630684733390808,-0.02192823961377144,-0.08390337973833084,-0.21734914183616638,-0.14996948838233948,-0.04463006183505058,0.44809532165527344,-0.055417753756046295,-0.3586464524269104,0.17173579335212708,-0.15215101838111877,-0.8280254602432251,-0.016382133588194847,-0.4410738945007324,-0.14861845970153809,-0.011398941278457642,0.10631835460662842,0.0700618326663971,-0.008292960934340954,0.28977179527282715,-0.06713393330574036,0.48707085847854614,0.10321341454982758,0.09870697557926178,0.3304217457771301,-0.04446396604180336,-0.07144969701766968,-0.9286540746688843,-0.06298981606960297,0.02243676781654358,-0.10302736610174179,0.1799592673778534,0.08484997600317001,-0.04082326218485832,0.1785215437412262,0.2836621105670929,0.268981397151947,-0.8491663932800293,0.20793214440345764,-0.10525885969400406,0.2382390797138214,0.009373685345053673,-0.02211449109017849,-0.05222844332456589,0.7355698347091675,0.008912992663681507,-0.01346846204251051,-0.26466867327690125,-0.024322694167494774,-0.11575575172901154,0.05028399080038071,0.3750506341457367,0.16209132969379425,0.01705814339220524,0.2736354470252991,-0.15533339977264404,-0.19655334949493408,-0.031452130526304245,-0.1770295798778534,-0.18854615092277527,0.10001476109027863,-0.3146836757659912,0.26508647203445435,-0.08346088230609894,0.15283437073230743,0.5984095335006714,0.1755252182483673,0.1896299570798874,0.020799005404114723,0.1165408119559288,0.04332423582673073,-0.7810633778572083,0.11843973398208618,-0.264940083026886,0.49306583404541016,0.09982901811599731,-0.041311874985694885,0.5881425142288208,-0.032835423946380615,-0.07341620326042175,0.10504712164402008,0.17144456505775452,-0.0182182677090168,-0.7265332341194153,0.11635557562112808,-0.010854467749595642,0.23421940207481384,-0.14295409619808197,-0.20548689365386963,0.05747000500559807,0.1256113350391388,-0.12323081493377686,-0.08688106387853622,-0.08082108199596405,-0.5683259963989258,0.3420049548149109,0.1150301918387413,-0.0879795253276825,-1.0049251317977905,0.2082970142364502,-0.29451629519462585,-0.4324375092983246,-0.02226228639483452,-0.007497131824493408,0.27716198563575745,0.12107294797897339,-0.012816673144698143,-0.33856916427612305,0.16283805668354034,-0.19009459018707275,-0.3677882254123688,-0.45980629324913025,-0.1179567351937294,0.5677824020385742,-0.5473707914352417,-0.026173532009124756,-0.0923493355512619,0.16850219666957855,0.12848904728889465,0.021075215190649033,0.12611761689186096,0.2245101034641266,-0.3686009645462036,0.05750584602355957,0.10675112903118134,-0.3062189221382141,0.062431205064058304,0.046411894261837006,-0.050068698823451996,0.1919366866350174,-0.13494615256786346,-0.17219893634319305,0.14749912917613983,0.161097913980484,-0.2563466429710388,0.16083034873008728,0.0864688828587532,-0.07690484076738358,-0.12943921983242035,-1.0235484838485718,-0.09517431259155273,0.5039353370666504,0.1176871508359909,-0.07611042261123657,-0.21177177131175995,-0.10003985464572906,-0.022397136315703392,0.1519220769405365,-0.08625572919845581,0.2163776457309723,-0.07654966413974762,-0.016002768650650978,0.21265403926372528,-0.065188467502594,0.00573674077168107,-0.27486664056777954,-0.15641999244689941,0.20184746384620667,0.1550913155078888,-0.08114486932754517,-0.028277594596147537,-0.2749635875225067,-0.33345332741737366,-0.35217323899269104,-0.557684063911438,1.0267505645751953,-0.01058188546448946,0.006873482372611761,-0.3127465844154358,0.15988826751708984,0.11937342584133148,-0.21324746310710907,0.5206930637359619,-0.03400379791855812,-0.0694013386964798,-0.22572188079357147,-0.09833541512489319,-0.1740417778491974,-0.33011117577552795,-0.3341953158378601,0.3449675440788269,-0.23127631843090057,0.0877562090754509,0.2947325110435486,0.0376788005232811,-0.39291539788246155,-0.1874191015958786,0.3750685751438141,-0.12332477420568466,0.07264146953821182,-0.26713070273399353,0.07270805537700653,-0.24657046794891357,0.909619927406311,0.09749051183462143,0.06375490128993988,-0.08010207861661911,-0.02413557842373848,0.002913540694862604,-0.5801941752433777,0.07998768240213394,0.6771169900894165,0.05272100120782852,0.15019111335277557,-0.25671106576919556,0.8467288017272949,-0.2091771364212036,0.11631034314632416,-0.037818968296051025,0.2638305127620697,0.1823846846818924,-0.53221595287323,-0.22720018029212952,-0.044298041611909866,0.09035250544548035,-0.07311757653951645,-0.11006011813879013,-0.28440093994140625,-0.25289154052734375,0.435613214969635,0.04670031741261482,-0.0457841232419014,-0.1704009622335434,0.11389108747243881,-0.1611291766166687,-0.09766880422830582,-1.1177453994750977,0.11515825986862183,0.38499999046325684,0.32382896542549133,0.17231571674346924,-0.06281600892543793,0.11869867146015167
CID000000206,774,0.19008344411849976,0.06247343495488167,-0.008854015730321407,0.036652762442827225,0.2161947786808014,0.4593968391418457,-0.017029035836458206,0.250092089176178,-0.38644737005233765,-0.24696075916290283,0.07219226658344269,-0.35914990305900574,0.10732142627239227,-0.29728963971138,-0.005146126262843609,0.004004481714218855,0.1945754736661911,0.2984793782234192,-0.016435381025075912,-0.03784056380391121,0.07970038056373596,0.022402074187994003,0.19998201727867126,0.1650274097919464,0.312107652425766,0.1295536607503891,-0.2619093060493469,0.32154756784439087,-0.01816270872950554,0.5278446674346924,-0.02885524369776249,-0.4067407548427582,-0.30665260553359985,-0.10532329231500626,-0.48256126046180725,-0.11743731796741486,-0.41088181734085083,-0.34001702070236206,-0.011515280231833458,-0.11530095338821411,-0.07180143892765045,-0.17856839299201965,-0.1617206633090973,-0.10683511197566986,0.6690011024475098,0.20441746711730957,-0.07714475691318512,-0.12071816623210907,-0.0800662711262703,0.14977164566516876,-0.37494999170303345,0.0007550597074441612,-0.09384341537952423,-0.25655418634414673,-0.023647639900445938,-0.1295570433139801,-0.01570381596684456,-0.052984535694122314,0.6939551830291748,0.09802502393722534,-0.8782877922058105,0.211294025182724,-0.35530632734298706,0.27009841799736023,0.16059745848178864,-0.2558059096336365,-0.08697915822267532,-0.25533464550971985,-0.12682238221168518,-0.03960645943880081,-0.7190783023834229,-0.15775372087955475,-0.07873497903347015,-0.25708088278770447,0.5539794564247131,0.19513404369354248,0.04349596053361893,0.4114270806312561,0.2988054156303406,-0.25249582529067993,-0.14736934006214142,-0.04443681985139847,-0.04967255890369415,-0.060949720442295074,0.05213724449276924,0.1082034483551979,-0.2223597764968872,-0.008662709966301918,0.2260548323392868,0.004488778300583363,-0.35193151235580444,-0.3836281895637512,-0.057852111756801605,0.24072769284248352,-0.36897075176239014,0.048371322453022,-0.132447749376297,0.24652865529060364,0.26121777296066284,-0.20807763934135437,0.12292468547821045,0.28107166290283203,-0.13937827944755554,0.04226839542388916,-0.05999831110239029,-0.0180102176964283,-0.5963863134384155,0.5356072783470154,0.10113926976919174,0.13258251547813416,-0.40600284934043884,0.05455461144447327,0.060196004807949066,-0.201510950922966,0.2940850853919983,0.1358155459165573,0.11172821372747421,-0.2451997697353363,0.5060380101203918,0.005746918730437756,-0.0632798820734024,-0.591655969619751,-0.11700129508972168,-0.5559757947921753,-0.2457507848739624,0.024915266782045364,0.12676674127578735,0.315746545791626,0.08501379936933517,0.1499764621257782,-0.09963978826999664,0.08156947791576385,-0.4877118170261383,-0.48386460542678833,0.17612871527671814,-0.24441222846508026,0.20580622553825378,-0.5087664723396301,-0.10483427345752716,-0.13767823576927185,0.06274230033159256,0.09274338185787201,-0.05598102882504463,-0.04265865683555603,0.36774349212646484,0.3102700412273407,0.09231217950582504,-0.04350423067808151,-0.06612464040517807,0.054044533520936966,0.07144799083471298,-0.1739226132631302,-0.3588373363018036,-0.19733092188835144,-0.04879074543714523,-0.08360348641872406,0.1779700368642807,-0.487271249294281,0.12097243964672089,0.2814846932888031,0.29994872212409973,-0.1040487289428711,-0.836990237236023,0.20689353346824646,0.20850348472595215,0.27360787987709045,-0.025760382413864136,0.23567096889019012,-0.013188374228775501,0.0029269098304212093,-0.3429544270038605,-0.27108803391456604,0.3318479657173157,-0.3355239927768707,-0.16227994859218597,-0.027356183156371117,-0.02485278807580471,-0.12797911465168,-0.2548910975456238,-0.06299785524606705,0.28068414330482483,0.27765795588493347,0.30570095777511597,-0.1592521369457245,-0.028218651190400124,0.17170698940753937,-0.3352644741535187,-0.026927703991532326,0.342351496219635,0.24979646503925323,0.2798239588737488,-0.3605254590511322,0.09554058313369751,0.08483278751373291,-0.34863215684890747,0.8544842004776001,-0.004143476486206055,-0.1056932657957077,-0.198337584733963,0.15569260716438293,-0.05799577385187149,0.2744510769844055,-0.21184825897216797,0.013006648048758507,-0.025535564869642258,0.14097566902637482,-0.18473932147026062,0.012807095423340797,-0.6176287531852722,0.10378388315439224,0.009257304482161999,0.03213290125131607,0.04375030845403671,-0.004438966512680054,0.13993287086486816,0.005689912475645542,0.8950235247612,-0.11519886553287506,-0.30623742938041687,-0.38324251770973206,0.016798723489046097,0.06772924959659576,-0.8279627561569214,-0.018901139497756958,0.23884828388690948,-0.0883588045835495,0.017108729109168053,-0.21141716837882996,0.9540507197380066,0.11712931096553802,-0.14570832252502441,-0.1317855566740036,0.2903442084789276,0.10014166682958603,-0.4681774973869324,-0.4744369089603424,0.25518739223480225,0.39202818274497986,-0.1996959149837494,-0.007070714142173529,-0.8204953074455261,0.28732818365097046,-0.08816636353731155,0.18573753535747528,-0.11638951301574707,-0.6406208872795105,0.1516135334968567,0.2755551338195801,0.1574101448059082,-0.5762373208999634,-0.1905718594789505,0.07295076549053192,0.5455008745193481,0.15074759721755981,-0.10081490129232407,0.0014425665140151978
CID000000119,780,0.06961958110332489,0.0587562620639801,-0.005217319820076227,0.2149902582168579,1.0818415880203247,0.460792601108551,-0.08572407066822052,-0.2789645791053772,-0.47121065855026245,0.0035810053814202547,-0.20167002081871033,-0.4109470248222351,-0.3269627094268799,-0.17636063694953918,-0.21692094206809998,0.13112717866897583,-0.04824861139059067,-0.4509470462799072,0.08367841690778732,-0.12409260123968124,-0.3036341667175293,0.29982951283454895,-0.1098635345697403,-0.09521026164293289,-0.32961922883987427,0.11589433252811432,-0.04221728444099426,0.1023600697517395,-0.227880597114563,0.6535729169845581,0.011021859012544155,-0.3435647487640381,0.2531196177005768,-0.1560429483652115,-0.5492595434188843,-0.08011500537395477,-0.7648958563804626,-0.2566547989845276,-0.10428833961486816,0.2068774402141571,0.09134730696678162,0.4126715660095215,-0.2817761301994324,0.2057710886001587,0.261907696723938,0.20785215497016907,-0.16863656044006348,0.2743777334690094,-0.1184769719839096,0.14994999766349792,-0.6281705498695374,-0.0015493392711505294,0.15285567939281464,-0.5996700525283813,0.06931576132774353,0.22926445305347443,-0.07776746898889542,0.20320530235767365,0.0799570307135582,-0.011762362904846668,-0.8692367672920227,0.12360036373138428,-0.0713842511177063,0.47952836751937866,-0.2847340703010559,0.02559570036828518,-0.27465909719467163,0.46833905577659607,0.08207203447818756,0.16654521226882935,-0.338440865278244,0.15497608482837677,-0.26709049940109253,-0.03308721259236336,0.56364905834198,0.15451566874980927,-0.02214742638170719,-0.012517647817730904,-0.030754897743463516,-0.3351781964302063,-0.1266922652721405,-0.0366239994764328,-0.009113895706832409,-0.07316400110721588,-0.2504815459251404,0.08556938916444778,-0.3301432430744171,0.13229557871818542,0.7233489751815796,-0.17677631974220276,-0.05540870875120163,-0.10227689892053604,0.05192237347364426,0.07469331473112106,-0.5902591347694397,0.2661898732185364,-0.461824893951416,0.5728288292884827,0.24505917727947235,-0.044163625687360764,0.599324643611908,-0.3133583068847656,0.01124543510377407,0.3607162833213806,0.3232768774032593,0.008796736598014832,-0.3986526131629944,0.4173586368560791,-0.10943739116191864,0.35861560702323914,-0.2251422107219696,-0.5729969143867493,0.4705379009246826,-0.0226198248565197,0.0969211533665657,0.18479235470294952,0.10927273333072662,-0.5038802623748779,0.0842394009232521,-0.0670611709356308,0.04785018041729927,-0.8951708674430847,-0.4693991243839264,-0.5642080903053284,-0.5174586772918701,-0.05473285913467407,-0.17894180119037628,0.4778672158718109,0.041115351021289825,-0.26229336857795715,-0.03384675830602646,-0.09128880500793457,-0.321721613407135,-0.3748018145561218,-0.1298445761203766,-0.09883745014667511,0.33785828948020935,-0.22856347262859344,-0.04421401768922806,-0.08468258380889893,0.0632256418466568,0.2617321014404297,0.15715330839157104,0.15163810551166534,0.1760743111371994,-0.3856717050075531,-0.16793806850910187,-0.1100899800658226,-0.22724168002605438,0.2950930893421173,-0.03133097290992737,-0.004124040715396404,0.07829853892326355,0.11434593051671982,0.03250272944569588,-0.21355243027210236,0.4021218419075012,-0.4198814332485199,0.0033682226203382015,0.11691071093082428,-0.29121214151382446,-0.19319672882556915,-0.9018034934997559,-0.03827334940433502,0.2222227156162262,0.3163096308708191,-0.3399678170681,-0.03737924247980118,0.07243164628744125,-0.3190135359764099,-0.1725986748933792,-0.3403160870075226,0.47031909227371216,-0.220144122838974,-0.33113569021224976,-0.12279140949249268,-0.03400836139917374,-0.09028036892414093,-0.23730209469795227,-0.06946364790201187,-0.2784808278083801,0.2966066896915436,-0.003310063388198614,0.1272229254245758,0.05927910655736923,-0.20111867785453796,-0.8087041974067688,-0.050224415957927704,0.6669215559959412,0.06755417585372925,-0.13552644848823547,-0.3380717635154724,-0.026429209858179092,-0.09882376343011856,-0.13899140059947968,0.4881021976470947,0.0559438057243824,0.13742183148860931,-0.40804964303970337,-0.3140086829662323,-0.40575742721557617,0.06719060987234116,-0.24139893054962158,0.06626148521900177,-0.01644454337656498,0.3037070333957672,0.030940165743231773,-0.07691487669944763,-0.07786094397306442,-0.16915187239646912,0.20077364146709442,-0.2123994380235672,-0.2587343156337738,0.03024977445602417,0.4704066812992096,-0.34103307127952576,0.6519163846969604,-0.03148918226361275,-0.017753945663571358,-0.18124915659427643,-0.16582724452018738,-0.04562389478087425,-0.6997569799423218,0.20356035232543945,0.4844859540462494,0.2625325918197632,0.1910683661699295,-0.5177861452102661,0.697681188583374,-0.3666359782218933,0.03155486658215523,-0.06741967797279358,0.016962649300694466,0.03685968369245529,-0.20287053287029266,-0.29781243205070496,-0.02133304998278618,0.057627659291028976,0.03597254306077957,-0.5843518972396851,-0.038548730313777924,-0.28083744645118713,0.20766429603099823,0.1668691784143448,-0.10967572778463364,-0.6776471734046936,0.3922935128211975,0.030048739165067673,-0.0029213980305939913,-0.9434970021247864,-0.4895171523094177,0.26142868399620056,0.4932180345058441,0.2904556393623352,0.14346222579479218,-0.06581512093544006
CID000003928,781,0.08475184440612793,-0.1719340980052948,-0.21818888187408447,0.07238471508026123,0.2899813652038574,0.49873146414756775,-0.08432116359472275,0.14844144880771637,-0.26202231645584106,-0.13279111683368683,-0.01610425114631653,-0.3055020272731781,-0.09443669021129608,-0.18531274795532227,-0.19859233498573303,0.08189626038074493,0.03766445070505142,0.654215931892395,-0.05727456137537956,-0.08626887947320938,-0.02866533026099205,0.10179571062326431,0.425778865814209,-0.10517843067646027,0.11310217529535294,-0.0895385593175888,-0.0008164644241333008,0.13395974040031433,0.008503141812980175,0.3731159567832947,-0.26852697134017944,-0.10756945610046387,0.06732572615146637,-0.05272083729505539,-0.7496495246887207,-0.09098410606384277,-0.47231918573379517,-0.22243431210517883,-0.19727762043476105,0.19450481235980988,-0.19051846861839294,0.2852820158004761,-0.015810418874025345,-0.34828001260757446,0.4439859390258789,0.34446755051612854,0.12170009315013885,-0.35662487149238586,-0.16111870110034943,-0.007158827967941761,-0.5281074643135071,-0.18353340029716492,-0.11133065074682236,-0.1203792542219162,0.19616205990314484,0.1858641803264618,0.11916663497686386,0.23751787841320038,0.7778327465057373,-0.32302606105804443,-0.8188093304634094,0.2264549285173416,-0.3279722332954407,0.06381318718194962,-0.18265663087368011,-0.36667197942733765,-0.06957687437534332,-0.08065055310726166,-0.08760355412960052,-0.40405064821243286,-0.6351876854896545,-0.24965468049049377,0.1450817584991455,0.209525465965271,0.6114878058433533,0.009862062521278858,0.06539994478225708,0.19990357756614685,-0.03208969905972481,-0.20179906487464905,-0.15756073594093323,0.04702586680650711,-0.011152192950248718,0.24897125363349915,0.009322332218289375,0.0217315424233675,0.021706093102693558,-0.07089591771364212,0.4238053262233734,0.13469013571739197,-0.4745260179042816,-0.19511674344539642,0.09986947476863861,0.20907625555992126,-0.6633446216583252,0.04564731568098068,-0.08580964058637619,0.1330811232328415,0.07516351342201233,-0.00615007895976305,0.4112001955509186,0.07295306771993637,-0.3217361867427826,0.14365996420383453,-0.22552911937236786,0.07573094964027405,-0.6715918779373169,0.35576102137565613,-0.10988439619541168,0.0700434148311615,-0.5713666677474976,-0.11076086759567261,0.1151079386472702,0.08734406530857086,0.07167330384254456,-0.018896255642175674,0.0611499547958374,-0.19584111869335175,0.1043146476149559,0.04342065751552582,0.1974017173051834,-0.9378954172134399,0.48970943689346313,-0.5469198822975159,-0.4925294816493988,-0.03869280964136124,0.06587788462638855,0.31433922052383423,-0.08434205502271652,0.0013124002143740654,-0.3603406846523285,0.035013336688280106,-0.5607069134712219,-0.46881476044654846,-0.06670108437538147,-0.1442962884902954,0.5890804529190063,-0.409144788980484,-0.28652089834213257,0.3155418038368225,0.438204288482666,0.08052387833595276,0.215365931391716,-0.1272166669368744,0.05411175638437271,0.6037684679031372,0.0707518681883812,0.047682974487543106,-0.04855702444911003,0.010307589545845985,0.1584772914648056,0.05116158723831177,0.006870145909488201,-0.03437572717666626,-0.06843321770429611,-0.16730934381484985,0.11984805017709732,-0.1928667426109314,0.04931000620126724,0.1875574290752411,0.17487497627735138,0.021975483745336533,-0.8921929597854614,0.11924520879983902,0.36666157841682434,0.2243274450302124,-0.10171999782323837,0.003993168473243713,-0.058556247502565384,-0.0055610416457057,-0.14096865057945251,-0.017068374902009964,0.35388490557670593,-0.35876986384391785,-0.16577380895614624,-0.23726949095726013,0.16178855299949646,-0.03659273311495781,-0.3331981301307678,-0.02761073037981987,0.19780370593070984,0.21103759109973907,0.4268184304237366,0.05598586052656174,-0.07631354033946991,-0.2553890645503998,-0.2772933840751648,0.24313442409038544,0.6946712136268616,0.2699070870876312,0.02712087333202362,-0.44505318999290466,0.23298987746238708,0.037333615124225616,-0.17814774811267853,0.5761018991470337,-0.11788002401590347,-0.24365074932575226,-0.05977853387594223,0.2479678839445114,0.1752467006444931,-0.13131223618984222,-0.23352734744548798,-0.030627921223640442,-0.285231351852417,0.271771103143692,0.2057325839996338,0.030247509479522705,-0.26975101232528687,0.22128291428089142,0.14837981760501862,-0.10766333341598511,0.0630079060792923,0.046322938054800034,0.40757137537002563,0.020093072205781937,0.92359459400177,0.1832239180803299,-0.06597571074962616,-0.024157995358109474,-0.2855064272880554,-0.09667643159627914,-0.5203008651733398,-0.09556804597377777,0.2890276312828064,-0.4290337562561035,0.07173885405063629,-0.3496342599391937,0.9814678430557251,-0.03073880635201931,-0.17592266201972961,-0.19209924340248108,0.07169703394174576,-0.2535846531391144,-0.7024068236351013,-0.2597554326057434,-0.10321787744760513,0.17090237140655518,-0.26738542318344116,0.011327004060149193,-1.0424789190292358,-0.10734107345342636,0.03353918343782425,0.07282231003046036,-0.18362769484519958,-0.7283319234848022,0.14379677176475525,0.09788137674331665,0.20745131373405457,-0.7840694785118103,0.26638346910476685,0.26446256041526794,0.275717169046402,0.28628450632095337,-0.0720580667257309,-0.13854698836803436
CID000003467,786,0.11230454593896866,0.1827704906463623,-0.023656684905290604,-0.029566336423158646,0.551902174949646,0.5027130842208862,0.01845679245889187,0.06864986568689346,-0.5465565919876099,-0.1655903160572052,0.17366322875022888,-0.28333574533462524,0.13669142127037048,-0.19475087523460388,0.027227964252233505,0.07813247293233871,0.23723991215229034,0.2145920991897583,0.12135112285614014,0.2636125981807709,0.03250332549214363,0.060109496116638184,0.13852745294570923,0.05787248536944389,0.29818716645240784,-0.11043602228164673,-0.23317189514636993,0.17635731399059296,-0.14651274681091309,0.32948043942451477,-0.16615326702594757,-0.19791753590106964,-0.4329299032688141,-0.14162209630012512,-0.6695544123649597,-0.04503213241696358,-0.4234338700771332,-0.31503981351852417,-0.11054237186908722,-0.03149167448282242,-0.14597579836845398,-0.04424431920051575,-0.1254522055387497,-0.12994436919689178,0.6100530624389648,0.13425591588020325,-0.0166239645332098,-0.23218008875846863,0.12032322585582733,0.07884425669908524,-0.42922812700271606,-0.07706741243600845,-0.25641319155693054,-0.3377250134944916,0.10084028542041779,-0.12867310643196106,-0.06188111752271652,-0.091388039290905,0.8715410232543945,-0.29219967126846313,-1.0722997188568115,0.19323495030403137,-0.08975909650325775,0.602591872215271,-0.011236092075705528,-0.37815073132514954,0.040075626224279404,0.07728998363018036,0.001317281974479556,-0.1437872052192688,-0.6942107081413269,-0.24700143933296204,-0.08338458836078644,-0.08998694270849228,0.6314047574996948,0.27737921476364136,0.036988623440265656,0.3513859510421753,0.1029154509305954,-0.3997199535369873,-0.042590439319610596,0.1302662491798401,-0.11478917300701141,-0.15231314301490784,-0.15641815960407257,0.1348942518234253,-0.027408350259065628,-0.14345285296440125,0.23100170493125916,-0.2313353270292282,-0.3946000933647156,-0.08828306198120117,0.07943189889192581,0.2555825114250183,-0.5816799402236938,-0.07700997591018677,-0.225295752286911,0.3210255205631256,-0.009929112158715725,-0.00217430735938251,0.15359535813331604,0.13803093135356903,-0.4552009701728821,0.38934600353240967,-0.11706817150115967,0.12911447882652283,-0.7045867443084717,0.40213125944137573,-0.03370678424835205,0.054658204317092896,-0.7538036108016968,-0.13217118382453918,0.029458269476890564,-0.2280658781528473,0.2929452359676361,0.30929675698280334,-0.035593025386333466,-0.47190937399864197,0.3629748225212097,-0.19556066393852234,-0.060711123049259186,-0.7498423457145691,0.11438919603824615,-0.6005534529685974,-0.06796585023403168,0.2019909918308258,-0.020436370745301247,0.23994526267051697,-0.0522008053958416,0.22101926803588867,-0.22084097564220428,0.13291025161743164,-0.5077381730079651,-0.6006261110305786,-0.06110464408993721,-0.2616208791732788,0.3268342614173889,-0.49474531412124634,-0.007026782725006342,0.049708567559719086,0.071023128926754,0.020872708410024643,-0.07459989190101624,-0.1447022259235382,0.19104857742786407,0.40163174271583557,-0.14622345566749573,0.3498835861682892,0.02987251803278923,0.14181846380233765,0.04828284680843353,-0.024100910872220993,-0.23793092370033264,-0.3215867877006531,-0.23734089732170105,-0.17987176775932312,0.37256988883018494,-0.3499208688735962,-0.10904238373041153,0.12290456146001816,0.516399621963501,-0.18062344193458557,-0.8771101832389832,0.1056358590722084,0.3657837510108948,0.20242492854595184,-0.02974742278456688,0.10156450420618057,-0.2586962580680847,-0.17587392032146454,-0.36970192193984985,-0.34107208251953125,0.4144447445869446,-0.13412943482398987,-0.0890832468867302,-0.30999061465263367,0.2819816470146179,-0.2132878601551056,-0.3080054223537445,0.09806577116250992,0.3425280749797821,0.11299411952495575,0.3270723223686218,-0.1271965503692627,0.0496242493391037,0.09780697524547577,-0.22172479331493378,0.4519670903682709,0.5334926843643188,0.08844328671693802,0.18544383347034454,-0.3211544156074524,0.04851455241441727,0.2478872537612915,-0.13340246677398682,0.6552978157997131,0.00412439089268446,-0.26587703824043274,-0.21358299255371094,0.17958037555217743,-0.07862258702516556,0.026246557012200356,-0.1545202136039734,0.17850244045257568,-0.04730901122093201,0.11985769122838974,-0.109738789498806,0.1570306122303009,-0.4453524053096771,0.05204802751541138,-0.05608024075627327,-0.09238731116056442,0.027355778962373734,-0.21130795776844025,0.37621545791625977,-0.0071599408984184265,1.1275222301483154,-0.1985233724117279,-0.28763139247894287,-0.221815824508667,-0.1458568274974823,-0.0726136639714241,-0.8730531930923462,0.05764200538396835,0.38525813817977905,-0.03231339529156685,-0.012317927554249763,-0.32874804735183716,1.2403395175933838,0.09843079745769501,-0.43159160017967224,0.11470428854227066,-0.030927255749702454,0.11415539681911469,-0.6015816926956177,-0.3410438001155853,0.0007249712944030762,0.2581780254840851,-0.498955100774765,-0.26596543192863464,-0.8402102589607239,0.18034623563289642,-0.11965350061655045,0.34027570486068726,0.026245122775435448,-0.6279056668281555,-0.04344596713781357,0.28992214798927307,-0.05189576745033264,-0.8361939191818237,-0.058780521154403687,0.2433846890926361,0.6626415848731995,0.0038360715843737125,0.12352116405963898,0.12346754223108292
CID000004547,789,-0.1716732680797577,0.023694925010204315,0.034031711518764496,-0.1130266934633255,0.17064853012561798,0.2861277461051941,0.0841350331902504,-0.040664851665496826,-0.28435760736465454,-0.16806532442569733,-0.10555724799633026,-0.33700132369995117,0.0660981684923172,-0.30026835203170776,0.07656078040599823,0.0781005397439003,-0.1386614739894867,0.16260597109794617,0.06460882723331451,-0.13754737377166748,0.0019221901893615723,0.07904355227947235,0.031235888600349426,0.06884045898914337,-0.01692255400121212,-0.04101498797535896,0.06864043325185776,-0.05888441205024719,-0.15649403631687164,0.2720128297805786,-0.1295456439256668,-0.19117845594882965,-0.09566604346036911,0.029342448338866234,-0.3688773214817047,0.0204826220870018,-0.3189951777458191,-0.2610228955745697,-0.1861770749092102,-0.019667193293571472,0.012975740246474743,0.043084871023893356,-0.21718542277812958,-0.2004431188106537,0.22846977412700653,-0.10403581708669662,-0.06718762218952179,0.11929762363433838,-0.21707765758037567,-0.07338659465312958,-0.324615478515625,0.16008678078651428,0.025555551052093506,-0.03073948621749878,-0.02579980157315731,0.014269125647842884,-0.050614066421985626,0.032027263194322586,0.07907244563102722,-0.03409981727600098,-0.9540824890136719,0.04553369805216789,-0.27441641688346863,0.22116148471832275,0.008519751951098442,0.17041753232479095,-0.08983168751001358,0.11105022579431534,-0.03772706538438797,0.17876988649368286,-0.05403939634561539,0.27742040157318115,-0.101235032081604,-0.13729405403137207,0.11783289909362793,-0.09284347295761108,-0.013423767872154713,0.08163626492023468,0.1339697539806366,0.035242579877376556,-0.08070265501737595,0.19918139278888702,-0.2433529645204544,-0.03981604427099228,-0.16582199931144714,0.012344511225819588,-0.2549494504928589,-0.01899414137005806,0.36092597246170044,-0.08876241743564606,-0.08218102157115936,-0.06997182220220566,-0.17677481472492218,-0.02393929660320282,-0.4495142996311188,0.08355576545000076,-0.22881491482257843,0.33684736490249634,0.20920927822589874,-0.3881424069404602,0.2438545972108841,0.13693690299987793,-0.07730735093355179,-0.14012324810028076,-0.09194688498973846,0.09771093726158142,-0.2977306544780731,0.2535909116268158,-0.22698166966438293,0.18776866793632507,0.09246081113815308,0.02864815667271614,0.44220858812332153,0.018784724175930023,-0.021250775083899498,0.005230927374213934,-0.10181425511837006,-0.02790512517094612,0.11623065173625946,0.03617823123931885,-0.05264000967144966,-0.6558858156204224,-0.08855678141117096,-0.2644704580307007,-0.45842528343200684,0.08020316064357758,-0.08560990542173386,0.273825466632843,0.23260453343391418,0.09233282506465912,0.0027029335033148527,-0.026134464889764786,-0.5234227180480957,-0.24672555923461914,0.16408276557922363,-0.1676369607448578,0.0974610447883606,-0.06700219213962555,-0.07000531256198883,0.09262946993112564,-0.047058988362550735,0.20879587531089783,-0.12465985864400864,-0.052190132439136505,-0.0068403370678424835,-0.19239452481269836,0.07117854058742523,-0.14546434581279755,-0.037638165056705475,0.08093959093093872,-0.09945138543844223,0.009225589223206043,0.06282452493906021,0.031215738505125046,0.04930451512336731,0.06724275648593903,-0.20576998591423035,-0.2812139689922333,0.04265737533569336,0.07779456675052643,0.2266433984041214,-0.05425176024436951,-0.8624171018600464,-0.045170653611421585,0.05471672862768173,0.3305286467075348,-0.23077841103076935,-0.13886737823486328,0.30484795570373535,-0.0037500723265111446,-0.11284847557544708,-0.13923311233520508,0.2558441162109375,-0.04270944744348526,-0.19076427817344666,0.0812688022851944,0.05885897949337959,0.13794338703155518,-0.45123252272605896,-0.12846894562244415,0.21971115469932556,0.36055582761764526,0.018975187093019485,0.004958206322044134,-0.013884151354432106,0.09364912658929825,-0.3524501919746399,-0.02244805172085762,0.35434991121292114,-0.026495974510908127,0.0643928274512291,0.02357233129441738,-0.11374771595001221,-0.17552369832992554,-0.17927323281764984,0.43948087096214294,0.014821970835328102,0.11445403099060059,-0.18160679936408997,-0.07496031373739243,-0.051333535462617874,-0.12093213945627213,-0.1608002930879593,0.1783970296382904,-0.08003388345241547,0.19427762925624847,0.00213261554017663,-0.12819135189056396,-0.059388887137174606,0.2701970040798187,0.013776332139968872,0.1691083014011383,0.06861520558595657,0.05694670230150223,0.11792437732219696,-0.03839142993092537,0.35588741302490234,0.1301359385251999,-0.19002631306648254,-0.3631669580936432,0.05464589595794678,-0.06657962501049042,-0.27599161863327026,0.12239811569452286,0.2810019552707672,-0.06735306233167648,0.1605541706085205,-0.15752966701984406,0.578203022480011,0.0242906603962183,-0.12878108024597168,-0.15300409495830536,-0.06893111765384674,-0.1553420126438141,-0.4181218147277832,-0.20582625269889832,-0.31155890226364136,0.10134278237819672,0.3346855640411377,-0.019729740917682648,-0.018841590732336044,0.04338227957487106,0.12039418518543243,-0.007896209135651588,0.02154872938990593,-0.2059880793094635,0.13365957140922546,-0.13237863779067993,0.023822765797376633,-0.6145533919334412,0.06210047006607056,-0.03756791353225708,0.19633246958255768,-0.04656574875116348,0.08109109103679657,-0.00058030488435179
CID005362420,790,0.016738008707761765,0.09735747426748276,-0.029995525255799294,0.1509067565202713,0.3038800358772278,0.2585405707359314,0.15793171525001526,-0.20510926842689514,-0.23300723731517792,-0.062291331589221954,-0.05474302917718887,-0.5649617314338684,0.20487983524799347,-0.18748755753040314,-0.24654707312583923,-0.11711889505386353,0.04414341598749161,-0.1702703833580017,0.18739309906959534,-0.047447215765714645,0.23051543533802032,-0.13160598278045654,-0.24786560237407684,-0.03994672745466232,-0.0808786004781723,-0.1450381875038147,0.20523099601268768,0.13249072432518005,-0.06695578992366791,0.3893521726131439,-0.26471883058547974,0.32929903268814087,0.12078551203012466,0.04127755016088486,-0.7503862380981445,-0.08269618451595306,-0.16332051157951355,-0.20847705006599426,-0.2850714325904846,-0.038381680846214294,0.019429083913564682,0.15020549297332764,-0.36080071330070496,0.09763986617326736,0.304238885641098,-0.007339358329772949,0.016165602952241898,0.05619928240776062,0.05001557990908623,-0.27533742785453796,-0.7079704403877258,-0.02999674156308174,-0.3326214551925659,-0.25663045048713684,0.1188356876373291,0.0013765089679509401,-0.037127651274204254,-0.20426449179649353,0.4200358986854553,0.03285335749387741,-0.9878143072128296,0.13818353414535522,-0.2883461117744446,0.11387203633785248,-0.1903378665447235,0.03975794091820717,-0.19466140866279602,0.5768729448318481,0.09441061317920685,-0.07729372382164001,-0.22685503959655762,-0.11203379929065704,-0.1356748342514038,0.18776683509349823,0.27281251549720764,0.25639069080352783,0.22996863722801208,0.2526860237121582,-0.07328817993402481,-0.038537561893463135,-0.11743058264255524,-0.08651857078075409,0.05653146654367447,0.02681630849838257,-0.06344274431467056,-0.016651656478643417,-0.3246999680995941,0.06478337198495865,0.4543691575527191,0.022996334359049797,-0.0671447366476059,-0.04929090663790703,-0.010326886549592018,-0.1422201693058014,-0.5655085444450378,-0.042721860110759735,-0.19146358966827393,0.14464814960956573,0.184610053896904,-0.20710547268390656,0.2796495258808136,0.154827281832695,-0.1974925547838211,0.24217233061790466,-0.15640626847743988,-0.1861281543970108,-0.3675113618373871,0.16595657169818878,0.1649647057056427,0.2528480887413025,0.13649310171604156,0.08761453628540039,0.17088226974010468,0.13959625363349915,0.3455076217651367,0.0781022235751152,0.005435514263808727,-0.5430058240890503,-0.001728481031022966,-0.08270926773548126,0.20915499329566956,-0.9444620013237,-0.17262747883796692,-0.08863765001296997,-0.4246091842651367,0.06930775940418243,0.11586865037679672,0.2953157126903534,0.15720084309577942,0.20977024734020233,0.027746135368943214,-0.15964347124099731,-0.5705314874649048,-0.2982829213142395,0.15149331092834473,0.06240656226873398,0.34463709592819214,-0.34220457077026367,-0.09582310914993286,-0.1811569631099701,-0.16578161716461182,0.17138700187206268,0.16145353019237518,-0.044685110449790955,-0.22795748710632324,-0.05714746564626694,-0.21783554553985596,0.01138570997864008,0.22905747592449188,-0.08770962059497833,0.034664761275053024,0.16492490470409393,-0.12387865781784058,0.2629484236240387,0.13204506039619446,-0.07771813869476318,-0.0980038195848465,-0.42730528116226196,-0.17373676598072052,0.15969619154930115,-0.012404387816786766,-0.09666641056537628,-1.0275046825408936,0.1604996621608734,0.6417651176452637,0.12422779947519302,-0.16138413548469543,0.13178300857543945,0.014710485935211182,0.05133187025785446,-0.16777172684669495,-0.254207581281662,0.3457292914390564,-0.06368174403905869,-0.08343994617462158,0.04424942657351494,0.14936009049415588,-0.04247039556503296,-0.35890525579452515,0.06771613657474518,0.43968600034713745,0.1976514756679535,0.05883930251002312,-0.09045134484767914,0.05191485956311226,-0.12306177616119385,-0.2565358281135559,-0.054393112659454346,0.7776147723197937,-0.0851338729262352,0.09392468631267548,-0.3663631081581116,-0.06815928965806961,-0.0456739142537117,-0.06670904904603958,0.16344287991523743,0.05688606575131416,-0.2199697196483612,-0.34936705231666565,0.09460969269275665,0.004584473557770252,-0.21235549449920654,-0.35919803380966187,0.14531353116035461,-0.12445087730884552,0.08016888797283173,0.005731105804443359,-0.1671694815158844,-0.23573458194732666,-0.18139871954917908,0.199801966547966,-0.0776062160730362,-0.09781190752983093,-0.0030043362639844418,0.19102852046489716,-0.18372055888175964,0.5471298694610596,0.0453793965280056,0.0579560287296772,0.08785039186477661,0.018155058845877647,-0.22483797371387482,-0.5718460083007812,-0.16024437546730042,0.3344433009624481,-0.022582033649086952,0.16850720345973969,-0.27493104338645935,1.0075968503952026,0.30606478452682495,-0.07965714484453201,-0.09230136126279831,0.046016208827495575,0.15391471982002258,-0.4549643099308014,-0.1670035421848297,-0.044161926954984665,0.007725569419562817,0.2967131435871124,0.18434453010559082,-0.32869723439216614,-0.08461213111877441,-0.039129287004470825,0.0595969557762146,0.035139299929142,-0.09574437141418457,0.1694297194480896,0.06034522131085396,0.20081675052642822,-1.0484145879745483,-0.16435256600379944,0.6261364221572876,0.23092801868915558,0.16806218028068542,0.07212802022695541,0.00555178988724947
CID000004499,806,-0.05393568426370621,0.02971835993230343,-0.1325804591178894,-0.033197127282619476,0.2021668404340744,0.3226546347141266,-0.17820118367671967,0.1293945610523224,-0.019732218235731125,-0.3509519398212433,0.3768095374107361,-0.5496170520782471,0.44082584977149963,-0.17369964718818665,-0.05694970488548279,-0.04690885543823242,-0.08933763951063156,-0.03378129005432129,0.22319495677947998,0.05648347735404968,-0.03162597492337227,-0.08377327769994736,-0.006284528877586126,0.0005590334767475724,-0.054328352212905884,-0.13357172906398773,-0.03652346134185791,0.0977482944726944,-0.10858581215143204,0.5104429721832275,-0.18699729442596436,0.09921254217624664,0.19885340332984924,-0.09771222621202469,-0.4495503306388855,-0.035210687667131424,-0.2977132201194763,-0.20099548995494843,-0.13061228394508362,-0.003852830734103918,0.4082946181297302,0.08614969253540039,-0.3435245156288147,0.029329394921660423,0.22226443886756897,0.03646090626716614,-0.06291567534208298,-0.05697764828801155,-0.10552878677845001,-0.24047712981700897,-0.4676589071750641,0.1706361025571823,-0.1588682383298874,-0.21304185688495636,0.18760642409324646,-0.10505501925945282,0.0498555488884449,0.005739784333854914,0.016513627022504807,-0.022586578503251076,-0.6999038457870483,0.38057389855384827,-0.280612051486969,0.16118238866329193,0.21160253882408142,-0.11154015362262726,-0.4947003424167633,0.40484118461608887,-0.24430449306964874,0.1881750226020813,-0.5400974750518799,0.1982848346233368,-0.11700651794672012,-0.13545969128608704,0.3730703294277191,0.19299909472465515,0.34863758087158203,0.06500954926013947,0.3194194734096527,-0.003597252070903778,-0.36770254373550415,-0.045825522392988205,-0.24037273228168488,-0.08990142494440079,-0.19276642799377441,-0.12240844964981079,-0.28184226155281067,0.19861984252929688,0.35426363348960876,-0.11181560903787613,0.056907135993242264,-0.16271227598190308,0.10970896482467651,0.1257615089416504,-0.4880700707435608,-0.0017106070881709456,-0.19699245691299438,0.05438024923205376,0.008699226193130016,-0.36263927817344666,0.2041112184524536,0.15837213397026062,-0.2547639012336731,0.28324007987976074,-0.3885366916656494,0.1774996668100357,-0.3961809277534485,0.3514243960380554,0.24444544315338135,0.22664634883403778,-0.05788470432162285,0.06119810417294502,0.3355754017829895,0.005305239465087652,0.1666676104068756,-0.0669916421175003,0.2174176722764969,-0.5495450496673584,0.06956528127193451,0.14397558569908142,0.10484043508768082,-0.67373126745224,-0.2197273224592209,-0.5800994634628296,-0.40784135460853577,0.061619412153959274,-0.06114520505070686,0.42623934149742126,0.10996995121240616,0.04488362744450569,-0.20850563049316406,-0.07718221843242645,-0.5197165012359619,-0.3956816494464874,-0.22953541576862335,-0.17065295577049255,0.7004981637001038,-0.19046831130981445,0.2964150905609131,-0.2280960977077484,-0.10998113453388214,0.3090422749519348,-0.018040984869003296,-0.027531106024980545,-0.07954822480678558,-0.1161949634552002,-0.12051715701818466,0.08422805368900299,-0.024832917377352715,-0.21500682830810547,-0.02302396111190319,-0.005024538841098547,-0.03341887146234512,0.39832815527915955,-0.18053004145622253,-0.08566652238368988,-0.14714987576007843,-0.46299585700035095,0.008370844647288322,0.17606422305107117,0.10370497405529022,0.23627939820289612,-0.656032919883728,0.07041092216968536,0.4154985547065735,0.23613257706165314,0.015240827575325966,-0.0048088193871080875,0.2168072909116745,-0.07920686900615692,-0.14028455317020416,-0.1982492208480835,0.47935622930526733,0.15707632899284363,-0.10332618653774261,-0.24864605069160461,0.050644051283597946,0.09469655156135559,-0.45183858275413513,-0.18849807977676392,0.36051663756370544,0.3873501718044281,0.13417387008666992,-0.06333332508802414,-0.030749663710594177,0.09343268722295761,-0.42967766523361206,-0.13662411272525787,0.4535023272037506,0.3777190148830414,0.07839341461658478,-0.2814942002296448,-0.10231796652078629,0.05095813423395157,-0.24062971770763397,0.34841907024383545,-0.06597383320331573,0.01644330844283104,-0.09714850038290024,-0.005034873727709055,0.280989408493042,-0.04404076188802719,-0.30275261402130127,0.01923377811908722,-0.25484025478363037,0.6637904644012451,-0.34271177649497986,-0.347665011882782,-0.0770006850361824,-0.14589056372642517,0.0428985171020031,-0.0201477762311697,-0.058598458766937256,0.05199779197573662,0.12140697240829468,-0.13282853364944458,0.43249455094337463,-0.09037882089614868,0.044505052268505096,-0.16161535680294037,0.052346717566251755,-0.00340629811398685,-0.4775121808052063,0.07665206491947174,0.45811811089515686,0.005727855022996664,0.07226885855197906,-0.412240207195282,0.8939286470413208,0.08827871829271317,-0.325228214263916,0.03181285411119461,-0.10384569317102432,0.041007570922374725,-0.5075072050094604,-0.2642640471458435,0.11931649595499039,0.2547561526298523,0.2921052873134613,-0.07803919166326523,-0.3023654818534851,-0.18083254992961884,-0.01720317080616951,0.0030518234707415104,-0.11545506864786148,-0.09322503954172134,0.7703427076339722,-0.11980588734149933,-0.090134397149086,-0.6236709356307983,-0.3006627559661865,-0.041572775691747665,-0.0363229438662529,-0.073282890021801,0.057128749787807465,-0.28297990560531616
CID003062316,809,-0.13918575644493103,-0.06676234304904938,-0.15220649540424347,-0.11816923320293427,0.1553579568862915,0.26915913820266724,-0.051788330078125,0.10441984236240387,-0.1982302963733673,-0.17896327376365662,0.04445654898881912,-0.5290176272392273,0.23124635219573975,-0.15679290890693665,-0.12657783925533295,-0.08666200190782547,0.08871875703334808,0.1529376059770584,0.12328531593084335,-0.058521419763565063,0.1515982747077942,-0.08505848795175552,-0.0094658974558115,-0.16058924794197083,-0.004383750259876251,-0.1916688233613968,0.22000882029533386,-0.06760178506374359,-0.1227228045463562,0.28618305921554565,-0.24527239799499512,0.24885442852973938,-0.0300665982067585,0.012231525965034962,-0.6321688294410706,-0.08684597909450531,-0.04925038665533066,-0.27689024806022644,-0.10748585313558578,-0.02157093584537506,0.18383605778217316,0.1601071059703827,-0.27081722021102905,0.11452335119247437,0.30581194162368774,0.31472790241241455,0.19489531219005585,-0.14423033595085144,0.11665662378072739,-0.1522812843322754,-0.6205047965049744,0.14143745601177216,-0.275707870721817,0.0031616315245628357,0.25723129510879517,-0.0974189043045044,0.06400133669376373,-0.2876894474029541,0.2547166347503662,0.17461104691028595,-0.8576031923294067,0.1848280280828476,-0.43548211455345154,0.021128449589014053,0.042665932327508926,0.13185669481754303,-0.06630434840917587,0.26835688948631287,0.022657502442598343,0.08190400153398514,0.04102250561118126,-0.11670468002557755,0.1197568029165268,0.10014607012271881,0.14379733800888062,0.14744019508361816,0.06186100095510483,0.35511067509651184,-0.2113463133573532,-0.17859943211078644,-0.1526891589164734,0.001316202455200255,-0.15609683096408844,-0.19366107881069183,-0.11360504478216171,0.010398710146546364,-0.29048222303390503,-0.13606098294258118,0.20363669097423553,-0.04008476063609123,-0.037869617342948914,-0.2217981368303299,-0.05136432498693466,-0.10188931226730347,-0.39960119128227234,-0.10435817390680313,-0.21309475600719452,0.17763355374336243,0.29764923453330994,-0.3407074809074402,0.16034236550331116,0.17576685547828674,-0.1745067834854126,-0.013562550768256187,-0.14871519804000854,-0.016735833138227463,-0.4996066093444824,0.24529533088207245,-0.05217207595705986,0.13619659841060638,0.1882345974445343,0.22870464622974396,0.11248721182346344,0.13380315899848938,0.0506126806139946,0.0035549744497984648,0.07798601686954498,-0.3576606214046478,0.13803353905677795,0.16273890435695648,0.04933878406882286,-0.7130208015441895,-0.07235701382160187,-0.1652098447084427,-0.23530812561511993,0.24857346713542938,0.07706625014543533,0.1833195984363556,0.21408434212207794,-0.02155064232647419,-0.1520157754421234,-0.02288081683218479,-0.5171718001365662,-0.2575328052043915,-0.16423609852790833,-0.04910678789019585,0.11433687061071396,-0.19870860874652863,-0.09470279514789581,-0.1431897133588791,-0.06444728374481201,0.04814577102661133,0.08756570518016815,0.006665235850960016,-0.1565110981464386,0.12146954238414764,-0.14099395275115967,-0.0448104552924633,0.17264291644096375,-0.08553922176361084,-0.04873230680823326,0.22614867985248566,0.0842941552400589,0.22275713086128235,0.028640801087021828,0.04218847304582596,-0.10434188693761826,-0.3363100588321686,0.14981016516685486,0.008375699631869793,-0.020059818401932716,-0.145862877368927,-0.798950731754303,0.05671250820159912,0.3978290855884552,0.16366548836231232,-0.046172503381967545,-0.1782829463481903,-0.00020662248425651342,-0.028714556246995926,-0.10116753727197647,-0.16243335604667664,0.28009581565856934,-0.2568746507167816,0.01822696626186371,-0.1529705822467804,0.15488585829734802,0.04274759441614151,-0.4046364426612854,-0.04354201629757881,0.34407395124435425,0.24192950129508972,0.09401171654462814,-0.15280434489250183,-0.010028380900621414,-0.09035386890172958,-0.17053993046283722,-0.22153230011463165,0.5813805460929871,-0.014126701280474663,0.04255877062678337,-0.0937669426202774,-0.04868575185537338,-0.09753268957138062,-0.07995960116386414,0.20921938121318817,-0.11233798414468765,-0.16304360330104828,-0.15465222299098969,0.12109818309545517,0.24682791531085968,-0.14365233480930328,-0.020579291507601738,0.13476690649986267,0.01753632351756096,0.0450698547065258,0.1988060027360916,-0.021556049585342407,-0.19593778252601624,-0.09350435435771942,-0.011565943248569965,0.24183368682861328,-0.03511315584182739,0.009011218324303627,-0.016525503247976303,0.0768209770321846,0.47950848937034607,0.06417610496282578,0.1512642204761505,-0.1426544189453125,-0.0869658812880516,-0.1525382697582245,-0.4073459208011627,-0.027417609468102455,0.2975955307483673,-0.10123705863952637,0.35291802883148193,-0.10638709366321564,0.7402230501174927,0.05508929491043091,-0.008930894546210766,-0.0911758542060852,-0.024419065564870834,0.11442229896783829,-0.4470902979373932,-0.1517038345336914,-0.12410060316324234,0.04753028228878975,0.23221711814403534,0.10972456634044647,-0.23922006785869598,-0.14267627894878387,0.15584605932235718,0.0033152936957776546,0.04333849996328354,0.06190383434295654,0.04755329340696335,-0.046284131705760956,0.32773324847221375,-0.774550199508667,0.029377520084381104,0.3607104420661926,0.17718662321567535,-0.13705123960971832,0.013270899653434753,-0.032068874686956406
CID000004920,810,-0.35263651609420776,-0.36985817551612854,-0.1831778883934021,0.0016971759032458067,0.11223573982715607,0.36073991656303406,0.003553838934749365,-0.1652456521987915,-0.47156158089637756,-0.45046013593673706,0.3044973611831665,-0.7182514071464539,0.29699429869651794,-0.39163151383399963,-0.038280829787254333,-0.05545306205749512,0.02622937224805355,-0.05056554824113846,-0.20590512454509735,-0.2828940749168396,-0.08774082362651825,-0.4897294044494629,-0.05027684569358826,0.28000935912132263,-0.22574973106384277,-0.06518464535474777,0.28013283014297485,0.06900228559970856,0.11719302833080292,0.4439099431037903,-0.08605843782424927,-0.34184354543685913,-0.054751090705394745,-0.11966637521982193,-0.3784412741661072,0.1516561210155487,-0.443037748336792,-0.24840135872364044,0.042155586183071136,0.09015323966741562,0.11526540666818619,0.19201603531837463,-0.19759289920330048,-0.09222549945116043,0.4695555567741394,0.049797989428043365,-0.11430899053812027,0.266063392162323,0.048368316143751144,-0.18638351559638977,-0.42812663316726685,0.14343604445457458,-0.18248067796230316,0.08057033270597458,0.022157562896609306,-0.011042425408959389,0.05314081907272339,-0.3049422800540924,0.18961861729621887,0.3884671926498413,-0.8238797187805176,0.2867450416088104,-0.15879999101161957,0.33922356367111206,-0.09453916549682617,0.15447990596294403,-0.19529838860034943,0.12792885303497314,0.07873623073101044,0.11208848655223846,-0.18847402930259705,0.372938871383667,-0.03189662843942642,-0.3143492043018341,0.4271087646484375,-0.12884607911109924,0.1164015680551529,0.3870641589164734,0.3112325370311737,0.11040990054607391,-0.22651071846485138,-0.14382079243659973,-0.2436586618423462,0.09685498476028442,0.0193885900080204,0.21976573765277863,-0.46609529852867126,0.062097229063510895,0.38136428594589233,0.1937667727470398,-0.2573201358318329,-0.23148076236248016,-0.13240490853786469,-0.11797206103801727,-0.4240153729915619,-0.06261437386274338,-0.2967981994152069,0.4972756803035736,0.18335700035095215,-0.6091803312301636,0.2971535325050354,0.34267720580101013,0.07623467594385147,0.033043332397937775,-0.3274441361427307,0.0050544412806630135,-0.43895024061203003,0.2555576264858246,-0.08106429129838943,-0.013783862814307213,-0.14026422798633575,-0.1994190514087677,0.3491595685482025,-0.18581905961036682,0.19682100415229797,0.29039567708969116,-0.16898532211780548,-0.46712327003479004,0.37740644812583923,-0.22466306388378143,-0.09350118786096573,-0.6090720891952515,-0.08157463371753693,-0.0481044203042984,-0.23641732335090637,0.27887576818466187,0.007298839278519154,0.2984769344329834,0.24087317287921906,-0.25821787118911743,-0.046227939426898956,0.10193480551242828,-0.6640496253967285,-0.4366629719734192,-0.10784108936786652,-0.051482342183589935,0.19267164170742035,-0.20081257820129395,0.3030717074871063,-0.36318129301071167,-0.2106710970401764,0.23700670897960663,0.1221611499786377,-0.015449300408363342,0.07530602067708969,-0.11579660326242447,0.10732129961252213,-0.14982245862483978,0.02642899379134178,-0.5493058562278748,-0.11860408633947372,-0.19856445491313934,0.09828685224056244,-0.03312560170888901,0.3875059485435486,0.04099324345588684,-0.14080262184143066,-0.43457871675491333,0.17886032164096832,-0.04149957746267319,0.10261807590723038,-0.29957300424575806,-0.7024272680282593,-0.24002662301063538,0.3156552016735077,0.22783410549163818,-0.03752792626619339,0.15881165862083435,0.04150856286287308,-0.13942569494247437,-0.3608148694038391,0.04213915392756462,0.5750278234481812,-0.06126537173986435,-0.16151289641857147,0.241944819688797,0.1727994978427887,0.32094064354896545,-0.5580592155456543,-0.07896162569522858,0.3102332353591919,0.6388598084449768,-0.30321282148361206,0.009526794776320457,0.10395852476358414,0.03203641623258591,-0.3770541548728943,-0.3220122754573822,0.47994089126586914,0.289122611284256,0.09791257232427597,-0.3256950378417969,-0.10255539417266846,-0.12894919514656067,-0.6145865321159363,0.47309979796409607,-0.18878452479839325,0.14282724261283875,-0.5915032625198364,-0.42899709939956665,0.004356485791504383,0.4071197509765625,-0.22086873650550842,-0.003828762797638774,-0.09781455248594284,0.26266050338745117,-0.15438981354236603,-0.22239649295806885,-0.5463331937789917,0.006483213510364294,-0.13973531126976013,-0.029277866706252098,0.008928464725613594,-0.09004762023687363,0.017114710062742233,-0.07144796848297119,0.6605249643325806,0.1310557723045349,-0.09820417314767838,-0.17779222130775452,0.23790419101715088,-0.07025419175624847,-0.7311860918998718,-0.072181835770607,0.4357978403568268,0.2238043248653412,0.09991753101348877,0.12196061760187149,0.6974261999130249,0.38833317160606384,0.04724038764834404,-0.05642005056142807,-0.4125669002532959,-0.0780152976512909,-0.26053422689437866,-0.3804023861885071,-0.10226371139287949,0.858057975769043,-0.16395045816898346,-0.2986801862716675,-0.19598285853862762,0.44125813245773315,-0.13323621451854706,0.2931309938430786,0.2741904556751251,-0.3070199489593506,0.21768026053905487,0.238983154296875,0.12802615761756897,-0.7013165950775146,-0.024114126339554787,0.6462647318840027,0.43928202986717224,-0.029946859925985336,0.022596105933189392,-0.11643777042627335
CID000005253,811,0.01811249740421772,0.0559086911380291,0.12503919005393982,-0.21042697131633759,0.9167653322219849,0.33689767122268677,0.21150505542755127,-0.012697422876954079,-0.24587254226207733,0.09882974624633789,0.16267839074134827,-0.27674245834350586,0.08805537968873978,-0.14495471119880676,-0.15830625593662262,0.11056928336620331,0.06385113298892975,-0.03797360509634018,-0.22643139958381653,0.07078627496957779,0.2890283465385437,0.2700304687023163,-0.015546915121376514,0.017609987407922745,0.022840719670057297,-0.04642372578382492,-0.08784040063619614,0.043972305953502655,0.0027911693323403597,0.1747959554195404,-0.1420377492904663,-0.3502592444419861,0.07797890901565552,-0.052568793296813965,-0.6576032042503357,0.06857268512248993,-0.3379289507865906,-0.24524915218353271,-0.19925205409526825,-0.22687557339668274,0.09260565042495728,0.04521391913294792,-0.34201672673225403,-0.16110609471797943,0.24522456526756287,0.2872867286205292,-0.2382849156856537,-0.08763692528009415,0.24547341465950012,-0.059790462255477905,-0.30688783526420593,-0.02559155784547329,-0.14867368340492249,-0.3415323495864868,0.09028474986553192,0.1085265725851059,-0.049136240035295486,-0.09257585555315018,0.5342494249343872,-0.05547158792614937,-0.9412136077880859,-0.07268427312374115,-0.2093673050403595,0.2748616635799408,-0.05116076394915581,-0.007027244661003351,-0.1248871311545372,0.07054595649242401,0.1264164000749588,0.15543781220912933,-0.5932891368865967,0.05364153906702995,0.18834905326366425,-0.2061275988817215,0.36541715264320374,-0.2154170572757721,-0.18807590007781982,0.019971106201410294,-0.02992117963731289,-0.39222049713134766,-0.24685029685497284,-0.16015145182609558,0.10277179628610611,0.0025624155532568693,-0.12796510756015778,-0.12877950072288513,-0.04005105420947075,0.08676518499851227,0.5959769487380981,0.018028903752565384,-0.20423129200935364,0.06333516538143158,0.08566812425851822,0.09607580304145813,-0.5723898410797119,0.051250338554382324,-0.22972555458545685,0.3940190076828003,-0.0011715248692780733,-0.042059317231178284,0.548793375492096,0.005958935711532831,0.09149287641048431,0.1014842763543129,-0.057403434067964554,0.1650250107049942,-0.4618520140647888,0.24135975539684296,-0.015666842460632324,0.16830480098724365,-0.07807804644107819,-0.006918048951774836,0.28980588912963867,-0.20385925471782684,0.22016453742980957,-0.006875765975564718,0.11537887901067734,-0.2103845328092575,0.2921314835548401,0.2215653359889984,-0.0021053552627563477,-0.9359244108200073,0.3873545229434967,-0.259019672870636,-0.5829377770423889,-0.08327117562294006,-0.01828109845519066,0.26051095128059387,-0.010634833946824074,-0.0030900402925908566,0.0132793840020895,0.10102735459804535,-0.2384728491306305,-0.3975238502025604,0.006127136759459972,-0.032291412353515625,0.34221699833869934,-0.3316109776496887,0.03216305375099182,0.07180789858102798,0.08232324570417404,0.10743546485900879,0.09818057715892792,0.07504083961248398,0.018270736560225487,0.0182011928409338,0.1850477159023285,0.037216782569885254,0.1323547065258026,0.22965562343597412,-0.25574225187301636,-0.07891486585140228,-0.2315634936094284,0.06653168052434921,-0.014918169006705284,-0.09278954565525055,0.06945676356554031,-0.1789993941783905,0.04377445578575134,0.32814961671829224,0.1904943734407425,0.18058940768241882,-1.0092518329620361,-0.0032276795245707035,0.4700886607170105,0.15758761763572693,-0.35988834500312805,0.09200984239578247,0.15856194496154785,0.24418601393699646,-0.372219055891037,-0.26887065172195435,0.5248498916625977,-0.1990673542022705,-0.2579500079154968,-0.11254521459341049,0.21850518882274628,0.06894587725400925,-0.24654905498027802,-0.046305738389492035,0.17593084275722504,0.10560633987188339,-0.014709082432091236,0.08349651843309402,-0.05688568204641342,-0.0027088418137282133,-0.3979063034057617,0.2625977694988251,0.7934532761573792,-0.0026224374305456877,0.17503702640533447,-0.5040735602378845,0.06368394941091537,-0.019071215763688087,-0.05456976220011711,0.5038285255432129,0.10628201812505722,0.002288368297740817,-0.09967285394668579,-0.36456298828125,0.1056053638458252,0.11546297371387482,-0.29934149980545044,-0.04625964164733887,-0.07182423025369644,0.2743942439556122,0.2660398483276367,0.06976691633462906,-0.1942196786403656,-0.21985208988189697,0.2619364261627197,-0.07368515431880951,-0.11236564069986343,-0.06496568769216537,0.19082358479499817,-0.044350869953632355,0.6639551520347595,-0.032656360417604446,-0.1066344752907753,-0.08928197622299194,0.04552600905299187,0.035356275737285614,-0.8263819813728333,0.1642620861530304,0.20634964108467102,-0.08887113630771637,0.12980210781097412,-0.15554073452949524,0.8248383402824402,-0.015693772584199905,0.3553089499473572,0.05007360503077507,0.07696275413036346,0.17685282230377197,-0.7028929591178894,-0.04478692635893822,-0.09135083854198456,0.0646732747554779,-0.07507287710905075,0.04204309731721878,-0.6313990354537964,-0.04652617126703262,-0.06121920421719551,-0.1278335601091385,-0.09143801033496857,-0.6547929048538208,0.14608265459537506,0.07479555159807205,-0.08938168734312057,-0.795439600944519,0.14632777869701385,0.2270081788301468,0.35831886529922485,0.16646640002727509,-0.1447434276342392,0.12432861328125
CID000060795,812,-0.023615961894392967,0.162835031747818,0.22325637936592102,0.09570497274398804,0.4194301664829254,0.350564181804657,-0.1112651452422142,0.08638231456279755,-0.29313716292381287,-0.00894799642264843,-0.13435161113739014,-0.17961940169334412,0.11898835003376007,-0.2301396131515503,-0.15181389451026917,0.054827671498060226,-0.037722475826740265,0.25902697443962097,-0.19129714369773865,0.009435947053134441,-0.019928866997361183,-0.14834950864315033,0.09481625258922577,0.01585208997130394,0.06620299071073532,-0.15911254286766052,0.338250070810318,-0.031000103801488876,-0.120841383934021,0.3986453711986542,-0.3331022560596466,-0.25502917170524597,-0.048330213874578476,0.05198419839143753,-0.5206428170204163,0.012129428796470165,-0.3391731381416321,-0.25251662731170654,-0.24811594188213348,0.1370207667350769,-0.02328011393547058,0.08090722560882568,-0.11990533024072647,-0.309634268283844,0.4350263476371765,0.11793094873428345,0.13312199711799622,0.09761042892932892,0.030171256512403488,-0.04839479550719261,-0.8118277788162231,0.14299733936786652,-0.047220226377248764,-0.22391030192375183,0.026645749807357788,0.06925517320632935,0.10138776153326035,0.16202351450920105,0.2799060344696045,-0.2847828269004822,-0.9242570996284485,-0.017011314630508423,-0.17503158748149872,0.07421167939901352,-0.05663074180483818,0.17229516804218292,-0.12321960926055908,0.04127468913793564,0.09419486671686172,0.1352921426296234,-0.3290427327156067,0.20698300004005432,-0.12757743895053864,-0.11261014640331268,0.12558981776237488,-0.11594703048467636,0.0016210675239562988,0.28608381748199463,0.14515063166618347,-0.1707979291677475,-0.07559190690517426,-0.15459680557250977,-0.06320313364267349,-0.050159744918346405,-0.055532194674015045,0.11631937325000763,-0.13042867183685303,0.3029032349586487,0.4923558831214905,-0.24748869240283966,-0.13825678825378418,0.010985353961586952,0.10377837717533112,0.015713389962911606,-0.7395349740982056,0.05656569078564644,-0.23678438365459442,0.3086155951023102,0.24464614689350128,-0.13110657036304474,0.5321797132492065,-0.162022665143013,0.16887414455413818,0.14919929206371307,-0.0873614177107811,-0.07144252955913544,-0.18074201047420502,0.19610662758350372,-0.1779644787311554,0.10252596437931061,-0.19330130517482758,-0.20574860274791718,0.4397193491458893,-0.09162850677967072,0.11688350141048431,-0.022186920046806335,0.05939389392733574,-0.007526923902332783,0.14277586340904236,-0.20232677459716797,0.1488095223903656,-0.8092716932296753,-0.06653740257024765,-0.751399576663971,-0.435723215341568,-0.09018005430698395,-0.02617204189300537,0.376431405544281,0.24951854348182678,0.2215040922164917,0.13122199475765228,-0.3208833336830139,-0.3933672606945038,-0.25177058577537537,0.011775176040828228,-0.22485074400901794,0.372152179479599,-0.5468595623970032,0.037138599902391434,0.19915644824504852,0.17564672231674194,0.08081769198179245,0.051516253501176834,0.08602049946784973,-0.007943903096020222,-0.06978969275951385,0.278838187456131,0.142409086227417,-0.02172691561281681,-0.24740712344646454,0.017053373157978058,0.10848377645015717,0.10417622327804565,0.007868146523833275,0.015586781315505505,-0.017959948629140854,-0.2543714642524719,-0.3145174980163574,0.09324854612350464,-0.0711711123585701,0.10632505267858505,0.05540601536631584,-0.8334711790084839,-0.09890217334032059,0.25090134143829346,0.27210938930511475,-0.40985196828842163,-0.17654934525489807,0.39001330733299255,-0.006752201821655035,0.0113185690715909,0.07191167771816254,0.2727741599082947,-0.07899177074432373,-0.001148763345554471,0.1692788153886795,0.23475658893585205,0.1447206288576126,-0.4611817002296448,-0.035198669880628586,0.23237848281860352,0.2282029092311859,0.10991840064525604,-0.0636783167719841,-0.022245541214942932,0.02844790183007717,-0.49041399359703064,0.19433769583702087,0.5703035593032837,0.0076791392639279366,-0.03304817155003548,-0.4067412316799164,-0.05862697213888168,-0.30329036712646484,-0.1049278974533081,0.6198288202285767,0.08579524606466293,-0.04126840829849243,-0.08309867233037949,-0.0373922660946846,-0.17146232724189758,-0.15232066810131073,-0.32999998331069946,0.13223512470722198,0.1296088695526123,0.09360523521900177,-0.08068474382162094,-0.11104077100753784,-0.2811768651008606,0.03452364355325699,0.15996862947940826,0.12874500453472137,0.05862549692392349,0.05710209533572197,0.356647789478302,-0.38697510957717896,0.576367974281311,-0.20228227972984314,-0.03504200279712677,-0.17233328521251678,-0.15294665098190308,0.11880519241094589,-0.35430043935775757,0.08065368235111237,0.4394717216491699,-0.036008164286613464,0.1301671862602234,-0.2491372525691986,0.6104196310043335,-0.2444799691438675,0.0015201062196865678,-0.045084383338689804,-0.02954462543129921,0.02589433267712593,-0.4001719057559967,-0.20903949439525604,-0.4219956398010254,-0.03480751812458038,0.10514303296804428,-0.10608973354101181,-0.10318465530872345,0.12376326322555542,0.12962308526039124,0.023432141169905663,-0.18929165601730347,-0.6772391200065613,0.03515693545341492,0.1168723851442337,-0.000668492924887687,-0.6955531239509583,-0.07250820100307465,-0.10020212084054947,0.22516658902168274,0.22908703982830048,0.02364744246006012,-0.1261565387248993
CID000004473,813,-0.12196636199951172,0.11112872511148453,-0.05956006795167923,-0.001980236964300275,0.1767791211605072,0.30016201734542847,-0.06544842571020126,0.17828644812107086,-0.002778989030048251,-0.35548481345176697,0.34494906663894653,-0.5358619689941406,0.43672633171081543,-0.22097837924957275,-0.07875050604343414,-0.14784060418605804,-0.15515753626823425,-0.023189062252640724,0.19399061799049377,0.07711184769868851,0.0003320843097753823,-0.08696678280830383,0.00046050772652961314,-0.10029175132513046,-0.10006453841924667,-0.1658778339624405,-0.14360526204109192,-0.015617752447724342,-0.07651613652706146,0.4537777900695801,-0.2436920404434204,-0.01393955945968628,0.07223651558160782,-0.1036226749420166,-0.3509971797466278,0.060917533934116364,-0.22039858996868134,-0.17282551527023315,-0.25919681787490845,-0.04385131970047951,0.47551488876342773,0.06432358920574188,-0.3254128098487854,0.045321445912122726,0.27229130268096924,-0.03590085357427597,-0.08164464682340622,-0.10310600697994232,-0.12977930903434753,-0.2825831174850464,-0.4658470153808594,0.21022193133831024,-0.1993587613105774,-0.17336280643939972,0.25240033864974976,-0.07563723623752594,0.12082672119140625,-0.05229228734970093,0.027015024796128273,0.007609623484313488,-0.7145390510559082,0.4309508204460144,-0.254798948764801,0.20832283794879913,0.21119050681591034,-0.0807352364063263,-0.5143681764602661,0.4001210331916809,-0.13685955107212067,0.20637018978595734,-0.5900139808654785,0.20500393211841583,-0.10174113512039185,-0.055710889399051666,0.2977343499660492,0.09918417781591415,0.3392173647880554,0.051567595452070236,0.2937029004096985,-0.016882112249732018,-0.29011207818984985,-0.08024312555789948,-0.28695255517959595,-0.19788387417793274,-0.2532496750354767,-0.05161919444799423,-0.27634358406066895,0.24478785693645477,0.3670889735221863,-0.033177465200424194,-0.01836603879928589,-0.15154923498630524,0.14277203381061554,0.1781722605228424,-0.48059582710266113,-0.005917522124946117,-0.2371428906917572,0.13092736899852753,0.11464446783065796,-0.3380446135997772,0.1947481334209442,0.21140813827514648,-0.1505342423915863,0.2604629695415497,-0.38714227080345154,0.14971934258937836,-0.29691341519355774,0.29321619868278503,0.2912464439868927,0.24468772113323212,0.09025777876377106,0.06067976355552673,0.4969882369041443,0.09746178984642029,0.19589677453041077,-0.06546978652477264,0.24964985251426697,-0.5786827802658081,0.0292363278567791,0.12899893522262573,0.08806993812322617,-0.7082605361938477,-0.28460949659347534,-0.4993214011192322,-0.49605974555015564,0.012504476122558117,-0.09386934340000153,0.5268914103507996,0.13833710551261902,0.1885472983121872,-0.18268075585365295,-0.1491401195526123,-0.5358364582061768,-0.3558353781700134,-0.15652577579021454,-0.3506520688533783,0.6609587073326111,-0.18221072852611542,0.26389262080192566,-0.22715285420417786,-0.22178764641284943,0.31678852438926697,-0.012979984283447266,-0.09555183351039886,-0.1472904533147812,-0.10349724441766739,-0.13447685539722443,0.10570647567510605,-0.007066505961120129,-0.12860551476478577,-0.05246465280652046,0.059475649148225784,0.10852739959955215,0.39235740900039673,-0.21893176436424255,-0.03807297348976135,-0.15659277141094208,-0.37934622168540955,-0.06108938902616501,0.1009163111448288,0.09524314850568771,0.18574047088623047,-0.6952117085456848,-0.06557656079530716,0.4819803833961487,0.252877801656723,-0.15416517853736877,0.01651008427143097,0.3215874135494232,-0.15217478573322296,-0.1665152758359909,-0.20397508144378662,0.5034517049789429,0.15197893977165222,-0.07526683807373047,-0.14602987468242645,0.03716953843832016,0.24764850735664368,-0.38422340154647827,-0.2556329369544983,0.3692549765110016,0.35124704241752625,0.22551660239696503,-0.06394423544406891,-0.10313083976507187,-0.0037365644238889217,-0.5012184381484985,-0.14494740962982178,0.4346747398376465,0.3984054923057556,0.08805738389492035,-0.2717147767543793,-0.07997427135705948,0.07888347655534744,-0.27915093302726746,0.31292155385017395,-0.06105230376124382,0.15835195779800415,-0.12760242819786072,0.008097940124571323,0.24847766757011414,0.007462054491043091,-0.24715380370616913,0.06950512528419495,-0.2526780366897583,0.5868237614631653,-0.28443580865859985,-0.3026309609413147,-0.08937934786081314,-0.12957146763801575,0.000771278515458107,-0.05553453043103218,-0.03039933368563652,0.11732174456119537,0.09261749684810638,-0.10226516425609589,0.4268631339073181,0.0678911954164505,-0.09445632994174957,-0.20569832623004913,-0.004690487869083881,-0.009659585542976856,-0.4837002754211426,0.14308805763721466,0.5272053480148315,0.0700126513838768,0.20105049014091492,-0.39408478140830994,0.903448224067688,0.07694384455680847,-0.20214541256427765,0.025449860841035843,-0.11872558295726776,0.07164316624403,-0.441535085439682,-0.22598397731781006,0.12520967423915863,0.27017295360565186,0.30874937772750854,0.005585914943367243,-0.17423243820667267,-0.14466646313667297,0.018242385238409042,-0.034928787499666214,-0.14653393626213074,-0.14065150916576385,0.7770692110061646,-0.09330199658870697,-0.12073613703250885,-0.6244423985481262,-0.25589847564697266,-0.004895773716270924,-0.07536967098712921,-0.07651164382696152,-0.009885349310934544,-0.373073011636734
CID005381226,832,-0.0007807165384292603,0.14780113101005554,0.044865336269140244,0.1438935101032257,0.32555145025253296,0.2606993615627289,0.15781792998313904,-0.15886934101581573,-0.23686771094799042,-0.16886763274669647,0.03881244361400604,-0.5340423583984375,0.19405481219291687,-0.1590697020292282,-0.29845690727233887,-0.09256800264120102,0.03108600154519081,-0.22244367003440857,0.18623389303684235,-0.042982377111911774,0.16415631771087646,-0.16411657631397247,-0.26392826437950134,-0.01370234228670597,-0.03856802359223366,-0.10472798347473145,0.1944943070411682,0.19553020596504211,-0.07417108863592148,0.41738542914390564,-0.21827009320259094,0.23840650916099548,0.15375833213329315,0.08177495002746582,-0.7239792943000793,0.010593181475996971,-0.06813931465148926,-0.18967236578464508,-0.20544596016407013,-0.03404410183429718,-0.019524166360497475,0.15506814420223236,-0.30827945470809937,0.08188538998365402,0.39035966992378235,-0.04287290573120117,0.03846920654177666,0.09393405169248581,0.07353349775075912,-0.2939590811729431,-0.5491942167282104,0.009527051821351051,-0.2555100917816162,-0.27426162362098694,0.09015630930662155,0.022410240024328232,-0.022993197664618492,-0.12256348133087158,0.3538246154785156,0.09621240198612213,-0.928746223449707,0.0797361359000206,-0.37481895089149475,-0.008625906892120838,-0.10498517751693726,0.0003667742130346596,-0.1822730302810669,0.5334278345108032,0.10877250134944916,-0.028420936316251755,-0.20234766602516174,-0.11314380168914795,-0.16551914811134338,0.14343079924583435,0.20779187977313995,0.23305431008338928,0.229029580950737,0.2492809295654297,0.005739820189774036,-0.04874015972018242,-0.11571007966995239,-0.040505003184080124,0.08628300577402115,0.04571811109781265,-0.030774017795920372,-0.025243153795599937,-0.3150203227996826,0.04176889732480049,0.46376490592956543,-0.017658313736319542,-0.035228434950113297,-0.07455834001302719,0.03351912647485733,-0.13013619184494019,-0.48475247621536255,-0.059166379272937775,-0.12941111624240875,0.13910257816314697,0.2022000253200531,-0.16199445724487305,0.2791707515716553,0.07947714626789093,-0.16749581694602966,0.22298631072044373,-0.18873420357704163,-0.13515885174274445,-0.3575569987297058,0.22751975059509277,0.12948384881019592,0.24916787445545197,0.1824251115322113,0.11628241837024689,0.14478041231632233,0.14862845838069916,0.3028319478034973,0.10448415577411652,-0.026346076279878616,-0.5885199308395386,0.032841045409440994,-0.11073297262191772,0.07011686265468597,-0.9331428408622742,-0.22797289490699768,0.005491468124091625,-0.49291524291038513,0.06651909649372101,0.1700620800256729,0.38945335149765015,0.1828427016735077,0.2571107745170593,0.055773090571165085,-0.15204432606697083,-0.486070454120636,-0.29060688614845276,0.07540147751569748,0.08625084161758423,0.31483468413352966,-0.3727801442146301,-0.04847527667880058,-0.16277237236499786,-0.11529541015625,0.18533530831336975,0.22895440459251404,-0.048517294228076935,-0.22763140499591827,-0.16921916604042053,-0.16846349835395813,0.014903712086379528,0.22679324448108673,-0.11979998648166656,0.05645357444882393,0.16416899859905243,-0.16599182784557343,0.19188129901885986,0.19566914439201355,-0.08932335674762726,-0.01583528146147728,-0.4653916358947754,-0.12232935428619385,0.12876072525978088,-0.04574460908770561,0.021305443719029427,-0.9642572402954102,0.08451218158006668,0.6130535006523132,0.1091461181640625,-0.10960651934146881,0.15775272250175476,0.08901621401309967,0.006057349033653736,-0.12770655751228333,-0.29066577553749084,0.3733551502227783,0.030994098633527756,-0.05371760204434395,0.10471870005130768,0.12121091037988663,-0.0246504545211792,-0.40762320160865784,0.030308401212096214,0.3833528161048889,0.22335946559906006,0.06190701201558113,-0.004500791430473328,0.02284208871424198,-0.1460917443037033,-0.2519294321537018,-0.15123069286346436,0.7313815951347351,-0.07044881582260132,0.17354875802993774,-0.4276227056980133,-0.08367709815502167,-0.05963774397969246,-0.058325380086898804,0.2636178731918335,0.08575238287448883,-0.14238251745700836,-0.3747931122779846,0.09347371011972427,-0.030642922967672348,-0.1706782579421997,-0.3842887878417969,0.11864850670099258,-0.09135095775127411,0.07167481631040573,-0.03845817595720291,-0.18142572045326233,-0.25208526849746704,-0.16454730927944183,0.2663307785987854,-0.11136794090270996,-0.08230485022068024,0.00923389196395874,0.19035741686820984,-0.1016843318939209,0.5606179237365723,0.03113855980336666,0.03427717834711075,0.027050431817770004,0.005443851463496685,-0.23101592063903809,-0.5882337689399719,-0.15325137972831726,0.3357321619987488,-0.04192975535988808,0.18197005987167358,-0.27557462453842163,0.9009591937065125,0.22769160568714142,-0.09602539986371994,-0.09488571435213089,-0.05040121078491211,0.11592938005924225,-0.4264160096645355,-0.21799524128437042,-0.0956224873661995,0.02265344001352787,0.3630236089229584,0.21861109137535095,-0.32447105646133423,-0.07624391466379166,-0.038461994379758835,0.12703737616539001,0.0341082438826561,-0.06305616348981857,0.18601450324058533,0.1266915500164032,0.15413138270378113,-1.0024116039276123,-0.2476314753293991,0.6240355372428894,0.12621140480041504,0.15498967468738556,0.0753241553902626,-0.05588601902127266
CID000054374,833,0.17242899537086487,-0.10803345590829849,0.2053159475326538,-0.07642020285129547,0.4613686501979828,0.27722904086112976,0.08616961538791656,-0.09137244522571564,-0.2040337771177292,-0.0794425904750824,-0.00790824182331562,-0.5872584581375122,0.28070834279060364,-0.3915679454803467,0.008902478031814098,0.30589616298675537,0.22858944535255432,0.13825102150440216,0.0739610344171524,-0.05068974569439888,0.1606602668762207,0.24073973298072815,0.011897196993231773,0.04917523264884949,0.18394620716571808,0.20699389278888702,0.0744590163230896,-0.283542662858963,-0.04205618053674698,0.506657063961029,-0.28044766187667847,0.092685267329216,0.28319257497787476,0.03575402498245239,-0.4535413384437561,0.008175104856491089,-0.5451804995536804,-0.39506635069847107,-0.5672410726547241,0.018271366134285927,0.0015150427352637053,-0.15446099638938904,-0.33792656660079956,-0.20137973129749298,0.7956597208976746,-0.3122178912162781,-0.02551906183362007,-0.14878708124160767,-0.28118839859962463,0.10230989754199982,-0.6987049579620361,-0.11504290997982025,-0.28253093361854553,-0.19829592108726501,-0.0637485608458519,0.0658554658293724,0.006627420894801617,0.4161214828491211,0.5170069336891174,-0.24875712394714355,-0.8487828373908997,0.21596331894397736,-0.12553289532661438,-0.00035530925379134715,0.013988843187689781,0.403738409280777,-0.24419312179088593,0.3998451232910156,-0.007614292204380035,0.027946900576353073,-0.1576608568429947,0.32727181911468506,0.07155300676822662,-0.1429489552974701,0.648611843585968,0.09670229256153107,-0.21890473365783691,0.4506598114967346,0.04177600145339966,0.0354544036090374,-0.2068517506122589,0.37974610924720764,0.3541414141654968,-0.3190208077430725,0.021185174584388733,-0.1197715550661087,-0.13737210631370544,0.2996654510498047,0.7751106023788452,-0.0065619079396128654,0.23025020956993103,-0.27097243070602417,0.05113720893859863,0.41988497972488403,-0.9634383916854858,-0.3298221230506897,-0.2768593430519104,0.3808426260948181,-0.293440580368042,-0.4338928163051605,0.8433958292007446,-0.34388458728790283,0.1380874514579773,0.6757777333259583,-0.46644359827041626,-0.028338458389043808,-0.42419981956481934,0.32109177112579346,0.3099885582923889,0.1809995323419571,-0.6182988882064819,-0.04861191660165787,0.7762986421585083,0.0018933933461084962,0.351016104221344,-0.33329930901527405,0.08482785522937775,-0.7770668864250183,0.5418540239334106,-0.0966365709900856,0.19874343276023865,-0.8560873866081238,-0.06532934308052063,-0.548601508140564,-0.5353995561599731,-0.0857667326927185,0.02729494497179985,0.47670578956604004,-0.1272727996110916,0.05628545954823494,0.09392208606004715,0.2099502831697464,-0.7318814992904663,-0.30552059412002563,0.03585513308644295,-0.0724639818072319,0.4031505584716797,-0.4132983684539795,0.11888585239648819,-0.32505783438682556,-0.32541096210479736,0.005678147077560425,-0.12715640664100647,0.14307275414466858,0.20226001739501953,0.055072952061891556,0.17611610889434814,-0.18370750546455383,0.13102839887142181,0.24514195322990417,-0.029293198138475418,-0.09979257732629776,-0.019768835976719856,0.07018109411001205,0.08893856406211853,0.0012932062381878495,-0.0005279948236420751,-0.5848544239997864,-0.17107976973056793,0.03102838061749935,-0.0790075808763504,0.14880424737930298,-1.1972841024398804,-0.130560040473938,0.6583913564682007,0.27471303939819336,-0.6020587682723999,0.012223193421959877,0.16864240169525146,0.1690453141927719,-0.5257048606872559,-0.2205491065979004,0.47561565041542053,-0.19193939864635468,-0.14041376113891602,-0.06772349774837494,-0.372203528881073,0.01843431033194065,-0.3695162832736969,-0.025113608688116074,0.45982447266578674,0.37511152029037476,-0.1745859980583191,0.22792331874370575,-0.09262688457965851,-0.23205311596393585,-0.45389324426651,0.18967874348163605,0.7682871222496033,0.1360670030117035,0.059863585978746414,-1.250425100326538,-0.019644156098365784,-0.14935286343097687,-0.3182925879955292,0.4367302358150482,-0.18788984417915344,0.07116060703992844,-0.9167901277542114,-0.1528015434741974,-0.03142441436648369,0.09067575633525848,-0.3409906327724457,-0.19549211859703064,-0.11446471512317657,0.16883480548858643,-0.09736178815364838,-0.24817976355552673,-0.7854672074317932,0.22805914282798767,0.34596773982048035,0.031673431396484375,0.25571924448013306,0.0501585528254509,0.3004806339740753,-0.24372157454490662,0.6452938914299011,-0.20758366584777832,0.1506906896829605,-0.032808415591716766,-0.12256643921136856,-0.02440791390836239,-0.654690682888031,-0.062466710805892944,0.2632324695587158,0.16378848254680634,-0.04288521781563759,-0.36137503385543823,0.641456663608551,0.023209011182188988,-0.0011976227397099137,-0.155949667096138,-0.1441882848739624,-0.15815946459770203,-0.16933469474315643,-0.3848566710948944,0.45532774925231934,0.44775334000587463,-0.1579727679491043,-0.14557287096977234,-0.48701614141464233,-0.014214952476322651,-0.06707929074764252,-0.19706571102142334,0.22027477622032166,-0.7379891276359558,0.05972058326005936,0.3113669157028198,0.08667323738336563,-1.014243245124817,-0.07076213508844376,-0.033847786486148834,0.3506554961204529,0.2698058784008026,0.07211460918188095,-0.3121657967567444
CID000002130,847,-0.07145075500011444,0.13301195204257965,-0.25276800990104675,-0.10589002072811127,0.4544218182563782,0.22568683326244354,-0.20680475234985352,-0.12853342294692993,-0.22128430008888245,0.01084561925381422,0.1448356807231903,-0.4732148051261902,-0.096218541264534,-0.30153322219848633,-0.4546687602996826,-0.3710950016975403,0.04080681502819061,-0.21006600558757782,0.20439274609088898,-0.0014884531265124679,-0.20665359497070312,-0.23188035190105438,0.002238410757854581,-0.07375117391347885,-0.2121940553188324,-0.22258980572223663,0.16772601008415222,-0.01646902598440647,-0.09439738094806671,0.4830654263496399,0.011229565367102623,-0.19290152192115784,-0.030780017375946045,-0.12386298179626465,-0.656152606010437,0.05022317171096802,-0.4409676492214203,-0.1369209736585617,-0.3773229122161865,0.02029796503484249,0.0884377658367157,0.16895774006843567,-0.08101829141378403,0.08389220386743546,0.41711050271987915,0.27527493238449097,-0.3579922914505005,0.03971382975578308,0.08386074006557465,0.09393101930618286,-0.8782379031181335,-0.014241394586861134,0.0989627093076706,-0.09907564520835876,-0.05466075986623764,0.1535787731409073,-0.1866380274295807,0.019968636333942413,0.021980786696076393,0.25191378593444824,-0.9399739503860474,0.19207528233528137,-0.12117449939250946,0.3546951413154602,0.019814621657133102,0.12062568962574005,-0.33345213532447815,0.32652297616004944,-0.09431897103786469,-0.027629578486084938,-0.1854219138622284,0.08238362520933151,-0.12806092202663422,-0.11926624923944473,0.35512667894363403,0.0683378130197525,-0.05139702558517456,0.33871692419052124,-0.024340283125638962,-0.04218846186995506,-0.04127524048089981,0.06315942853689194,-0.23337510228157043,-0.11373909562826157,-0.06610432267189026,0.10775190591812134,-0.18884824216365814,0.3043198585510254,0.5435682535171509,-0.16840270161628723,-0.18987174332141876,-0.18683719635009766,0.17022059857845306,-0.033998556435108185,-0.6512200236320496,0.05472608655691147,-0.19962206482887268,0.2955353856086731,0.13512878119945526,-0.21435606479644775,0.532880425453186,0.05430694669485092,-0.2741687297821045,0.09061942249536514,0.1027410477399826,0.08631239831447601,-0.5420857667922974,0.16745805740356445,0.18539588153362274,0.3080902099609375,0.1443253457546234,-0.15130427479743958,0.43474751710891724,0.15375833213329315,-0.005279187113046646,0.18261957168579102,0.03713430091738701,-0.49408474564552307,0.15149876475334167,-0.007656215224415064,0.03799738734960556,-0.8304154276847839,0.10396331548690796,-0.32529234886169434,-0.2609963119029999,-0.19644206762313843,-0.023934239521622658,0.4009483754634857,0.07887166738510132,0.23796188831329346,-0.45752888917922974,0.1262652575969696,-0.3234672546386719,-0.3979639708995819,-0.31197938323020935,-0.1103706955909729,0.49103498458862305,-0.4335356652736664,-0.12707635760307312,-0.13673488795757294,0.11990463733673096,0.08058338612318039,0.2991996109485626,-0.18933092057704926,0.002408742904663086,-0.22655121982097626,-0.09181904047727585,0.14816738665103912,-0.08648090809583664,-0.22189609706401825,-0.36478596925735474,0.0739177018404007,0.06232011318206787,-0.049674272537231445,0.31344857811927795,-0.07390910387039185,0.169250950217247,-0.4461154043674469,0.20490677654743195,0.38426318764686584,-0.03751404955983162,-0.00038595200749114156,-0.9659693837165833,0.08401061594486237,0.3460148870944977,0.22042615711688995,-0.41676512360572815,-0.054842669516801834,-0.01014663279056549,-0.24172458052635193,0.014756697230041027,-0.021104658022522926,0.14381596446037292,-0.2073311060667038,-0.4682843089103699,0.19274656474590302,0.12370139360427856,-0.05566702410578728,-0.3068583011627197,-0.22789797186851501,0.04592115432024002,0.2281782627105713,-0.05775278061628342,0.0999297946691513,0.05376530438661575,-0.20281347632408142,-0.43672385811805725,-0.3202890455722809,0.6428566575050354,0.15216636657714844,-0.03230571001768112,-0.4669949412345886,-0.2583516240119934,-0.08082429319620132,-0.22278814017772675,0.4670456349849701,-0.20931494235992432,-0.01153260376304388,-0.4200284481048584,-0.18655094504356384,-0.289320707321167,-0.21427807211875916,-0.27826565504074097,0.26008662581443787,-0.10979171842336655,0.21499598026275635,0.12831281125545502,-0.09289556741714478,-0.20713576674461365,0.18838265538215637,0.13581039011478424,0.3727218508720398,-0.049184661358594894,-0.06481832265853882,0.04422150179743767,-0.29832929372787476,0.5800923109054565,-0.13233402371406555,-0.2710825800895691,-0.08606226742267609,-0.05421680212020874,-0.1965576708316803,-0.5765320062637329,0.269199937582016,0.4956723153591156,-0.1412055492401123,0.2678416073322296,-0.3124808669090271,0.6640689969062805,0.08746755868196487,-0.20710375905036926,-0.1427399218082428,0.3879578113555908,0.03754782676696777,-0.3976975381374359,-0.28600233793258667,0.06739632040262222,0.2311440259218216,0.07691559940576553,-0.22796353697776794,0.03297184035181999,-0.19873276352882385,0.1400029957294464,0.06522539258003235,0.05734359472990036,-0.37445002794265747,0.28996342420578003,0.2569497525691986,-0.03160145506262779,-0.8111931085586548,-0.05272394418716431,0.042122334241867065,0.3661847412586212,0.185357004404068,-0.02867082878947258,0.010664057917892933
CID000060612,848,-0.09593784064054489,-0.14405496418476105,-0.10690991580486298,-0.16317088901996613,0.2879672050476074,0.22285792231559753,-0.08693806827068329,0.1290961056947708,-0.24753136932849884,-0.1760324090719223,0.06480123847723007,-0.414602667093277,-0.10517533123493195,-0.24091288447380066,0.25825026631355286,-0.035158369690179825,-0.02209589257836342,0.06556400656700134,-0.10309378802776337,-0.033923760056495667,0.07627435028553009,0.06602086871862411,0.028565142303705215,0.15686073899269104,0.010593044571578503,-0.015813548117876053,-0.0895010307431221,0.03019602969288826,-0.03742051124572754,0.2714204490184784,0.026110593229532242,-0.4056912064552307,-0.028425056487321854,0.04278300702571869,-0.5105981230735779,0.02614900842308998,-0.20955006778240204,-0.20828703045845032,-0.13735148310661316,-0.05901392176747322,0.04150766879320145,0.025746796280145645,-0.16362741589546204,-0.16412681341171265,0.18643569946289062,0.02788475714623928,0.04431027173995972,0.2260868102312088,-0.15660834312438965,-0.07433275878429413,-0.05848875641822815,0.1412956416606903,0.12936660647392273,-0.023314213380217552,0.11668839305639267,-0.09864925593137741,-0.11640320718288422,0.11385192722082138,0.235199972987175,-0.08618243038654327,-0.9308773875236511,-0.1109798327088356,-0.2494136542081833,0.14538802206516266,0.18934503197669983,0.1515464186668396,-0.13630597293376923,0.029690932482481003,-0.07194563746452332,0.062412142753601074,-0.08148932456970215,0.24218884110450745,-0.0480419397354126,-0.16346362233161926,0.08884628117084503,-0.11660973727703094,-0.15549369156360626,-0.048976682126522064,0.25436219573020935,0.026651334017515182,-0.19533099234104156,-0.08166762441396713,-0.09047786891460419,0.002918355166912079,-0.17288275063037872,-0.12837888300418854,-0.2511608600616455,-0.09277991950511932,0.2993411719799042,-0.15150709450244904,-0.030605966225266457,-0.06520100682973862,-0.007836611941456795,0.018868593499064445,-0.43489837646484375,-0.0049641928635537624,-0.10258040577173233,0.20871400833129883,0.19147124886512756,-0.34715309739112854,0.16928282380104065,0.1999121755361557,-0.26404669880867004,-0.13687579333782196,-0.13417372107505798,0.031141692772507668,-0.5431980490684509,0.26423266530036926,0.0816536471247673,0.11022026836872101,0.17334754765033722,0.1509961187839508,0.13937464356422424,0.0673668384552002,0.0398075245320797,0.18302810192108154,-0.09519199281930923,-0.09154973179101944,0.152723491191864,0.10370658338069916,-0.2543241083621979,-0.5906084775924683,0.045476365834474564,-0.058337680995464325,-0.4169688820838928,0.06821473687887192,-0.12356512248516083,0.3604930639266968,0.09338310360908508,-0.05716893821954727,-0.18533489108085632,0.026923194527626038,-0.486257940530777,-0.26629775762557983,-0.1602831333875656,-0.21740436553955078,0.10668231546878815,-0.07382623851299286,-0.0231010802090168,-0.05680350214242935,0.03271939232945442,0.14231272041797638,-0.4142743945121765,-0.007116422057151794,0.05022064596414566,-0.12012815475463867,0.22095465660095215,-0.00892570149153471,0.19652460515499115,0.13902534544467926,-0.0200949814170599,-0.15861943364143372,-0.054832108318805695,0.059550583362579346,0.04838761314749718,-0.14528968930244446,-0.1621093451976776,-0.20963284373283386,0.051014214754104614,0.03748555853962898,0.0717940703034401,-0.01968224346637726,-0.9023168683052063,0.050341684371232986,0.2216939479112625,0.2147912234067917,-0.21504023671150208,-0.05450841784477234,0.11309285461902618,0.028697002679109573,-0.12899284064769745,-0.23177292943000793,0.24225112795829773,-0.09664110094308853,0.0007114022737368941,0.16382268071174622,-0.004756021313369274,0.22233156859874725,-0.5030053853988647,-0.22910460829734802,0.18439500033855438,0.2920660674571991,0.08643628656864166,-0.04901498556137085,-0.13243719935417175,0.10814013332128525,-0.16311772167682648,0.06495832651853561,0.4522888660430908,-0.16687479615211487,0.29773637652397156,-0.1973331868648529,0.06350447237491608,-0.08793479949235916,-0.05970913916826248,0.4100572168827057,0.017236929386854172,0.002451381180435419,-0.15858706831932068,-0.2555774748325348,-0.06453408300876617,-0.01059618592262268,-0.07637979835271835,0.12524913251399994,-0.09586665779352188,0.20941202342510223,-0.03975706547498703,-0.030282486230134964,-0.050517015159130096,-0.026401981711387634,0.1263449490070343,0.00022176504717208445,0.09629438817501068,0.1101270467042923,0.0004966288688592613,0.09511711448431015,0.2900920510292053,-0.06855082511901855,-0.11639250814914703,-0.2895798087120056,0.037440694868564606,-0.13513420522212982,-0.4398668706417084,0.13686057925224304,0.18556347489356995,-0.15016578137874603,0.24901659786701202,-0.09929578006267548,0.6678680181503296,0.1016189306974411,-0.16492141783237457,-0.08170560002326965,-0.22796395421028137,-0.04768583923578262,-0.6308152079582214,-0.21625205874443054,0.054030049592256546,0.14275413751602173,0.2882086932659149,-0.019383860751986504,-0.19193755090236664,-0.07583451271057129,0.07868305593729019,0.17064902186393738,0.0921422690153122,-0.18298384547233582,0.11088985204696655,-0.07003657519817352,-0.018004411831498146,-0.5624468922615051,0.052177704870700836,0.05130120366811752,0.17460575699806213,-0.08586223423480988,0.10393120348453522,0.013987553305923939
CID000002720,855,-0.20778779685497284,-0.1905876100063324,-0.1656559705734253,-0.1935451328754425,0.35098251700401306,0.3097568154335022,-0.12397472560405731,0.03115847334265709,-0.2689858376979828,-0.22172360122203827,0.05066629499197006,-0.3161027431488037,0.0015538334846496582,-0.1560606211423874,0.07884450256824493,-0.04478447884321213,-0.02238914556801319,0.08477210998535156,-0.0305818822234869,-0.02972813881933689,-0.008567610755562782,0.14673757553100586,0.11059455573558807,0.012584052979946136,-0.03125172108411789,-0.11175084114074707,0.12348846346139908,-0.012963391840457916,-0.07527836412191391,0.2890353500843048,0.07200787961483002,-0.2735500931739807,-0.08144084364175797,-0.05105740576982498,-0.4000251889228821,-0.12035228312015533,-0.22148509323596954,-0.2519484758377075,-0.012445440515875816,-0.08351312577724457,0.14651930332183838,0.07227648049592972,-0.09503905475139618,-0.1946125477552414,0.03885585814714432,0.06183895468711853,0.11589115858078003,0.006669235415756702,-0.09113507717847824,-0.11621496826410294,0.009396431036293507,0.15896806120872498,-0.004620164632797241,-0.08596134185791016,0.09111174941062927,0.011484868824481964,-0.05645603686571121,-0.17529194056987762,0.033145517110824585,0.0442412830889225,-0.9241503477096558,-0.03794332593679428,-0.3164988160133362,0.28381872177124023,0.0989152044057846,0.15422303974628448,-0.17168483138084412,0.09831582009792328,-0.053128682076931,0.06285399198532104,-0.07074075937271118,0.20813412964344025,-0.03481382131576538,-0.2234552800655365,0.010951196774840355,-0.10366672277450562,-0.058114636689424515,-0.08165473490953445,0.1640118807554245,-0.07646123319864273,-0.19288119673728943,-0.0325322262942791,-0.28730830550193787,-0.13988062739372253,-0.06554216146469116,-0.14989641308784485,-0.23709356784820557,-0.26486605405807495,0.2080623209476471,-0.03303712606430054,-0.09834863245487213,-0.08257289230823517,0.015942050144076347,-0.019151099026203156,-0.4021933972835541,0.017916692420840263,-0.24317197501659393,0.37326526641845703,0.1183570846915245,-0.3970925807952881,0.13511380553245544,0.26482468843460083,-0.23575082421302795,-0.06532765924930573,-0.15226545929908752,0.032846324145793915,-0.4306548237800598,0.2585262954235077,-0.04535677284002304,0.30342987179756165,0.10489310324192047,0.05828378349542618,0.2119131088256836,0.008311240002512932,0.04574006050825119,0.1830252707004547,-0.2025146484375,-0.03089868649840355,0.0010359094012528658,0.031182680279016495,-0.22928202152252197,-0.5594220161437988,0.016541942954063416,-0.20072810351848602,-0.27961301803588867,0.13311731815338135,-0.09512104839086533,0.3254394829273224,0.21032419800758362,-0.1337665468454361,-0.21292701363563538,0.09264515340328217,-0.4538162648677826,-0.2893661856651306,-0.11607182025909424,-0.15993401408195496,-0.007111574523150921,0.06905658543109894,-0.06973612308502197,0.06907975673675537,-0.02560238540172577,0.3384457230567932,-0.16135570406913757,-0.06334596872329712,0.013920195400714874,-0.17747947573661804,0.10893148183822632,-0.0621214434504509,-0.01930342987179756,0.21382825076580048,-0.054698020219802856,-0.010116075165569782,0.09796488285064697,0.13508771359920502,0.1323181837797165,-0.06688050925731659,-0.0770706832408905,-0.29287564754486084,0.1744028925895691,0.009807961992919445,0.13531632721424103,-0.07668466866016388,-0.854430079460144,0.10326659679412842,0.05170888453722,0.29888269305229187,-0.04594772309064865,-0.18311281502246857,0.20645388960838318,0.0183439701795578,-0.05367273837327957,-0.06556344032287598,0.28412216901779175,-0.1366719752550125,0.04982247203588486,-0.02880854532122612,0.02895480953156948,0.1443149298429489,-0.4912700057029724,-0.14789152145385742,0.26922139525413513,0.3746394217014313,0.024417724460363388,-0.01047386322170496,-0.0801234096288681,0.08862636983394623,-0.18681824207305908,-0.01717614196240902,0.3646639287471771,-0.21127787232398987,0.18693645298480988,0.06492411345243454,-0.10070066154003143,-0.14464151859283447,-0.06361671537160873,0.2942221760749817,0.0064035640098154545,-0.005947182886302471,-0.009338043630123138,-0.11520306766033173,-0.050227630883455276,-0.06477218866348267,-0.05617458373308182,0.06726013123989105,-0.15508237481117249,0.2579527497291565,0.02062861993908882,-0.13334818184375763,0.10023162513971329,-0.011489024385809898,-0.09755909442901611,0.26285284757614136,0.03724316507577896,0.016469737514853477,0.09431268274784088,0.25038033723831177,0.2506594657897949,0.12003825604915619,-0.1617116630077362,-0.3923700749874115,-0.02555948868393898,-0.1400371491909027,-0.326453298330307,0.012783661484718323,0.26500439643859863,-0.07270793616771698,0.15220551192760468,-0.33604368567466736,0.6011987924575806,0.0520210862159729,-0.21248707175254822,-0.1795015037059784,-0.16843721270561218,-0.04901210218667984,-0.5351015329360962,-0.1711266040802002,-0.020697379484772682,0.08195774257183075,0.21844308078289032,-0.15738271176815033,-0.08124016970396042,-0.045120351016521454,0.0027661025524139404,0.15103641152381897,0.1582784503698349,-0.08979984372854233,0.21112386882305145,-0.05920378118753433,0.04909063130617142,-0.5638502836227417,-0.06171830743551254,-0.038071408867836,0.1415017545223236,-0.1566605567932129,0.053233616054058075,0.060400236397981644
CID003081884,859,-0.30985260009765625,0.16916628181934357,-0.03975062817335129,0.09453257918357849,0.8516292572021484,0.3914002478122711,0.7406086325645447,-0.11614038050174713,-0.3066467046737671,-0.24026283621788025,-0.0097976578399539,-0.4272652268409729,0.0775192528963089,-0.29959988594055176,-0.20189490914344788,0.22281213104724884,0.0198933444917202,-0.010165627114474773,0.07978074252605438,-0.27581509947776794,0.1002403274178505,0.030028551816940308,-0.16691529750823975,0.09203093498945236,-0.14115528762340546,-0.08282740414142609,-0.25292161107063293,0.023190006613731384,-0.1201145201921463,0.44970759749412537,-0.18734346330165863,0.11615873873233795,0.05137789249420166,0.0873165875673294,-0.2734619081020355,0.12868937849998474,-0.35656923055648804,-0.32941001653671265,-0.24486172199249268,0.10975505411624908,0.29059696197509766,-0.25438517332077026,-0.20170500874519348,-0.3008292317390442,0.28835248947143555,0.3209889531135559,-0.1945284903049469,-0.1405511349439621,-0.10641710460186005,-0.013218042440712452,-0.3497861623764038,-0.15962907671928406,-0.1625823676586151,-0.3937622308731079,-0.0036028935573995113,0.09359198063611984,0.17523661255836487,-0.17547021806240082,0.3358265161514282,-0.21729759871959686,-0.942221999168396,0.016970377415418625,-0.041018322110176086,0.5876147150993347,-0.10373298823833466,0.05426650494337082,-0.43356671929359436,0.1084791049361229,-0.09540184587240219,0.4147363603115082,-0.9546869397163391,0.2805125117301941,0.10092375427484512,-0.13678483664989471,0.35648807883262634,-0.12495021522045135,-0.14444026350975037,0.37285101413726807,-0.07009951025247574,-0.3074219226837158,-0.261256605386734,0.12153663486242294,-0.2039032280445099,-0.34317541122436523,0.13502079248428345,-0.10236865282058716,0.027343641966581345,0.30906563997268677,0.6523489356040955,0.17109784483909607,-0.1902296245098114,-0.3372586667537689,-0.30637985467910767,0.08442702889442444,-0.6258443593978882,-0.02413639798760414,-0.25822964310646057,0.32815301418304443,0.1609545350074768,-0.3277812600135803,0.528409481048584,0.025758981704711914,0.04343598335981369,0.4889683723449707,-0.037218473851680756,-0.07698214054107666,-0.17415031790733337,0.4106535017490387,0.06638680398464203,0.36571362614631653,0.04560132697224617,0.3669247031211853,0.6628642082214355,-0.10195620357990265,0.29319632053375244,-0.4284883439540863,0.30929502844810486,-0.7888363003730774,0.3348774313926697,0.09354325383901596,-0.052696991711854935,-0.7308517098426819,0.10128152370452881,-0.5377107262611389,-0.5038658976554871,0.16473889350891113,-0.1021575778722763,0.5061091184616089,0.23828144371509552,0.014262298122048378,0.15726953744888306,-0.09372993558645248,-0.4061345160007477,-0.28764814138412476,0.5089496374130249,0.0513872429728508,0.6343570947647095,-0.1162787452340126,0.034646689891815186,-0.1833927482366562,-0.2008410394191742,0.31049078702926636,0.207116037607193,0.2506626546382904,0.11190464347600937,0.19808557629585266,-0.18399390578269958,-0.30480116605758667,-0.0420943945646286,0.056879669427871704,-0.2770577073097229,0.09289228171110153,-0.057307519018650055,-0.0958854928612709,-0.028423737734556198,0.06094249337911606,0.07964534312486649,-0.5198119878768921,-0.04184391349554062,0.4668826460838318,0.020117739215493202,0.14356829226016998,-0.8868597149848938,-0.01713326759636402,0.7269530296325684,0.34013593196868896,-0.3231954276561737,0.09289312362670898,0.2513657212257385,0.22274155914783478,-0.3023166358470917,-0.1396816223859787,0.6809983253479004,-0.19389334321022034,-0.302495539188385,-0.06187000870704651,0.0040829540230333805,-0.10314074903726578,-0.15832136571407318,0.2791233956813812,0.06299173831939697,0.16968278586864471,-0.14808304607868195,0.10752002149820328,-0.17397546768188477,-0.06953716278076172,-0.7555540800094604,0.2144237458705902,0.4556850790977478,-0.017338888719677925,-0.006640315055847168,-0.5674405097961426,-0.05422772094607353,-0.19961924850940704,-0.366921991109848,0.6344203948974609,-0.042776208370923996,0.24204246699810028,-0.32709115743637085,-0.3616412281990051,-0.03987777978181839,0.199051171541214,-0.6848701238632202,-0.03924598544836044,0.21913187205791473,0.35514315962791443,0.007245955057442188,-0.2668631076812744,-0.2625059485435486,0.07415248453617096,0.12563195824623108,0.19840803742408752,-0.3862912356853485,0.042227305471897125,0.5673444271087646,-0.5175289511680603,0.5336700081825256,0.014354320243000984,-0.09149996191263199,-0.11911352723836899,0.06166069582104683,0.010376043617725372,-0.6878997087478638,-0.1448204070329666,0.23122873902320862,0.08356891572475433,0.1567135602235794,-0.4345986843109131,0.7721226811408997,0.02403155528008938,-0.11260554939508438,-0.018770765513181686,0.09779670089483261,0.06354514509439468,-0.4716101288795471,-0.20443491637706757,0.04142359644174576,0.2860473692417145,0.16348984837532043,0.2667323350906372,-0.3666910231113434,-0.008840860798954964,-0.05285785719752312,-0.24395053088665009,-0.3372112214565277,-0.7069070339202881,0.3183433413505554,-0.14728479087352753,0.11430463939905167,-0.8134692311286926,0.3929588198661804,0.07525797933340073,0.4735892415046692,0.16670829057693481,-0.08607535809278488,-0.1636292189359665
CID000002142,864,0.30528536438941956,0.2305220067501068,-0.09253930300474167,-0.04406946524977684,0.6219149231910706,0.5335943102836609,0.024616990238428116,0.14240077137947083,-0.4530659317970276,-0.16124960780143738,-0.059743642807006836,-0.2655845284461975,0.03145595267415047,-0.28063368797302246,-0.11269239336252213,-0.08499594032764435,0.27884596586227417,0.2928387522697449,0.2719461917877197,0.019273191690444946,0.0752071738243103,-0.1189468652009964,-0.015598393976688385,0.09819485247135162,0.1835399568080902,-0.09424491226673126,-0.15616096556186676,0.2630676329135895,-0.28861579298973083,0.19843259453773499,-0.05411958694458008,-0.20404168963432312,-0.369263231754303,-0.17502102255821228,-0.6138580441474915,-0.010021609254181385,-0.4083637297153473,-0.3042091131210327,-0.26560091972351074,-0.03296541050076485,-0.2045358419418335,-0.02889333665370941,-0.10070417821407318,-0.20696930587291718,0.44124454259872437,0.1774396151304245,-0.08014681190252304,-0.24251699447631836,0.1427549123764038,0.2032579630613327,-0.3982759416103363,-0.06223267316818237,-0.3394938111305237,-0.3074696958065033,0.1784961074590683,-0.021140018478035927,-0.11916359513998032,-0.19922783970832825,0.8076632618904114,-0.23438668251037598,-1.1591250896453857,0.2529025077819824,-0.09067609906196594,0.5401453375816345,-0.02257271111011505,-0.33487626910209656,-0.19782176613807678,0.21803554892539978,-0.08630871027708054,0.000680387020111084,-0.9774471521377563,-0.45488280057907104,-0.039191585034132004,-0.1759217232465744,0.675470232963562,0.16933433711528778,0.15401145815849304,0.25972074270248413,-0.07714258879423141,-0.5671106576919556,-0.15143899619579315,0.24940112233161926,0.09755198657512665,-0.10754957050085068,-0.24757735431194305,0.2204788625240326,-0.06152815744280815,-0.2166450023651123,0.3264234662055969,0.0018186509842053056,-0.3950739800930023,-0.06418560445308685,0.055753011256456375,0.30302703380584717,-0.7464505434036255,0.006882903166115284,-0.1814667135477066,0.3149588108062744,-0.05643366649746895,-0.14060771465301514,0.19924142956733704,0.032555870711803436,-0.3192377984523773,0.3807881474494934,-0.0248784851282835,0.1012471541762352,-0.6369872689247131,0.3341675102710724,-0.024444561451673508,0.1958363950252533,-0.7558757662773132,-0.09475286304950714,0.09851880371570587,-0.08144064247608185,0.3752446472644806,0.2967259883880615,-0.05895761400461197,-0.41657137870788574,0.2633305490016937,-0.18332667648792267,-0.12164381891489029,-0.7925527691841125,0.06504620611667633,-0.7233339548110962,-0.2222643345594406,0.12966248393058777,-0.13296544551849365,0.30812254548072815,-0.018977293744683266,0.28229033946990967,-0.2950555682182312,0.15378428995609283,-0.46536678075790405,-0.4984234869480133,-0.12242497503757477,-0.21140220761299133,0.35529500246047974,-0.20068137347698212,-0.14103594422340393,0.10343484580516815,0.14200785756111145,0.2790125906467438,-0.11884681135416031,-0.15585705637931824,0.19366946816444397,0.38562196493148804,-0.10831241309642792,0.26604318618774414,-0.11289801448583603,0.1475987583398819,-0.0015580400358885527,-0.020640283823013306,-0.21670755743980408,-0.3432970941066742,-0.29572755098342896,-0.27531707286834717,0.3463837206363678,-0.3649136424064636,-0.07285641133785248,0.08091171085834503,0.44771260023117065,-0.19821977615356445,-0.9517204165458679,0.0255056731402874,0.5247806310653687,0.21520443260669708,0.05726870894432068,0.16822533309459686,-0.40219926834106445,-0.2998496890068054,-0.2362215220928192,-0.2434910088777542,0.38662248849868774,-0.2137385904788971,-0.2241830825805664,-0.14729070663452148,0.18620821833610535,-0.1658669114112854,-0.18654149770736694,0.0751362219452858,0.19850020110607147,0.11587251722812653,0.31525132060050964,-0.10813505947589874,0.11980360746383667,0.11382649838924408,-0.23442049324512482,0.45526131987571716,0.5667551755905151,0.14238110184669495,0.20462608337402344,-0.3596302568912506,-0.08133693039417267,0.24783416092395782,-0.00762852793559432,0.7005087733268738,-0.09881714731454849,-0.2899264097213745,-0.2738131582736969,0.2647562325000763,0.04332917928695679,0.0743793398141861,-0.250326931476593,0.01855909638106823,-0.12666729092597961,0.26571720838546753,-0.005981880240142345,0.18200591206550598,-0.3801858723163605,0.0966545045375824,-0.027964061126112938,-0.13276652991771698,0.15920013189315796,-0.18973103165626526,0.3017983138561249,0.09248286485671997,1.1624983549118042,-0.010373273864388466,-0.22835032641887665,-0.1868860423564911,-0.02297300286591053,-0.0674542561173439,-0.9370225071907043,0.07609697431325912,0.43488454818725586,-0.021975120529532433,-0.05086653307080269,-0.5545565485954285,1.236572027206421,0.06279928982257843,-0.29729658365249634,0.12204618752002716,-0.03226487711071968,0.22364762425422668,-0.6511141657829285,-0.4148862957954407,0.11321167647838593,0.2612352669239044,-0.5249761939048767,-0.34019166231155396,-0.6343930959701538,0.19243088364601135,-0.2241455316543579,0.31124573945999146,-0.019098330289125443,-0.7937344312667847,-0.02942068502306938,0.30980736017227173,-0.20531034469604492,-0.8869401216506958,0.05751410871744156,0.19151267409324646,0.6127468943595886,0.0799650102853775,0.06096590682864189,0.14462696015834808
CID000003152,869,-0.16437658667564392,0.04759928584098816,0.1827823519706726,0.04017392918467522,0.4903695583343506,0.40536507964134216,-0.035233937203884125,-0.06721587479114532,-0.1878991723060608,-0.07898367941379547,0.009015440940856934,-0.2721143960952759,0.2951119840145111,-0.09942396730184555,-0.2699697017669678,0.04770969599485397,-0.14402790367603302,0.17343689501285553,-0.08808998018503189,-0.20855550467967987,-0.07294845581054688,-0.08927851170301437,-0.004997792653739452,-0.020176928490400314,0.07628656923770905,-0.23876316845417023,0.09738626331090927,-0.06155097484588623,-0.07958035916090012,0.2758997678756714,-0.0011864065891131759,-0.05598868057131767,-0.08388449996709824,-0.017185861244797707,-0.421182781457901,-0.11303003132343292,-0.2164478302001953,-0.3949456512928009,-0.15729162096977234,-0.16472333669662476,0.12608101963996887,0.1532096117734909,-0.26159438490867615,-0.12111320346593857,0.23752686381340027,-0.2964865267276764,-0.13924235105514526,0.150541290640831,-0.14445523917675018,-0.0032570064067840576,-0.5415209531784058,0.23698394000530243,-0.004062616731971502,-0.18054035305976868,0.10193375498056412,-0.019268278032541275,0.013388941995799541,-0.18161585927009583,0.0075217648409307,0.06215851381421089,-0.9436873197555542,0.17016586661338806,-0.21693715453147888,0.16326835751533508,-0.06608517467975616,0.25685909390449524,-0.11605453491210938,0.11763157695531845,0.10484787076711655,0.0008089229231700301,-0.17742817103862762,0.024871647357940674,-0.018267910927534103,-0.21934683620929718,0.0748945027589798,-0.027747049927711487,0.05279194191098213,0.16812244057655334,-0.10182764381170273,-0.03753536939620972,-0.06812266260385513,0.0372445285320282,-0.1623862385749817,-0.013497645035386086,-0.07382222265005112,0.09251700341701508,-0.09979113936424255,0.1387828141450882,0.3871718943119049,-0.23070356249809265,0.004428309388458729,-0.04673741012811661,-0.15691670775413513,0.03221185877919197,-0.44478923082351685,0.044927310198545456,-0.26407891511917114,0.3646537959575653,0.37351375818252563,-0.14588528871536255,0.3551173806190491,0.1446363627910614,0.03456047177314758,0.1758570373058319,-0.14552797377109528,0.047504525631666183,-0.2750333845615387,0.2705985903739929,-0.022217683494091034,0.28419017791748047,0.044662393629550934,0.013284253887832165,0.5572988986968994,-0.06853129714727402,-0.05554698780179024,-0.0925040915608406,-0.07077064365148544,-0.08118137717247009,0.08665778487920761,0.05790906399488449,0.0886574313044548,-0.63633131980896,0.2221776247024536,-0.4328300952911377,-0.49722567200660706,-0.053933631628751755,-0.05425512045621872,0.31065142154693604,0.27218812704086304,0.07088898122310638,0.030143648386001587,-0.2064407616853714,-0.36733490228652954,-0.2319217473268509,-0.034190572798252106,-0.07035227864980698,0.25790995359420776,-0.2018883228302002,0.09424304962158203,0.08191488683223724,-0.15853233635425568,0.24513044953346252,0.2127181738615036,0.03100457228720188,-0.022945575416088104,0.0010185301071032882,0.07267621904611588,-0.10362327098846436,-0.15741373598575592,-0.12999510765075684,-0.1485355645418167,0.11640356481075287,-0.07510340958833694,0.14047454297542572,-0.17877617478370667,0.11060023307800293,-0.253916472196579,-0.3136720359325409,0.14738714694976807,-0.062749482691288,0.25697389245033264,-0.08489896357059479,-0.8199219703674316,0.08314336836338043,0.1479305922985077,0.32855457067489624,-0.10588576644659042,-0.06854642927646637,0.3416190445423126,-0.09734617173671722,-0.05775243788957596,-0.10577578842639923,0.30833473801612854,0.18321676552295685,-0.21389766037464142,0.16832996904850006,0.12397214025259018,0.1722748726606369,-0.44135579466819763,-0.16936269402503967,0.26158902049064636,0.2437557876110077,0.08255753666162491,-0.11259095370769501,0.05162294954061508,-0.14926281571388245,-0.4255082607269287,-0.17269262671470642,0.46916288137435913,0.08495347201824188,0.007256567478179932,-0.15540507435798645,-0.1395878940820694,-0.1581292748451233,-0.14658722281455994,0.5680776238441467,0.0024062201846390963,-0.10517120361328125,-0.13400602340698242,0.003476864192634821,-0.04910624772310257,0.028779422864317894,-0.26812034845352173,0.20147983729839325,0.03735337033867836,0.2062138020992279,0.11608121544122696,-0.08827660977840424,-0.07006323337554932,0.019806303083896637,0.1019304022192955,0.10548719018697739,0.0453205481171608,-0.13566336035728455,0.27826160192489624,-0.2758522629737854,0.39415818452835083,0.08650320023298264,0.10121794790029526,-0.26114869117736816,0.036869119852781296,-0.13844308257102966,-0.3138309419155121,0.16801957786083221,0.3282358646392822,-0.09717331826686859,0.2190430611371994,-0.22560086846351624,0.4561738967895508,0.012876549735665321,0.0807853490114212,-0.20456190407276154,0.0023385777603834867,0.03571416810154915,-0.3604702949523926,-0.29680824279785156,-0.12474801391363144,-0.0061485618352890015,0.3004033863544464,0.06999657303094864,-0.030926275998353958,0.16315941512584686,0.13144712150096893,-0.10851643979549408,0.05785345286130905,-0.306657999753952,0.10893223434686661,-0.04299325868487358,0.1559407263994217,-0.5522588491439819,0.33580106496810913,-0.058169640600681305,0.10968587547540665,0.1023714542388916,-0.006146982312202454,-0.1211802214384079
CID000002732,874,-0.02163003757596016,0.10072765499353409,-0.035431139171123505,-0.1020132452249527,0.25442174077033997,0.2932926118373871,0.1874958574771881,-0.1300816386938095,-0.313316285610199,-0.14488470554351807,-0.15998847782611847,-0.3812748193740845,-0.007049523293972015,-0.233295276761055,-0.280916303396225,0.06283731758594513,-0.08436290174722672,0.040683746337890625,0.16248202323913574,0.23836667835712433,0.213461235165596,0.02592930756509304,0.10342196375131607,0.1299966424703598,-0.028547456488013268,0.07992120087146759,0.15106718242168427,-0.015970563516020775,-0.06359049677848816,0.276056170463562,-0.12580132484436035,-0.22697670757770538,-0.01223829947412014,0.11610627174377441,-0.6444044709205627,-0.011104434728622437,-0.2384263277053833,-0.2271198332309723,-0.18027856945991516,0.07792942225933075,0.013412654399871826,0.000700318836607039,-0.15979145467281342,-0.19793234765529633,0.30045628547668457,-0.09923554956912994,0.06191519647836685,0.18018272519111633,-0.4447546601295471,-0.05077420547604561,-0.3379814028739929,-0.08524833619594574,0.19398753345012665,-0.055629391223192215,0.0332384929060936,0.07930175215005875,-0.24145956337451935,0.18966996669769287,0.06232241913676262,-0.02393627166748047,-1.0399428606033325,-0.18027709424495697,-0.4198388159275055,0.27306294441223145,0.00037842392339371145,0.11717766523361206,-0.040755532681941986,0.32793253660202026,0.07054602354764938,-0.03657946735620499,-0.07445643842220306,-0.02432466298341751,-0.04822666570544243,-0.02912040427327156,0.2081972062587738,-0.0675172358751297,-0.018961388617753983,0.09366744756698608,0.3421846032142639,-0.04287809133529663,-0.14577899873256683,0.16921666264533997,-0.08945739269256592,-0.010075891390442848,-0.07412954419851303,-0.017336171120405197,-0.11293058097362518,-0.21263615787029266,0.42952966690063477,0.023162543773651123,0.05392424389719963,-0.10797812789678574,-0.2603427767753601,-0.09532640129327774,-0.5037142634391785,-0.20148101449012756,-0.23825359344482422,0.35007214546203613,0.006042277906090021,-0.29256671667099,0.3372882306575775,0.11814005672931671,0.04824317619204521,-0.09367462247610092,-0.04547637701034546,0.006917801685631275,-0.3938407599925995,0.24385955929756165,-0.11628935486078262,0.06376278400421143,-0.09036529809236526,-0.0638066977262497,0.40734925866127014,-0.14607632160186768,0.0415826216340065,-0.07924797385931015,0.033853817731142044,-0.19282081723213196,0.10597345978021622,0.21997861564159393,0.07086668908596039,-0.7198618054389954,-0.10428736358880997,-0.1761290580034256,-0.32791274785995483,-0.003974574618041515,-0.06693297624588013,0.19109885394573212,0.05304699018597603,-0.05705709382891655,0.0179893858730793,0.05436287447810173,-0.6509831547737122,-0.27150577306747437,0.12084773927927017,-0.1983155459165573,0.11979945749044418,-0.13572125136852264,-0.007484525442123413,0.05660192295908928,-0.11688931286334991,0.16531029343605042,0.2287450134754181,-0.10903702676296234,-0.03618559613823891,-0.026281779631972313,-0.015385043807327747,0.11369144916534424,0.31132927536964417,0.08059369027614594,0.13298745453357697,-0.1220121756196022,0.0604037344455719,-0.012741386890411377,0.18869391083717346,0.08183228969573975,-0.22701287269592285,-0.33126041293144226,-0.05426233261823654,0.05298528075218201,0.037632428109645844,-0.05566074699163437,-0.982988715171814,0.10943205654621124,0.19444391131401062,0.21484804153442383,-0.25099319219589233,-0.14624878764152527,0.1121678575873375,-0.022044513374567032,-0.07508473098278046,0.04147222265601158,0.23319010436534882,-0.06131449341773987,0.08336818218231201,0.06426851451396942,-0.18481500446796417,0.18270716071128845,-0.476790189743042,0.082710400223732,0.19674716889858246,0.31170016527175903,0.08544633537530899,-0.06334459036588669,0.04241030663251877,-0.12573184072971344,-0.4074530005455017,0.020519673824310303,0.4579145312309265,-0.1980942040681839,0.08989695459604263,-0.09342467039823532,-0.04933011531829834,-0.09955015033483505,-0.14415693283081055,0.4405580461025238,0.31005674600601196,0.0071506560780107975,-0.20992247760295868,0.08809073269367218,-0.1661195009946823,-0.11422689259052277,-0.12020619213581085,0.25452589988708496,-0.014521444216370583,0.08825943619012833,-0.08783412724733353,-0.06310492753982544,-0.14323736727237701,0.2171812355518341,0.07574079185724258,-0.10211322456598282,-0.031246904283761978,-0.10496072471141815,0.08321548998355865,0.17876431345939636,0.3834879696369171,0.11759684234857559,-0.26244670152664185,-0.24962635338306427,0.1508573442697525,-0.014117971062660217,-0.595254123210907,0.03526632860302925,0.24661175906658173,-0.12556543946266174,0.14381329715251923,-0.2480345219373703,0.713300347328186,0.10284702479839325,-0.07698672264814377,-0.12349192798137665,-0.04831008240580559,-0.17282280325889587,-0.5235644578933716,-0.2513557970523834,-0.16062219440937042,0.07057031244039536,0.11007881164550781,-0.187614306807518,-0.1824183464050293,0.002142745302990079,0.12156063318252563,-0.0049474118277430534,-0.07619999349117279,-0.22683438658714294,0.08393675833940506,-0.24173510074615479,-0.15034285187721252,-0.7424877882003784,0.06685765832662582,0.23728041350841522,0.4023289680480957,0.024998029693961143,-0.05879892781376839,0.050007306039333344
CID000147912,885,-0.03711511567234993,0.1361442655324936,-0.05180204659700394,-0.03842984884977341,0.1988433301448822,0.26398175954818726,0.037423696368932724,0.05458713695406914,-0.35498183965682983,-0.28834396600723267,0.007496917154639959,-0.6549190282821655,0.18020829558372498,-0.32551106810569763,-0.3710733652114868,-0.1445566713809967,0.035079121589660645,-0.11037614196538925,0.11936996132135391,-0.06692849099636078,0.174097940325737,-0.039152663201093674,-0.08527906984090805,0.09789606183767319,-0.10169261693954468,-0.18265780806541443,0.20666038990020752,0.04233931005001068,-0.04160153120756149,0.4393182396888733,-0.2528176009654999,0.2325551062822342,0.05179907754063606,0.10480622947216034,-0.6831033825874329,-0.03386535495519638,-0.1420859396457672,-0.16405752301216125,-0.2841424345970154,0.01614421233534813,-0.04687991738319397,0.1028234213590622,-0.291073739528656,0.2267736941576004,0.3934337794780731,0.18407800793647766,0.10498859733343124,-0.037099119275808334,-0.011341249570250511,-0.16654744744300842,-0.5629715919494629,0.09479255974292755,-0.39927181601524353,-0.056381337344646454,0.14062350988388062,-0.020319944247603416,-0.06511777639389038,-0.08576339483261108,0.5330753326416016,0.13772568106651306,-0.8965509533882141,0.18911413848400116,-0.4367525577545166,0.07373733818531036,-0.06596799939870834,-0.00940767489373684,-0.2004694938659668,0.3819122314453125,0.10203585773706436,0.10648045688867569,-0.009558063931763172,-0.2388002574443817,0.008747220039367676,0.24972312152385712,0.3424031734466553,0.1329963207244873,0.18472222983837128,0.3565221130847931,0.112374447286129,-0.03613831475377083,-0.1134018674492836,0.028880715370178223,-0.019038235768675804,-0.12317021191120148,-0.05654178932309151,-0.11680237948894501,-0.32699450850486755,0.24984459578990936,0.36120671033859253,-0.015021341852843761,-0.09433886408805847,-0.07121536880731583,0.0013661861885339022,-0.14274261891841888,-0.40574318170547485,-0.15566426515579224,-0.0026870728470385075,0.06099677085876465,0.11083376407623291,-0.36134326457977295,0.15456382930278778,0.17871418595314026,-0.2914072573184967,0.1130354180932045,-0.1246986836194992,-0.05757778882980347,-0.5718191266059875,0.3206949830055237,0.22545337677001953,0.2891286015510559,0.15295563638210297,0.26212751865386963,-0.03692226856946945,0.1717083901166916,0.2635074257850647,0.11681230366230011,0.05071217566728592,-0.5910173654556274,0.1527118980884552,-0.059366267174482346,0.054818045347929,-0.8307205438613892,-0.3330462872982025,-0.16253964602947235,-0.26496973633766174,0.3154231905937195,0.1243043914437294,0.2570147216320038,0.19190165400505066,0.07662194222211838,0.019289564341306686,-0.15639767050743103,-0.5724486708641052,-0.27912408113479614,-0.0015072182286530733,0.03720024973154068,0.22553952038288116,-0.30270472168922424,0.06442095339298248,-0.34242433309555054,0.013910144567489624,0.17063656449317932,0.26533275842666626,-0.12268976122140884,-0.1614300161600113,-0.07040964812040329,-0.19365961849689484,-0.00791182555258274,0.19217222929000854,0.010516604408621788,0.005437968764454126,-0.04601990059018135,-0.030726904049515724,0.24579057097434998,0.20623329281806946,0.003957646898925304,-0.052439428865909576,-0.44104892015457153,-0.09290298074483871,0.17906823754310608,-0.10887029021978378,-0.1170673593878746,-0.8618382215499878,0.06962742656469345,0.5140578150749207,0.13278193771839142,-0.17181499302387238,0.04889776557683945,-0.1811525672674179,0.11550523340702057,-0.17833054065704346,-0.3074650168418884,0.34374743700027466,-0.15845105051994324,-0.0851203054189682,-0.06886909157037735,-0.046025872230529785,-0.05536660552024841,-0.32549363374710083,-0.007461568806320429,0.4034546911716461,0.2330869436264038,0.09389104694128036,0.013497191481292248,0.011019128374755383,0.07064942270517349,-0.03599458932876587,-0.21599289774894714,0.5410197973251343,-0.025600552558898926,0.21068081259727478,-0.18893715739250183,-0.10205529630184174,-0.0667596310377121,-0.1938467174768448,0.2505672574043274,0.0032572909258306026,-0.18850289285182953,-0.3515978753566742,0.18297767639160156,0.060972947627305984,-0.24145707488059998,-0.15550541877746582,0.003374433610588312,0.002902782056480646,0.06001631170511246,-0.1753809154033661,-0.001138433814048767,-0.35661348700523376,-0.028138112276792526,0.18135420978069305,0.16666284203529358,-0.086557537317276,0.13314907252788544,0.12156536430120468,-0.33787626028060913,0.5961381196975708,0.06361806392669678,-0.024294501170516014,-0.04753229767084122,0.09264133870601654,-0.14103475213050842,-0.5477384328842163,-0.05934358760714531,0.23781409859657288,-0.13106971979141235,0.15976481139659882,-0.15207210183143616,0.9982795715332031,0.181148961186409,-0.16616585850715637,-0.0984843447804451,-0.16285936534404755,0.15938392281532288,-0.5467988848686218,-0.27917248010635376,0.06685586273670197,0.08715154975652695,0.3278983533382416,0.1769299954175949,-0.476054847240448,-0.08026064932346344,-0.020240753889083862,0.16067293286323547,0.007531094364821911,-0.03215882554650307,0.1486629843711853,0.00967029295861721,0.22826170921325684,-0.9160135984420776,-0.24914661049842834,0.5407149791717529,0.20081928372383118,-0.16722705960273743,-0.028627846390008926,0.018483197316527367
CID000047725,886,0.10609021037817001,0.0309161189943552,0.13537558913230896,-0.14452500641345978,0.23172441124916077,0.22694364190101624,0.17955616116523743,-0.0678141862154007,-0.2137516736984253,-0.1327764093875885,-0.0030371502507478,-0.4854467511177063,0.4578697085380554,-0.4549741744995117,-0.2668038010597229,0.1645818054676056,0.0849870815873146,0.015911363065242767,0.3300076127052307,0.19038693606853485,0.2411087304353714,0.22341346740722656,-0.09595541656017303,0.030427653342485428,0.23252832889556885,0.01797550916671753,0.16194266080856323,-0.11806215345859528,0.0721082091331482,0.347675621509552,-0.27685999870300293,0.15645678341388702,0.15035411715507507,-0.0956386923789978,-0.6371715664863586,-0.007961058989167213,-0.24432401359081268,-0.22960953414440155,-0.466012179851532,-0.33663639426231384,0.04650634154677391,-0.027624666690826416,-0.46718406677246094,0.08897349238395691,0.6032961010932922,0.011042783036828041,0.006079161074012518,-0.1484430581331253,-0.011023258790373802,-0.06193256378173828,-0.7559372782707214,-0.12952694296836853,-0.29560545086860657,-0.02547663077712059,0.19320343434810638,0.053282879292964935,-0.030918944627046585,0.06574729830026627,0.47455447912216187,-0.10937079042196274,-0.8454605340957642,0.09215962886810303,-0.41554537415504456,-0.13631181418895721,-0.044850435107946396,0.2248360812664032,-0.19610145688056946,0.5805342793464661,0.03857859969139099,0.0291424747556448,-0.08684185892343521,0.1159905418753624,0.03402716666460037,-0.06410937011241913,0.5069760084152222,0.11203150451183319,-0.20874813199043274,0.2621711790561676,0.06423737853765488,-0.16019201278686523,-0.15863993763923645,0.11303458362817764,0.20251759886741638,-0.31361493468284607,-0.12390871345996857,-0.12961167097091675,-0.24324004352092743,0.18281583487987518,0.4347193241119385,-0.08168462663888931,0.2825302481651306,-0.18290455639362335,0.0024797171354293823,0.17194104194641113,-0.7106026411056519,-0.08026345819234848,-0.22207820415496826,0.21137841045856476,-0.1303412914276123,-0.3010863661766052,0.5601986050605774,-0.17007213830947876,0.009684187360107899,0.35616040229797363,-0.37008270621299744,0.02850780449807644,-0.5091372728347778,0.3980640769004822,0.3601382076740265,0.10842853784561157,-0.08885814994573593,-0.1267635077238083,0.30264338850975037,0.07209042459726334,0.3214477002620697,0.04045473411679268,0.039148084819316864,-0.6731711030006409,0.42942014336586,-0.031750209629535675,0.12969046831130981,-0.8310638666152954,-0.43783649802207947,-0.32064488530158997,-0.38905632495880127,0.10034340620040894,-0.04887085035443306,0.29096826910972595,0.01655072346329689,0.016891857609152794,-0.02328718639910221,0.06264737248420715,-0.6407042741775513,-0.30195391178131104,-0.03351033851504326,-0.02318144217133522,0.21576324105262756,-0.6324335336685181,-0.04705824702978134,-0.3032446503639221,-0.3818943202495575,-0.06916054338216782,0.20542141795158386,0.2556353211402893,-0.03615017607808113,0.16417978703975677,-0.10760017484426498,0.050897806882858276,0.183771550655365,0.2562965750694275,-0.08258695155382156,0.047995030879974365,-0.021146904677152634,0.027473140507936478,0.0699082762002945,0.021175801753997803,-0.06620514392852783,-0.3397173285484314,-0.15861287713050842,0.0055338917300105095,0.07167176902294159,0.184047669172287,-1.0712131261825562,-0.07231878489255905,0.72862708568573,0.1086454838514328,-0.45878881216049194,0.1321505606174469,0.0030284940730780363,0.026754897087812424,-0.5247713327407837,-0.3770400583744049,0.3793880343437195,0.03431467339396477,-0.06148957088589668,-0.26211729645729065,-0.17715132236480713,0.058726273477077484,-0.3629263937473297,-0.009177970699965954,0.315194308757782,0.2886876165866852,0.08955665677785873,0.18470880389213562,0.01800898090004921,-0.14712221920490265,-0.16830606758594513,0.05902072787284851,0.6442629098892212,0.15378248691558838,0.26461198925971985,-1.1182184219360352,-0.15230225026607513,0.02894430235028267,-0.14441046118736267,0.35375046730041504,-0.2131490260362625,0.09739507734775543,-0.5235425233840942,-0.13513998687267303,0.12133403867483139,-0.001450312091037631,-0.217198446393013,-0.08183935284614563,0.1272249072790146,0.1245177611708641,-0.22468478977680206,-0.1700133979320526,-0.5178671479225159,-0.1829002946615219,0.3012509047985077,0.1519976258277893,-0.04831560701131821,0.19635137915611267,0.15654690563678741,-0.07168014347553253,0.6454612016677856,-0.01992863416671753,0.05838954448699951,-0.08802724629640579,-0.13451173901557922,-0.01086338795721531,-0.7154849767684937,-0.1099228486418724,0.3551887273788452,0.09563733637332916,0.027214279398322105,-0.15452779829502106,0.7885879278182983,0.06129755824804306,0.017339488491415977,-0.03845503553748131,-0.08575643599033356,0.011932648718357086,-0.3312873840332031,-0.4054334759712219,0.32212814688682556,0.27246594429016113,0.16108813881874084,-0.1652473360300064,-0.4936160445213318,-0.1813010722398758,-0.008289624936878681,0.15958955883979797,0.014673501253128052,-0.21635934710502625,0.16723620891571045,0.34558627009391785,0.20983871817588806,-1.001051664352417,-0.3203470706939697,0.29831188917160034,0.2031889259815216,-0.01779843494296074,-0.05161115527153015,-0.30609816312789917
CID000002474,889,-0.021846812218427658,0.04398023337125778,0.01641736552119255,0.08533627539873123,0.38715726137161255,0.35678958892822266,-0.2741115689277649,0.18868815898895264,-0.4227268099784851,0.02135743945837021,-0.010771950706839561,-0.14414434134960175,0.05375193431973457,-0.22088921070098877,-0.05165499448776245,0.08069503307342529,0.04151826351881027,0.07062336057424545,-0.1897830069065094,0.16437366604804993,0.09156791120767593,-0.1773039847612381,0.09829133749008179,-0.013871106319129467,-0.06451211869716644,-0.15862305462360382,0.27347010374069214,0.03528710454702377,-0.10639448463916779,0.5305585265159607,-0.11764754354953766,-0.194964200258255,-0.060353972017765045,0.012121975421905518,-0.4316391944885254,0.07388219237327576,-0.2968297302722931,-0.31687384843826294,-0.3828970789909363,0.4786805212497711,0.14046046137809753,0.0908544585108757,-0.10899152606725693,-0.3213374614715576,0.6393840312957764,0.2762908637523651,0.33992210030555725,0.16734279692173004,0.12220863997936249,-0.17248816788196564,-0.7983556985855103,0.3921181261539459,0.057552237063646317,-0.0739789754152298,0.11599640548229218,0.028110191226005554,-0.00111259741242975,0.3072800040245056,0.08545352518558502,-0.220266655087471,-0.8579044342041016,-0.23686733841896057,-0.20197811722755432,0.25503066182136536,0.13937945663928986,0.21426959335803986,-0.17144814133644104,-0.02977168560028076,0.021381407976150513,-0.020968478173017502,-0.35858210921287537,0.04545212537050247,0.0069124698638916016,-0.10948240756988525,0.13740618526935577,-0.10293785482645035,-0.1727108210325241,0.22129353880882263,0.3681522011756897,-0.19127899408340454,-0.08770761638879776,-0.2275514304637909,-0.17965233325958252,-0.21021008491516113,-0.06525611877441406,0.08264100551605225,-0.0891750305891037,0.13190698623657227,0.30547255277633667,-0.1535034030675888,-0.07505040615797043,-0.2494306117296219,0.17540867626667023,0.022922996431589127,-0.6399021148681641,0.13239221274852753,-0.3859742283821106,0.20878958702087402,0.28611645102500916,-0.16581162810325623,0.45422616600990295,-0.22138643264770508,0.0067655532620847225,0.11014403402805328,-0.24137790501117706,-0.0450286790728569,-0.31209492683410645,0.23614034056663513,-0.23824982345104218,0.1630910038948059,-0.14793770015239716,-0.10866884887218475,0.5416354537010193,-0.12213404476642609,0.03755395859479904,0.14488264918327332,0.03036094270646572,-0.13672590255737305,0.14319728314876556,-0.18735098838806152,0.16267505288124084,-0.6491707563400269,0.1284644454717636,-0.7529838681221008,-0.25240853428840637,-0.11195633560419083,0.22129814326763153,0.36904677748680115,0.15973712503910065,0.08002759516239166,-0.01995064690709114,-0.20770004391670227,-0.5114933252334595,-0.3164130449295044,-0.24862058460712433,-0.1320808380842209,0.18009725213050842,-0.9343292117118835,-0.15110716223716736,0.10786726325750351,0.06150943040847778,0.062033288180828094,-0.05466996878385544,0.1849217414855957,-0.04060138389468193,0.053880900144577026,0.2762293517589569,0.1025606170296669,0.18290530145168304,-0.2780967354774475,0.22380974888801575,0.07608662545681,-0.019351985305547714,0.03563833236694336,0.1437874138355255,0.02445206418633461,-0.0032423436641693115,-0.5588113069534302,0.17471525073051453,-0.024063285440206528,0.10816873610019684,-0.07921214401721954,-0.8134838342666626,-0.03664153814315796,0.32598599791526794,0.22215776145458221,-0.5082741379737854,-0.26200827956199646,0.4166553020477295,-0.11807799339294434,-0.09261459857225418,0.10416050255298615,0.27066174149513245,-0.1459890753030777,0.3182167112827301,0.2862047851085663,0.1872662603855133,0.14546459913253784,-0.400074303150177,-0.2980414927005768,0.09413226693868637,0.3352047801017761,0.09083147346973419,-0.08050880581140518,-0.04086004197597504,-0.03301190584897995,-0.6782835721969604,0.19973725080490112,0.46214789152145386,-0.06380992382764816,0.031494371592998505,-0.37261444330215454,0.17519304156303406,-0.21829292178153992,-0.14482349157333374,0.3696058392524719,-0.07509036362171173,-0.13917241990566254,-0.0904768779873848,-0.09320762008428574,-0.10261747986078262,-0.01740909181535244,-0.38420403003692627,0.12759213149547577,0.0564241036772728,0.09108877927064896,-0.23328912258148193,-0.032805271446704865,-0.4531308710575104,-0.215431809425354,0.062009990215301514,0.11521841585636139,0.15139789879322052,-0.07622702419757843,0.15567836165428162,-0.16831353306770325,0.49133825302124023,-0.14211265742778778,-0.025332320481538773,-0.14080341160297394,-0.09582813084125519,0.09600473940372467,-0.29423651099205017,-0.04476018249988556,0.36979159712791443,-0.018724268302321434,0.41919437050819397,-0.19402095675468445,0.5112438797950745,-0.21820612251758575,-0.01556023396551609,-0.10960652679204941,0.12602588534355164,0.1361800730228424,-0.33393406867980957,-0.21346023678779602,-0.2182270586490631,0.0005746096139773726,0.18837609887123108,-0.06982128322124481,0.0020139485131949186,-0.03847473859786987,0.1527964472770691,0.17834234237670898,-0.03419621288776398,-0.6726159453392029,0.09031809866428375,0.2168995887041092,0.3008212745189667,-0.68708336353302,-0.041937313973903656,-0.13633987307548523,0.143119677901268,0.19835419952869415,-0.08584553748369217,-0.10386481136083603
CID000005078,890,-0.043777622282505035,0.019383501261472702,0.21584072709083557,0.06708826869726181,0.14030033349990845,0.38884562253952026,-0.2397579401731491,-0.4493739604949951,-0.792601466178894,-0.3159503638744354,-0.0262239221483469,-0.5571097731590271,-0.18437060713768005,-0.2930561900138855,0.1307658851146698,0.20623496174812317,0.10069600492715836,0.13506671786308289,-0.23877961933612823,-0.1748676300048828,-0.03409579396247864,-0.09598951041698456,-0.16710644960403442,-0.05701308324933052,-0.3442331850528717,-0.054604314267635345,0.09660039097070694,0.09420685470104218,-0.2285066545009613,0.28875622153282166,-0.06843595206737518,-0.09290638566017151,-0.15095815062522888,0.08708652853965759,-0.18124330043792725,0.11943028122186661,-0.4503178000450134,-0.3584204614162445,-0.12390480190515518,-0.040883567184209824,0.3292543292045593,0.35865089297294617,-0.38506585359573364,-0.41073694825172424,0.7041550874710083,0.10347982496023178,-0.08268873393535614,0.13044783473014832,0.054437506943941116,-0.049154024571180344,-0.8138107061386108,0.24115844070911407,-0.3834899067878723,-0.04013650491833687,0.3419584035873413,-0.2647126615047455,0.010784882120788097,0.06176764518022537,0.5308388471603394,0.27520686388015747,-0.8885647058486938,-0.10703891515731812,0.0020069419406354427,0.5954076051712036,0.27497562766075134,0.33383774757385254,0.09698139131069183,0.1290299892425537,-0.020416371524333954,-0.2700743079185486,-0.27746179699897766,-0.12242593616247177,0.1589549481868744,0.05178001523017883,0.35187000036239624,0.10423877090215683,-0.08587691932916641,0.7052331566810608,-0.09856221079826355,-0.10447682440280914,-0.012033634819090366,-0.017590533941984177,-0.21920843422412872,0.02801627479493618,0.002225622534751892,0.009862174279987812,-0.289684534072876,-0.21732041239738464,0.6610182523727417,-0.0541190430521965,-0.31199324131011963,-0.2192353904247284,-0.0025820850860327482,0.05431234836578369,-0.5847391486167908,-0.18912117183208466,-0.3045054078102112,0.7510277628898621,0.4184972643852234,-0.2775960862636566,0.7636561393737793,0.13613462448120117,0.037329431623220444,-0.22182385623455048,-0.1341783106327057,0.09099035710096359,-0.24449416995048523,0.3844607472419739,0.012004835531115532,0.03600817173719406,-0.07839754968881607,0.08003593236207962,0.6836528778076172,0.07425611466169357,0.16137459874153137,0.19355270266532898,0.02027321420609951,0.10903100669384003,0.7253741025924683,0.23803429305553436,0.2770872414112091,-0.6450527310371399,0.32841169834136963,0.02855510078370571,-0.5231313705444336,-0.012292811647057533,0.01550860982388258,0.27098047733306885,0.18489104509353638,0.1532873958349228,0.16562026739120483,-0.07026580721139908,-0.6140252351760864,-0.3315452039241791,-0.3075117766857147,0.2205132693052292,-0.13219159841537476,-0.3324718475341797,-0.06435755640268326,0.06566422432661057,0.17847567796707153,-0.04797806218266487,-0.016643749549984932,0.27523404359817505,0.21062715351581573,-0.04407239705324173,0.3101108968257904,-0.048299215734004974,-0.09213458001613617,-0.006824116222560406,-0.10610085725784302,-0.19405803084373474,0.2629220485687256,0.04887724667787552,0.05428304523229599,-0.07719113677740097,0.01727084256708622,-0.27670159935951233,0.034997593611478806,0.10256227105855942,0.21003060042858124,-0.09815417975187302,-1.0195013284683228,-0.2277185022830963,0.3289128541946411,0.2112293541431427,-0.27532845735549927,0.34928178787231445,0.41701802611351013,-0.3545699119567871,-0.3243117034435272,0.23098555207252502,0.4604578912258148,-0.10471364110708237,-0.007779532577842474,-0.06320749223232269,0.167509064078331,0.20274671912193298,-0.5109508633613586,-0.11970832198858261,0.2335459291934967,0.18533752858638763,0.40103331208229065,-0.3412300944328308,-0.11906091868877411,-0.2631947696208954,-0.22271010279655457,-0.6005235910415649,0.3799206614494324,0.030096888542175293,-0.22535765171051025,-0.014627641066908836,0.24408741295337677,-0.31670835614204407,-0.3117747902870178,0.5162326097488403,-0.08091878890991211,-0.48806172609329224,-0.4385727047920227,0.040356677025556564,0.12642893195152283,0.05189947411417961,-0.1934647560119629,0.05711294338107109,0.059436630457639694,-0.08546645939350128,0.24507848918437958,0.038551487028598785,-0.9564889669418335,0.09185822308063507,0.10530741512775421,-0.16883230209350586,-0.14852546155452728,-0.09975550323724747,0.13126009702682495,0.02379257045686245,0.5056248903274536,0.15375354886054993,-0.31865692138671875,-0.04267309606075287,0.04635006934404373,0.058884479105472565,-0.3880903720855713,0.15257859230041504,0.4092477262020111,0.3933708071708679,0.32977932691574097,0.01976039446890354,0.3860393166542053,0.1442413330078125,0.09442184865474701,-0.279246985912323,0.21860632300376892,0.03531450405716896,-0.228835791349411,-0.2571702301502228,0.058146823197603226,0.23657646775245667,0.17832505702972412,0.04287037253379822,0.0028824463952332735,-0.04731719568371773,0.12458615005016327,0.21853113174438477,0.03489089757204056,-1.1105656623840332,0.024116847664117813,-0.23292119801044464,0.14073055982589722,-0.8487876653671265,0.4013712406158447,0.3691159188747406,0.1255180984735489,0.40028080344200134,0.10665367543697357,-0.05673626810312271
CID000027686,891,-0.1341393142938614,-0.08401427417993546,-0.06362184137105942,-0.1456790566444397,0.3785703778266907,0.27031630277633667,-0.004468732979148626,-0.04213181138038635,-0.21247196197509766,-0.20903310179710388,-0.004015058279037476,-0.2975369095802307,0.02331278659403324,-0.11179846525192261,0.04959161952137947,-0.044557083398103714,-0.07091020047664642,0.18192113935947418,0.1046312004327774,0.022343484684824944,-0.14557255804538727,0.18054842948913574,0.09161301702260971,0.011219658888876438,-0.0401557981967926,-0.07718019187450409,0.024132397025823593,-0.044207967817783356,0.0037623285315930843,0.20920971035957336,0.020982980728149414,-0.30716046690940857,-0.1795782446861267,-0.025305945426225662,-0.4626163840293884,-0.0498901829123497,-0.2368423491716385,-0.250163733959198,-0.06872531771659851,-0.14984863996505737,0.06748136132955551,0.012256580404937267,-0.17029626667499542,-0.22524729371070862,0.05723554641008377,-0.07023119926452637,0.04131365194916725,0.1596139669418335,-0.15611591935157776,-0.0800863578915596,-0.09107304364442825,0.09065905958414078,0.058076195418834686,-0.1259986013174057,0.0308030154556036,0.018843170255422592,-0.09290318191051483,-0.081584133207798,0.06770870834589005,-0.02742110751569271,-0.9805483818054199,-0.03586312010884285,-0.2941378355026245,0.2811245322227478,0.042619556188583374,0.13850940763950348,-0.08323309570550919,0.21223051846027374,-0.032690830528736115,0.08797645568847656,-0.08581583201885223,0.1368749588727951,-0.05631757527589798,-0.1816917359828949,0.06304925680160522,-0.08616918325424194,-0.01717928983271122,-0.007678958587348461,0.19953419268131256,-0.08457745611667633,-0.13752958178520203,0.04750485345721245,-0.2526829242706299,-0.05950148031115532,-0.14601972699165344,-0.07820971310138702,-0.15989775955677032,-0.2171354740858078,0.2519334554672241,-0.12992247939109802,0.02988501824438572,-5.7998298871098086e-05,-0.03514399379491806,-0.020421987399458885,-0.4585515856742859,0.01128449384123087,-0.2383899688720703,0.3711434006690979,0.08209208399057388,-0.24939993023872375,0.2205032855272293,0.2119138240814209,-0.19220121204853058,-0.001332360552623868,-0.13903364539146423,0.09332313388586044,-0.4276248514652252,0.23225446045398712,-0.08020573854446411,0.16613955795764923,0.10385390371084213,-0.0890202671289444,0.24470002949237823,-0.01825547218322754,-0.01921818219125271,0.19395487010478973,-0.07544305920600891,-0.040559958666563034,0.02749398909509182,0.03381786495447159,-0.15869049727916718,-0.6502259969711304,-0.1520776003599167,-0.21346989274024963,-0.3408662974834442,0.05874399095773697,-0.03621532395482063,0.28045207262039185,0.173659086227417,0.003069599624723196,-0.082338348031044,0.05985536426305771,-0.47212305665016174,-0.28799620270729065,0.03275371342897415,-0.12320142984390259,0.13111093640327454,0.026836281642317772,-0.05484851449728012,0.13788580894470215,-0.014055836014449596,0.15273307263851166,-0.15499651432037354,-0.10290702432394028,-0.03732670098543167,-0.13597175478935242,-0.01820005476474762,-0.06796770542860031,-0.1764342337846756,0.2087017297744751,-0.0347769521176815,0.08516541868448257,0.11571917682886124,0.09018757194280624,-0.008963176980614662,-0.012721573933959007,-0.2091333568096161,-0.29387757182121277,0.10396534204483032,0.012074649333953857,0.24260792136192322,-0.043717361986637115,-0.9244478940963745,0.07103056460618973,0.10314160585403442,0.2959282100200653,-0.1356959044933319,-0.12338123470544815,0.14032338559627533,0.10086752474308014,-0.10762076079845428,-0.11141426861286163,0.26919686794281006,-0.024152111262083054,-0.07003874331712723,0.1006183847784996,0.023009028285741806,0.13194061815738678,-0.4916122853755951,-0.08322886377573013,0.23050466179847717,0.2690727114677429,-0.0018985287752002478,0.04114694148302078,-0.013425400480628014,0.023696433752775192,-0.18729513883590698,0.10825107991695404,0.4345913827419281,-0.15774808824062347,0.16807256639003754,0.06003550812602043,-0.1645289659500122,-0.1122254729270935,-0.08724074810743332,0.28207841515541077,0.01429968886077404,-0.0021640867926180363,0.012637659907341003,0.004575115628540516,-0.09069927036762238,-0.12530198693275452,-0.08121640980243683,0.15755650401115417,-0.16711655259132385,0.1801907867193222,-0.012250450439751148,-0.14557094871997833,0.06782332062721252,0.07877538353204727,0.019027527421712875,0.18422600626945496,-0.011994619853794575,0.0178027655929327,0.20551836490631104,0.17780743539333344,0.2853568196296692,0.04461878538131714,-0.07056866586208344,-0.37938082218170166,-0.03465012460947037,-0.11215636879205704,-0.35916391015052795,0.10126902908086777,0.3221524953842163,-0.12549498677253723,0.034557074308395386,-0.2923131585121155,0.6284998655319214,0.04027924686670303,-0.2068028450012207,-0.17985625565052032,-0.1471143215894699,-0.12005802243947983,-0.5786885023117065,-0.15187044441699982,-0.12873110175132751,0.08588296175003052,0.21699170768260956,-0.2751144766807556,-0.0828833356499672,0.05174384266138077,0.04819631576538086,0.14300033450126648,0.057351838797330856,-0.13602837920188904,0.13103348016738892,-0.08035312592983246,-0.07106472551822662,-0.6343228220939636,-0.16757798194885254,-0.014857063069939613,0.19939959049224854,-0.07748054713010788,0.01179074589163065,0.04203255474567413
CID000004034,892,-0.15092334151268005,-0.10055221617221832,-0.21880796551704407,-0.08771796524524689,0.43318286538124084,0.3351612985134125,0.06163177639245987,-0.07961659133434296,-0.38361796736717224,-0.17629408836364746,0.0023382126819342375,-0.19564363360404968,-0.12710629403591156,-0.2568497061729431,-0.22421817481517792,-0.04954496771097183,0.21231742203235626,-0.20064382255077362,-0.06490867584943771,-0.030768562108278275,0.02434157207608223,0.13828115165233612,-0.017737559974193573,0.05878783389925957,-0.2025691717863083,0.13723129034042358,0.08330752700567245,0.07457073032855988,-0.02260342612862587,0.3461095094680786,-0.004789412021636963,-0.11678782850503922,0.013599934056401253,0.03416166454553604,-0.5035423040390015,-0.05255187675356865,-0.3675435185432434,-0.18262071907520294,-0.15110722184181213,-0.09834744781255722,0.04396888613700867,0.17987847328186035,-0.27823421359062195,-0.11267806589603424,0.13090069591999054,-0.056935615837574005,-0.025466347113251686,-0.12208688259124756,-0.1688140332698822,-0.18571507930755615,-0.20818893611431122,0.082138791680336,0.10733862221240997,-0.161974236369133,0.24035677313804626,-0.03572230041027069,0.040222711861133575,0.20503921806812286,0.11518748104572296,0.030690038576722145,-0.9265168905258179,-0.16193732619285583,-0.15062108635902405,0.3222619593143463,0.12556305527687073,0.09357629716396332,-0.5173259973526001,0.09821758419275284,0.08740036934614182,-0.02668161317706108,-0.19409909844398499,0.04632534459233284,-0.016070079058408737,-0.09154956042766571,0.12453927844762802,-0.0753764659166336,0.0026465444825589657,-0.09376972913742065,0.1635705977678299,0.12997198104858398,-0.26958438754081726,-0.2408713847398758,0.003308060811832547,0.0025897859595716,0.09257268160581589,-0.011235485784709454,-0.2331080436706543,-0.030490001663565636,0.4161298871040344,-0.1018640398979187,-0.010520270094275475,-0.007857507094740868,0.07097666710615158,0.012528961524367332,-0.4084652066230774,0.005561724305152893,-0.34201860427856445,0.36948564648628235,0.10034854710102081,-0.26221713423728943,0.30398061871528625,0.30043700337409973,-0.14610277116298676,-0.10667876154184341,-0.00894998200237751,0.0905398353934288,-0.41774997115135193,0.2531512677669525,-0.0691559910774231,0.38215991854667664,-0.07380815595388412,-0.25368744134902954,0.27425700426101685,0.01789281889796257,0.14245586097240448,0.1787816733121872,-0.04497593641281128,-0.00787870679050684,0.02276832051575184,0.06218148395419121,-0.18900465965270996,-0.6597568988800049,0.1399853676557541,-0.1890372335910797,-0.37968379259109497,0.10490717738866806,-0.033746905624866486,0.3386671245098114,0.19100740551948547,0.05117315798997879,-0.22510746121406555,0.09086687862873077,-0.5338345170021057,-0.36590591073036194,-0.007732880301773548,-0.17678725719451904,0.09855891764163971,0.040319595485925674,-0.0041320351883769035,0.14361277222633362,0.1344858705997467,0.22424116730690002,0.11611199378967285,0.01419161818921566,0.1764189898967743,-0.23174095153808594,0.15355563163757324,-0.02802429161965847,-0.06281255185604095,0.2536083161830902,-0.1372271627187729,-0.11066188663244247,0.24468180537223816,-0.07862156629562378,0.08762004226446152,-0.06415785104036331,0.03735264390707016,-0.31195563077926636,0.08276480436325073,-0.06730276346206665,0.17162016034126282,-0.005057355854660273,-1.0828967094421387,0.10595045238733292,0.13972198963165283,0.2059670388698578,-0.13066688179969788,0.026471426710486412,0.11967102438211441,0.03013107180595398,-0.11815545707941055,-0.05260239914059639,0.35692355036735535,0.03332023322582245,-0.09715602546930313,-0.17301657795906067,-0.0923873633146286,0.10713423788547516,-0.5862150192260742,-0.11291809380054474,0.1268000602722168,0.20408210158348083,0.18306156992912292,-0.1656351536512375,-0.07330846786499023,0.09847726672887802,-0.21050408482551575,-0.03840189427137375,0.6667546033859253,-0.18919698894023895,0.1316935271024704,-0.0418243408203125,0.07001857459545135,-0.15356256067752838,-0.1611337959766388,0.4796167314052582,0.16776439547538757,-0.031139830127358437,-0.10256512463092804,-0.10244625806808472,-0.0473947748541832,-0.3033229410648346,-0.25277847051620483,0.06289085000753403,-0.15328948199748993,0.6568724513053894,-0.14204363524913788,-0.061168886721134186,0.05519530177116394,-0.27553868293762207,0.10321668535470963,0.05574845150113106,0.04187571257352829,-0.0896923691034317,0.24649158120155334,0.04745353013277054,0.400015652179718,-0.017814159393310547,-0.014249756932258606,-0.22219844162464142,-0.04047267138957977,0.023447072133421898,-0.49649491906166077,-0.031995851546525955,0.2883172631263733,-0.18505367636680603,0.22182591259479523,-0.13683447241783142,0.7182149887084961,0.2608581781387329,-0.05067843198776245,-0.4666392207145691,0.02598346397280693,-0.03178834915161133,-0.48808765411376953,-0.17269232869148254,0.03713994473218918,0.21266493201255798,-0.06024901941418648,-0.2699158787727356,-0.15940465033054352,0.07694333046674728,0.03596477210521698,0.1458112746477127,0.019951563328504562,-0.5611968040466309,0.489309698343277,-0.08111029118299484,0.17942550778388977,-0.6180351972579956,0.17535337805747986,0.1810501217842102,0.25247225165367126,-0.07039715349674225,0.054866038262844086,0.09775106608867645
CID000004044,895,-0.10222182422876358,-0.2184138000011444,-0.10595979541540146,-0.2068985402584076,0.45780426263809204,0.3582431972026825,-0.21967677772045135,0.05866469815373421,-0.3384109139442444,-0.14963814616203308,0.17299456894397736,-0.38136547803878784,-0.031608760356903076,-0.15653380751609802,0.13545162975788116,0.034812189638614655,0.03598351404070854,0.0433557853102684,-0.16650688648223877,-0.042553626000881195,0.10398764908313751,0.23240432143211365,0.11950503289699554,0.10014660656452179,0.038937754929065704,-0.1544274091720581,-0.0010238051181659102,0.05813278630375862,0.02868897095322609,0.24288085103034973,0.0772939994931221,-0.3425028920173645,-0.07871241122484207,0.03120395913720131,-0.4204292893409729,-0.11322605609893799,-0.2424103021621704,-0.17374560236930847,-0.1344839483499527,0.010812955908477306,0.14685997366905212,-0.027853090316057205,-0.1909346580505371,-0.14518608152866364,0.039832953363657,-0.004160858690738678,0.25281938910484314,0.33119097352027893,0.2610494792461395,-0.0033453539945185184,-0.03725779801607132,0.17887020111083984,0.016299277544021606,-0.14960412681102753,0.10223778337240219,0.06653184443712234,-0.08270664513111115,0.0692673921585083,0.18257494270801544,0.08436129242181778,-0.9273028373718262,-0.1625552922487259,-0.29000863432884216,0.23429660499095917,0.10100767761468887,0.07195955514907837,-0.3364275097846985,-0.0023825287353247404,-0.13018187880516052,-0.06865797936916351,-0.11753912270069122,0.14294740557670593,0.007065380457788706,-0.14438852667808533,0.032083023339509964,-0.09948725998401642,-0.03531447798013687,-0.1417308896780014,0.19027182459831238,-0.18121472001075745,-0.21979203820228577,0.08022325485944748,-0.21936893463134766,-0.036372143775224686,-0.12673048675060272,-0.12301454693078995,-0.15088005363941193,-0.03670086711645126,0.3142658472061157,-0.00640539824962616,-0.10335662215948105,-0.010881113819777966,0.11361577361822128,0.0487312451004982,-0.370267778635025,-0.048067521303892136,-0.0909440889954567,0.1514049470424652,0.19087961316108704,-0.1903398334980011,0.17967800796031952,0.13187041878700256,-0.19292084872722626,-0.0023104101419448853,-0.14918039739131927,0.04838201403617859,-0.443581759929657,0.24260544776916504,0.04850640892982483,0.12282626330852509,0.1532641351222992,0.10263663530349731,0.194009929895401,-0.02348676510155201,0.052390456199645996,0.0637516975402832,-0.05572047084569931,-0.014059653505682945,0.00812552124261856,0.0021762014366686344,-0.23025953769683838,-0.7173863649368286,0.02770456112921238,-0.12725305557250977,-0.46646633744239807,-0.05570625513792038,-0.12107962369918823,0.3712223768234253,0.122589111328125,-0.10445187985897064,-0.2645004391670227,0.004496133420616388,-0.349518358707428,-0.3130708336830139,-0.2844076454639435,-0.15116024017333984,0.06597192585468292,0.12182114273309708,0.09041962772607803,0.0008321076747961342,0.03907577693462372,0.08681251108646393,-0.22038385272026062,-0.07687483727931976,-0.031193528324365616,-0.19137927889823914,0.2493244707584381,-0.10395576804876328,0.21679648756980896,0.18609732389450073,-0.06407258659601212,-0.016951119527220726,-0.04386001080274582,0.13743244111537933,0.019549435004591942,-0.08815543353557587,-0.1405644714832306,-0.16696695983409882,0.022817086428403854,-0.02489868737757206,0.16692835092544556,0.01823282241821289,-0.9534861445426941,0.09855149686336517,0.17332956194877625,0.27882319688796997,-0.18248841166496277,-0.09408697485923767,0.19404739141464233,0.16749390959739685,-0.16032865643501282,-0.23872379958629608,0.34006360173225403,0.0016414194833487272,0.27076464891433716,0.21690110862255096,0.39154189825057983,0.11047091335058212,-0.4247593879699707,-0.18862144649028778,0.28481942415237427,0.23079867660999298,0.08355112373828888,0.04047948494553566,-0.15155243873596191,0.08260904252529144,-0.19711239635944366,0.04436349868774414,0.46783876419067383,-0.17178013920783997,0.23388567566871643,-0.1766856163740158,-0.019263887777924538,-0.10569020360708237,-0.04252680763602257,0.43679389357566833,-0.06310492753982544,-0.07612292468547821,-0.04439759999513626,-0.10414822399616241,0.01596861146390438,-0.018656903877854347,-0.17589716613292694,0.10713855922222137,-0.1241426020860672,0.2593217194080353,-0.05239533260464668,-0.009196480736136436,0.07334861904382706,0.07675974816083908,-0.002259188797324896,-0.0214532520622015,0.19846145808696747,-0.010562004521489143,0.1193072646856308,-0.03294834494590759,0.3010437488555908,-0.015803808346390724,-0.07753230631351471,-0.39891767501831055,-0.10048715025186539,-0.10798796266317368,-0.47752755880355835,0.09313832223415375,0.22957062721252441,-0.13177505135536194,0.15203911066055298,-0.18615205585956573,0.5963774919509888,0.08757945150136948,-0.12169735133647919,-0.07468350976705551,-0.1684509962797165,-0.0809655487537384,-0.5658930540084839,-0.1987721025943756,-0.0370621494948864,0.1261892020702362,0.2067883014678955,-0.038956351578235626,-0.22455477714538574,0.005566808395087719,0.05036493390798569,0.0226606372743845,0.10208015143871307,-0.2816539406776428,0.24711398780345917,0.11757423728704453,-0.06028398126363754,-0.6051244139671326,-0.042593397200107574,0.02948244847357273,0.13878953456878662,-0.056795697659254074,-0.018869644030928612,0.012767910957336426
CID000003203,896,-0.17468491196632385,0.0042074574157595634,0.06888888031244278,-0.12331902980804443,0.18444406986236572,0.19802667200565338,0.1899305284023285,-0.034163184463977814,-0.19780543446540833,-0.2638811767101288,0.0400671549141407,-0.3968316316604614,0.14838548004627228,-0.13423888385295868,-0.03398146480321884,-0.02665998414158821,0.031995661556720734,0.19074465334415436,0.2792596220970154,0.14680704474449158,-0.021882403641939163,-0.028030460700392723,0.0617627389729023,-0.04016753286123276,-0.05961788818240166,0.0199870802462101,0.006308877374976873,0.030001670122146606,-0.10035483539104462,0.20369915664196014,-0.21630124747753143,-0.011339867487549782,-0.06654821336269379,-0.02411750517785549,-0.5037408471107483,-0.04560140520334244,-0.16735431551933289,-0.21968233585357666,-0.18461547791957855,-0.11472020298242569,0.15606816112995148,0.10370876640081406,-0.1966424435377121,-0.15362362563610077,0.2212556153535843,-0.041411228477954865,0.10050330311059952,0.09223322570323944,-0.16999515891075134,-0.15890097618103027,-0.3606683909893036,0.10656712204217911,0.009327137842774391,-0.061592888087034225,0.06906438618898392,-0.01583775505423546,-0.05063425749540329,-0.04757985472679138,0.07166267931461334,-0.07966586202383041,-0.8796043395996094,0.13896647095680237,-0.37049776315689087,0.19914035499095917,0.009728938341140747,0.09916567802429199,0.012993994168937206,0.3067358136177063,-0.007875713519752026,0.047454699873924255,0.003511513117700815,0.03587597608566284,0.0138676343485713,-9.490847878623754e-05,0.14073598384857178,0.1111704483628273,-0.0017995685338974,0.2051573246717453,0.025565113872289658,-0.05895615369081497,-0.09796048700809479,0.006857561878859997,-0.23956795036792755,-0.1565568745136261,-0.2085064947605133,0.08240298181772232,-0.19596634805202484,-0.29063209891319275,0.21375134587287903,-0.0349293127655983,0.19732597470283508,-0.11899363994598389,-0.12423819303512573,-0.053379125893116,-0.4146738648414612,-0.09565472602844238,-0.22729849815368652,0.1911146342754364,0.11839552968740463,-0.30972665548324585,0.20785661041736603,0.27575162053108215,-0.12174119055271149,-0.0957333892583847,-0.19586147367954254,0.13215956091880798,-0.3436383306980133,0.27120858430862427,-0.030765678733587265,0.08022600412368774,0.10430307686328888,0.14845390617847443,0.2167186290025711,0.06217503547668457,0.030378499999642372,0.044013720005750656,0.04758660867810249,-0.1885039508342743,0.08069705963134766,0.1272861659526825,-0.01756235398352146,-0.6512612104415894,-0.34870320558547974,-0.17146041989326477,-0.32068365812301636,0.12325944751501083,-0.015055609866976738,0.2582143247127533,0.2288730889558792,0.0416385792195797,0.08166704326868057,0.007949975319206715,-0.5363684892654419,-0.2711056172847748,0.15963101387023926,-0.07547487318515778,0.07036823034286499,-0.09835979342460632,-0.10895101726055145,-0.0005760669591836631,-0.07586485147476196,0.028625700622797012,-0.020569568499922752,-0.08544360101222992,-0.016563206911087036,-0.05781562998890877,-0.16583091020584106,0.006306856870651245,-0.009830916300415993,-0.08293845504522324,-0.022766252979636192,0.12477719783782959,0.11518625169992447,0.07299888134002686,-0.009462905116379261,-0.0536523275077343,-0.18092481791973114,-0.28895553946495056,0.022093957290053368,-0.011424675583839417,0.18417344987392426,0.019095266237854958,-0.8349989056587219,-0.006431668996810913,0.1927497684955597,0.21797232329845428,-0.1828439086675644,-0.13121679425239563,0.0938636064529419,-0.08882711827754974,0.0014180957805365324,-0.12905463576316833,0.23988506197929382,-0.03373635932803154,-0.032176531851291656,-0.007590562105178833,-0.06259565055370331,0.1358271986246109,-0.47425001859664917,-0.039313800632953644,0.18963316082954407,0.23663756251335144,0.05914703756570816,0.09719187766313553,0.0031601935625076294,-0.08935295045375824,-0.15696744620800018,-0.018108392134308815,0.4908657968044281,0.03302115947008133,0.07284088432788849,-0.057479072362184525,-0.24174928665161133,-0.09365735948085785,-0.04266650229692459,0.21420660614967346,-0.0262218676507473,-0.01123347319662571,-0.11108078807592392,0.14898927509784698,0.06649371236562729,-0.13957658410072327,-0.09451138973236084,0.2395901381969452,-0.08732981979846954,0.14844514429569244,0.04447158798575401,-0.1108793243765831,-0.06753308326005936,-0.021310890093445778,0.07545435428619385,0.14948004484176636,-0.1675698310136795,0.0530819296836853,0.11730758845806122,0.28061842918395996,0.3414820730686188,0.21845129132270813,0.11955027282238007,-0.2907540202140808,-0.054591573774814606,-0.0716576799750328,-0.38474762439727783,0.06424432247877121,0.26988106966018677,-0.09166628122329712,0.20813512802124023,-0.23343046009540558,0.7388669848442078,0.1094241589307785,-0.19950450956821442,-0.1690894067287445,-0.18032589554786682,-0.08329315483570099,-0.48037824034690857,-0.1766165941953659,-0.07015331834554672,0.04794919490814209,0.14738993346691132,-0.012687988579273224,-0.14935338497161865,-0.11309774219989777,0.10476177930831909,0.12661698460578918,-0.006516396999359131,-0.001194339944049716,0.07031861692667007,-0.15781629085540771,0.006364250089973211,-0.6953920125961304,-0.20100803673267365,0.11859432607889175,0.21515575051307678,-0.19963106513023376,0.025157073512673378,-0.04784412309527397
CID000004999,899,-0.1952553540468216,-0.3437221646308899,-0.22458644211292267,-0.24122795462608337,0.07160808145999908,0.44280728697776794,-0.006533831357955933,0.1471746861934662,-0.2632800042629242,-0.28927409648895264,0.1580805480480194,-0.39624351263046265,0.12340037524700165,-0.36809954047203064,0.08398433029651642,0.0068825422786176205,0.00239803409203887,0.06581474095582962,0.040389664471149445,-0.01055745966732502,0.02136966958642006,0.042771562933921814,0.008437847718596458,0.15396079421043396,0.4497627317905426,-0.12006654590368271,0.14869897067546844,0.1142108216881752,0.04795365035533905,0.3919079303741455,0.1198798418045044,0.028789471834897995,-0.03087611123919487,0.03362462297081947,-0.17047572135925293,-0.0258321650326252,-0.3675256371498108,-0.43070465326309204,-0.1295987218618393,-0.0051306248642504215,0.22245387732982635,0.2653051018714905,-0.09982621669769287,-0.05129331350326538,0.072056844830513,0.20683714747428894,0.16950784623622894,-0.1411786675453186,-0.015525005757808685,0.017108876258134842,-0.06712373346090317,0.1861860752105713,-0.05388931185007095,-0.21307286620140076,-0.02093399502336979,-0.042094502598047256,0.047691017389297485,-0.21135802567005157,0.02486545778810978,0.1828361451625824,-0.7519996762275696,0.10729531198740005,-0.3129771649837494,0.26547950506210327,0.17822936177253723,0.20375895500183105,-0.4158968925476074,-0.15935128927230835,0.01944175362586975,-0.03232388570904732,0.04527289420366287,0.17067773640155792,0.12261911481618881,-0.391737699508667,0.04868461936712265,0.09514711797237396,0.034827008843421936,-0.026636797934770584,0.07913722842931747,0.23038728535175323,-0.32353848218917847,0.08157676458358765,-0.30494165420532227,-0.24192042648792267,0.08148454129695892,-0.18134400248527527,-0.5133169889450073,0.054560549557209015,0.3749045133590698,0.12451191991567612,0.13322339951992035,-0.33253613114356995,-0.09454519301652908,0.07247123122215271,-0.3537406027317047,-0.12794989347457886,-0.1441192328929901,0.4139255881309509,0.16416192054748535,-0.37922167778015137,0.22284138202667236,0.10055749118328094,-0.16746243834495544,-0.2979406416416168,-0.16664952039718628,-0.052827388048172,-0.24695710837841034,0.4329546391963959,-0.025956470519304276,0.3388333022594452,0.05186629295349121,0.1870804876089096,0.27193284034729004,-0.15365353226661682,-0.0778045803308487,0.027607280761003494,0.10063506662845612,-0.06467356532812119,0.10531409084796906,-0.019069528207182884,-0.16031864285469055,-0.4658546447753906,0.19351616501808167,-0.4775680601596832,-0.33919069170951843,0.032736487686634064,-0.10798163712024689,0.42696085572242737,0.19558081030845642,-0.25934916734695435,-0.2892341911792755,0.14972957968711853,-0.5324310660362244,-0.3499775528907776,-0.024444708600640297,-0.12128937244415283,0.19811618328094482,0.09918560087680817,0.08831088244915009,0.01133557129651308,-0.07393814623355865,0.24613673985004425,0.003791290568187833,0.103607676923275,0.10189853608608246,-0.0011783570516854525,0.0799267590045929,0.006103801541030407,0.013829129748046398,0.10020427405834198,-0.06704266369342804,-0.12943916022777557,-0.41648632287979126,0.14530976116657257,0.02889006771147251,-0.09552701562643051,-0.08216828107833862,-0.3668075501918793,0.17608118057250977,-0.010702649131417274,0.0735689252614975,-0.10439679771661758,-0.5574116110801697,-0.05590803548693657,-0.05686448886990547,0.36405956745147705,-0.11944548040628433,-0.07826696336269379,0.19871076941490173,-0.19007810950279236,-0.09353741258382797,-0.0372808538377285,0.5588499307632446,-0.2605702579021454,0.1534501612186432,-0.1968308985233307,0.03380057215690613,0.10734196752309799,-0.3041785657405853,-0.18683470785617828,0.09585229307413101,0.32969191670417786,0.034417882561683655,-0.053603749722242355,-0.00225272448733449,-0.06980635225772858,-0.4094676077365875,-0.09988684207201004,0.17431455850601196,-0.04089885950088501,0.09332184493541718,-0.1368742138147354,0.31058821082115173,-0.23034143447875977,-0.2625690698623657,0.4363332688808441,0.14572228491306305,-0.1484110951423645,-0.4099937081336975,-0.1638757288455963,0.2526816725730896,0.26906007528305054,-0.2704819142818451,0.21663813292980194,-0.13160857558250427,0.435124009847641,0.017795264720916748,-0.172072172164917,-0.09547607600688934,-0.0002466648875270039,-0.2574048936367035,0.19145694375038147,-0.19410297274589539,0.1907755583524704,0.08473072201013565,-0.07646997272968292,0.16719716787338257,0.20103082060813904,0.270979642868042,-0.2903575003147125,-0.07366488128900528,-0.05428658053278923,-0.3073902428150177,-0.007621595170348883,0.3696446418762207,0.21138115227222443,0.36814242601394653,-0.4155965745449066,0.33055198192596436,0.1495089828968048,-0.13414297997951508,-0.4683515131473541,-0.04062163084745407,0.005345591809600592,-0.23202209174633026,-0.39971545338630676,-0.11425004154443741,0.20827999711036682,0.02609557844698429,0.0816812515258789,-0.2586066722869873,-0.018631035462021828,0.2395464926958084,0.013869956135749817,-0.006037247367203236,-0.17649385333061218,0.45530223846435547,0.0688188448548317,0.27580201625823975,-0.459465354681015,0.1286945939064026,-0.1575019508600235,0.03202730044722557,-0.10294004529714584,-0.04877564683556557,-0.01616799831390381
CID000002478,906,0.06414645910263062,0.008203083649277687,0.11984239518642426,-0.10926826298236847,0.9614130258560181,0.2997645437717438,-0.24959781765937805,-0.20049627125263214,-0.17228105664253235,0.2689245343208313,0.3989712595939636,-0.3630811274051666,-0.43123459815979004,-0.05807424709200859,-0.20087532699108124,-0.38811254501342773,-0.13016527891159058,-0.44523853063583374,0.2159920185804367,0.11329340934753418,-0.33907386660575867,-0.058334726840257645,-0.036313481628894806,-0.23891404271125793,-0.33165982365608215,-0.16264067590236664,-0.11113381385803223,0.014231023378670216,0.059702109545469284,0.3883402645587921,0.037584058940410614,-0.33199000358581543,0.21438603103160858,-0.11480247974395752,-1.1282203197479248,-0.09339108318090439,-0.421288400888443,0.00404996145516634,-0.20766782760620117,0.14953729510307312,-0.06953267753124237,0.120733842253685,0.10838351398706436,0.048569679260253906,0.13793687522411346,0.18507814407348633,-0.13892576098442078,0.38878709077835083,0.16718177497386932,0.007957872934639454,-0.6909180283546448,-0.2946755290031433,0.16307008266448975,-0.4071353077888489,0.15688775479793549,0.2184258997440338,-0.313202828168869,0.30409565567970276,0.4467209279537201,0.31570538878440857,-0.9309369921684265,0.26437464356422424,-0.08983008563518524,0.1978057324886322,-0.00905762892216444,-0.13392329216003418,-0.22916845977306366,0.5131171345710754,-0.024382835254073143,-0.07675132900476456,-0.15123531222343445,-0.13778802752494812,-0.0071978033520281315,0.027655061334371567,0.27713543176651,0.0657639354467392,-0.01239829696714878,0.1273379921913147,-0.0561823733150959,-0.3547234535217285,-0.05091669410467148,0.012306993827223778,0.159025639295578,0.07774980366230011,-0.20200315117835999,0.2660149931907654,-0.11381672322750092,0.5418714284896851,0.6827518343925476,-0.04361048340797424,0.0013346502091735601,0.005616000387817621,0.44109660387039185,0.009220719337463379,-0.6954634189605713,0.14427120983600616,-0.18596337735652924,0.16800007224082947,-0.14144113659858704,0.15337228775024414,0.6856435537338257,-0.11456191539764404,-0.26943764090538025,0.3057797849178314,0.29743367433547974,-0.028905201703310013,-0.8164116144180298,0.13451220095157623,0.05234212800860405,0.07229678332805634,0.0020616292022168636,-0.17964844405651093,0.020818661898374557,0.26436886191368103,-0.0014770478010177612,-0.03831660747528076,0.040743596851825714,-0.6120129823684692,0.04163828492164612,0.25320810079574585,0.014144420623779297,-1.0392229557037354,0.06894326210021973,-0.035836704075336456,-0.39983654022216797,-0.23195788264274597,-0.030434394255280495,0.3554954528808594,-0.09855221211910248,0.16081355512142181,-0.15494373440742493,0.03951980918645859,-0.2459903210401535,-0.5203086733818054,-0.3082750737667084,-0.04281702637672424,0.6509564518928528,-0.27336522936820984,0.13488546013832092,0.07501465082168579,0.40328627824783325,-0.04353674501180649,0.07843214273452759,-0.0762384682893753,-0.0956847220659256,-0.4899822175502777,-0.028210466727614403,0.1701873242855072,-0.1888606995344162,-0.14314058423042297,-0.11118587106466293,0.25308758020401,0.1765507012605667,-0.09453608840703964,-0.061435699462890625,-0.12053771317005157,0.09319747984409332,-0.25821253657341003,-0.022656887769699097,0.21400173008441925,-0.20270752906799316,0.0939214676618576,-1.080997347831726,0.12749557197093964,0.5724169015884399,0.09834997355937958,-0.28220900893211365,-0.14049625396728516,-0.08915536105632782,-0.13325174152851105,0.08219675719738007,-0.22503094375133514,0.1738809049129486,0.0002815544721670449,-0.16189484298229218,0.3862608075141907,0.3727470934391022,-0.025888800621032715,-0.3309977054595947,0.01606088876724243,-0.035216160118579865,0.0849781334400177,0.04071756452322006,0.14253085851669312,-0.10073493421077728,-0.3445703089237213,-0.20030725002288818,-0.3830159306526184,1.1934412717819214,-0.00017309188842773438,-0.011870667338371277,-0.6954120397567749,-0.22348904609680176,0.296416699886322,-0.02139868773519993,0.4385735094547272,-0.06192764639854431,-0.1827397346496582,-0.40649741888046265,-0.08867862075567245,-0.15595027804374695,-0.3966454863548279,-0.31965869665145874,0.33409175276756287,-0.1817096471786499,0.11820657551288605,0.18964926898479462,0.11112131178379059,-0.018130313605070114,0.05133897066116333,0.5328311324119568,-0.1597190797328949,-0.0449722595512867,-0.22494514286518097,0.3934481143951416,-0.4954604208469391,0.7947388887405396,-0.07285023480653763,-0.0504445917904377,-0.0584559328854084,-0.45984163880348206,-0.06487393379211426,-0.8551796078681946,0.20509643852710724,0.4663527011871338,-0.19544999301433563,0.08050377666950226,-0.30315014719963074,0.8799152374267578,0.0352834090590477,-0.08356872946023941,0.013040564954280853,0.23437480628490448,-0.06463499367237091,-0.5167131423950195,-0.25430282950401306,-0.08869403600692749,0.05972515419125557,0.05331634357571602,-0.0892162173986435,-0.32567358016967773,-0.21096265316009521,0.018652159720659256,0.06215544790029526,0.029308846220374107,-0.3036841154098511,0.15180304646492004,0.012554588727653027,-0.25765419006347656,-1.0577857494354248,-0.08085797727108002,0.5037987232208252,0.4070133566856384,0.23180074989795685,0.0808425024151802,0.25342127680778503
CID000004095,915,0.1576967090368271,0.0013483285438269377,0.4310302138328552,0.12754127383232117,0.3404783606529236,0.4232398569583893,-0.13269691169261932,-0.10279305279254913,-0.35946008563041687,0.016686350107192993,-0.16220298409461975,-0.2432975322008133,0.28933703899383545,-0.3463948369026184,0.15060696005821228,0.013733911328017712,0.14241254329681396,0.03281737491488457,0.05257240682840347,-0.5948437452316284,0.2779868543148041,-0.15235067903995514,-0.08573891967535019,0.03698721528053284,0.005165213253349066,0.028169479221105576,0.28297966718673706,-0.1544969528913498,-0.10575781017541885,0.37579935789108276,0.09439277648925781,0.034140266478061676,-0.044203124940395355,-0.21677689254283905,-0.7271039485931396,-0.009344195947051048,-0.23991334438323975,-0.24747903645038605,-0.034033942967653275,0.12795090675354004,0.18553131818771362,0.1098320484161377,0.05054990202188492,-0.03064296580851078,0.32559025287628174,0.2975333631038666,0.006674635224044323,-0.4162198007106781,-0.4004836976528168,-0.010277745313942432,-0.7654024362564087,0.14846457540988922,-0.004810820333659649,0.033828333020210266,-0.024483362212777138,0.10717888921499252,-0.008417313918471336,0.06600169837474823,0.3554764688014984,0.05392951890826225,-0.9274603128433228,0.2294224053621292,-0.20461055636405945,0.09841789305210114,0.07146662473678589,0.0375555083155632,-0.2734043598175049,0.1731334626674652,0.5128921270370483,-0.005242729093879461,-0.29156720638275146,-0.5677660703659058,0.113143190741539,0.1124679297208786,0.6375697255134583,0.07953883707523346,-0.11629942804574966,0.20553243160247803,-0.03495165705680847,-0.07807650417089462,-0.3165450394153595,-0.12213738262653351,0.21771273016929626,0.01073627918958664,0.015668492764234543,-0.045212287455797195,-0.33038121461868286,-0.13213808834552765,0.6404528617858887,-0.4153239130973816,0.0043825507164001465,0.03601678088307381,-0.15822021663188934,-0.047836560755968094,-0.8756364583969116,-0.09852124750614166,-0.12052406370639801,0.32757842540740967,0.15078338980674744,-0.16571557521820068,0.44421616196632385,0.06175776571035385,-0.07106214761734009,-0.01821107603609562,-0.09069649875164032,-0.19628772139549255,-0.6806654930114746,0.15174803137779236,-0.2614508271217346,0.29007744789123535,-0.5036928057670593,-0.0517948642373085,0.35238513350486755,0.06650496274232864,0.05285907909274101,0.04987949877977371,-0.23849037289619446,-0.057054053992033005,0.28891879320144653,-0.02857762575149536,0.2056635171175003,-0.7996573448181152,0.18970438838005066,-0.2834039330482483,-0.3686281144618988,-0.08445385843515396,-0.1525357961654663,0.20063093304634094,-0.18883463740348816,-0.08574508875608444,0.13573195040225983,-0.14272591471672058,-0.6432962417602539,-0.2503271698951721,-0.23707056045532227,-0.02441142499446869,0.578637421131134,-0.37013402581214905,-0.15708599984645844,0.20811815559864044,0.0385756716132164,0.11016187816858292,-0.24385468661785126,-0.00010150075104320422,0.030629348009824753,0.18092557787895203,-0.19085070490837097,-0.3200194835662842,0.21569594740867615,-0.3873212933540344,-0.2371843308210373,0.11388139426708221,-0.0721527710556984,0.1277473270893097,0.20780782401561737,0.2459528148174286,-0.09836693108081818,-0.5091263651847839,0.15403851866722107,0.15081886947155,0.04424514248967171,-0.2530495226383209,-0.8440694808959961,0.07208193093538284,0.33517003059387207,0.16790537536144257,0.12483952194452286,-0.018831634894013405,0.21821098029613495,-0.3338645398616791,0.020503580570220947,-0.011166287586092949,0.5665098428726196,-0.43463268876075745,0.08937598764896393,-0.36917853355407715,-0.23587052524089813,0.0686831921339035,-0.27634015679359436,-0.14835777878761292,0.2849424481391907,0.37235045433044434,-0.2098710983991623,0.0521327368915081,0.1116107702255249,-0.047950081527233124,-0.45244354009628296,-0.1738777905702591,0.776765763759613,0.24293287098407745,0.063331738114357,-0.5755785703659058,0.2645270824432373,-0.06298209726810455,-0.23661765456199646,0.3851543068885803,0.10565003007650375,-0.29572272300720215,-0.38059645891189575,0.4594743847846985,-0.00012330114259384573,-0.25435394048690796,-0.24708648025989532,0.2992444336414337,0.14304646849632263,0.4137183725833893,0.08241260051727295,0.14554545283317566,-0.32940536737442017,-0.1551050990819931,0.5187121629714966,-0.1074264794588089,0.02368892729282379,0.023412877693772316,0.05453765392303467,-0.18417523801326752,0.5875247716903687,-0.20891320705413818,0.11061181128025055,-0.012836018577218056,0.1560194194316864,-0.09027940034866333,-0.6210021376609802,-0.18104353547096252,0.059245847165584564,-0.33306607604026794,0.23520919680595398,-0.26843196153640747,0.6793867349624634,0.00254843826405704,-0.16719718277454376,-0.3311859965324402,0.17440906167030334,0.021495986729860306,-0.5270992517471313,-0.37170422077178955,-0.2837381660938263,0.28954750299453735,-0.052583180367946625,0.053186915814876556,-0.5418626666069031,-0.05543132498860359,0.19941222667694092,-0.03430401161313057,0.17745643854141235,-0.6413865685462952,0.1540045440196991,0.011388838291168213,0.03692120313644409,-0.784963071346283,0.19688908755779266,0.13621185719966888,0.26486754417419434,0.4296445846557617,0.0006688058492727578,-0.08252330124378204
CID000003114,916,-0.23663826286792755,0.021356044337153435,0.06867091357707977,-0.14483365416526794,0.25554221868515015,0.33780437707901,-0.09553652256727219,-0.2192603349685669,-0.47590699791908264,-0.10217969119548798,-0.17670607566833496,-0.4093361496925354,0.007542526815086603,-0.43212437629699707,0.1876632422208786,0.039044082164764404,0.06824575364589691,0.11569168418645859,-0.03221515566110611,-0.2086164653301239,0.06190929561853409,-0.03876862674951553,0.004107952117919922,-0.04802900552749634,-0.09508232772350311,0.11950244754552841,0.006787884049117565,-0.03497571870684624,-0.04737386479973793,0.3971279561519623,-0.1434614658355713,-0.25270187854766846,0.01202096976339817,-0.13768887519836426,-0.33054855465888977,0.10661686956882477,-0.3281584680080414,-0.31978052854537964,-0.10656525939702988,-0.05090603977441788,0.14371156692504883,0.2308415174484253,-0.22582288086414337,-0.10651223361492157,0.21647736430168152,0.23641879856586456,0.012154662981629372,-0.09872595220804214,-0.21991583704948425,0.016793806105852127,-0.33883240818977356,0.13924220204353333,-0.10281334072351456,-0.15858232975006104,0.09319459646940231,0.03419337794184685,-0.26041752099990845,-0.002678132150322199,0.34247004985809326,-0.12393969297409058,-0.976889967918396,0.12769348919391632,-0.2055218666791916,0.41729989647865295,0.267221063375473,0.08444060385227203,-0.29508310556411743,0.12837007641792297,0.19784978032112122,-0.11910843849182129,-0.02425388991832733,-0.3377237021923065,-0.03380114585161209,0.1388157308101654,0.37096819281578064,0.1489374190568924,-0.08630719035863876,-0.0028338313568383455,0.22683009505271912,-0.2174604833126068,-0.17905011773109436,0.02607421949505806,0.03579937666654587,-0.0201728455722332,0.0793071836233139,-0.03223838657140732,-0.31947246193885803,-0.2232392579317093,0.5161906480789185,-0.11906478554010391,-0.01106906495988369,-0.11890538781881332,-0.11010575294494629,0.0803551971912384,-0.7613300085067749,-0.049189310520887375,-0.12038266658782959,0.5083813667297363,0.2321736365556717,-0.3193410038948059,0.3110235929489136,0.11683554947376251,-0.36091065406799316,-0.19430086016654968,-0.04167093336582184,-0.11791720241308212,-0.440784752368927,0.21199162304401398,-0.31700462102890015,0.18832382559776306,-0.10987119376659393,0.05662053823471069,0.44228410720825195,0.08020827919244766,0.17315101623535156,0.22116175293922424,-0.3212675452232361,-0.29229074716567993,0.1636040359735489,-0.09779657423496246,0.030034679919481277,-0.7275728583335876,-0.1341395080089569,-0.20197553932666779,-0.3306962847709656,0.06765484064817429,0.058830808848142624,0.34323650598526,0.06834199279546738,0.029269466176629066,0.08243944495916367,0.024191435426473618,-0.6215195655822754,-0.2947250008583069,-0.10858623683452606,-0.08757360279560089,0.016410555690526962,-0.18382136523723602,-0.24165761470794678,-0.023241668939590454,0.000612698495388031,0.002108648419380188,-0.3525370657444,-0.048855382949113846,0.18225432932376862,-0.08777554333209991,0.01019207388162613,-0.22662007808685303,0.16900017857551575,-0.25141555070877075,-0.1726190596818924,0.0027378827799111605,0.14134958386421204,-0.1009889468550682,-0.11024799197912216,-0.013643020763993263,-0.07926060259342194,-0.3802807927131653,-0.0541921928524971,0.30809974670410156,0.09757643938064575,-0.001117408275604248,-0.8402048349380493,-0.019363516941666603,0.2697482705116272,0.22593450546264648,-0.18574383854866028,0.13314373791217804,0.10084905475378036,-0.1754731982946396,-0.16496853530406952,-0.257210910320282,0.4658132493495941,-0.32843267917633057,-0.06211944669485092,-0.32319512963294983,-0.18574658036231995,0.015954438596963882,-0.5191539525985718,-0.024689799174666405,0.25497859716415405,0.3015526533126831,0.030528342351317406,-0.0190611369907856,0.10058729350566864,0.10765045881271362,-0.2884511351585388,-0.12284300476312637,0.413357675075531,0.09874816238880157,0.029210615903139114,-0.03230416774749756,-0.20541110634803772,-0.12258641421794891,-0.20210090279579163,0.33666491508483887,0.27367815375328064,-0.16314534842967987,-0.5854558944702148,0.322002112865448,0.0943785309791565,-0.3225320279598236,-0.04671337455511093,0.26059263944625854,-0.001511076116003096,0.37175655364990234,0.0736548900604248,-0.06292496621608734,-0.09025947749614716,0.08349768072366714,0.1021936759352684,-0.06716302782297134,-0.06762368977069855,-0.005507148802280426,0.20970550179481506,0.17863085865974426,0.5297318696975708,-0.0028618574142456055,-0.44008421897888184,-0.1362742930650711,0.07399334013462067,-0.07355548441410065,-0.3976871967315674,-0.09946168214082718,0.08208517730236053,-0.06614304333925247,0.2843344211578369,-0.2457658052444458,0.8571745753288269,0.14862778782844543,-0.18889251351356506,-0.23793061077594757,-0.09801431000232697,0.052205223590135574,-0.42683130502700806,-0.29421886801719666,-0.24957366287708282,0.34916234016418457,0.09982063621282578,-0.13646243512630463,-0.14464923739433289,-0.18709847331047058,-0.0032566613517701626,0.2130756378173828,0.13458071649074554,-0.40005239844322205,0.28973719477653503,-0.07066158950328827,0.06939082592725754,-0.7291392683982849,-0.1022053137421608,0.13870011270046234,0.20166489481925964,-0.038641203194856644,0.1659429371356964,0.021683484315872192
CID000213039,921,0.018452385440468788,-0.1149173229932785,0.20623965561389923,-0.05418124049901962,0.3896562159061432,0.3742722272872925,0.14977963268756866,-0.1460261046886444,-0.44500184059143066,-0.013119012117385864,0.34725508093833923,-0.3092396557331085,0.20528066158294678,-0.07473605871200562,-0.10879411548376083,-0.037208192050457,0.06331078708171844,0.4692762494087219,0.3894902169704437,-0.04775155708193779,-0.35425734519958496,-0.07306638360023499,0.000127449631690979,-0.05659996718168259,-0.1223200187087059,-0.168576180934906,0.36571916937828064,-0.1874164342880249,0.03884901851415634,0.13742698729038239,-0.346648633480072,0.26281923055648804,0.10687259584665298,0.02741231396794319,-0.8987800478935242,-0.09718738496303558,-0.2958679795265198,-0.2743847072124481,-0.3632560670375824,-0.06068812683224678,0.13731585443019867,-0.004151808097958565,-0.1802063137292862,-0.260383665561676,0.5245867967605591,-0.023449301719665527,0.03784514218568802,0.10692824423313141,-0.1582319289445877,-0.3092357814311981,-0.852302074432373,0.015775416046380997,-0.051648564636707306,-0.23207326233386993,0.19166162610054016,0.07606112211942673,0.02495277114212513,0.052827347069978714,0.3275531530380249,-0.08129998296499252,-1.076407790184021,0.14447692036628723,-0.18278014659881592,0.48544564843177795,-0.011502206325531006,0.10323872417211533,0.007291798479855061,0.6535306572914124,0.1773357093334198,-0.001973140286281705,0.13287648558616638,0.12244533002376556,-0.09864892810583115,0.304612934589386,0.6072253584861755,0.1989760845899582,0.23600132763385773,0.434187114238739,-0.08904340118169785,-0.1801220178604126,-0.08684506267309189,-0.03262009099125862,-0.20876607298851013,-0.03588404506444931,-0.1486600935459137,0.06348320841789246,-0.12285307794809341,-0.030652189627289772,0.3192346394062042,-0.023596525192260742,0.22362525761127472,-0.04210108518600464,-0.09325817972421646,-0.002713045570999384,-0.8663832545280457,-0.10928533226251602,-0.23868004977703094,0.2604147493839264,-0.02737053669989109,-0.15056034922599792,0.3676527440547943,-0.04918354004621506,-0.0010963634122163057,0.06454676389694214,-0.1567784547805786,0.06742233783006668,-0.23706121742725372,0.30347785353660583,-0.1568318009376526,0.08271394670009613,-0.3444177508354187,0.3393562436103821,0.17942796647548676,-0.0040953271090984344,0.2173520028591156,0.1878650188446045,0.31139954924583435,-0.8377617597579956,0.39398881793022156,0.36209243535995483,0.2106342315673828,-0.8320990800857544,-0.21832887828350067,-0.3836405873298645,-0.3048137426376343,0.123563751578331,-0.05754643678665161,0.19987128674983978,0.32343095541000366,0.07326565682888031,0.0897814929485321,-0.06537677347660065,-0.4912192225456238,-0.3679775297641754,0.19802165031433105,0.08141421526670456,0.059341929852962494,-0.4074893891811371,0.18203380703926086,0.055477093905210495,-0.10258759558200836,-0.15507712960243225,-0.018560856580734253,-0.1374678909778595,-0.014135840348899364,0.2328018695116043,-0.32216876745224,-0.233838751912117,-0.26736980676651,-0.15313471853733063,-0.12630797922611237,0.2217349112033844,0.34446993470191956,0.14133372902870178,0.17695346474647522,0.10476212203502655,-0.12889675796031952,-0.25076407194137573,-0.10242348909378052,-0.10929934680461884,0.1048729419708252,0.1578184813261032,-0.7932485938072205,-0.06814728677272797,0.4806874692440033,0.24439170956611633,-0.37405556440353394,-0.14116229116916656,0.09698508679866791,0.083544060587883,0.0388256199657917,0.016055259853601456,0.2753775715827942,-0.010857855901122093,0.04244021326303482,0.11062932014465332,0.011718363501131535,0.23493468761444092,-0.33078062534332275,-0.012127131223678589,0.07641968131065369,0.15533283352851868,-0.08452517539262772,0.16045434772968292,0.10637611150741577,-0.05260666459798813,-0.3085889518260956,-0.03671414405107498,0.6577884554862976,-0.011740123853087425,0.006182157900184393,-0.05900350958108902,0.013871836476027966,0.09146323055028915,-0.1512254774570465,0.2167113572359085,-0.0430358350276947,-0.018831893801689148,-0.7252660393714905,-0.04641835764050484,0.06238842010498047,-0.2104354202747345,-0.1925649344921112,0.15246343612670898,-0.13828159868717194,0.08144418150186539,-0.005228608846664429,-0.1412775218486786,-0.21371006965637207,-0.012733936309814453,0.12295933067798615,0.04552047327160835,-0.21586593985557556,-0.09514971077442169,0.25460025668144226,0.04646088927984238,0.7059673070907593,0.10089321434497833,0.15148887038230896,-0.1295556128025055,-0.14275845885276794,0.009224516339600086,-0.4169103503227234,0.2087203711271286,0.24356453120708466,0.05636836215853691,0.06254569441080093,-0.18311485648155212,0.7410458326339722,0.10681349039077759,0.0059089758433401585,-0.17154964804649353,0.09877994656562805,0.11211918294429779,-0.40144243836402893,-0.251562237739563,-0.13967426121234894,0.06890866905450821,-0.09014657139778137,0.1901039183139801,-0.280994713306427,-0.1540413200855255,0.14010588824748993,0.27452442049980164,-0.20422783493995667,0.02729778364300728,-0.05168288201093674,-0.10478904098272324,0.09940791130065918,-1.006316900253296,-0.1299152970314026,0.22558975219726562,0.34548327326774597,-0.11528518050909042,-0.12199312448501587,-0.014514798298478127
CID000060696,925,-0.11505591869354248,-0.13671842217445374,-0.1599024087190628,-0.1031915694475174,0.251729816198349,0.34816235303878784,0.12251092493534088,0.16642186045646667,-0.17484916746616364,-0.2840629518032074,-0.14194972813129425,-0.29349827766418457,-0.013896048069000244,-0.15592531859874725,-0.1829337775707245,0.14713852107524872,0.020054148510098457,0.17552751302719116,0.03528803214430809,-0.06668949127197266,0.4284127354621887,0.04558602720499039,0.16472190618515015,0.17515462636947632,0.2429315596818924,0.03905121609568596,0.3062063455581665,-0.10264613479375839,-0.17201825976371765,0.40251803398132324,-0.21491384506225586,-0.13187812268733978,0.09247853606939316,-0.0017787248361855745,-0.6484017968177795,-0.16610200703144073,-0.22352135181427002,-0.21517090499401093,-0.24879327416419983,0.1527184695005417,-0.10358848422765732,0.2357052117586136,-0.03317715600132942,-0.20703473687171936,0.27704575657844543,0.1595538705587387,0.12391432374715805,0.0068177105858922005,-0.2616657316684723,0.004119588527828455,-0.255973756313324,-0.029824148863554,-0.04754044488072395,-0.12353809922933578,0.27146533131599426,0.027036434039473534,-0.07104377448558807,0.15415170788764954,0.2777525782585144,-0.15500317513942719,-0.7596585154533386,-0.2728760242462158,-0.3716126084327698,0.14910563826560974,-0.016192590817809105,0.051322855055332184,-0.09349725395441055,0.09625440835952759,0.09733244776725769,-0.14414317905902863,0.006645182613283396,-0.18934883177280426,0.07740424573421478,0.17702412605285645,0.287169873714447,-0.0819312110543251,-0.13632693886756897,0.061257828027009964,0.29178887605667114,0.0898570790886879,-0.1791003942489624,0.04770112782716751,-0.17337818443775177,-0.03877238929271698,0.07265035808086395,-0.2717372477054596,-0.23290804028511047,-0.17831818759441376,0.27312546968460083,0.14397425949573517,-0.29042381048202515,-0.0239485502243042,-0.016810033470392227,0.01593632437288761,-0.5350368618965149,-0.013596895150840282,-0.13121727108955383,0.24336738884449005,0.024541761726140976,-0.1746404469013214,0.2890079617500305,0.17637136578559875,-0.18072977662086487,-0.057201363146305084,-0.36080464720726013,0.010913724079728127,-0.5691269636154175,0.3105441927909851,0.10660886764526367,0.12829998135566711,-0.33714455366134644,0.2187751829624176,0.19283908605575562,0.19868770241737366,-0.036096565425395966,-0.02693207934498787,-0.3500264883041382,-0.09819020330905914,0.22109949588775635,0.22144131362438202,-0.05392680689692497,-0.6947008371353149,0.25435230135917664,-0.3695485591888428,-0.4630632996559143,0.06673368811607361,0.032766006886959076,0.3731001019477844,0.05586814880371094,-0.11790724843740463,-0.28264904022216797,0.07273326069116592,-0.5980803966522217,-0.3259994387626648,0.17299331724643707,-0.28794071078300476,0.22513481974601746,-0.12299247086048126,-0.11132063716650009,0.3072390854358673,0.031213130801916122,0.30880916118621826,0.11933939158916473,-0.005297881551086903,-0.026638856157660484,0.28088611364364624,0.08677869290113449,0.04423905164003372,0.4336642622947693,0.04342125728726387,0.07211347669363022,-0.18552620708942413,-0.2465677559375763,-0.09870155155658722,0.1895756870508194,0.1458212435245514,-0.06645267456769943,-0.28590458631515503,0.09621983766555786,0.24739114940166473,0.21419627964496613,0.03523654863238335,-0.8434492349624634,0.0955524742603302,0.2250595986843109,0.21296294033527374,-0.3227251172065735,-0.09288663417100906,-0.07160992920398712,-0.06606832146644592,-0.0014118790859356523,0.15652777254581451,0.2996414601802826,-0.20046672224998474,-0.07945175468921661,-0.019400645047426224,-0.14700236916542053,0.0031804696191102266,-0.447152704000473,-0.06220175698399544,0.29887908697128296,0.3672161102294922,0.13317926228046417,-0.008400487713515759,0.1081148013472557,-0.15526238083839417,-0.13074608147144318,0.04013681039214134,0.38983187079429626,-0.1681869775056839,0.10581059753894806,-0.1664113700389862,-0.06056226044893265,-0.23991039395332336,-0.23632307350635529,0.4495932459831238,0.11917444318532944,0.0073814778588712215,-0.2264227569103241,0.11197425425052643,0.11001819372177124,-0.19263115525245667,-0.10842852294445038,0.13984248042106628,-0.048124052584171295,0.31887561082839966,-0.0318889245390892,-0.009454295039176941,-0.1584906429052353,0.2260928601026535,0.006193593144416809,0.08231188356876373,-0.12674374878406525,0.11623046547174454,0.0006522297626361251,0.10561022907495499,0.4030725955963135,0.1479780673980713,-0.2614828050136566,-0.05580814927816391,-0.022380078211426735,-0.009745811112225056,-0.27918171882629395,-0.0492800772190094,0.14771245419979095,-0.18993313610553741,0.1430124044418335,-0.3104383051395416,0.5987529754638672,0.006562528200447559,0.019494783133268356,-0.1698012799024582,-0.12647466361522675,-0.15492086112499237,-0.6143299341201782,-0.23914989829063416,0.025575418025255203,0.19038739800453186,-0.05224660038948059,0.0873073935508728,-0.6107602119445801,-0.19191348552703857,0.0643676146864891,0.06660786271095276,0.15560081601142883,-0.4123954176902771,0.3354596495628357,-0.15520642697811127,0.04135895520448685,-0.6163691878318787,0.3408796787261963,0.20035092532634735,0.12848088145256042,0.10713990777730942,-0.05533955246210098,-0.14013917744159698
CID000002727,926,-0.003052492393180728,-0.11117926985025406,-0.28531545400619507,-0.012592053040862083,0.5189804434776306,0.26118963956832886,-0.15244224667549133,-0.041061751544475555,-0.1166558489203453,-0.15684285759925842,0.19706542789936066,-0.18152150511741638,0.10127834230661392,-0.01473335362970829,0.06773455440998077,-0.21613363921642303,-0.05482887476682663,-0.06960941106081009,-0.10215671360492706,-0.10720755159854889,-0.065047487616539,0.09184086322784424,-0.017614146694540977,-0.0848081111907959,0.21848872303962708,0.010578828863799572,-0.18248622119426727,-0.07671286910772324,0.06017167493700981,0.32109832763671875,-0.07981039583683014,-0.3609809875488281,-0.051906149834394455,-0.11526058614253998,-0.4783290922641754,-0.14337565004825592,-0.10894916951656342,-0.16793008148670197,-0.1025613397359848,0.005165264010429382,0.10094647109508514,-0.2291097193956375,0.13233256340026855,-0.21431466937065125,0.1398664116859436,0.14764511585235596,0.0043513416312634945,0.28912490606307983,0.22424308955669403,0.028276070952415466,-0.09392436593770981,0.07905389368534088,-0.08882252871990204,-0.154664546251297,0.0329919196665287,0.1022973284125328,-0.05834343284368515,-0.2476387321949005,0.09074531495571136,-0.13930565118789673,-0.8277307748794556,-0.011521190404891968,-0.36593714356422424,0.2945639491081238,0.22256727516651154,-0.06982523202896118,-0.2790611684322357,0.2145809680223465,0.001690346049144864,-0.039725057780742645,-0.30067679286003113,0.09336135536432266,0.020691927522420883,-0.33708763122558594,-0.005099224857985973,-0.04884898290038109,-0.23605318367481232,-0.020028144121170044,0.32852181792259216,-0.21691353619098663,-0.31279242038726807,-0.04770582914352417,-0.12227411568164825,-0.2948288917541504,-0.1617649495601654,-0.1258617490530014,-0.2313002347946167,-0.08724303543567657,0.4372011125087738,-0.08751962333917618,0.0644991397857666,0.01873563602566719,0.21314577758312225,-0.030943438410758972,-0.5413945913314819,-0.15284626185894012,-0.1907385289669037,0.24415087699890137,0.12453023344278336,-0.41162705421447754,0.28247448801994324,0.1249074935913086,-0.2012293040752411,0.07171900570392609,-0.027543053030967712,0.014581558294594288,-0.5370643734931946,0.29587334394454956,0.2160029113292694,0.16018226742744446,0.24643900990486145,0.08402912318706512,0.3320174813270569,0.06227456405758858,0.11970803886651993,0.1262897104024887,-0.04803382605314255,-0.33494073152542114,0.034856270998716354,0.11910581588745117,-0.1950874775648117,-0.7777848243713379,-0.0003650188446044922,-0.18318413197994232,-0.45870351791381836,-0.08304052799940109,0.006738503463566303,0.5044782757759094,-0.015037015080451965,-0.027109479531645775,-0.46335428953170776,-0.15094242990016937,-0.4138265550136566,-0.3210371136665344,-0.13508549332618713,-0.07128392904996872,0.37339386343955994,-0.008628183975815773,0.015008315443992615,0.21725471317768097,0.0633748397231102,0.24024033546447754,-0.13431087136268616,-0.1492328941822052,-0.10571856796741486,-0.29276034235954285,0.06376107037067413,-0.0944843739271164,0.08019455522298813,0.0510074719786644,-0.20669002830982208,0.058032017201185226,-0.1429598331451416,0.06486229598522186,-0.1310410350561142,0.011191165074706078,-0.10859525203704834,-0.31372693181037903,0.008471357636153698,-0.17135557532310486,0.14154121279716492,-0.1518024206161499,-0.9169690012931824,0.2561052441596985,0.3763618469238281,0.1805635392665863,-0.16041623055934906,-0.15220627188682556,0.10044002532958984,0.3330126702785492,0.036086250096559525,-0.0663609430193901,0.4570937156677246,-0.0842059999704361,0.10402368009090424,0.23014087975025177,0.24906787276268005,0.03365433216094971,-0.39314383268356323,0.0056667267344892025,0.326834112405777,0.3377200961112976,-0.007989679463207722,0.038385771214962006,-0.20979174971580505,-0.010583227500319481,-0.5057631731033325,0.14898400008678436,0.5441235303878784,0.11150679737329483,0.4167335033416748,-0.22812029719352722,-0.0032920478843152523,0.10734027624130249,-0.04287586361169815,0.3037371039390564,-0.08477098494768143,-0.1821436583995819,-0.05954216793179512,-0.26398274302482605,-0.12222089618444443,0.14475056529045105,-0.43535885214805603,0.26392483711242676,0.003914108965545893,0.16359740495681763,-0.16370460391044617,-0.016970515251159668,-0.1193789690732956,-0.04606577008962631,0.09625899791717529,0.14392736554145813,-0.06002076715230942,0.02969450317323208,0.1361071616411209,0.1141023188829422,0.4887257218360901,-0.07019571959972382,0.04218415915966034,-0.28283900022506714,-0.2156635969877243,-0.016636494547128677,-0.5748410820960999,-0.08167190849781036,0.1910640001296997,-0.1469436138868332,0.12715376913547516,-0.259186327457428,0.761954665184021,-0.059500861912965775,-0.07483047246932983,-0.07446978241205215,-0.034852415323257446,-0.22107744216918945,-0.6044381856918335,-0.3045540750026703,0.13508737087249756,0.0796223133802414,0.29194846749305725,0.025527944788336754,-0.18849684298038483,-0.03065539337694645,-0.09950396418571472,0.20198988914489746,-0.06676319241523743,-0.2120206654071808,0.32198861241340637,-0.0020432383753359318,-0.12326449155807495,-0.7047725915908813,-0.15437114238739014,-0.022638561204075813,0.38633379340171814,0.08086814731359482,0.08329112827777863,-0.11791553348302841
CID000004539,927,-0.2785938084125519,-0.1863141655921936,0.19913211464881897,-0.11014868319034576,0.12695549428462982,0.4371231496334076,-0.10780171304941177,0.11982174962759018,-0.45429906249046326,-0.1906341165304184,0.2130771428346634,-0.4855870306491852,0.13536393642425537,-0.24493536353111267,-0.2684345543384552,-0.05711986497044563,0.07179483026266098,0.14219994843006134,0.0123115424066782,-0.01178976334631443,-0.1784239411354065,-0.02057299017906189,0.0548769012093544,-0.12084207683801651,0.10529438406229019,-0.17610934376716614,-0.01778733730316162,0.011111490428447723,-0.10161717236042023,0.29999932646751404,-0.1386706531047821,-0.07209093868732452,-0.19376973807811737,0.14128857851028442,-0.30096498131752014,0.04025702551007271,-0.1956465244293213,-0.30353617668151855,-0.11169108003377914,-0.175114706158638,0.1554999053478241,0.18756775557994843,-0.10727778822183609,0.12614654004573822,0.23286470770835876,0.17829126119613647,0.05968515947461128,0.03034106455743313,0.07247840613126755,-0.1721598207950592,-0.5559895038604736,0.22678029537200928,0.011422938667237759,-0.12923972308635712,0.40226083993911743,-0.0536981038749218,-0.11970925331115723,-0.07418842613697052,0.26308298110961914,-0.12025292217731476,-0.7390703558921814,0.020563602447509766,-0.31143277883529663,0.12672288715839386,-0.03991181030869484,0.0514480359852314,-0.186146080493927,0.11557362973690033,-0.005887263920158148,-0.04847971722483635,-0.3156808912754059,0.076175257563591,-0.011362185701727867,0.08554185926914215,0.19941385090351105,0.1337830275297165,-0.17787852883338928,0.23003248870372772,-0.09631197899580002,0.005754411220550537,-0.3237944543361664,-0.049210790544748306,-0.17473502457141876,-0.14804108440876007,-0.15435607731342316,-0.07991305738687515,-0.2785967290401459,-0.17001457512378693,0.17605513334274292,-0.0742683857679367,0.14216099679470062,-0.2786622643470764,0.00427344162017107,0.10343501716852188,-0.4041794240474701,-0.3422982692718506,-0.2727576792240143,0.21487641334533691,0.3511451780796051,-0.19156666100025177,0.22765636444091797,0.46397772431373596,0.011620962992310524,-0.164156973361969,-0.10117989778518677,-0.04124462977051735,-0.4467167854309082,0.23884472250938416,0.049524493515491486,0.08117746561765671,0.06710098683834076,-0.04441184923052788,0.2140635997056961,0.20720407366752625,0.1625060737133026,-0.025216877460479736,0.0019764304161071777,-0.09692494571208954,0.12998542189598083,0.09979988634586334,0.08746905624866486,-0.6124555468559265,0.1312371790409088,-0.31844884157180786,-0.4450817108154297,0.3254261612892151,-0.10462679713964462,0.2039012461900711,0.40273699164390564,-0.059003520756959915,0.1343183070421219,0.05304470658302307,-0.6654093861579895,-0.408654123544693,-0.13966983556747437,-0.043827787041664124,-0.0214863158762455,-0.2641482353210449,0.06674607843160629,-0.0722215324640274,0.08671276271343231,0.0008938431856222451,0.18813346326351166,-0.016562506556510925,-0.11756192147731781,0.12737937271595,0.11203683912754059,0.06769529730081558,0.012296855449676514,-0.1747070550918579,0.06932703405618668,0.05077899619936943,-0.14662906527519226,-0.05284827947616577,-0.030580982565879822,0.10414344072341919,-0.13420572876930237,-0.2289053499698639,0.17470215260982513,0.07806192338466644,0.3014543652534485,0.01051335223019123,-0.7157974243164062,-0.09922044724225998,0.20981881022453308,0.24414126574993134,-0.22618302702903748,0.115081787109375,0.11432981491088867,0.07545053958892822,-0.0014569461345672607,-0.01254212111234665,0.4949255883693695,-0.19252106547355652,-0.038725487887859344,0.07395383715629578,-0.03781728819012642,0.014407873153686523,-0.42672085762023926,-0.08206239342689514,0.14768412709236145,0.19792540371418,0.43261560797691345,-0.04395391419529915,-0.03965184465050697,-0.3071137070655823,-0.049619100987911224,-0.003424698021262884,0.42162102460861206,0.019650951027870178,0.2114928960800171,-0.14324377477169037,0.19321076571941376,-0.06228641793131828,-0.31077027320861816,0.36961236596107483,0.017884034663438797,-0.028184380382299423,-0.06688380986452103,-0.07827329635620117,0.05765213444828987,-0.044681910425424576,-0.11054066568613052,0.06323634833097458,0.16869902610778809,0.32290491461753845,0.14532002806663513,-0.09139136970043182,-0.3010685443878174,-0.09960950911045074,-0.013324936851859093,0.11089210212230682,-0.12514357268810272,0.3063722550868988,0.2639254331588745,0.2960648536682129,0.4360109865665436,0.113059863448143,0.08236956596374512,-0.2767654359340668,-0.07914048433303833,0.03239981085062027,-0.48850077390670776,-0.05548464134335518,0.13945797085762024,0.13089516758918762,0.3900279402732849,-0.20111136138439178,0.6247984170913696,0.41871270537376404,-0.07413918524980545,-0.41014403104782104,0.038772016763687134,-0.04275565221905708,-0.4007534384727478,-0.23680071532726288,0.1533161848783493,0.2594534158706665,0.20945784449577332,-0.04855268448591232,-0.0045989141799509525,-0.300460547208786,-0.010117879137396812,0.036156900227069855,0.04319288209080696,-0.29425567388534546,0.4352511763572693,-0.022654186934232712,0.3980722427368164,-0.633762538433075,0.175866961479187,0.059136368334293365,0.1785610467195511,-0.23920932412147522,0.07050184160470963,0.045252032577991486
CID000003007,928,-0.17318962514400482,0.13052237033843994,0.120968297123909,-0.06327283382415771,0.773822009563446,0.4379177689552307,0.3168661296367645,-0.27740463614463806,-0.343277245759964,-0.27415338158607483,0.05476539209485054,-0.5327152609825134,0.05788513273000717,-0.3621810972690582,-0.2879076302051544,-0.002991607878357172,-0.1259666383266449,0.0008341834181919694,0.03026580810546875,0.10956192016601562,0.15090957283973694,0.25663861632347107,-0.07121726125478745,0.13041076064109802,-0.07996843755245209,-0.024288062006235123,0.15505532920360565,0.10326848179101944,0.013384871184825897,0.19864724576473236,-0.2522469460964203,-0.07852791249752045,0.23108431696891785,-0.06852048635482788,-0.35798317193984985,0.3123630881309509,-1.1455930471420288,-0.5452993512153625,0.2928932309150696,-0.1637645661830902,0.2420005053281784,-0.0801657885313034,-0.3105555474758148,-0.14066454768180847,0.36483997106552124,0.4177693724632263,-0.3282437324523926,-0.20121324062347412,0.1448936015367508,-0.07583037763834,-0.32342541217803955,-0.011168255470693111,-0.42321133613586426,-0.4249838888645172,-0.21359391510486603,0.07998044043779373,-0.06411288678646088,-0.34917405247688293,0.2894967198371887,-0.1392800509929657,-1.1158082485198975,-0.32106366753578186,0.41452211141586304,0.6411028504371643,-0.15595991909503937,0.37937963008880615,-0.27221810817718506,-0.02151590585708618,0.33991608023643494,0.3488234877586365,-0.21318058669567108,0.07371971756219864,-0.1769060343503952,-0.3884130120277405,0.415224552154541,-0.029893577098846436,-0.06943722814321518,0.3319472074508667,-0.06482283771038055,-0.39074262976646423,-0.16510353982448578,-0.13914799690246582,-0.021283114328980446,-0.039811838418245316,0.21646514534950256,-0.1034654825925827,-0.125407874584198,-0.07272721827030182,1.196900725364685,-0.027478834614157677,-0.42843589186668396,-0.030233148485422134,-0.07706911861896515,0.014819741249084473,-0.6211733818054199,0.20979471504688263,-0.35830846428871155,0.6981834173202515,0.12383891642093658,-0.24712029099464417,1.0325406789779663,0.04462949559092522,0.25753647089004517,0.3123528063297272,-0.0910380482673645,0.045335885137319565,-0.18026389181613922,0.2755034267902374,-0.04917870834469795,0.24984674155712128,-0.22581806778907776,-0.39712223410606384,0.4973965287208557,-0.1879076212644577,0.5706809759140015,-0.08544601500034332,0.22021007537841797,-0.25785452127456665,0.40675410628318787,-0.3005196452140808,0.16817529499530792,-0.9036808013916016,-0.31308943033218384,-0.3405373990535736,-0.4943736493587494,-0.16500751674175262,-0.1902191936969757,0.14630478620529175,0.1936509907245636,-0.0447046272456646,-0.0029058456420898438,-0.07970444858074188,-0.40312322974205017,-0.44754156470298767,0.12710046768188477,0.02980213798582554,0.3793312907218933,-0.0339541882276535,-0.0038499056827276945,-0.26000362634658813,0.1820065975189209,0.37019434571266174,0.04889438673853874,0.010850122198462486,0.11228181421756744,-0.02354496158659458,0.02361707016825676,0.2508372366428375,0.19639143347740173,0.20910878479480743,-0.23668237030506134,-0.13361546397209167,0.3116270899772644,0.016511132940649986,0.28172916173934937,-0.20003315806388855,-0.09148962795734406,-0.3343164026737213,-0.052571188658475876,0.13565167784690857,0.10776320844888687,0.022311337292194366,-0.9846304059028625,-0.20362094044685364,0.03412230312824249,0.4746039807796478,0.10861623287200928,0.2890778183937073,0.47410327196121216,0.27474579215049744,-0.3826214075088501,-0.5356346964836121,0.5989271402359009,-0.30726319551467896,-0.2532055974006653,-0.1439247727394104,0.1968131959438324,0.0016295879613608122,-0.2123396098613739,0.030276602134108543,0.5627435445785522,0.22542890906333923,0.0025804624892771244,-0.018083522096276283,-0.04819060489535332,-0.001812049769796431,-0.6892303824424744,0.4087173044681549,0.6167669892311096,-0.20987148582935333,-0.18933315575122833,-0.13520197570323944,0.18816012144088745,-0.5317091345787048,-0.3535117506980896,0.767757773399353,0.2421277016401291,0.23302499949932098,-0.8110286593437195,-0.06337124854326248,-0.4333437383174896,0.17460134625434875,-0.30668705701828003,-0.2721320390701294,0.1678512692451477,0.5073560476303101,0.0460701584815979,-0.018693402409553528,-0.36118364334106445,-0.0029961378313601017,0.14155356585979462,0.19840511679649353,-0.02970052883028984,0.17621871829032898,0.20188963413238525,-0.09488817304372787,0.5187467932701111,0.01122372131794691,-0.4712863862514496,-0.30970391631126404,0.3272859454154968,0.05231718346476555,-0.7994160056114197,0.27267226576805115,0.4461475908756256,0.23862937092781067,-0.005760503001511097,-0.28727418184280396,0.6290809512138367,-0.042550042271614075,0.18737821280956268,0.15303169190883636,-0.09421740472316742,-0.02444436028599739,-0.33842387795448303,-0.03414050117135048,-0.003291558474302292,0.11366419494152069,0.018184686079621315,-0.22248883545398712,-0.24911633133888245,0.21411506831645966,-0.27371081709861755,-0.15277379751205444,-0.19452282786369324,-0.9260736703872681,0.31848520040512085,0.1705780029296875,-0.35618433356285095,-0.7523462772369385,-0.28319594264030457,0.10327780246734619,0.4096516966819763,0.2556198239326477,-0.010776080191135406,0.31245455145835876
CID006398970,931,0.15983770787715912,0.05287027359008789,-0.0028302520513534546,-0.28584393858909607,0.7969973087310791,0.43324846029281616,0.14891007542610168,0.09834541380405426,-0.39984163641929626,0.05094485729932785,0.2488861382007599,-0.44670620560646057,-0.11719818413257599,0.03778015822172165,-0.21036243438720703,-0.16814205050468445,0.02492230385541916,-0.0994902104139328,-0.5033828020095825,-0.03537073731422424,0.04880212992429733,-0.2604176700115204,0.05048220232129097,0.09827575832605362,0.0433618426322937,-0.34138962626457214,-0.11974997818470001,-0.033151380717754364,-0.06273192167282104,0.33104437589645386,-0.267461895942688,0.17078526318073273,-0.17120616137981415,-0.04617079347372055,-0.43085241317749023,0.32979828119277954,-0.5156826376914978,-0.32742539048194885,-0.04327072948217392,-0.21599619090557098,-0.24282138049602509,-0.040451712906360626,-0.20028623938560486,0.4369916319847107,0.2589973509311676,0.3271968960762024,-0.01822553761303425,-0.20008046925067902,-0.11334852129220963,-0.11032760143280029,-0.1783488690853119,-0.02500707283616066,-0.03453247621655464,-1.1491106748580933,0.051452379673719406,-0.07046531140804291,0.09562830626964569,0.04530423507094383,1.0902152061462402,-0.19421522319316864,-0.9789798855781555,0.01707526110112667,-0.2400551289319992,0.17066632211208344,0.24248039722442627,-0.36748647689819336,-0.5230259895324707,-0.0253110583871603,0.24768343567848206,-0.041363850235939026,-0.8394436836242676,0.14208512008190155,-0.2580093741416931,-0.1628107726573944,0.5549033284187317,-0.042927585542201996,0.364188015460968,-0.16162829101085663,0.38330018520355225,0.3678921163082123,-0.05040319636464119,0.058869510889053345,0.2921936511993408,-0.005033629946410656,-0.21404817700386047,0.24655285477638245,0.11454327404499054,0.04948129132390022,0.2951955199241638,0.25072720646858215,0.11288914829492569,-0.025988077744841576,-0.30015215277671814,-0.2028627097606659,-0.5583363175392151,0.10237667709589005,0.07625053822994232,0.1931268572807312,-0.17825451493263245,-0.000461450224975124,0.32924163341522217,0.33724743127822876,-0.23156289756298065,0.5097853541374207,-0.02247645892202854,0.1762954443693161,-0.6937598586082458,0.4053214192390442,-0.16963644325733185,0.6491788625717163,-0.3773704767227173,0.12729722261428833,0.14631831645965576,-0.1485234946012497,0.2249346524477005,0.058238737285137177,-0.21538770198822021,-0.27746838331222534,-0.09316097944974899,0.10529725253582001,-0.11829575151205063,-0.8770758509635925,-0.20084944367408752,-0.5460563898086548,-0.5103844404220581,0.2730303406715393,-0.08600522577762604,0.3178686499595642,-0.06937770545482635,0.11680328845977783,0.007187965326011181,0.22729316353797913,-0.7071124315261841,-0.3971697986125946,-0.015683870762586594,-0.06195198372006416,0.4616240859031677,-0.22540423274040222,0.4143770635128021,-0.1920388638973236,0.06323764473199844,0.6557940244674683,0.0128080565482378,0.09085581451654434,-0.17365498840808868,-0.18746082484722137,0.21753449738025665,0.0243825763463974,-0.10937941074371338,-0.025353332981467247,-0.14452752470970154,-0.1438877135515213,-0.1635715365409851,0.0928778350353241,-0.1913956105709076,0.08497533947229385,0.16222789883613586,-0.4245472550392151,-0.252246618270874,-0.003334128065034747,0.345475971698761,0.14844003319740295,-0.8493442535400391,-0.08294803649187088,0.41684308648109436,0.359661340713501,0.06907975673675537,0.45193591713905334,-0.02855967916548252,0.03283405303955078,-0.3136490285396576,-0.6058036088943481,0.6605993509292603,-0.15575972199440002,0.029696766287088394,-0.17725738883018494,-0.15866681933403015,0.04973506182432175,-0.3406781256198883,-0.24872076511383057,0.2542707324028015,-0.09565263241529465,-0.10926234722137451,-0.2464454174041748,-0.04797063395380974,-0.10129759460687637,0.04652158170938492,-0.080532006919384,0.4688771665096283,-0.011921894736588001,0.45205703377723694,-0.7200503945350647,0.19857744872570038,0.14848493039608002,0.057726144790649414,0.7331250905990601,0.17968282103538513,0.022277401760220528,-0.11038639396429062,-0.17545482516288757,-0.2155148983001709,0.04887312278151512,-0.20438313484191895,0.13805869221687317,-0.3651406764984131,0.3453074097633362,-0.20836058259010315,-0.508885383605957,-0.01539959292858839,-0.06716619431972504,0.5285681486129761,-0.22179293632507324,-0.12935838103294373,-0.2380911111831665,1.6210811138153076,0.1294821947813034,0.8544537425041199,0.16205202043056488,0.05984816700220108,-0.1271986961364746,0.25588715076446533,0.21823139488697052,-0.6459780931472778,0.26444998383522034,0.15275999903678894,0.09018079936504364,-0.15917150676250458,-0.7259193658828735,0.8393592834472656,0.4964185655117035,-0.18164882063865662,-0.6198550462722778,-0.15984554588794708,0.263573557138443,-0.7199838757514954,-0.2802917957305908,-0.13717849552631378,-0.01331309974193573,-0.3056187033653259,0.1658414900302887,-0.7612157464027405,-0.07324674725532532,-0.05573387071490288,-0.016672823578119278,0.08986780047416687,-0.6619638204574585,0.3776018023490906,0.0006908744690008461,-0.004165866877883673,-0.8588634729385376,-0.2511722445487976,-0.11825276911258698,0.3451170325279236,-0.11868765205144882,-0.07494807988405228,0.18359124660491943
CID000110635,934,0.06528522074222565,0.12728437781333923,-0.08774410933256149,-0.28267210721969604,0.40738779306411743,0.24843546748161316,0.06347648799419403,-0.1809965819120407,-0.45272350311279297,-0.02407141402363777,0.17212381958961487,-0.47709551453590393,0.061803244054317474,-0.08019205182790756,-0.2641184628009796,-0.2807878255844116,0.06580929458141327,0.13015474379062653,0.09701798111200333,0.1341172158718109,0.1579197347164154,0.17979803681373596,-0.21551188826560974,-0.08901317417621613,-0.18268036842346191,-0.08179917186498642,0.1248556599020958,-0.11121106147766113,0.15818515419960022,0.2666018605232239,-0.26657623052597046,0.14596803486347198,0.0783006101846695,-0.044562600553035736,-0.8851473927497864,0.16425299644470215,-0.45762795209884644,-0.23732464015483856,-0.1216537207365036,0.06551222503185272,-0.11580006778240204,0.11838282644748688,-0.2780314087867737,-0.15032987296581268,0.5683829188346863,0.03842959180474281,-0.1007973924279213,0.07303334772586823,0.02612057887017727,-0.3878796696662903,-0.7229534983634949,0.17670181393623352,-0.31132638454437256,-0.14653830230236053,0.14841170608997345,0.015874063596129417,-0.10041898488998413,0.1262826919555664,0.5189486742019653,0.05363652855157852,-1.0441194772720337,-0.0890849232673645,-0.20259952545166016,0.45082980394363403,-0.14380982518196106,-0.11131962388753891,-0.3295474946498871,0.7758485078811646,-0.1594480574131012,0.06138951703906059,-0.4213046431541443,-0.08816378563642502,-0.06602482497692108,0.26507145166397095,0.5456230044364929,0.09432883560657501,0.000759381044190377,0.4280965328216553,-0.22247865796089172,-0.3203393816947937,0.03635360673069954,-0.16637764871120453,0.022339556366205215,-0.2786068618297577,-0.11884617805480957,-0.09717016667127609,-0.28688284754753113,0.19047193229198456,0.633797824382782,-0.02408205345273018,-0.14701828360557556,-0.03616124019026756,0.04231051355600357,-0.03537319600582123,-0.7426149249076843,-0.17550387978553772,-0.18630251288414001,0.4720897078514099,-0.12012238800525665,-0.21825197339057922,0.560042142868042,-0.037628423422575,-0.23530542850494385,0.2372608631849289,-0.036379363387823105,0.07402805238962173,-0.3214207887649536,0.16623316705226898,-0.21908020973205566,0.13316945731639862,-0.08506814390420914,0.2407798320055008,0.28972774744033813,0.04958037659525871,0.3484173119068146,0.1825656145811081,0.13122664391994476,-0.6049942970275879,0.23971572518348694,-0.02137015387415886,0.2682446539402008,-1.050163984298706,-0.5280060172080994,-0.25076088309288025,-0.2963516116142273,0.2687026560306549,-0.21888551115989685,0.22385840117931366,0.1976848542690277,0.2811926007270813,-0.08633432537317276,0.06975720822811127,-0.5817798376083374,-0.36604443192481995,0.003271436784416437,0.08288098871707916,0.5242351293563843,-0.28926587104797363,0.029160985723137856,0.011485529132187366,0.059621501713991165,0.06550834327936172,0.11438517272472382,-0.2587713599205017,-0.06900831311941147,0.10498647391796112,-0.10337555408477783,0.038028668612241745,0.30771803855895996,0.2174905240535736,-0.1304335743188858,0.08084715902805328,0.16376903653144836,0.32850193977355957,0.2378700077533722,0.04502781108021736,-0.16389450430870056,-0.3130309283733368,-0.12762801349163055,0.17048032581806183,0.0027285218238830566,-0.3106410801410675,-1.1416306495666504,-0.23683235049247742,0.7403570413589478,0.13170063495635986,-0.1979168951511383,-0.20813314616680145,-0.2418489009141922,-0.011950945481657982,-0.21290524303913116,-0.0640266090631485,0.45922985672950745,-0.0687611922621727,-0.33197590708732605,0.04548802226781845,0.09781239926815033,0.18866607546806335,-0.2505728602409363,0.09710036963224411,0.1799260675907135,0.22015337646007538,0.17894408106803894,0.044155366718769073,0.09150167554616928,0.01892576739192009,-0.39110010862350464,-0.11714209616184235,0.8015317916870117,-0.10141505300998688,-0.25368690490722656,-0.16226990520954132,0.02236923947930336,0.05101839825510979,-0.18927764892578125,0.3073252737522125,-0.19295494258403778,-0.07296618819236755,-0.43218928575515747,0.07036412507295609,0.21253642439842224,-0.29428038001060486,-0.3792237341403961,-0.14233210682868958,0.0249740369617939,-0.02049635536968708,0.09254564344882965,0.1735377311706543,-0.49268946051597595,-0.37787503004074097,0.15597990155220032,0.3248339295387268,-0.02899443544447422,0.15187618136405945,0.14091186225414276,-0.20361480116844177,0.8152039647102356,0.07691729068756104,-0.028147632256150246,0.005130767822265625,-0.019300471991300583,-0.3354186415672302,-0.7320396900177002,0.09171243757009506,0.30921104550361633,-0.052118442952632904,-0.08942785114049911,-0.12926173210144043,0.9952362179756165,0.13275519013404846,-0.07035277783870697,0.00978092197328806,0.16851527988910675,0.034094974398612976,-0.46375107765197754,-0.25166913866996765,-0.29380521178245544,0.12729263305664062,0.17079010605812073,0.13536806404590607,-0.13468411564826965,-0.1908886730670929,0.0055047511123120785,0.1949443221092224,-0.09366606920957565,-0.39520835876464844,0.15063567459583282,-0.015527469106018543,-0.021065330132842064,-1.1903218030929565,-0.41955500841140747,0.35765987634658813,0.33787086606025696,-0.06629754602909088,-0.15740340948104858,-0.08003415912389755
CID000003690,937,-0.025697749108076096,-0.11207623779773712,-0.21052062511444092,-0.16205601394176483,0.5466026067733765,0.19790883362293243,-0.20353655517101288,-0.012670829892158508,-0.0954870954155922,0.02255876734852791,0.19172433018684387,-0.5296562910079956,-0.045790351927280426,-0.02430553361773491,0.029741887003183365,-0.07367565482854843,0.055845148861408234,-0.11773872375488281,0.04683997482061386,-0.04690911993384361,0.01595022901892662,-0.0938061848282814,0.06421320140361786,0.20418831706047058,0.07189830392599106,-0.024563923478126526,-0.00418169517070055,-0.03231033682823181,0.022549616172909737,0.2461244761943817,0.03864862397313118,-0.36846619844436646,-0.07888009399175644,-0.018406838178634644,-0.5899665355682373,0.04863101989030838,-0.10841244459152222,-0.21257106959819794,-0.15471972525119781,-0.032886285334825516,-0.007602331228554249,-0.2184813916683197,0.04558717831969261,-0.0751122385263443,0.1298833191394806,0.10109337419271469,0.23830902576446533,0.25158095359802246,0.04706994444131851,-0.07196573913097382,-0.10170909017324448,-0.0753411203622818,0.021363232284784317,-0.3058604598045349,0.18217933177947998,0.019965026527643204,-0.2128046452999115,0.07176022231578827,0.24641788005828857,0.2681981921195984,-0.8120438456535339,0.09895212948322296,-0.2510126233100891,0.17998869717121124,0.09133513271808624,0.13193930685520172,-0.17160239815711975,0.22377917170524597,-0.156267449259758,-0.027351733297109604,-0.023436319082975388,0.1037851944565773,-0.038583602756261826,-0.1970061957836151,0.11170671135187149,-0.0014836996560916305,-0.009895634837448597,0.0343090295791626,0.1134471446275711,-0.20740365982055664,-0.2470177710056305,0.023549433797597885,-0.0953109860420227,-0.09540880471467972,-0.1703566014766693,0.038610585033893585,-0.12051203101873398,0.061169207096099854,0.3271027207374573,-0.08956071734428406,0.038587603718042374,0.007937543094158173,0.04500097781419754,0.027216259390115738,-0.42760878801345825,-0.09114937484264374,-0.047725558280944824,0.2040729969739914,0.08873052150011063,0.0025221407413482666,0.2104249745607376,0.25501754879951477,-0.29968515038490295,0.12401050329208374,-0.06300028413534164,0.0978638157248497,-0.6465169191360474,0.17153450846672058,-0.05867239087820053,0.10624489933252335,0.08696755021810532,0.056368619203567505,0.08725409209728241,0.11310354620218277,-0.04120328277349472,0.057746440172195435,0.006006023846566677,-0.25004491209983826,0.03617091104388237,0.13881957530975342,-0.3221725523471832,-0.7340008616447449,0.26284345984458923,0.04919169098138809,-0.3856087625026703,-0.02909266948699951,0.04404062032699585,0.32249629497528076,-0.05108509212732315,0.032897740602493286,-0.4053453505039215,0.1007901281118393,-0.3283270001411438,-0.27753621339797974,-0.23301401734352112,-0.14306026697158813,0.2484395056962967,-0.03157234936952591,-0.023246053606271744,-0.049298692494630814,0.005368395708501339,0.29495769739151,-0.2357158213853836,-0.05312377214431763,0.04444010183215141,-0.33270782232284546,0.1733352690935135,0.06787941604852676,0.10333112627267838,-0.15297481417655945,-0.12348689883947372,-0.1093682050704956,0.0057164342142641544,-0.034633003175258636,0.030509252101182938,-0.030199255794286728,0.0022987767588347197,-0.25441768765449524,0.04460575804114342,0.06034516543149948,0.08788522332906723,0.03493787720799446,-0.958880603313446,0.07875560224056244,0.2741360068321228,0.26647743582725525,-0.0888279378414154,-0.09888029098510742,0.0035665545146912336,0.11587993055582047,0.03533761203289032,-0.03342180326581001,0.30535653233528137,-0.11535616964101791,0.1743539273738861,0.2625897526741028,0.2144104540348053,0.08768226206302643,-0.45225152373313904,0.015918521210551262,0.30824702978134155,0.11000911891460419,-0.04366424307227135,0.030370716005563736,-0.16847188770771027,-0.19070225954055786,0.01409349124878645,-0.20616908371448517,0.604724109172821,0.0038288317155092955,0.34793442487716675,-0.3653185963630676,-0.024658214300870895,-0.06476519256830215,-0.11421283334493637,0.481952965259552,-0.1521533727645874,-0.07384569942951202,-0.07722996175289154,-0.2788315415382385,-0.07083037495613098,-0.10046480596065521,-0.15412098169326782,0.22892744839191437,-0.2654249370098114,0.18488511443138123,0.08466506004333496,-0.0552055761218071,-0.07450692355632782,0.12048719078302383,0.15294960141181946,0.09432946145534515,-0.006333260331302881,-0.1870674341917038,0.3786771297454834,-0.10410694777965546,0.41031044721603394,-0.031239286065101624,0.003425952745601535,-0.42956823110580444,-0.05276952311396599,-0.0635548010468483,-0.4956255555152893,0.06720347702503204,0.24335446953773499,-0.19911247491836548,0.20277278125286102,-0.4334281086921692,0.7753943204879761,0.10709361732006073,-0.15427406132221222,-0.1892729103565216,-0.07451246678829193,-0.10616406053304672,-0.5732652544975281,-0.23946230113506317,-0.1914992332458496,0.12715086340904236,0.08052797615528107,-0.08293548226356506,-0.1791040599346161,-0.04652508720755577,0.12922997772693634,0.07516209781169891,0.004273033235222101,-0.10162405669689178,0.2179277241230011,-0.08574144542217255,-0.09214838594198227,-0.6633396148681641,0.14876532554626465,0.1482469141483307,0.19051247835159302,-0.08174944669008255,-0.11834357678890228,0.0605090968310833
CID000176870,938,-0.03161878138780594,-0.07084086537361145,0.4946323335170746,-0.02477688156068325,0.35485517978668213,0.3025068938732147,-0.28040578961372375,-0.05595991760492325,-0.2802512049674988,-0.1611080914735794,0.05781691148877144,-0.12655968964099884,0.4436454772949219,-0.12983348965644836,-0.04312967136502266,0.2175220549106598,0.1949940025806427,0.22434934973716736,0.024674100801348686,0.08691242337226868,0.22726662456989288,-0.04415807127952576,0.03675604611635208,0.1408410370349884,0.16990680992603302,-0.11370154470205307,0.11099161207675934,-0.049802035093307495,-0.19035008549690247,0.41168123483657837,-0.06979864835739136,0.005684670992195606,-0.15411093831062317,-0.05194883793592453,-0.4094778597354889,0.052652645856142044,-0.1869823932647705,-0.2714555561542511,-0.234699085354805,0.04728589206933975,0.22628740966320038,0.07938726246356964,-0.3405401408672333,-0.5077968835830688,0.20161433517932892,0.4023636281490326,0.01878252625465393,-0.10574130713939667,-0.36311283707618713,0.06532163918018341,-0.35544532537460327,0.2632662355899811,-0.1706245243549347,-0.318258672952652,0.09069637209177017,0.025221819058060646,0.015557073056697845,-0.09183409810066223,-0.0987730324268341,0.04643126577138901,-0.7834727764129639,0.22106190025806427,-0.44651007652282715,0.20976099371910095,0.28858932852745056,0.1894441545009613,-0.15372052788734436,0.1999639868736267,-0.267467200756073,0.17901299893856049,-0.4483913481235504,0.14738090336322784,0.16114148497581482,-0.3118249177932739,0.23257820308208466,-0.04880468547344208,0.0979057028889656,0.1894788295030594,-0.0024846524465829134,0.0005425676936283708,-0.29074496030807495,0.1836564838886261,-0.22122077643871307,-0.3225688636302948,0.01839255914092064,0.1317971646785736,-0.320330411195755,-0.3661598563194275,0.45700603723526,0.12683410942554474,-0.1531188189983368,-0.18597090244293213,0.12280537933111191,0.026974061504006386,-0.5308260917663574,0.041298218071460724,-0.31090623140335083,0.39404597878456116,0.21213221549987793,-0.2758989930152893,0.3614642322063446,0.043264005333185196,-0.3509572148323059,-0.018901754170656204,-0.1713743358850479,-0.06234333664178848,-0.3006608188152313,0.027459342032670975,-0.169541597366333,0.38954731822013855,-0.0074658943340182304,0.29960501194000244,0.5329724550247192,0.013856373727321625,0.0035247683990746737,-0.12515033781528473,-0.07140598446130753,-0.4703714847564697,0.20762331783771515,0.17817021906375885,-0.026917126029729843,-0.49528247117996216,0.16945679485797882,-0.427060067653656,-0.4696066975593567,0.22324924170970917,0.10573191940784454,0.5000118017196655,0.05946430563926697,-0.13327746093273163,0.46110740303993225,-0.009530480019748211,-0.5273704528808594,-0.4628402292728424,-0.34564271569252014,-0.05706118792295456,0.42494839429855347,-0.15042832493782043,-0.009704122319817543,0.015082970261573792,-0.2319287359714508,0.25859174132347107,-0.008514558896422386,0.2858865559101105,0.13912858068943024,0.11167200654745102,-0.058959174901247025,0.17041215300559998,0.22125546634197235,-0.16606202721595764,0.04792752116918564,-0.06948105245828629,-0.16082021594047546,0.07698298990726471,0.041091322898864746,-0.06464945524930954,0.11758878082036972,-0.4535657465457916,-0.029740620404481888,0.18427491188049316,0.16640153527259827,-0.012216592207551003,-0.6314750909805298,-0.08576471358537674,0.5367234945297241,0.2458166629076004,-0.2368146926164627,-0.1440657079219818,0.3612295687198639,-0.03479935973882675,-0.2839321196079254,0.01702972501516342,0.48702043294906616,-0.24389930069446564,-0.017259931191802025,-0.1698136329650879,-0.2798512578010559,-0.04662233591079712,-0.26964569091796875,-0.4040703773498535,0.08147057145833969,0.42959824204444885,-0.023537931963801384,-0.054831087589263916,0.0682649090886116,-0.1692807525396347,-0.943095862865448,-0.005255504511296749,0.3320382833480835,-0.05254296213388443,0.06369645893573761,-0.4114125669002533,0.1950659155845642,-0.20228290557861328,-0.09857077896595001,0.20639798045158386,-0.12185957282781601,0.15800002217292786,-0.1697429120540619,-0.08790556341409683,0.42175737023353577,0.18651767075061798,-0.33775946497917175,-0.019513055682182312,-0.2608957588672638,0.2349296510219574,0.040924035012722015,-0.055951833724975586,-0.3437102138996124,0.12636823952198029,-0.058424212038517,0.4547526240348816,0.19769425690174103,-0.052028048783540726,0.2064637392759323,0.34971362352371216,0.3805456757545471,0.029684066772460938,-0.14734193682670593,-0.29931631684303284,-0.20638196170330048,-0.1341443955898285,-0.4202982783317566,0.06597176939249039,0.23717722296714783,0.04612908512353897,0.33313727378845215,-0.4508582055568695,0.7816420793533325,0.14120714366436005,-0.313790500164032,-0.29610833525657654,-0.06091839820146561,-0.06653027981519699,-0.2324669361114502,-0.17393942177295685,-0.1679656058549881,0.10936776548624039,0.16471652686595917,0.1314961463212967,0.05488729476928711,0.0016730144852772355,-9.951889660442248e-05,-0.19048470258712769,0.1568497121334076,-0.11616101115942001,0.15380145609378815,-0.09371897578239441,0.0559365339577198,-0.6196008324623108,0.21880212426185608,0.020015774294734,0.12097837775945663,-0.18418465554714203,0.17335906624794006,-0.32660046219825745
CID000005771,944,0.08271418511867523,0.007206633687019348,0.18708404898643494,0.04616875946521759,0.18992377817630768,0.3366067707538605,0.09208466857671738,0.11662836372852325,-0.211351677775383,-0.03622104972600937,-0.03478535637259483,-0.4077107310295105,0.20084702968597412,-0.44425851106643677,0.053791772574186325,0.2786649465560913,0.012683859094977379,-0.15550550818443298,0.21222253143787384,-0.22570578753948212,0.17912408709526062,-0.0010772973764687777,-0.04963665455579758,-0.02520723268389702,0.17632612586021423,0.1605834662914276,-0.13855910301208496,-0.17912983894348145,-0.16006708145141602,0.5235522389411926,-0.3906569480895996,0.08813415467739105,0.3781589865684509,0.2090570479631424,-0.5786405205726624,-0.14213725924491882,-0.35146364569664,-0.32860592007637024,-0.53809654712677,-0.01938677206635475,-0.08800967037677765,-0.2518130838871002,-0.22385898232460022,-0.044160209596157074,1.0001909732818604,-0.14183223247528076,0.021060384809970856,-0.1976187527179718,0.009023858234286308,0.05126544088125229,-1.0379964113235474,-0.14903275668621063,-0.35801541805267334,0.008282477036118507,-0.0876331701874733,0.14053109288215637,-0.059052973985672,0.3341028392314911,0.3869113326072693,-0.28056037425994873,-0.8961058855056763,0.2442234307527542,-0.35764098167419434,-0.18304571509361267,-0.04327943176031113,0.268743097782135,-0.047991927713155746,0.12117163836956024,-0.060235343873500824,0.09615006297826767,-0.2592059373855591,0.2954156994819641,-0.08888648450374603,-0.3387765884399414,0.609107255935669,0.010334799997508526,-0.17731282114982605,0.2496265470981598,0.15169021487236023,0.07777313888072968,-0.05569043755531311,0.5601637959480286,0.26320788264274597,0.08051227778196335,-0.10398302227258682,-0.014210070483386517,-0.17526331543922424,0.18821297585964203,0.6840726733207703,-0.049194566905498505,0.10152727365493774,-0.3510429859161377,0.07761522382497787,0.21507568657398224,-0.7394190430641174,-0.18330968916416168,-0.1141626387834549,-0.007996173575520515,0.07455769926309586,-0.34030553698539734,0.7270461320877075,-0.3385225236415863,0.17084845900535583,0.2116657793521881,-0.5142136812210083,-0.040482133626937866,-0.5149310827255249,0.297773152589798,0.34990063309669495,0.056816838681697845,-0.3710622191429138,-0.14192122220993042,0.5849565863609314,0.14545205235481262,0.21902473270893097,-0.7943650484085083,-0.05734581872820854,-0.8428080677986145,0.42657604813575745,-0.09700286388397217,0.3407423496246338,-0.8446516990661621,0.3758952021598816,-0.2993186116218567,-0.5045994520187378,0.11146752536296844,0.14788632094860077,0.5265924334526062,-0.02431611344218254,0.0598931722342968,-0.049390412867069244,-0.06976355612277985,-0.7040547132492065,-0.2704830467700958,-0.1809374988079071,-0.12211873382329941,0.4944833219051361,-0.597720742225647,0.22392737865447998,-0.09166599810123444,-0.08926353603601456,-0.03591196611523628,-0.1321239173412323,0.37726420164108276,0.05565202236175537,-0.15475532412528992,-0.02957860752940178,-0.1690971851348877,0.04147646948695183,0.014749360270798206,-0.03281726688146591,0.013764423318207264,-0.010015090927481651,-0.17212466895580292,-0.2068822830915451,0.1204744204878807,-0.0037522881757467985,-0.5004412531852722,-0.2033611238002777,-0.10353793948888779,0.06910333782434464,0.30780577659606934,-1.1007438898086548,0.13328906893730164,0.4896465837955475,0.18560169637203217,-0.6147913336753845,-0.10938642174005508,0.30152443051338196,0.2836657166481018,-0.42795872688293457,-0.4067467749118805,0.24331136047840118,-0.19108179211616516,0.007004627492278814,-0.16408903896808624,-0.1849154680967331,0.11430944502353668,-0.3312608599662781,0.11137992143630981,0.5008000135421753,0.36435526609420776,-0.008218509145081043,0.09300366044044495,-0.0965498834848404,-0.37590324878692627,-0.44432559609413147,0.1423821896314621,0.6980024576187134,0.20892468094825745,0.2922130227088928,-1.4853018522262573,-0.05728960782289505,-0.22609567642211914,-0.24949543178081512,0.5305336713790894,-0.22749027609825134,-0.17429478466510773,-0.6062218546867371,-0.39154964685440063,-0.01365535520017147,0.26244306564331055,-0.2215968817472458,-0.17502012848854065,-0.03285839408636093,0.09878191351890564,-0.17871057987213135,-0.1804000586271286,-0.6510483622550964,0.41937175393104553,0.38583114743232727,0.094972163438797,0.09333040565252304,0.048815250396728516,0.07102593779563904,-0.18099240958690643,0.679975688457489,-0.0797518640756607,0.2681019902229309,0.06280962377786636,-0.3515058159828186,0.1633550524711609,-0.6634793877601624,-0.16759712994098663,0.19592833518981934,-0.17154529690742493,-0.06725944578647614,-0.04204213246703148,0.5435639023780823,-0.08555694669485092,0.26015999913215637,-0.1262359619140625,-0.13935285806655884,-0.13238699734210968,-0.30971819162368774,-0.3873496651649475,0.13970449566841125,0.3684125542640686,0.026292134076356888,-0.1549486219882965,-0.5837463140487671,0.03966350108385086,0.05080893635749817,-0.6369987726211548,0.11535152047872543,-0.4985164701938629,0.02176695130765438,0.09373128414154053,0.3287113904953003,-0.9217876195907593,0.4977588653564453,0.24875912070274353,0.34208810329437256,0.0588100329041481,-0.0438118502497673,-0.2080264836549759
CID004183806,947,0.12881077826023102,-0.06428924202919006,-0.06735576689243317,-0.313597708940506,0.43585091829299927,0.4565015733242035,-0.09311378002166748,0.07883348315954208,-0.3438358008861542,-0.21551184356212616,-0.17152822017669678,-0.5173953771591187,0.12941494584083557,-0.1922881156206131,-0.1271226853132248,0.03394459933042526,0.08421797305345535,-0.035087890923023224,0.32677263021469116,-0.12977764010429382,0.061624009162187576,0.1909532994031906,0.04948431998491287,-0.009364066645503044,-0.13341939449310303,-0.34645718336105347,0.04659373313188553,-0.06582347303628922,0.06676039099693298,0.3145234286785126,-0.18201996386051178,0.029536128044128418,0.11376862227916718,0.09606249630451202,-0.7066518068313599,-0.011048796586692333,-0.31063005328178406,-0.13855533301830292,-0.2194628268480301,0.23366065323352814,0.11969421058893204,0.08191867917776108,-0.021886445581912994,-0.41162213683128357,0.7195574045181274,0.16133134067058563,-0.008421450853347778,0.09255395084619522,-0.24832239747047424,-0.09009522199630737,-0.47055894136428833,0.07865151762962341,-0.19791367650032043,-0.08238944411277771,0.26841700077056885,0.037015534937381744,0.08353253453969955,-0.0036924458108842373,0.19464245438575745,-0.0441814586520195,-0.9758707284927368,-0.10164040327072144,-0.21802017092704773,0.5046180486679077,-0.16444429755210876,-0.09916690737009048,0.077803835272789,0.05618024989962578,0.12367520481348038,-0.24902912974357605,-0.5109931230545044,-0.022909384220838547,0.01999427005648613,0.08996261656284332,0.3369596600532532,-0.10926111042499542,-0.061009716242551804,0.340223491191864,-0.03950982540845871,-0.27328944206237793,-0.15172512829303741,-0.11452295631170273,-0.15510761737823486,-0.18916282057762146,0.10704617202281952,-0.13356144726276398,-0.025216098874807358,-0.1709309071302414,0.5469659566879272,0.3183341920375824,-0.10661381483078003,-0.013650571927428246,-0.044028107076883316,-0.06022012233734131,-0.5436452627182007,-0.1247374564409256,-0.30783212184906006,0.20310306549072266,-0.035115014761686325,-0.1304689198732376,0.1539483666419983,0.0019211024045944214,-0.14649607241153717,0.16101782023906708,0.15433809161186218,-0.3871082663536072,-0.4324333667755127,0.1429247409105301,0.13985231518745422,-0.011733067221939564,0.00896706897765398,-0.34185004234313965,0.5947436094284058,0.14578235149383545,0.06002373620867729,0.19188626110553741,-0.231408029794693,-0.4220622479915619,0.45487886667251587,0.02045193687081337,-0.06925839185714722,-0.912791907787323,0.1728494018316269,-0.13609658181667328,-0.5213755369186401,-0.24146254360675812,0.22125224769115448,0.2772355079650879,-0.09006669372320175,-0.060322243720293045,-0.11518700420856476,0.4162936806678772,-0.47932958602905273,-0.4235888421535492,-0.01872030273079872,-0.11892230808734894,0.38020458817481995,-0.3145492374897003,-0.1937677264213562,0.012583506293594837,-0.13809646666049957,0.15709176659584045,0.33377593755722046,-0.0450277179479599,0.004197897855192423,0.07042849063873291,-0.24634218215942383,-0.12276384979486465,0.1696678251028061,0.11708986759185791,0.08128251880407333,-0.18774721026420593,0.13179485499858856,-0.1694769561290741,-0.04140254855155945,0.14208737015724182,0.016812216490507126,-0.38502851128578186,-0.05309131741523743,-0.04583706706762314,0.05940805748105049,0.01431623287498951,-1.004984974861145,-0.02958761528134346,0.36569541692733765,0.30726760625839233,-0.29574835300445557,-0.16745233535766602,0.30969351530075073,-0.1963847130537033,0.07181648910045624,0.2532917559146881,0.24257707595825195,-0.27984118461608887,0.028623491525650024,0.16857469081878662,-0.19696344435214996,0.009876368567347527,-0.31505507230758667,0.024050865322351456,0.21506330370903015,0.3696780502796173,0.10657920688390732,-0.17305080592632294,-0.16990670561790466,-0.22849765419960022,-0.5507376790046692,-0.10986363887786865,0.6361058950424194,-0.19359168410301208,0.0882098451256752,-0.1634955257177353,-0.10685817152261734,0.07403333485126495,-0.42680707573890686,0.5873262286186218,0.14042575657367706,-0.1501285880804062,-0.15081258118152618,-0.11464174836874008,-0.03428055718541145,-0.1965104043483734,-0.3208328187465668,0.03408074378967285,0.014484068378806114,0.06928817927837372,0.24353381991386414,0.20795731246471405,-0.34155020117759705,-0.010948831215500832,0.10575755685567856,0.013567974790930748,0.02181842364370823,-0.03576350957155228,0.06650451570749283,0.13191796839237213,0.609957754611969,0.38151034712791443,-0.030360717326402664,-0.020451033487915993,0.02320575714111328,0.03866829350590706,-0.5021427273750305,0.02339017577469349,0.3375689685344696,-0.1995532512664795,-0.022982126101851463,-0.13042503595352173,0.8799592852592468,0.09243972599506378,-0.11957843601703644,0.014769298024475574,-0.03667525574564934,-0.24065963923931122,-0.577779233455658,-0.10556211322546005,0.12046322971582413,0.3034384846687317,0.36597856879234314,-0.37330758571624756,-0.3511044383049011,-0.1542416214942932,0.22532668709754944,0.11563710123300552,0.2419651448726654,-0.18810822069644928,0.0045020864345133305,-0.19652937352657318,-0.07436197251081467,-0.7730461359024048,0.3644339442253113,0.5586371421813965,0.23576128482818604,0.6184476613998413,-0.11530651897192001,0.05729842185974121
CID000003706,952,-0.04975359886884689,0.02920127846300602,0.14229616522789001,-0.23313789069652557,0.13649508357048035,0.2103685885667801,-0.03850473091006279,-0.018407652154564857,-0.34389349818229675,-0.1780642420053482,0.33778899908065796,-0.41193756461143494,0.251801073551178,-0.1899910718202591,-0.42279648780822754,-0.08280084282159805,0.11480524390935898,0.12099126726388931,0.2903861105442047,0.1713337004184723,0.10838879644870758,0.08801493793725967,0.019443459808826447,-0.0954861044883728,-0.05337869003415108,-0.16700594127178192,0.19717296957969666,-0.08536020666360855,0.011385704390704632,0.37895360589027405,-0.22890646755695343,0.14913514256477356,0.24532170593738556,0.004616397432982922,-0.7083295583724976,0.0073420642875134945,-0.2757492661476135,-0.34792083501815796,-0.16664089262485504,-0.11266833543777466,0.1148829236626625,-0.02616112492978573,-0.32444560527801514,-0.12677693367004395,0.6427356600761414,0.16252052783966064,0.05550110340118408,-0.09049396961927414,0.16556939482688904,-0.11902864277362823,-0.6338204145431519,0.03211911395192146,-0.17525173723697662,0.05962250754237175,0.2737511396408081,-0.05622044950723648,-0.07049329578876495,0.06864532083272934,0.400683730840683,0.1510888636112213,-0.8002787828445435,-0.10928887128829956,-0.3344491720199585,0.24944862723350525,0.14042873680591583,0.04442838579416275,0.09367606043815613,0.5194169282913208,0.047934506088495255,-0.02203259989619255,0.11925487220287323,-0.10162027180194855,0.08128431439399719,0.13851115107536316,0.31997591257095337,0.024439919739961624,-0.09584851562976837,0.4639730453491211,-0.06468269973993301,-0.17641960084438324,-0.08329024165868759,-0.24264082312583923,-0.174307182431221,-0.23367269337177277,-0.07596602290868759,0.19099511206150055,-0.2871650159358978,0.04275543615221977,0.3539670407772064,0.03150201961398125,-0.022450363263487816,-0.15626363456249237,0.05928662419319153,0.00994144193828106,-0.614435076713562,-0.1512260138988495,-0.1978490650653839,0.23991236090660095,0.0082527045160532,-0.21402326226234436,0.3078122138977051,0.09822486340999603,-0.2026708871126175,-0.03980926424264908,-0.25769102573394775,0.08181330561637878,-0.446657657623291,0.37278392910957336,-0.06451349705457687,-0.14179727435112,-0.006434381008148193,0.22620049118995667,0.11358316987752914,0.196318119764328,0.00191756640560925,0.3604317307472229,0.048876143991947174,-0.5349481701850891,0.3823840916156769,0.18886396288871765,0.10837246477603912,-0.7361499071121216,-0.34274038672447205,-0.2059365063905716,-0.26091429591178894,0.23757977783679962,0.020484140142798424,0.1539241224527359,0.2817900776863098,-0.03569161519408226,0.10505819320678711,-0.028065020218491554,-0.5821634531021118,-0.2923539876937866,-0.25752025842666626,0.07558976113796234,0.05874217301607132,-0.61412113904953,0.0032791136763989925,-0.1712329387664795,-4.863738922722405e-06,-0.22624580562114716,0.3334820866584778,0.12001385539770126,-0.05987764522433281,0.005750714801251888,-0.1633882075548172,0.17145273089408875,0.14993639290332794,-0.06322332471609116,-0.03998398035764694,0.22478258609771729,0.16256234049797058,0.19114483892917633,0.12463776767253876,-0.007520073559135199,0.048222411423921585,-0.280719518661499,-0.14795348048210144,0.028417643159627914,-0.10933952033519745,0.009918305091559887,-0.7246667146682739,-0.17415030300617218,0.4357239603996277,0.22089850902557373,-0.20015978813171387,-0.06572747975587845,-0.00647761533036828,0.1020922064781189,-0.02490438148379326,-0.02668013609945774,0.259568989276886,0.09606274217367172,0.02176438271999359,-0.1863078773021698,0.09574829041957855,-0.00535912299528718,-0.46324414014816284,0.0321221724152565,0.10517288744449615,0.25563353300094604,0.1970844715833664,0.11156167834997177,-0.016609352082014084,-0.14393258094787598,-0.07083214819431305,-0.24909690022468567,0.6669755578041077,-0.08459291607141495,-0.08982400596141815,-0.11154510080814362,0.1262415647506714,0.030124753713607788,-0.19663351774215698,0.2835344970226288,-0.15326914191246033,-0.016246628016233444,-0.5558794736862183,0.029889851808547974,0.015599521808326244,-0.1359747350215912,-0.1800861805677414,-0.002397668780758977,0.04417683929204941,0.0503670796751976,-0.023953933268785477,0.05222325399518013,-0.4056585729122162,-0.30899012088775635,0.07591846585273743,0.15535053610801697,0.013371914625167847,-0.08737088739871979,-0.05777942016720772,-0.07404497265815735,0.591035008430481,0.09076754003763199,-0.07894420623779297,-0.09753800928592682,-0.13952544331550598,-0.12190352380275726,-0.4691219925880432,-0.024991974234580994,0.1878567487001419,0.00044668017653748393,0.14092105627059937,0.007821368053555489,0.7977010011672974,0.19119317829608917,-0.11582833528518677,-0.04616863280534744,0.007364945020526648,-0.08417174965143204,-0.3423535227775574,-0.3207491636276245,0.004259264562278986,0.18467923998832703,0.10553513467311859,0.1686072051525116,-0.4284607768058777,-0.2603755593299866,0.11973212659358978,0.43100467324256897,-0.0758601501584053,-0.15519848465919495,0.020515311509370804,0.1219162717461586,0.31341055035591125,-0.8162725567817688,-0.3027186989784241,0.2709909975528717,0.2324545830488205,0.024114038795232773,-0.0748031735420227,-0.07100620120763779
CID000060843,967,-0.18535956740379333,-0.0579272136092186,-0.04506360739469528,-0.1646658331155777,0.12439367920160294,0.34973618388175964,-0.08024726808071136,0.03274798020720482,-0.3168388903141022,-0.15382122993469238,0.012759556993842125,-0.43468648195266724,0.10061737149953842,-0.2854078412055969,0.1874242126941681,0.12485803663730621,-0.11214356124401093,0.14140494167804718,-0.010256761685013771,-0.2791958749294281,0.06626288592815399,0.03442671149969101,0.05909934639930725,0.02720058523118496,-0.05262685567140579,-0.07694797217845917,0.08685550838708878,0.037022665143013,-0.2611023783683777,0.30550429224967957,-0.10676761716604233,-0.11579632759094238,0.023153653368353844,-0.00207313010469079,-0.3564896583557129,-0.01651899889111519,-0.28092479705810547,-0.3241932690143585,-0.09578943997621536,0.0912988930940628,0.08814099431037903,0.04093582555651665,-0.0001747325004544109,-0.07099940627813339,0.19503046572208405,-0.039435092359781265,-0.013404709286987782,-0.10207221657037735,-0.16188950836658478,-0.10488106310367584,-0.24552717804908752,0.17522136867046356,-0.227669358253479,-0.002201384399086237,0.07280376553535461,-0.03496686369180679,-0.0756896436214447,-0.2322080135345459,0.007781283464282751,0.12054000049829483,-0.9098562002182007,0.03644164651632309,-0.2751007676124573,0.2694947123527527,0.04897870495915413,0.12831434607505798,-0.28911644220352173,0.09392331540584564,-0.09414917230606079,0.15248456597328186,-0.07958824187517166,0.31570225954055786,-0.01992247998714447,-0.17872971296310425,0.08572173118591309,-0.08149963617324829,-0.08129050582647324,0.027242165058851242,0.09284035116434097,0.03433876112103462,-0.2009809911251068,0.10349996387958527,-0.2825074791908264,-0.0970640555024147,-0.033078912645578384,-0.052771806716918945,-0.31630247831344604,-0.12253798544406891,0.26769766211509705,-0.031241703778505325,-0.17372365295886993,-0.24152207374572754,-0.1406775265932083,-0.023783084005117416,-0.38562631607055664,0.1288348138332367,-0.16169394552707672,0.3091528117656708,0.266404926776886,-0.4483339190483093,0.14625431597232819,0.2199704349040985,-0.19522514939308167,-0.22044935822486877,-0.1786946952342987,0.11240474134683609,-0.36427000164985657,0.2581946551799774,-0.14074842631816864,0.26501357555389404,0.12425120919942856,0.1442680060863495,0.3293706774711609,0.0847172960639,-0.05901690199971199,0.04320430010557175,-0.27051016688346863,-0.09449820965528488,0.08379367738962173,0.12174884974956512,-0.14905020594596863,-0.5361204147338867,0.0872153788805008,-0.21497735381126404,-0.41360560059547424,0.16641250252723694,-0.054589200764894485,0.3006060719490051,0.22849328815937042,0.019607622176408768,-0.1573561728000641,0.09121085703372955,-0.528897762298584,-0.3140815496444702,-0.018585678189992905,-0.19069965183734894,-0.00939799565821886,-0.07246957719326019,-0.06418488174676895,-0.013873666524887085,-0.05470113828778267,0.3035542964935303,-0.1173286885023117,0.013895508833229542,0.016372350975871086,-0.1730230301618576,0.08488206565380096,-0.2291301190853119,0.02911905013024807,0.026454906910657883,-0.05932363122701645,0.015117688104510307,0.1270909607410431,0.1263720989227295,0.09389504045248032,0.004846629686653614,-0.0914861187338829,-0.3472800850868225,0.16808368265628815,0.11758563667535782,0.09849695861339569,-0.12027589231729507,-0.7644338607788086,0.04883952811360359,-0.022668946534395218,0.2972779870033264,-0.16588672995567322,-0.23711085319519043,0.36273330450057983,0.006351002957671881,-0.010960032232105732,-0.14049431681632996,0.3085634112358093,-0.106758713722229,-0.10524704307317734,-0.11472652852535248,0.012484902516007423,0.18374507129192352,-0.4734322428703308,-0.18990075588226318,0.294502854347229,0.4642384946346283,0.05076346918940544,-0.05039425566792488,-0.07926207780838013,0.027672383934259415,-0.30721521377563477,-0.22284743189811707,0.2596583366394043,-0.13063950836658478,0.0967501625418663,0.04518638178706169,-0.15280547738075256,-0.1642160713672638,-0.19044604897499084,0.37673136591911316,-0.04661255702376366,0.017522331327199936,-0.18506328761577606,-0.1843845695257187,0.050489723682403564,-0.08543868362903595,-0.07895802706480026,0.11962223052978516,-0.10223420709371567,0.29573240876197815,0.0530821792781353,-0.12365095317363739,-0.03903449326753616,0.1408129632472992,-0.13149766623973846,0.16805711388587952,0.07381093502044678,0.07565480470657349,0.01281767338514328,0.12628360092639923,0.3284132778644562,0.11820991337299347,-0.19937537610530853,-0.34492501616477966,0.035127684473991394,-0.09076209366321564,-0.2669190764427185,0.013522100634872913,0.18823468685150146,-0.09559833258390427,0.2487565279006958,-0.2946508526802063,0.5416370630264282,0.05979442596435547,-0.18314921855926514,-0.15802089869976044,-0.001040880335494876,-0.07878581434488297,-0.4267735481262207,-0.19599291682243347,-0.20258474349975586,0.25640806555747986,0.3798655867576599,0.07300156354904175,-0.010958222672343254,-0.06332220137119293,0.07209869474172592,0.015995625406503677,0.1948629915714264,-0.04940631613135338,0.2676318287849426,-0.2520100474357605,0.21042421460151672,-0.5331532955169678,0.1374993622303009,0.015455925837159157,0.06899964809417725,-0.16530652344226837,0.11622267961502075,-0.00949113629758358
CID000004991,968,-0.12117620557546616,-0.13959088921546936,-0.04184247925877571,0.0004237413522787392,0.7065128087997437,0.5408285856246948,0.02294835075736046,0.10778108984231949,-0.12380524724721909,-0.08351637423038483,0.01946411281824112,-0.24361903965473175,0.012925270013511181,-0.27378734946250916,-0.43551260232925415,0.04842395707964897,0.09438802301883698,-0.4383489489555359,-0.0631813332438469,-0.1623220592737198,0.3741980493068695,-0.10707011073827744,0.026071822270751,-0.5091460943222046,0.034504812210798264,0.10414675623178482,-0.20294900238513947,-0.11257357895374298,0.010368263348937035,0.3038226068019867,0.07235093414783478,0.011706145480275154,-0.06779836118221283,-0.05820605158805847,-0.6208704113960266,-0.13257580995559692,-0.38212400674819946,-0.26243025064468384,-0.16655896604061127,0.04819374531507492,0.21123559772968292,0.16854402422904968,-0.04774443060159683,-0.262635737657547,0.5168219804763794,0.40725797414779663,-0.07215921580791473,-0.26324066519737244,0.5189305543899536,-0.15659688413143158,-0.8348634839057922,-0.026333024725317955,-0.08241000771522522,-0.28372129797935486,0.040530331432819366,0.04315807297825813,0.1018037423491478,0.22563335299491882,0.3598686158657074,-0.18745002150535583,-0.8884398341178894,0.2494121789932251,-0.2448505461215973,0.15828469395637512,-0.156138613820076,0.14988012611865997,-0.11906950175762177,0.3037668764591217,0.13800784945487976,0.15897521376609802,-0.26949283480644226,-0.17365097999572754,0.11906913667917252,0.06496338546276093,0.3604559302330017,-0.0971887856721878,-0.23660393059253693,0.2215721607208252,-0.04488133266568184,-0.14690513908863068,-0.17412808537483215,-0.2519732415676117,-0.05089913681149483,-0.08882905542850494,-0.18343940377235413,-0.20836427807807922,-0.05365980789065361,0.02607041224837303,0.5576854944229126,0.405618816614151,-0.06306358426809311,-0.25131767988204956,0.18765482306480408,0.2581675052642822,-0.5743329524993896,0.11498771607875824,-0.46912503242492676,0.49276965856552124,-0.07229411602020264,-0.12036708742380142,0.6515182852745056,0.0620904378592968,-0.2138182669878006,0.3273845314979553,-0.0679273009300232,0.18061736226081848,-0.4458942413330078,0.42204585671424866,-0.10704274475574493,0.11528942734003067,-0.4202412962913513,0.1312648504972458,0.34799352288246155,0.09410392493009567,0.12192747741937637,-0.4128979742527008,-0.02698335610330105,-0.36400777101516724,0.2461860626935959,-0.05300270393490791,0.012748089618980885,-0.7832261323928833,-0.0009176153689622879,-0.41541171073913574,-0.38433271646499634,0.10377158224582672,-0.040685199201107025,0.42041176557540894,0.35476383566856384,-0.10402987152338028,-0.1648412048816681,0.2580863833427429,-0.6622126698493958,-0.35690122842788696,0.02279452048242092,-0.13493922352790833,0.5103843808174133,-0.15120479464530945,-0.029042571783065796,0.0601777657866478,-0.07070342451334,0.02319991961121559,0.3801594078540802,0.2403641939163208,0.1889764815568924,-0.44737595319747925,0.32632797956466675,-0.13621625304222107,0.018354538828134537,0.04393303394317627,0.007983816787600517,0.25327593088150024,-0.16179227828979492,-0.223224475979805,-0.34548014402389526,-0.06156318262219429,-0.13823047280311584,-0.2791271507740021,-0.014547890052199364,0.19386820495128632,0.11059390008449554,0.05434507131576538,-0.92816162109375,0.17485462129116058,0.5113756060600281,0.21606051921844482,-0.25061899423599243,0.0647934228181839,0.24461627006530762,0.0013027101522311568,-0.386819452047348,-0.06775027513504028,0.6022377014160156,-0.4387497305870056,0.08364126086235046,-0.2539244294166565,0.34620821475982666,0.16797256469726562,-0.3915802240371704,-0.225351482629776,0.4408906102180481,0.45222920179367065,0.10426221042871475,-0.053132664412260056,-0.09824053943157196,-0.18582311272621155,-0.3955477774143219,0.17260012030601501,0.7161924839019775,0.10136432945728302,-0.12254081666469574,-0.8295124769210815,0.11521585285663605,-0.08749537169933319,-0.20528492331504822,0.5783994793891907,0.021803846582770348,-0.09359438717365265,-0.5235214829444885,0.03730969876050949,-0.10037020593881607,0.08108101785182953,-0.14151018857955933,0.11274601519107819,-0.007237905170768499,0.06497765332460403,0.08454428613185883,-0.2118748426437378,-0.46697020530700684,-0.2645666003227234,0.08849644660949707,-0.004703777842223644,-0.08689381182193756,0.12012594938278198,0.5303628444671631,-0.11825970560312271,0.49430638551712036,0.37312155961990356,0.07114355266094208,-0.07157932221889496,-0.3257817327976227,-0.15669697523117065,-0.5550593733787537,-0.06398184597492218,0.5716797709465027,0.22411033511161804,-0.055897511541843414,-0.27579548954963684,0.7431627511978149,0.11327096074819565,0.049011312425136566,-0.2322690486907959,0.20039424300193787,0.2182641476392746,-0.32581818103790283,-0.43336671590805054,-0.11819230020046234,0.41779643297195435,0.1828378140926361,0.10424517095088959,-0.39237022399902344,-0.04338625818490982,0.10018910467624664,-0.47342801094055176,-0.23607659339904785,-0.7119020223617554,0.048426318913698196,0.03031194768846035,0.07626030594110489,-0.8369525074958801,-0.10232295840978622,0.11533945798873901,0.4263875484466553,0.1765279322862625,-0.2148108184337616,-0.06522143632173538
CID000004542,971,-0.2640377879142761,-0.3454532325267792,-0.10733632743358612,0.030095700174570084,0.08730031549930573,0.40330561995506287,0.08570975810289383,-0.08811019361019135,-0.5389162302017212,-0.46906647086143494,0.22495141625404358,-0.5914121866226196,0.2774093747138977,-0.49447137117385864,-0.04554319381713867,-0.020186709240078926,0.16036902368068695,0.010417175479233265,-0.20532500743865967,-0.276645690202713,-0.14234423637390137,-0.48072582483291626,-0.043158818036317825,0.23242759704589844,-0.14645591378211975,-0.12276935577392578,0.218779519200325,-0.024631163105368614,0.031214023008942604,0.4298175871372223,-0.007742549292743206,-0.19214844703674316,-0.12552061676979065,-0.08287576586008072,-0.31352585554122925,0.09712936729192734,-0.38899558782577515,-0.343162477016449,-0.011279338970780373,0.037267398089170456,0.09589429199695587,0.21456876397132874,-0.13523156940937042,-0.12318681180477142,0.35405880212783813,-0.014454493299126625,-0.048651620745658875,0.2762411832809448,0.05918612331151962,-0.11456800997257233,-0.2809377908706665,0.2047090083360672,-0.22185012698173523,0.058277130126953125,-0.021965932101011276,-0.06546998769044876,0.01910100132226944,-0.2261778861284256,0.15067997574806213,0.24630260467529297,-0.7545327544212341,0.25622323155403137,-0.17202654480934143,0.36537835001945496,-0.06395462900400162,0.12247142940759659,-0.11441701650619507,0.039829228073358536,0.1798221319913864,0.06371791660785675,-0.11318148672580719,0.3528018295764923,-0.03346141427755356,-0.18321366608142853,0.3730577826499939,-0.04385257512331009,0.13110816478729248,0.5297229290008545,0.3118354380130768,0.20826394855976105,-0.4345169961452484,-0.08055765926837921,-0.32610225677490234,0.03925178572535515,0.005015468690544367,0.1945277750492096,-0.4195489287376404,-0.002176101552322507,0.36324772238731384,0.1682892143726349,-0.1346837729215622,-0.26302120089530945,-0.20800182223320007,-0.11501654237508774,-0.36771923303604126,-0.040541067719459534,-0.34432023763656616,0.5077243447303772,0.1596725881099701,-0.5050958395004272,0.26891595125198364,0.3509969115257263,0.13396194577217102,-0.01821303926408291,-0.28999820351600647,0.014460940845310688,-0.3854162096977234,0.2807982563972473,-0.1804184466600418,-0.03605108708143234,0.016846412792801857,-0.25634345412254333,0.24458718299865723,-0.18280644714832306,0.09687477350234985,0.1730804145336151,-0.12168767303228378,-0.2805067300796509,0.5340327024459839,-0.16050945222377777,-0.2354111671447754,-0.5059735774993896,-0.1471390426158905,-0.007626107428222895,-0.14021657407283783,0.3049367070198059,-0.07149200141429901,0.3069097399711609,0.16772957146167755,-0.19081789255142212,-0.039730869233608246,0.08936421573162079,-0.6066648960113525,-0.45344480872154236,-0.10242581367492676,-0.18961624801158905,0.17260168492794037,0.012874430045485497,0.27193647623062134,-0.26771652698516846,-0.23648853600025177,0.22642910480499268,0.13657280802726746,-0.04865963011980057,0.09754162281751633,-0.06756144762039185,0.18216851353645325,-0.16787287592887878,-0.03712516278028488,-0.4413808286190033,-0.1221998929977417,-0.18798711895942688,0.0071826814673841,-0.006234216503798962,0.29924529790878296,0.06525646895170212,-0.09999354183673859,-0.42033782601356506,0.24586184322834015,-0.09250250458717346,0.19158051908016205,-0.2794414162635803,-0.7153777480125427,-0.1769663393497467,0.21632251143455505,0.30840355157852173,0.03752235323190689,0.11271493136882782,0.08095401525497437,-0.07436946779489517,-0.22907023131847382,0.03009611926972866,0.6519248485565186,-0.10111451148986816,-0.035248834639787674,0.25309911370277405,0.13827279210090637,0.23572242259979248,-0.6321941614151001,-0.1291206330060959,0.298367440700531,0.6594323515892029,-0.2962207794189453,-0.07996640354394913,0.07799120992422104,0.05280932039022446,-0.24457144737243652,-0.23437562584877014,0.34596434235572815,0.25891557335853577,0.032702937722206116,-0.13999775052070618,-0.07186508178710938,0.05654061585664749,-0.5650302171707153,0.41322413086891174,-0.09097350388765335,0.08906035870313644,-0.3960017263889313,-0.3327733874320984,-0.08626459538936615,0.26621100306510925,-0.21243444085121155,0.021610219031572342,-0.06352969259023666,0.41835489869117737,-0.18729153275489807,-0.2222662717103958,-0.3557835817337036,-0.07323147356510162,-0.1459716260433197,0.06823702901601791,0.0617552287876606,-0.08361749351024628,-0.027140814810991287,-0.14791372418403625,0.5210133790969849,0.07278046011924744,-0.07747984677553177,-0.15628960728645325,0.23327286541461945,-0.0791831761598587,-0.5262110829353333,-0.1072024255990982,0.4470815658569336,0.22314488887786865,0.1463114321231842,0.03842409327626228,0.5719575881958008,0.3197959363460541,0.006923174951225519,-0.15664519369602203,-0.3324921727180481,-0.04581015184521675,-0.35717636346817017,-0.3579047918319702,-0.09377090632915497,0.8630719184875488,-0.034324537962675095,-0.2689931392669678,-0.15012916922569275,0.40300506353378296,0.05457029491662979,0.1319306641817093,0.1396375596523285,-0.2918269634246826,0.09852772206068039,0.16015248000621796,0.23641689121723175,-0.5696560144424438,0.03694627061486244,0.43209195137023926,0.27306613326072693,-0.1545834243297577,0.01601507142186165,-0.056838732212781906
CID000115237,981,-0.021527204662561417,-0.09575147926807404,0.03294062614440918,-0.17608538269996643,0.2052457332611084,0.17572832107543945,-0.04967936873435974,0.11734963953495026,-0.2402808964252472,-0.3052872121334076,0.2117089331150055,-0.5282564163208008,0.1708478033542633,-0.3231370151042938,-0.25862082839012146,-0.06575791537761688,-0.015656564384698868,0.12938030064105988,0.029763173311948776,0.01614917442202568,0.23795290291309357,0.1483519971370697,-0.12615665793418884,0.061964113265275955,0.14736458659172058,-0.22002574801445007,0.3173154890537262,-0.08725368976593018,-0.03153451159596443,0.3387090563774109,-0.19954392313957214,0.1983807384967804,0.09357807040214539,0.06824164092540741,-0.674758791923523,0.05502106621861458,-0.27338942885398865,-0.3752332925796509,-0.2530268728733063,-0.025122011080384254,-0.023737791925668716,0.17607362568378448,-0.3256813585758209,0.28558868169784546,0.4106779098510742,0.10342314094305038,0.11341781914234161,0.04049699008464813,0.03473886102437973,-0.050917815417051315,-0.39442387223243713,0.11594875901937485,-0.18626704812049866,-0.06397466361522675,0.26543810963630676,-0.031050633639097214,0.047890614718198776,-0.03899703547358513,0.395742803812027,0.23297984898090363,-0.8359612226486206,0.05398101732134819,-0.47629785537719727,0.08436012268066406,0.0468556247651577,0.2997972369194031,-0.07946959137916565,0.39525657892227173,0.031225059181451797,0.15114076435565948,0.1572384089231491,-0.16847799718379974,0.08690675348043442,0.1569439321756363,0.3054770827293396,0.0681457668542862,0.061155252158641815,0.5431726574897766,0.015768349170684814,-0.25606396794319153,-0.2056349515914917,0.11486546695232391,0.07918975502252579,-0.1075175404548645,-0.04991782456636429,0.07469259202480316,-0.3975598216056824,0.23497481644153595,0.317939430475235,-0.09653178602457047,-0.008725632913410664,-0.09266579151153564,-0.11883123219013214,-0.11312235891819,-0.47180694341659546,-0.17671997845172882,-0.14982180297374725,0.2299237698316574,0.0380314476788044,-0.35704049468040466,0.2111012041568756,-0.030891645699739456,-0.30218416452407837,0.15492066740989685,-0.19870039820671082,0.0863860696554184,-0.4894835352897644,0.2912657856941223,-0.1435442417860031,0.10495562851428986,0.11097180843353271,0.3032049536705017,0.023886432871222496,0.0935337021946907,0.23935027420520782,0.19631364941596985,0.08816801011562347,-0.5259655714035034,0.4916153848171234,0.1335597187280655,-0.08041821420192719,-0.680694043636322,-0.2615243196487427,-0.2782137989997864,-0.31824731826782227,0.2969525456428528,0.04845079034566879,0.13635025918483734,0.21845383942127228,0.029824161902070045,0.1363203227519989,0.11071853339672089,-0.5070711374282837,-0.26724404096603394,-0.12806761264801025,-0.11068683862686157,0.04273327440023422,-0.1766413301229477,0.16387847065925598,-0.38025909662246704,0.022199179977178574,-0.010710583999752998,0.0791657418012619,-0.11000002920627594,-0.2239082157611847,0.13514354825019836,-0.1099013239145279,-0.023136388510465622,0.2793387770652771,0.19708438217639923,-0.06610940396785736,0.13205057382583618,-0.0006730079767294228,0.26045775413513184,0.29200026392936707,0.08039628714323044,-0.08322954177856445,-0.3878093361854553,-0.002206715987995267,0.10307804495096207,-0.21231456100940704,-0.04604452848434448,-0.8338173031806946,-0.049539607018232346,0.47985291481018066,0.19149263203144073,-0.15366888046264648,0.12377248704433441,-0.1970742642879486,-0.06423984467983246,-0.19350329041481018,-0.3275487720966339,0.380039781332016,0.0058228373527526855,-0.028409283608198166,0.0351267047226429,0.03707302361726761,-0.14987441897392273,-0.3967170715332031,-0.05036594718694687,0.1023961752653122,0.2601765990257263,0.05138814449310303,0.03982356935739517,0.02023073472082615,0.030383285135030746,-0.10390454530715942,-0.2183004915714264,0.5180323719978333,-0.0778522938489914,0.099555604159832,-0.18739846348762512,-0.01350429654121399,-0.10929268598556519,-0.2529461979866028,0.351958692073822,-0.13712327182292938,-0.0355239138007164,-0.44831734895706177,0.17725861072540283,0.03132747486233711,-0.10302788019180298,-0.2305789440870285,-0.05711902305483818,0.10132242739200592,0.0900225043296814,-0.1338452398777008,-0.03136392682790756,-0.43980708718299866,0.0630941390991211,0.18525418639183044,0.1220531240105629,0.04531484097242355,0.0251364354044199,0.034791238605976105,-0.24495215713977814,0.6005253195762634,-0.1116798147559166,-0.03298592567443848,-0.14818336069583893,0.07080256193876266,-0.053744662553071976,-0.47655993700027466,-0.0350329652428627,0.217554971575737,-0.019972896203398705,0.2502765953540802,0.008575433865189552,0.8929510116577148,0.12081452459096909,-0.20168156921863556,-0.08373700082302094,-0.023096853867173195,0.05613871291279793,-0.5086787939071655,-0.3018854558467865,-0.07005047053098679,0.26063764095306396,0.2503390908241272,0.17087288200855255,-0.3867892324924469,-0.06676305830478668,0.04819638654589653,0.2674952447414398,0.004083090927451849,-0.009680991061031818,0.07789803296327591,0.13922713696956635,0.17393073439598083,-0.8784970045089722,-0.18649700284004211,0.35341042280197144,0.2031332552433014,-0.06096303462982178,-0.060608409345149994,-0.10909070819616318
CID000000564,984,0.019982146099209785,-0.10448797792196274,0.1359381079673767,-0.07094790041446686,0.6849907040596008,0.5526729822158813,-0.18137231469154358,-0.41236788034439087,-0.44239363074302673,-0.13400030136108398,0.15828925371170044,-0.5308247208595276,-0.3495282530784607,-0.2602750360965729,0.011252230033278465,-0.09883498400449753,-0.13495871424674988,-0.2814064025878906,-0.10255765914916992,0.02475040778517723,-0.18420985341072083,0.14447201788425446,0.07665561884641647,-0.3295941650867462,-0.3899276852607727,-0.07599367201328278,-0.17444387078285217,0.04968525469303131,-0.03761375695466995,0.5229541063308716,0.10424856841564178,-0.14980894327163696,0.27367427945137024,-0.21075904369354248,-0.7424455881118774,-0.21089398860931396,-0.6346532106399536,-0.2313838005065918,-0.15923617780208588,0.2600986361503601,-0.10302163660526276,0.5326980948448181,-0.02071874961256981,-0.07336589694023132,0.41192469000816345,0.06667263805866241,-0.12444450706243515,0.49323955178260803,0.09533397853374481,0.01956133171916008,-0.7832571864128113,0.0018132745753973722,0.35043418407440186,-0.35029929876327515,0.0895785540342331,0.24271908402442932,-0.11681213229894638,0.042054496705532074,0.40489134192466736,0.2899761199951172,-1.0661007165908813,-0.16390292346477509,-0.062237560749053955,0.4109269976615906,-0.026075035333633423,-0.06069542095065117,-0.31378307938575745,0.3061660826206207,0.08875791728496552,-0.09339050948619843,-0.4584372639656067,-0.14497248828411102,0.0636800080537796,-0.00023459270596504211,0.2635396420955658,0.24673792719841003,0.05083947256207466,0.1494167000055313,-0.11840584129095078,-0.10880889743566513,-0.07331277430057526,-0.3114912509918213,-0.133662611246109,0.15952357649803162,-0.3162844777107239,0.16883164644241333,-0.38661471009254456,0.3258347809314728,0.7074792981147766,-0.0639071986079216,-0.05986301228404045,-0.04023365676403046,0.2762048840522766,0.18705274164676666,-0.7305334806442261,0.25752201676368713,-0.45348840951919556,0.25323566794395447,-0.024426111951470375,-0.1476677805185318,0.4759732186794281,-0.24303388595581055,-0.26985540986061096,0.19468772411346436,0.2193748503923416,-0.1382293552160263,-0.5291731357574463,0.25936126708984375,-0.026506686583161354,0.3365686535835266,0.10836024582386017,-0.37570780515670776,0.1205100566148758,0.24353130161762238,0.0011456410866230726,0.17956867814064026,0.024039143696427345,-0.44214874505996704,0.3919745087623596,0.028459707275032997,0.12743470072746277,-1.0459036827087402,-0.22385084629058838,-0.22351598739624023,-0.2075224369764328,-0.23849931359291077,0.060990191996097565,0.3008415400981903,0.06319382041692734,-0.20270709693431854,-0.024316750466823578,0.061871934682130814,-0.3155006468296051,-0.6493920087814331,-0.1040147915482521,0.048033345490694046,0.5175972580909729,-0.2549120783805847,-0.1632777899503708,-0.09628985077142715,0.3136371374130249,0.012723797932267189,0.10326141119003296,0.01857026107609272,-0.06682529300451279,-0.26933616399765015,-0.0076523819006979465,-0.011532518081367016,-0.15014542639255524,0.14638713002204895,0.05110407620668411,0.13355405628681183,0.16206741333007812,-0.005596660077571869,0.06668677181005478,-0.15675699710845947,0.14065584540367126,-0.43384575843811035,0.1645815223455429,0.14072325825691223,-0.25179553031921387,-0.020433831959962845,-0.9352553486824036,0.26089513301849365,0.35528019070625305,-0.01598960906267166,-0.1648828685283661,-0.07828833907842636,-0.019986320286989212,-0.30306392908096313,0.021775048226118088,-0.07698577642440796,0.4496292471885681,0.0831942930817604,-0.31313058733940125,0.283378541469574,0.12874558568000793,0.010470462962985039,-0.3496614098548889,-0.12566913664340973,-0.09639869630336761,0.4079750180244446,0.0783533975481987,0.05413307994604111,-0.03905778005719185,-0.13005612790584564,-0.5368224382400513,-0.22908635437488556,0.7117559313774109,-0.29999130964279175,-0.25304552912712097,-0.10599814355373383,-0.31932932138442993,0.19001786410808563,-0.21951058506965637,0.3573683500289917,0.0442429855465889,-0.07065117359161377,-0.42201709747314453,0.2035350501537323,-0.18203051388263702,-0.24742111563682556,-0.451061487197876,0.10049115121364594,0.08459202945232391,0.3591582179069519,0.09004458039999008,-0.08089742064476013,-0.1752513200044632,-0.30009666085243225,-0.04822228476405144,-0.26128852367401123,-0.21102483570575714,0.1941477358341217,0.09415598958730698,-0.3348793387413025,0.6451472043991089,-0.006070256233215332,-0.14386892318725586,0.039820555597543716,-0.17424029111862183,-0.1575283706188202,-0.8230254054069519,0.2229633629322052,0.583651065826416,-0.034605972468853,-0.11265575885772705,-0.4603516459465027,0.7389461398124695,-0.04759736359119415,-0.21605435013771057,-0.16020576655864716,0.1622309535741806,0.02099859155714512,-0.21403269469738007,-0.26700425148010254,0.2411382645368576,0.18193623423576355,0.3562314808368683,-0.2656481862068176,-0.2960611581802368,-0.16287291049957275,0.010941654443740845,0.11626247316598892,0.20160925388336182,-0.3423680365085602,0.377546489238739,0.05217424035072327,-0.04637288674712181,-0.9001997113227844,-0.4166928827762604,0.3368171155452728,0.46374303102493286,0.43821483850479126,0.05864092707633972,0.040849555283784866
CID000003148,986,-0.12297338247299194,-0.13944104313850403,0.06287425756454468,-0.06736882030963898,0.10241550207138062,0.29980865120887756,-0.15269894897937775,0.1756938248872757,-0.15819403529167175,-0.34052586555480957,0.060259271413087845,-0.2594134509563446,0.18747952580451965,-0.3952665328979492,0.2180110663175583,0.12816378474235535,0.0483463816344738,0.20032210648059845,-0.17736439406871796,-0.11604176461696625,-0.058855704963207245,0.09157861024141312,0.13763701915740967,0.12082539498806,0.30388906598091125,-0.11187466233968735,0.44986334443092346,0.00695244362577796,-0.2024693489074707,0.3187151551246643,-0.08050723373889923,-0.009316808544099331,0.0028808533679693937,-0.013611428439617157,-0.4205649495124817,-0.1214471086859703,-0.23466715216636658,-0.26472213864326477,-0.22493180632591248,-0.11399716138839722,0.11874519288539886,0.3531164526939392,-0.1774587780237198,-0.22101721167564392,0.08452995121479034,0.07125062495470047,-0.15076950192451477,-0.10498347133398056,-0.1154928058385849,-0.17275658249855042,-0.19992296397686005,0.25101596117019653,-0.18175366520881653,0.12496478855609894,0.1433762162923813,-0.04032640531659126,0.026778483763337135,0.09102735668420792,0.1873830258846283,0.05763653665781021,-0.7765146493911743,0.1567516028881073,-0.42759543657302856,0.12170980125665665,0.1389211267232895,0.252153217792511,-0.2817252278327942,-0.10373492538928986,0.017490223050117493,-0.11781959235668182,-0.0856638252735138,0.0712868720293045,-0.038151200860738754,-0.05744270235300064,0.0759318396449089,-0.13478557765483856,-0.1510869711637497,0.08754883706569672,0.07857509702444077,0.22465939819812775,-0.33117857575416565,-0.1183842197060585,-0.29542669653892517,-0.12506969273090363,-0.07447028905153275,-0.0787520557641983,-0.3422550559043884,-0.10695774853229523,0.28913891315460205,-0.008428340777754784,-0.2575273811817169,-0.20417466759681702,-0.05532305687665939,0.012728442437946796,-0.401637464761734,0.06111190468072891,-0.20646806061267853,0.37912583351135254,0.13015642762184143,-0.47420674562454224,0.25093787908554077,0.131180077791214,-0.0594090037047863,-0.1379975527524948,-0.30796241760253906,0.08791355043649673,-0.530333399772644,0.31049880385398865,0.02813619002699852,0.38637882471084595,-0.045017730444669724,0.021842733025550842,0.30589988827705383,0.12916232645511627,0.08027370274066925,-0.029574822634458542,-0.20608767867088318,-0.02908351644873619,0.15331140160560608,-0.07080276310443878,-0.09892643988132477,-0.4962538182735443,0.12445998191833496,-0.40556907653808594,-0.48296499252319336,-0.009818258695304394,-0.025959614664316177,0.3763793408870697,0.1175306886434555,-0.030502397567033768,0.027213554829359055,0.035653382539749146,-0.5440831184387207,-0.29319682717323303,-0.160966694355011,-0.41160112619400024,0.2147863656282425,0.04954882338643074,0.05696085840463638,0.22594857215881348,-0.03762786462903023,0.3895183205604553,-0.330468088388443,-0.00560397794470191,0.1352829933166504,0.12448861449956894,0.27747291326522827,0.05160825327038765,-0.006537075154483318,0.10018603503704071,0.04032907634973526,-0.08055249601602554,-0.35128164291381836,0.13200971484184265,0.216079980134964,-0.031463660299777985,-0.030260395258665085,-0.324789434671402,0.23537543416023254,0.2422039806842804,0.2189805954694748,0.011762663722038269,-0.7964961528778076,-0.08622198551893234,0.13124489784240723,0.2236860990524292,-0.17392316460609436,-0.04781971871852875,0.186652272939682,-0.25775668025016785,-0.13867607712745667,0.04276382178068161,0.41460758447647095,-0.1458892524242401,-0.3799940049648285,-0.130619615316391,0.03332008793950081,0.373276948928833,-0.4166029393672943,-0.3309234380722046,0.19543075561523438,0.4865160584449768,0.13103127479553223,0.0010827183723449707,0.009645164012908936,0.26127544045448303,-0.16654041409492493,-0.24660062789916992,0.2679247260093689,0.053725771605968475,0.08194135874509811,-0.2899254560470581,0.0026397823821753263,-0.2377636879682541,-0.26192429661750793,0.45551785826683044,-0.0032861470244824886,-0.06488455832004547,-0.18986909091472626,0.0893627405166626,0.1280391961336136,0.0007726728799752891,-0.12329789251089096,0.09953773021697998,-0.09874554723501205,0.351563036441803,0.15107718110084534,-0.10576722770929337,-0.10788023471832275,-0.12621517479419708,-0.04870114475488663,0.18737535178661346,0.02272573485970497,0.033784668892621994,-0.11957436800003052,0.06650866568088531,0.3169209361076355,0.06709496676921844,-0.15157029032707214,-0.14521542191505432,0.0031596720218658447,-0.06533080339431763,-0.22465267777442932,-0.043789468705654144,0.22762532532215118,-0.06822896003723145,0.27019694447517395,-0.16005530953407288,0.5440360307693481,-0.006738441996276379,-0.0520586259663105,-0.30789560079574585,-0.04161825776100159,-0.12262441962957382,-0.5927039384841919,-0.2399570643901825,0.024673402309417725,0.15209485590457916,0.1321924477815628,-0.06727138161659241,-0.4002349376678467,-0.09754379093647003,0.024500148370862007,-0.058195244520902634,0.21340422332286835,-0.36216458678245544,0.3650919795036316,-0.03861752152442932,0.17324069142341614,-0.5036282539367676,0.2331404685974121,-0.04308514669537544,-0.061690427362918854,0.20233948528766632,0.04057524353265762,-0.15945950150489807
CID000002676,996,-0.06760410964488983,-0.050001729279756546,-0.0341431088745594,-0.12904660403728485,0.09168819338083267,0.28999561071395874,-0.018935179337859154,-0.21193251013755798,-0.27133700251579285,-0.21092209219932556,0.10036156326532364,-0.4256201386451721,0.2269916832447052,-0.20838697254657745,-0.2191258668899536,-0.05060289427638054,0.014526141807436943,0.07259181886911392,0.03447512537240982,0.22062496840953827,0.11016952991485596,-0.0813012644648552,0.15343841910362244,-0.07440479099750519,0.03791338577866554,-0.11957230418920517,0.3096062242984772,0.14036425948143005,-0.15634019672870636,0.24623802304267883,-0.1936267912387848,0.13987818360328674,0.08881643414497375,-0.018030544742941856,-0.5637576580047607,0.05868874862790108,-0.08553443849086761,-0.23253540694713593,-0.2834734618663788,-0.06626063585281372,0.18297946453094482,0.20269815623760223,-0.22995209693908691,0.006259220652282238,0.3681454062461853,0.10754398256540298,0.05521051958203316,-0.22167980670928955,-0.1317862719297409,-0.24983808398246765,-0.4486307203769684,0.12616854906082153,-0.041520990431308746,0.04612090066075325,0.14867588877677917,-0.06012750789523125,-0.08731997013092041,-0.03659181669354439,-0.07625262439250946,0.14071495831012726,-0.903603196144104,0.08229374885559082,-0.496947705745697,0.1460394412279129,0.06043906882405281,0.17729535698890686,-0.04064610227942467,0.22123026847839355,0.04620407894253731,0.00861545093357563,-0.07241847366094589,0.09271882474422455,-0.08254826068878174,-0.06766006350517273,0.07926009595394135,-0.012827897444367409,-0.05916036292910576,0.2486211061477661,0.03837946057319641,0.002087309956550598,-0.18098443746566772,-0.11458452045917511,-0.10167139768600464,-0.10476706922054291,-0.0489971861243248,0.04309482499957085,-0.24811701476573944,-0.30898839235305786,0.3166280686855316,-0.046566106379032135,-0.031847406178712845,-0.29732903838157654,-0.26537060737609863,-0.061993278563022614,-0.38027963042259216,-0.19767966866493225,-0.07027904689311981,0.16144153475761414,0.19883421063423157,-0.3520759046077728,0.24897781014442444,0.27290841937065125,0.03872780501842499,-0.18188050389289856,-0.14287430047988892,0.1450318992137909,-0.42673569917678833,0.2902688980102539,0.020006854087114334,0.13024428486824036,0.19845393300056458,0.1698618084192276,0.3932033181190491,-0.012036127969622612,0.10259690135717392,-0.1626257449388504,0.2730805575847626,-0.2801395058631897,0.1575710028409958,0.1460123509168625,0.11200445890426636,-0.6398385763168335,-0.11089768260717392,-0.15446233749389648,-0.3182016909122467,0.03352182358503342,-0.07718751579523087,0.2583988904953003,0.18398073315620422,-0.13875435292720795,-0.03164403513073921,-0.041004639118909836,-0.6289790868759155,-0.26810163259506226,-0.20799073576927185,-0.09333749115467072,0.04811261221766472,-0.26849865913391113,-0.02388731762766838,-0.06976545602083206,-0.07122434675693512,0.12665875256061554,0.20213583111763,-0.09097574651241302,-0.03741268068552017,-0.011156749911606312,0.06562811136245728,0.12970611453056335,0.19735774397850037,-0.02824777364730835,0.051320116966962814,0.030076932162046432,-0.03591437265276909,0.17112305760383606,0.23389236629009247,-0.006640678737312555,-0.08834981918334961,-0.31464049220085144,0.06287292391061783,-0.07593437284231186,-0.05695636197924614,0.023100364953279495,-0.8675035238265991,-0.008987359702587128,0.25407883524894714,0.1410025656223297,-0.25560319423675537,-0.1478351354598999,0.05356186628341675,-0.20173101127147675,-0.015747804194688797,-0.05258266255259514,0.23003876209259033,-0.1755669116973877,0.010999143123626709,-0.3430767059326172,-0.09092794358730316,0.2612449824810028,-0.4692980647087097,-0.17596480250358582,0.15199609100818634,0.3186235725879669,0.21161207556724548,-0.09337511658668518,-0.021644119173288345,-0.18802352249622345,-0.38874390721321106,-0.26285243034362793,0.5063056349754333,-0.07428717613220215,0.10637088119983673,-0.3459523320198059,-0.07511645555496216,-0.12831051647663116,-0.11887085437774658,0.3746860921382904,0.05916522815823555,-0.06981509923934937,-0.23261705040931702,-0.048914894461631775,0.04043024778366089,-0.03503292426466942,-0.08138096332550049,0.20367605984210968,-0.018887873739004135,0.1461484730243683,0.06486819684505463,-0.13362686336040497,-0.12274190038442612,-0.2990233302116394,0.09009404480457306,0.06241180747747421,-0.13750557601451874,-0.1015600934624672,-0.08233584463596344,0.33780425786972046,0.3411065936088562,0.18694435060024261,-0.1359664499759674,-0.1664644330739975,0.1431589126586914,-0.06381361931562424,-0.6549544334411621,0.008911294862627983,0.16733917593955994,-0.12124302238225937,0.31722375750541687,-0.24724073708057404,0.6876116991043091,0.16702035069465637,-0.07023648172616959,-0.20117977261543274,-0.014356665313243866,-0.03680642694234848,-0.47643351554870605,-0.20574958622455597,0.05447481945157051,0.03714946657419205,0.13101613521575928,0.0226269718259573,-0.1964610517024994,-0.1411525309085846,0.02783679962158203,-0.10260476171970367,-0.09163583070039749,-0.05220917984843254,0.16807839274406433,-0.142431378364563,0.1766693890094757,-0.6964231729507446,-0.026193678379058838,0.2629214823246002,0.14657552540302277,-0.06787668168544769,0.076139435172081,-0.08720921725034714
CID000005734,1005,-0.1364104449748993,-0.20867832005023956,-0.041993528604507446,-0.21756291389465332,0.43764662742614746,0.21005097031593323,-0.11239985376596451,0.10110119730234146,-0.23326937854290009,-0.1977335661649704,0.12796589732170105,-0.3807060122489929,-0.1239938884973526,-0.17085132002830505,0.1745338886976242,0.007137148641049862,-0.005755581893026829,0.01762014999985695,-0.0975833460688591,0.02409224770963192,0.15974758565425873,0.1403367817401886,0.04767026752233505,0.018397817388176918,-0.0010740533471107483,-0.000967462663538754,-0.10991358757019043,0.06009829789400101,-0.07578978687524796,0.29016977548599243,0.03630409762263298,-0.3806357681751251,-0.0756789892911911,-0.020184526219964027,-0.47809886932373047,-0.08383184671401978,-0.29355260729789734,-0.2922673225402832,-0.05321391671895981,-0.043423932045698166,0.08579210937023163,-0.006256228778511286,-0.11910878121852875,-0.1118851751089096,0.03378845751285553,-0.02544122003018856,0.053694743663072586,0.19082684814929962,-0.04258008673787117,-0.03497891500592232,-0.01440702099353075,0.0768905058503151,0.16101542115211487,-0.17757351696491241,0.15637442469596863,-0.02924337424337864,-0.13827985525131226,-0.052728187292814255,0.14171044528484344,-0.019302021712064743,-0.9292283058166504,-0.029269833117723465,-0.20571574568748474,0.2349683940410614,0.15144702792167664,0.14065803587436676,-0.09024372696876526,0.06326452642679214,-0.035519737750291824,0.10993311554193497,-0.048057861626148224,0.08126208931207657,0.04521213099360466,-0.2525511384010315,0.06700186431407928,-0.05619470402598381,-0.1751718670129776,0.05153995007276535,0.2472793310880661,-0.15550440549850464,-0.3067939281463623,-0.03688480332493782,-0.1600864827632904,-0.04700284078717232,-0.10505877435207367,-0.08376394212245941,-0.20148901641368866,-0.07803931832313538,0.30539432168006897,-0.10772327333688736,0.051636647433042526,-0.003800350474193692,-0.05086631327867508,-0.023452449589967728,-0.44029179215431213,-0.012976725585758686,-0.17232449352741241,0.2918734550476074,0.1002371683716774,-0.2375791072845459,0.1957821249961853,0.188200443983078,-0.31573423743247986,0.008163997903466225,-0.12029789388179779,0.06312882155179977,-0.516399085521698,0.31057029962539673,0.024031322449445724,0.0698045864701271,0.10216359049081802,0.13088184595108032,0.13377715647220612,0.008088285103440285,0.055893123149871826,0.25771480798721313,-0.13698861002922058,-0.0741008073091507,0.134801983833313,0.12379617989063263,-0.2577650845050812,-0.574938178062439,0.057245463132858276,-0.17099949717521667,-0.3213391602039337,0.051916927099227905,-0.011091632768511772,0.3294072151184082,0.15903420746326447,-0.08333268761634827,-0.15778128802776337,0.1575762778520584,-0.4088612198829651,-0.2846018671989441,-0.17625239491462708,-0.21146240830421448,0.03129332885146141,0.09283973276615143,-0.008070264011621475,-0.03289356082677841,0.1275472491979599,0.09143170714378357,-0.2878904342651367,0.0033990617375820875,0.04491574689745903,-0.18092992901802063,0.12524208426475525,-0.006719772703945637,0.23127731680870056,0.19858206808567047,-0.05811459571123123,0.019500454887747765,0.013052242808043957,0.0026893354952335358,0.06986977905035019,-0.08834168314933777,-0.10998915135860443,-0.29578104615211487,0.10554377734661102,0.06241534277796745,0.06290686875581741,0.006859832908958197,-0.9620987176895142,0.16165708005428314,0.1003689169883728,0.28019341826438904,-0.15277037024497986,-0.06593869626522064,0.15254631638526917,0.029988694936037064,-0.10820390284061432,-0.13853225111961365,0.3634175658226013,0.018079346045851707,-0.015599767677485943,0.14649245142936707,0.07704083621501923,0.10183918476104736,-0.4790370464324951,-0.15802565217018127,0.13136693835258484,0.24629969894886017,0.07845936715602875,-0.004685002379119396,-0.10577589273452759,0.023121241480112076,-0.15923698246479034,0.09730899333953857,0.40863680839538574,-0.09569648653268814,0.2274307757616043,-0.08750038594007492,-0.09397025406360626,-0.07291438430547714,-0.1076257973909378,0.3689647912979126,-0.03144827485084534,-0.04912310093641281,-0.11513932049274445,-0.1667095124721527,-0.06152656674385071,0.0880175456404686,-0.1090688705444336,0.17039066553115845,-0.1232093945145607,0.20380628108978271,0.023493578657507896,-0.07566211372613907,-0.014397785067558289,-0.006067007780075073,0.035603851079940796,0.07180138677358627,0.03449969366192818,0.08502934873104095,0.17093007266521454,0.13087208569049835,0.296815425157547,-0.024422237649559975,-0.07275993376970291,-0.32915979623794556,0.03758140653371811,-0.1267995536327362,-0.4091392457485199,0.062369454652071,0.19178125262260437,-0.10842840373516083,0.18014684319496155,-0.2078888863325119,0.6488725543022156,0.10303445160388947,-0.2266734391450882,-0.11521240323781967,-0.19417044520378113,-0.07168276607990265,-0.6141226887702942,-0.21093161404132843,0.020964214578270912,0.17460383474826813,0.19225476682186127,-0.04647167772054672,-0.201137974858284,-0.012856471352279186,0.02764846757054329,0.29190197587013245,0.11519044637680054,-0.15808409452438354,0.09285350888967514,-0.0862324982881546,-0.037226058542728424,-0.5717949867248535,-0.009961866773664951,-0.048178382217884064,0.1969168782234192,-0.0738275945186615,0.032193057239055634,0.05511922761797905
CID000002274,1025,0.09673617780208588,0.1382358968257904,0.023579251021146774,-0.0542650930583477,0.6878649592399597,0.42502933740615845,0.16200824081897736,0.007277303840965033,-0.4630885124206543,0.11144848167896271,0.2061828076839447,-0.44000548124313354,-0.026680147275328636,-0.0010776941198855639,-0.289429634809494,-0.21880650520324707,0.11560706794261932,-0.12590567767620087,-0.30560487508773804,0.11086247116327286,0.03006586804986,-0.24132104218006134,0.1331300139427185,0.10320117324590683,-0.008733415976166725,-0.186690092086792,-0.1836283802986145,0.01303950697183609,-0.0028298168908804655,0.3630325496196747,-0.4844043254852295,0.26523375511169434,-0.03683239221572876,-0.1098727360367775,-0.6440407633781433,0.2654138505458832,-0.44806575775146484,-0.26267537474632263,-0.05609891563653946,-0.23287299275398254,-0.2556758522987366,0.038355521857738495,-0.21081829071044922,0.5018218159675598,0.48875704407691956,0.3603338301181793,-0.03798757866024971,-0.209401935338974,-0.170389324426651,-0.18288318812847137,-0.6352346539497375,-0.09076587110757828,-0.0025842287577688694,-0.7376447916030884,0.07931391149759293,-0.013251816853880882,0.19569112360477448,-0.12332861125469208,1.0124274492263794,-0.3338228464126587,-1.0362251996994019,0.044182851910591125,-0.3908436894416809,0.10054484754800797,0.0968208983540535,-0.21919269859790802,-0.33137091994285583,0.16708271205425262,0.1278146505355835,0.04466225206851959,-0.6793664693832397,0.07382390648126602,-0.25830838084220886,0.0012796878581866622,0.5891050100326538,0.05742306262254715,0.01672251895070076,0.06051945686340332,0.35131531953811646,0.2522270977497101,-0.06275858730077744,-0.06095200777053833,0.3250110447406769,0.17098115384578705,-0.2332042157649994,0.26561135053634644,0.047827161848545074,-0.10990767180919647,0.32361239194869995,0.25021645426750183,0.1981275975704193,0.05092378333210945,-0.41320472955703735,-0.22142016887664795,-0.5527824759483337,0.09671775251626968,0.11389613151550293,0.015545901842415333,-0.20021888613700867,-0.03598986193537712,0.3223366141319275,0.3983159065246582,-0.24729406833648682,0.29408639669418335,0.032330650836229324,0.19846110045909882,-0.6504160165786743,0.3619203567504883,-0.023409593850374222,0.31017565727233887,-0.28286996483802795,0.28552764654159546,0.10634659230709076,0.05932699888944626,0.3385522663593292,0.12764611840248108,-0.1841627061367035,-0.2893485128879547,0.08272582292556763,-0.03126541152596474,0.16513462364673615,-1.013159990310669,-0.33055469393730164,-0.28477996587753296,-0.4255366325378418,0.19646503031253815,-0.01039601769298315,0.2422821968793869,0.03929514437913895,0.14189568161964417,0.012203467078506947,-0.07643666118383408,-0.6413739323616028,-0.40088289976119995,-0.040157973766326904,-0.01948944665491581,0.4270227551460266,-0.4086272716522217,0.4127255976200104,-0.22147631645202637,0.24044100940227509,0.27443304657936096,0.22255969047546387,0.050619255751371384,-0.1519612967967987,-0.17928661406040192,0.05270041152834892,0.06670062988996506,-0.0015520751476287842,-0.1114652156829834,-0.0832238644361496,-0.03666505962610245,-0.1075277328491211,0.054119039326906204,-0.3103787899017334,0.008732098154723644,0.11854841560125351,-0.4612404704093933,-0.2538245618343353,0.0667894035577774,0.18255412578582764,0.13284042477607727,-0.8477493524551392,-0.10387066751718521,0.4435579776763916,0.17719386518001556,-0.017833005636930466,0.43956273794174194,-0.05268790200352669,-0.04183988645672798,-0.25338107347488403,-0.5722997784614563,0.533800482749939,-0.20770664513111115,-0.005842216312885284,-0.10188902914524078,-0.2887476682662964,0.1516217589378357,-0.29623639583587646,-0.09673714637756348,0.23979096114635468,-0.036373719573020935,-0.09140445291996002,-0.14446720480918884,-0.09599332511425018,-0.10146632045507431,0.06566781550645828,-0.07044859230518341,0.6572620272636414,0.09704377502202988,0.49940747022628784,-0.7769754528999329,0.018936747685074806,0.17382776737213135,-0.09324850887060165,0.5796985626220703,0.002924245549365878,0.028714153915643692,-0.1878453940153122,-0.04466504231095314,-0.18899734318256378,-0.01833369769155979,-0.220665842294693,0.18938367068767548,-0.011609196662902832,0.28355085849761963,-0.25392085313796997,-0.31802254915237427,-0.09232107549905777,-0.11298282444477081,0.5406767129898071,-0.3624517321586609,-0.19976429641246796,-0.16547025740146637,1.027712106704712,0.2378225326538086,0.9041329622268677,0.15990082919597626,0.07210080325603485,-0.028450220823287964,0.3210960030555725,0.17345350980758667,-0.6655192971229553,0.036537446081638336,0.10117663443088531,-0.006031667347997427,-0.14343374967575073,-0.4636419415473938,0.9448040127754211,0.3971019685268402,-0.3266304135322571,-0.3907817006111145,-0.04778724163770676,0.27478381991386414,-0.6596332788467407,-0.22703368961811066,-0.04885386303067207,0.0827345922589302,-0.23931927978992462,0.33165600895881653,-0.7775827646255493,-0.12781910598278046,-0.15744826197624207,0.05435948446393013,0.07481947541236877,-0.4661639630794525,0.3224641680717468,-0.0016093335580080748,0.1006072536110878,-0.9964062571525574,-0.2683730721473694,0.0634252205491066,0.41749629378318787,-0.057501040399074554,0.03317057341337204,0.15447033941745758
CID000004834,1036,0.37860310077667236,-0.22652514278888702,0.14385457336902618,-0.24877218902111053,0.9422315359115601,0.35765478014945984,0.11284903436899185,-0.17800042033195496,-0.5588334202766418,-0.14061792194843292,0.09047765284776688,-0.783381462097168,-0.1983305960893631,-0.18471291661262512,-0.0034525543451309204,-0.023844873532652855,0.015561883337795734,-0.18238180875778198,-0.3606469929218292,0.08360213041305542,0.15059587359428406,0.041792482137680054,-0.11473947763442993,0.052761148661375046,-0.028450066223740578,-0.06939558684825897,-0.17948152124881744,-0.06115313246846199,0.08445613086223602,0.1605234593153,-0.06699206680059433,0.10018245130777359,-0.1740148812532425,0.13638198375701904,-0.444667249917984,-0.26976919174194336,-0.6206598877906799,-0.3467247486114502,-0.4006694257259369,-0.21873848140239716,-0.2566932141780853,0.2788514494895935,-0.07875988632440567,0.13125500082969666,0.10584346204996109,0.423745334148407,-0.034162577241659164,0.16346707940101624,-0.048266712576150894,-0.18431557714939117,-0.4129377007484436,-0.20819206535816193,-0.19702903926372528,-1.0752724409103394,0.05701550096273422,0.08955102413892746,-0.04147472605109215,-0.064982570707798,1.2346782684326172,-0.3642638325691223,-1.1099467277526855,0.1695360243320465,0.03713051602244377,0.7373882532119751,-0.08759455382823944,-0.7860990762710571,-0.6547330617904663,0.2616790533065796,-0.18478913605213165,0.009291762486100197,-0.8830256462097168,0.02398538962006569,-0.047772783786058426,-0.3745325207710266,0.8844174146652222,0.27063119411468506,0.46465277671813965,-0.06375086307525635,-0.30914995074272156,-0.0703335627913475,-0.4036734998226166,0.12133920192718506,0.04227253422141075,-0.2303178310394287,0.09582815319299698,0.10612010955810547,0.18002524971961975,0.0077741979621350765,0.4767674505710602,-0.18870341777801514,-0.49071669578552246,-0.19938305020332336,0.19981512427330017,0.19173505902290344,-0.7096299529075623,-0.019194312393665314,-0.26292675733566284,0.32859981060028076,-0.09611132740974426,-0.014070732519030571,0.08992868661880493,-0.19013452529907227,-0.02180551365017891,1.339709997177124,0.0058012427762150764,0.05925997346639633,-0.3447771668434143,0.44044286012649536,0.06035705283284187,0.6471088528633118,-0.2690335810184479,-0.04334289953112602,0.20811334252357483,-0.07361289113759995,0.2113935649394989,-0.006454135291278362,-0.459989458322525,-0.26625579595565796,0.11275322735309601,0.06159210950136185,0.015901803970336914,-0.9280427694320679,-0.029867107048630714,-0.28273409605026245,-0.450909286737442,0.14165861904621124,-0.1761237233877182,0.492262601852417,-0.1521771103143692,-0.2406405508518219,0.08315425366163254,0.2748715877532959,-0.6737502217292786,-0.462712824344635,0.11944780498743057,0.008799743838608265,0.3347737789154053,-0.3114597797393799,-0.016489628702402115,-0.37510794401168823,0.06404823064804077,0.7455575466156006,-0.03845763951539993,0.1990004926919937,0.20389942824840546,-0.16276299953460693,0.4237695336341858,0.29875192046165466,-0.05429825931787491,0.08507084846496582,-0.1209883913397789,-0.28081774711608887,-0.029034290462732315,0.23313486576080322,-0.3210650086402893,-0.1914099156856537,-0.14796674251556396,-0.11446788161993027,-0.10155707597732544,0.1370369791984558,0.5062339901924133,0.23248645663261414,-1.132373332977295,0.44171270728111267,0.6378620266914368,0.3624640107154846,-0.35573893785476685,0.4110081195831299,-0.06356652826070786,-0.5252370238304138,-0.1838800311088562,-0.3461950123310089,0.9066165089607239,-0.3926302194595337,0.07120266556739807,0.24895384907722473,0.07208257168531418,0.15726418793201447,-0.29803627729415894,0.1795201599597931,0.22334718704223633,0.07392677664756775,0.10679099708795547,-0.08722575008869171,0.020216673612594604,-0.3358030915260315,-0.0962928757071495,0.2704896032810211,0.28910619020462036,-0.053912825882434845,0.21738961338996887,-0.31499814987182617,-0.20245733857154846,0.5115371346473694,-0.0705137774348259,0.5118269324302673,-0.02505478262901306,0.0968254804611206,-0.24589061737060547,0.008278531022369862,-0.41047102212905884,0.03734239190816879,-0.4216915965080261,0.1182180643081665,-0.44587165117263794,0.3816254734992981,0.08404450118541718,-0.7018641233444214,-0.1744568943977356,-0.1194063052535057,0.3129149079322815,0.19955295324325562,-0.14147815108299255,-0.05854513496160507,1.486297845840454,0.0151878222823143,0.9177542924880981,-0.0108356773853302,-0.4106496274471283,-0.19316366314888,-0.05704499036073685,0.12502190470695496,-1.0067986249923706,0.16667522490024567,0.20147240161895752,0.1105913519859314,-0.049238286912441254,-0.6607803106307983,1.2266958951950073,-0.15172019600868225,-0.1298341602087021,-0.05790107324719429,0.2548818588256836,-0.2330819070339203,-0.556551992893219,-0.3248620927333832,0.13065975904464722,-0.09195464104413986,-0.1409497708082199,0.08039584010839462,-1.0545434951782227,0.07832257449626923,-0.014265405014157295,-0.11438177525997162,0.4576273560523987,-1.1146471500396729,0.3556137681007385,-0.00281708687543869,-0.1907796859741211,-0.9611418843269348,-0.08464374393224716,0.17077131569385529,0.35159915685653687,-0.10411663353443146,-0.14453645050525665,0.0751771479845047
CID000002712,1043,-0.06682730466127396,-0.09941436350345612,-0.13264405727386475,-0.19948172569274902,0.31120920181274414,0.35012972354888916,0.03823970630764961,-0.08322467654943466,-0.35130906105041504,-0.15365943312644958,0.01433763187378645,-0.4173767566680908,0.02808447554707527,-0.22680480778217316,0.013742273673415184,0.06180441379547119,-0.039290182292461395,0.09670001268386841,-0.12848034501075745,0.14676764607429504,0.19414548575878143,-0.07420136034488678,0.18322710692882538,0.14180698990821838,0.036971479654312134,-0.10377933084964752,0.2681533098220825,0.0875733345746994,-0.1634439080953598,0.2991703152656555,-0.04633953422307968,-0.1635495126247406,-0.051205527037382126,0.053953833878040314,-0.42018747329711914,0.03223622590303421,-0.22250697016716003,-0.2743423879146576,-0.20081155002117157,0.03186877816915512,0.09280331432819366,0.11612498760223389,-0.13756808638572693,-0.07046927511692047,0.19003981351852417,0.08082414418458939,0.2558765411376953,-0.08907487988471985,-0.24052104353904724,-0.12231310456991196,-0.22981217503547668,0.08639686554670334,0.08476204425096512,-0.09559901058673859,0.007679113652557135,0.04927663132548332,-0.1862109899520874,0.07230433076620102,-0.04572294279932976,0.1417645961046219,-0.9615210294723511,-0.1926209032535553,-0.4160977303981781,0.23865561187267303,0.16359135508537292,0.13082289695739746,-0.16250084340572357,0.09127558767795563,-0.06890559196472168,-0.01650100387632847,-0.12306758016347885,0.1772650182247162,-0.08487974107265472,-0.11577968299388885,0.05279531329870224,-0.1687784641981125,-0.06239990144968033,0.012039057910442352,0.1599053591489792,-0.1355549693107605,-0.18506452441215515,0.14363697171211243,-0.18749171495437622,-0.09201109409332275,-0.01632218062877655,-0.03740657493472099,-0.21082577109336853,-0.25001466274261475,0.3223051130771637,0.005388134624809027,-0.0898357406258583,-0.20061258971691132,-0.27673885226249695,-0.057557959109544754,-0.3842330574989319,-0.1557578295469284,-0.17680400609970093,0.31868574023246765,0.1420944631099701,-0.37477102875709534,0.18795530498027802,0.1950797289609909,-0.00786261260509491,-0.05714225769042969,-0.12002091109752655,0.10092195123434067,-0.43120336532592773,0.30284640192985535,-0.2538975477218628,0.24493178725242615,0.01658916473388672,0.09946013242006302,0.4152754247188568,-0.11273924261331558,0.06681202352046967,-0.08440285921096802,0.012617126107215881,-0.10690893977880478,-0.0030184253118932247,0.0056359292939305305,-0.0796380341053009,-0.6098669171333313,-0.035910192877054214,-0.2658722996711731,-0.3192335069179535,0.054957590997219086,-0.09631039202213287,0.2826755940914154,0.0798720195889473,-0.15168042480945587,-0.11492864787578583,0.04251829907298088,-0.5889784097671509,-0.28802424669265747,-0.07615139335393906,-0.20699027180671692,0.019772348925471306,-0.05679105967283249,-0.008431486785411835,-0.022002380341291428,-0.11563762277364731,0.34356650710105896,-0.11236746609210968,-0.10485416650772095,-0.022236820310354233,-0.1311037540435791,0.23841902613639832,0.03583569824695587,0.2872612178325653,0.019565749913454056,0.04927238076925278,-0.14719410240650177,-0.027056124061346054,0.1440482884645462,0.33541086316108704,-0.0181074608117342,-0.11043646186590195,-0.3113672137260437,0.08263343572616577,0.0584850087761879,0.012347984127700329,-0.07468259334564209,-0.9066710472106934,0.03806285187602043,0.10050711780786514,0.2804305851459503,-0.1615477353334427,-0.18537156283855438,0.16302064061164856,-0.14076267182826996,-0.10959205776453018,-0.03652987256646156,0.278752863407135,-0.21641011536121368,0.29867225885391235,-0.18799349665641785,-0.05967013165354729,0.1905294954776764,-0.4324094355106354,-0.13727803528308868,0.13076360523700714,0.37617525458335876,0.08520303666591644,-0.031670328229665756,-0.01736328937113285,-0.07535616308450699,-0.4554673731327057,-0.0968652218580246,0.32414934039115906,-0.2505859434604645,0.10250382125377655,-0.10309875011444092,0.038122303783893585,-0.12243528664112091,-0.08635757863521576,0.46907100081443787,0.08309350162744522,-0.03191358968615532,-0.1678573042154312,-0.076491579413414,-0.09382982552051544,-0.0540502667427063,-0.10599114000797272,0.21507075428962708,-0.1140638142824173,0.1934952437877655,0.06740118563175201,-0.14323075115680695,0.009017962031066418,0.055037617683410645,-0.06188803166151047,0.038422126322984695,0.09685327112674713,-0.09006376564502716,0.12635472416877747,0.24125246703624725,0.2693336308002472,0.18563397228717804,-0.27377697825431824,-0.36217474937438965,0.14403106272220612,-0.09531871974468231,-0.5650236010551453,0.0012108087539672852,0.188256174325943,-0.10211063921451569,0.2561121881008148,-0.3484721779823303,0.6432318687438965,0.07240178436040878,-0.1404946893453598,-0.18780581653118134,-0.037513844668865204,-0.13653358817100525,-0.43140459060668945,-0.264773428440094,-0.18485215306282043,0.020622408017516136,0.11235828697681427,-0.059244293719530106,-0.16536712646484375,-0.058633577078580856,0.07186627388000488,-0.04784195497632027,0.004402099642902613,-0.21352681517601013,0.18566620349884033,-0.08517349511384964,0.06329168379306793,-0.6353810429573059,-0.029536783695220947,0.03213509917259216,0.15704739093780518,-0.08513768017292023,0.06965266168117523,0.029567083343863487
CID000054547,1046,0.11321183294057846,0.12935833632946014,-0.13809457421302795,-0.1609826385974884,0.897220253944397,0.4722953736782074,0.1228690892457962,0.1466027796268463,-0.39117056131362915,0.2603739798069,0.2507443130016327,-0.5002487301826477,-0.18988080322742462,0.04602256044745445,-0.0792631134390831,-0.1367131471633911,0.18216629326343536,-0.13966724276542664,-0.48803606629371643,0.013335633091628551,0.030521050095558167,-0.28330355882644653,0.10799145698547363,-0.01713143289089203,0.02212551049888134,-0.1975162923336029,-0.03390916436910629,-0.016057424247264862,-0.11474442481994629,0.3637893795967102,-0.2238880842924118,0.08254867792129517,-0.13365060091018677,-0.0826781839132309,-0.6112657785415649,0.21521635353565216,-0.49480462074279785,-0.2958313822746277,0.027955669909715652,-0.24454030394554138,-0.38057413697242737,-0.12726280093193054,-0.23628965020179749,0.3058902621269226,0.2014888972043991,0.2745395600795746,0.0846557766199112,-0.21810157597064972,-0.16435840725898743,-0.08882123976945877,-0.3989308774471283,-0.07268309593200684,-0.021160107105970383,-1.1412546634674072,0.021020418033003807,-0.01587582193315029,0.01707145944237709,0.007488901726901531,1.3346517086029053,-0.17605407536029816,-1.0019625425338745,-0.07027636468410492,-0.16864162683486938,0.18933209776878357,0.13529811799526215,-0.20226994156837463,-0.5370420217514038,-0.02694634534418583,0.31566497683525085,-0.08717040717601776,-0.8234245181083679,0.15131132304668427,-0.17259879410266876,-0.20436355471611023,0.5818602442741394,-0.12501125037670135,0.3793359696865082,-0.12688125669956207,0.3380807042121887,0.33849939703941345,-0.05206869915127754,-0.01803148165345192,0.294069766998291,0.08274747431278229,-0.0807473212480545,0.1642622947692871,0.10189767181873322,-0.06004192680120468,0.29894116520881653,0.1751541942358017,0.16199921071529388,0.041446223855018616,-0.42564162611961365,-0.2154083549976349,-0.5462633967399597,0.005197548773139715,0.14271263778209686,0.14502283930778503,-0.20170235633850098,0.05433882400393486,0.2841933071613312,0.20880720019340515,-0.0568169467151165,0.36734041571617126,0.028033997863531113,0.09802737087011337,-0.755097508430481,0.5053361654281616,-0.06975485384464264,0.616660475730896,-0.5485066175460815,0.12248019874095917,0.18482044339179993,-0.023506617173552513,0.16128747165203094,0.07367832213640213,-0.29108065366744995,-0.24090926349163055,-0.07483042776584625,-0.05676043778657913,-0.08490000665187836,-0.982164204120636,-0.08378811180591583,-0.5553911924362183,-0.46643123030662537,0.33804258704185486,0.07639523595571518,0.3608710467815399,-0.085103839635849,0.1528337299823761,-0.07793544977903366,0.11304886639118195,-0.6338428854942322,-0.44657057523727417,0.07347384095191956,-0.30632153153419495,0.35814711451530457,-0.2422172576189041,0.4383675158023834,-0.2381894588470459,0.23137716948986053,0.5599120855331421,0.05758007615804672,0.09229777753353119,-0.058706510812044144,-0.24534611403942108,0.18052522838115692,0.03352382034063339,-0.11461534351110458,-0.05408705398440361,-0.06706130504608154,-0.04511832073330879,-0.10013425350189209,0.07759761065244675,-0.18200889229774475,-0.10862760245800018,0.08030800521373749,-0.46244868636131287,-0.22176730632781982,0.13242049515247345,0.25100404024124146,0.20548014342784882,-0.802973747253418,0.031436506658792496,0.37812456488609314,0.26034867763519287,0.02170644700527191,0.4645802974700928,0.05767989903688431,0.07157652825117111,-0.3066325783729553,-0.6046022176742554,0.662348747253418,-0.09552155435085297,0.07404380291700363,-0.15646259486675262,-0.20885074138641357,0.0991976261138916,-0.23187299072742462,-0.24799713492393494,0.19992861151695251,-0.05281756445765495,-0.14781849086284637,-0.16803805530071259,0.13281187415122986,0.09413884580135345,0.001963198184967041,-0.112643301486969,0.4625312387943268,-0.05397488921880722,0.4465935230255127,-0.9066405296325684,0.10993771255016327,0.1425417959690094,0.0006812334177084267,0.6040340065956116,0.28962454199790955,-0.0202639140188694,-0.17820580303668976,-0.14361803233623505,-0.2230381965637207,0.012224351987242699,-0.17993666231632233,0.060961972922086716,-0.3559263050556183,0.37027955055236816,-0.11255554109811783,-0.4150325357913971,0.008675424382090569,0.048211630433797836,0.45958948135375977,-0.19614195823669434,-0.03337403014302254,-0.23186150193214417,1.6232507228851318,0.11180450767278671,1.0069503784179688,0.19528791308403015,0.0004506913828663528,-0.01716260239481926,0.3694841265678406,0.16254159808158875,-0.6200116872787476,0.04620618373155594,0.05637013912200928,-0.02399495244026184,-0.17831020057201385,-0.776955783367157,0.9606415629386902,0.3934042751789093,-0.21156898140907288,-0.6272855401039124,-0.004749387502670288,0.13596996665000916,-0.717601478099823,-0.40962544083595276,-0.19194543361663818,-0.023166710510849953,-0.283147394657135,0.12555500864982605,-0.9765110015869141,0.024016309529542923,0.012239843606948853,0.03358198329806328,0.2210042029619217,-0.7017679810523987,0.41182461380958557,0.039255864918231964,0.07869408279657364,-0.8908184170722961,-0.08213908970355988,-0.06544600427150726,0.326834499835968,-0.12046945095062256,-0.005292239598929882,0.2022567093372345
CID000041774,1053,0.32492631673812866,0.09437376260757446,-0.028435731306672096,0.11003042757511139,0.6518851518630981,0.41241201758384705,0.04563162475824356,0.1932823359966278,-0.4051578640937805,0.014838913455605507,0.01387784443795681,-0.2805301547050476,-0.1381709724664688,-0.06623677909374237,-0.1284630298614502,0.059726960957050323,0.2297104299068451,0.26012617349624634,0.1296367645263672,0.05759108066558838,-0.022802311927080154,-0.0678945854306221,0.13031308352947235,0.06072111800312996,0.12404577434062958,-0.020643001422286034,-0.2630940079689026,0.2774723470211029,-0.3060815930366516,0.4051686227321625,-0.09638999402523041,-0.22049030661582947,-0.2100902795791626,-0.10088835656642914,-0.907804012298584,-0.2591114640235901,-0.37889498472213745,-0.2836783528327942,-0.04570990428328514,-0.025258561596274376,-0.06378859281539917,-0.055680789053440094,-0.041863828897476196,-0.22629690170288086,0.3421808183193207,0.25557395815849304,0.06919097155332565,-0.2314624786376953,0.12975701689720154,0.22790320217609406,-0.5554404854774475,-0.10447804629802704,-0.2154887169599533,-0.17749948799610138,0.0760556235909462,0.0008087203023023903,-0.10651805251836777,-0.11341357231140137,0.8998130559921265,-0.13853254914283752,-1.1279640197753906,0.10830463469028473,-0.20618915557861328,0.3003091514110565,0.0434514544904232,-0.25986552238464355,-0.025356482714414597,0.0849815383553505,-0.10995419323444366,-0.11888475716114044,-0.5510817170143127,-0.32237130403518677,-0.021112006157636642,-0.07344246655702591,0.589339554309845,0.17041930556297302,-0.0947958454489708,0.13389168679714203,0.018239988014101982,-0.5440435409545898,-0.1078331246972084,0.06250815093517303,0.12430252879858017,-0.099861279129982,-0.05995602160692215,0.230675607919693,-0.009134829044342041,-0.20732779800891876,0.28536561131477356,-0.003389417426660657,-0.44419145584106445,-0.19181600213050842,0.17477215826511383,0.22545413672924042,-0.587604820728302,0.018634654581546783,-0.10073108971118927,0.11268625408411026,0.05346637964248657,-0.006470538675785065,0.23940256237983704,0.10700259357690811,-0.3031456768512726,0.2092316895723343,0.04098844900727272,0.10697783529758453,-0.8313552737236023,0.4202192425727844,-0.09412268549203873,-0.024706276133656502,-0.7701252698898315,-0.09399077296257019,-0.0023640082217752934,-0.03516150265932083,0.29593348503112793,0.18857546150684357,0.06557413935661316,-0.31170782446861267,0.2026810348033905,-0.118695929646492,0.027424264699220657,-0.8208238482475281,0.2402549535036087,-0.4884699881076813,-0.1629876345396042,0.012051979079842567,0.002912482712417841,0.2647373676300049,-0.06539840996265411,0.16604991257190704,-0.2278101146221161,0.07676812261343002,-0.40433651208877563,-0.473372220993042,-0.11412318795919418,-0.13756737112998962,0.30239540338516235,-0.18696139752864838,-0.14970876276493073,0.10185511410236359,0.2855592370033264,0.03910369426012039,-0.018194857984781265,-0.015638766810297966,0.13343417644500732,0.37453585863113403,-0.1794377565383911,0.1769483983516693,-0.14421440660953522,0.010156684555113316,0.03236982226371765,0.02899213507771492,-0.06714179366827011,-0.27138206362724304,-0.315859854221344,-0.3201358914375305,0.4079117774963379,-0.39811021089553833,-0.047333210706710815,0.04619000479578972,0.3201085031032562,-0.16436757147312164,-0.9405193328857422,0.16075631976127625,0.3475930094718933,0.16627874970436096,0.03238284960389137,-0.018406560644507408,-0.2835176885128021,-0.09362649917602539,-0.27733081579208374,-0.31442752480506897,0.3652634024620056,-0.31326961517333984,0.0032211304642260075,-0.18347308039665222,0.2446339875459671,-0.2141766995191574,-0.14579620957374573,0.08825407177209854,0.33482426404953003,0.11687270551919937,0.31765300035476685,-0.10463324934244156,0.026476670056581497,0.0512862429022789,-0.21037526428699493,0.28548717498779297,0.7377285957336426,0.1032671183347702,0.21635213494300842,-0.3110118806362152,0.05689091607928276,0.2188492715358734,0.0922514796257019,0.6945300698280334,-0.12286150455474854,-0.3273026943206787,-0.25645869970321655,0.16715474426746368,-0.044068947434425354,-0.008649960160255432,-0.06348757445812225,0.2163722813129425,0.009330208413302898,0.12105844914913177,0.08214988559484482,0.20726855099201202,-0.17211586236953735,0.12126823514699936,0.13265572488307953,-0.13255521655082703,0.20408770442008972,-0.2996762692928314,0.2734910249710083,0.13105010986328125,1.0639268159866333,-0.05871470645070076,-0.18099668622016907,-0.24795596301555634,-0.18086904287338257,-0.11013327538967133,-0.8391764760017395,0.03494933992624283,0.23170295357704163,-0.18594801425933838,-0.014738330617547035,-0.22532419860363007,1.1188232898712158,0.06818421185016632,-0.21487276256084442,0.10210005193948746,0.019105350598692894,0.12053027004003525,-0.7215665578842163,-0.4181848466396332,0.05424617975950241,0.11162704229354858,-0.42721328139305115,-0.13892722129821777,-0.919715404510498,0.060446351766586304,-0.06271158903837204,0.253422349691391,-0.06885655224323273,-0.5625725984573364,-0.018455225974321365,0.1965797245502472,0.10489411652088165,-0.856037437915802,0.09372097998857498,0.3673214018344879,0.7309789061546326,0.11449255794286728,0.11086428165435791,0.19609622657299042
CID000005721,1056,-0.036945026367902756,0.024656008929014206,-0.12834955751895905,-0.045704569667577744,0.11844376474618912,0.3758322596549988,-0.09578974545001984,-0.020418547093868256,-0.253366619348526,-0.15724901854991913,0.001143723726272583,-0.34883785247802734,0.11391176283359528,-0.30315133929252625,-0.2615753710269928,0.0070686787366867065,0.0860060602426529,0.4253254532814026,0.2918819487094879,-0.16890083253383636,-0.04547258839011192,0.028749320656061172,0.21404480934143066,-0.13776466250419617,0.034052446484565735,-0.0668599009513855,0.13162162899971008,0.08806636929512024,-0.1208934634923935,0.15513353049755096,-0.1938801258802414,-0.0007556915516033769,0.04680813103914261,-0.07088391482830048,-0.5862939953804016,-0.07338651269674301,-0.22934576869010925,-0.17301151156425476,-0.24332432448863983,-0.19566364586353302,-0.009073788300156593,0.16745370626449585,-0.20581817626953125,-0.09740830212831497,0.2670588493347168,-0.021785596385598183,0.30696332454681396,-0.3524593710899353,0.2724294364452362,-0.11350114643573761,-0.44083371758461,0.036437857896089554,-0.09531474858522415,-0.07403029501438141,0.42527031898498535,0.06635124981403351,0.06816786527633667,-0.015002697706222534,0.465047687292099,-0.06056734919548035,-0.8801232576370239,0.40289759635925293,-0.3974899649620056,0.12984983623027802,-0.04423625394701958,-0.1209356039762497,-0.14571204781532288,0.1848917305469513,-0.026471484452486038,-0.20557153224945068,-0.5060511827468872,-0.27832043170928955,0.07589615881443024,-0.17328156530857086,0.30050066113471985,-0.0032471150625497103,0.22534632682800293,0.25799840688705444,-0.2593644857406616,-0.3351598083972931,-0.13022741675376892,0.024778466671705246,0.20128822326660156,-0.1050017848610878,-0.17499196529388428,0.21128156781196594,-0.24142058193683624,-0.15998849272727966,0.30226022005081177,0.17919586598873138,-0.15432974696159363,-0.19266103208065033,0.17908518016338348,0.11955419927835464,-0.6056115031242371,0.06775222718715668,-0.139527827501297,0.24453261494636536,0.2219163477420807,-0.23004522919654846,0.2564111053943634,0.2252696454524994,-0.24934551119804382,-0.15484896302223206,-0.06972496211528778,-0.0054919421672821045,-0.3971472680568695,0.31122758984565735,-0.0949840098619461,0.23562169075012207,-0.27517110109329224,0.07109121978282928,0.1224391832947731,0.011708706617355347,0.09045740216970444,-0.011333974078297615,-0.05049087479710579,-0.335358589887619,0.0968758761882782,-0.0169401615858078,0.11224377155303955,-0.7787283062934875,0.15973089635372162,-0.2719811797142029,-0.35774266719818115,0.210031658411026,0.07401235401630402,0.1917358934879303,0.24896475672721863,0.17829540371894836,-0.3158816397190094,0.10683952271938324,-0.45938119292259216,-0.4309428632259369,-0.21400971710681915,-0.04472058266401291,0.12696686387062073,-0.1847207099199295,-0.29569095373153687,0.13440826535224915,-0.038456667214632034,0.05987237021327019,0.15000388026237488,-0.06933242827653885,0.031166668981313705,0.3509983420372009,0.03497237712144852,-0.06995388120412827,-0.13140425086021423,0.007057297043502331,-0.0506976954638958,0.20633956789970398,-0.016581576317548752,-0.09118110686540604,-0.023883024230599403,-0.10589861869812012,0.21990732848644257,-0.1990644633769989,0.0909128487110138,-0.17169351875782013,0.13542598485946655,-0.01897190883755684,-0.783065915107727,0.002381542231887579,0.44168224930763245,0.1302606463432312,0.03375381976366043,0.15309707820415497,-0.08606964349746704,-0.08827871829271317,-0.09805087000131607,-0.10661716759204865,0.35299357771873474,0.04120523855090141,0.09222440421581268,-0.13974475860595703,0.3498634696006775,0.10415645688772202,-0.3519955277442932,-0.191626638174057,0.1609688550233841,0.10284423828125,0.4062933921813965,0.08272267878055573,-0.08747382462024689,-0.23493757843971252,-0.08519351482391357,0.02590166963636875,0.7398003935813904,0.21777400374412537,0.14109210669994354,-0.2817193865776062,-0.01704878732562065,0.03792006894946098,0.009305023588240147,0.41142725944519043,-0.11103786528110504,-0.27565333247184753,-0.19295068085193634,0.23055365681648254,0.23142504692077637,0.06521056592464447,-0.11567793786525726,-0.051419030874967575,-0.27886003255844116,0.11748109012842178,0.18957898020744324,0.04885063320398331,-0.26663288474082947,-0.19141125679016113,0.27877146005630493,0.05001560598611832,0.07572440057992935,-0.09355586022138596,0.11247552931308746,0.06508920341730118,0.7601125836372375,0.32804402709007263,0.03385202959179878,-0.19313836097717285,-0.29873350262641907,-0.16502919793128967,-0.617069661617279,0.04654744639992714,0.32325279712677,-0.20968613028526306,0.3428642749786377,-0.46257632970809937,0.8836351633071899,0.04812581092119217,-0.2238827496767044,-0.10771606117486954,-0.05358036607503891,-0.08673949539661407,-0.528667151927948,-0.19101795554161072,-0.27478012442588806,0.1810455024242401,-0.09845618158578873,-0.0030492760706692934,-0.3722034990787506,-0.04568788409233093,-0.035036444664001465,0.052587367594242096,-0.06491211801767349,-0.45523858070373535,-0.0754113644361496,0.24327535927295685,0.23204049468040466,-0.7722524404525757,0.10004736483097076,0.38992658257484436,0.12983635067939758,-0.03892171010375023,-0.10196755081415176,-0.03742820769548416
CID000003914,1074,-0.053280316293239594,0.10823452472686768,0.21797236800193787,0.2481880486011505,0.39234647154808044,0.47343435883522034,0.2458445280790329,0.023742180317640305,-0.35932204127311707,-0.2607184052467346,-0.22369801998138428,-0.3219142556190491,0.342251718044281,-0.28529998660087585,0.28571492433547974,0.20920781791210175,0.12477097660303116,0.3454200029373169,0.1696862429380417,-0.10003940016031265,-0.40913644433021545,0.05090077593922615,0.08576168864965439,0.04358963295817375,0.09984979778528214,-0.025054845958948135,-0.12395224720239639,0.021743519231677055,0.05550726130604744,0.256313294172287,-0.3226802945137024,-0.0008796278270892799,-0.22428007423877716,0.12279888242483139,-0.4060208201408386,-0.08345147967338562,-0.4285862445831299,-0.43750888109207153,0.016354646533727646,-0.3156241476535797,0.11599665880203247,0.04610685631632805,-0.39979463815689087,-0.36336439847946167,0.1622234433889389,-0.04520585387945175,-0.1029442548751831,-0.12426754087209702,-0.013182329945266247,-0.16960158944129944,-0.26774218678474426,0.014164865016937256,-0.24189619719982147,-0.19630484282970428,0.037895627319812775,-0.23102135956287384,-0.02091239020228386,-0.1520112007856369,-0.12820501625537872,-0.145340234041214,-0.8924673795700073,-0.01027730107307434,-0.293434202671051,0.12431220710277557,-0.04857100918889046,0.12178788334131241,-0.3536430299282074,0.33483895659446716,0.07984824478626251,0.056446634232997894,-0.4981476664543152,-0.18725523352622986,0.28961995244026184,0.10003282874822617,0.1530328094959259,-0.020389840006828308,0.4193522036075592,0.39463716745376587,0.16183364391326904,-0.014868542551994324,-0.43124324083328247,0.10749161243438721,-0.058055538684129715,-0.10861708968877792,0.002024564193561673,0.12130105495452881,-0.006738015916198492,0.21393731236457825,0.5022206902503967,0.04488639906048775,0.031541161239147186,-0.09654499590396881,-0.3749629855155945,0.19931313395500183,-0.6358846426010132,0.02582191862165928,-0.21000561118125916,0.3162473142147064,-0.04053378850221634,-0.29944485425949097,0.4902432858943939,-0.08537968248128891,0.21201685070991516,0.4111323952674866,-0.12770116329193115,0.08849580585956573,-0.17733538150787354,0.08784795552492142,-0.05019950866699219,0.06520195305347443,-0.2627708315849304,0.21772825717926025,0.7566166520118713,-0.09732278436422348,0.0914224237203598,0.4316091537475586,0.022060703486204147,-0.38883739709854126,0.05502139404416084,-0.0017189264763146639,-0.09886407107114792,-0.783751368522644,0.04041168838739395,-0.3708639442920685,-0.5407726168632507,-0.15990440547466278,-0.10818567126989365,0.313437283039093,0.09607966989278793,0.027415286749601364,0.1837264597415924,-0.18806366622447968,-0.47661837935447693,-0.4101083278656006,0.18841023743152618,-0.09211449325084686,0.5591161251068115,-0.46853914856910706,-0.05186975747346878,0.2105126827955246,-0.30078333616256714,0.07129950821399689,-0.18204714357852936,0.07353080064058304,0.20688113570213318,-0.05514080077409744,-0.10468512773513794,-0.14246362447738647,-0.38658013939857483,-0.24788939952850342,-0.026379430666565895,0.1864379346370697,-0.08385101705789566,0.13930223882198334,-0.2629702389240265,-0.11166870594024658,0.011542225256562233,-0.37787169218063354,-0.12141575664281845,0.10982189327478409,0.2164699286222458,0.1126490980386734,-1.0407195091247559,0.0261253472417593,0.2943437993526459,0.40154361724853516,0.01625804603099823,0.30064502358436584,0.29632601141929626,0.08285295218229294,-0.16066448390483856,-0.1489792764186859,0.42056378722190857,0.18351157009601593,-0.10366996377706528,-0.10573194921016693,0.16159316897392273,0.06959426403045654,-0.490764856338501,0.11243679374456406,0.2288360595703125,0.23536793887615204,-0.025700628757476807,-0.24167399108409882,-0.00931709073483944,0.03320695459842682,-0.763492226600647,0.11805343627929688,0.3852636218070984,-0.22816868126392365,0.2093110978603363,-0.20179343223571777,-0.06276051700115204,-0.119275763630867,-0.3944317698478699,0.4727042317390442,0.18775823712348938,-0.014882272109389305,-0.030345458537340164,0.04521574452519417,0.08726544678211212,-0.2463064193725586,-0.4785118103027344,-0.004827610217034817,-0.3912472426891327,0.381484717130661,-0.0697631984949112,-0.24711313843727112,-0.06202753633260727,-0.031569696962833405,0.16462841629981995,0.155033677816391,-0.048554182052612305,-0.06056458503007889,0.2882419228553772,-0.18585772812366486,0.3868545889854431,0.05307402461767197,0.08453090488910675,-0.16490308940410614,0.1152133122086525,0.07418745756149292,-0.711037278175354,0.06861083209514618,0.680198073387146,0.06339721381664276,0.00016743243031669408,-0.23415768146514893,0.7103632688522339,0.006595112383365631,0.0910354033112526,-0.14655476808547974,-0.012372449040412903,0.1319991648197174,-0.21465301513671875,-0.16198042035102844,-0.2308884561061859,0.39951813220977783,-0.07084351032972336,-0.014218276366591454,-0.02351802960038185,0.012510241940617561,0.05368908494710922,0.3154757022857666,-0.04335234686732292,-0.4130105972290039,0.20969805121421814,0.09193626791238785,0.01958521082997322,-0.6431156992912292,0.061868321150541306,0.19168300926685333,0.2215634137392044,0.27578461170196533,0.1293281614780426,-0.1464768648147583
CID000002512,1080,0.037609025835990906,-0.05542677640914917,0.13687695562839508,-0.31923210620880127,0.2785235643386841,0.21114671230316162,0.10055730491876602,-0.22903084754943848,-0.15957961976528168,-0.26329705119132996,0.06994155049324036,-0.488273561000824,0.3521059453487396,-0.5041996240615845,-0.2163790762424469,-0.18740558624267578,0.28019484877586365,0.2480928897857666,0.04484287649393082,0.27087438106536865,0.26796719431877136,0.3671460747718811,-0.09990572929382324,-0.14928989112377167,0.0973757952451706,0.06148963049054146,0.316599041223526,-0.11711382865905762,0.24132061004638672,0.3636583387851715,-0.2547709345817566,0.18823102116584778,0.31320685148239136,-0.05127210542559624,-0.686603844165802,-0.10642938315868378,-0.4184606671333313,-0.3405527174472809,-0.34367531538009644,-0.0473097562789917,0.09190426766872406,0.1687765121459961,-0.21497032046318054,-0.0270918607711792,0.5965094566345215,-0.11621582508087158,-0.12412450462579727,0.09662079811096191,-0.15134336054325104,-0.15215857326984406,-0.532968282699585,-0.037393610924482346,-0.04801832512021065,-0.1897045522928238,-0.048216838389635086,0.1825932413339615,0.014169891364872456,0.13425002992153168,0.4039367139339447,-0.10173845291137695,-0.7935206890106201,-0.07006619870662689,-0.2974991798400879,0.011496198363602161,0.18812298774719238,0.28856170177459717,-0.058550309389829636,0.506142258644104,-0.23338310420513153,0.09452773630619049,-0.08193962275981903,0.32436084747314453,0.06364508718252182,-0.2662336230278015,0.47577062249183655,0.08902420103549957,-0.13351191580295563,0.44787365198135376,-0.09749321639537811,-0.17734524607658386,-0.17685024440288544,-0.1826210916042328,0.19587431848049164,-0.20010988414287567,-0.09962538629770279,-0.1880824714899063,-0.11516126245260239,0.42913684248924255,0.6755443811416626,-0.06060855835676193,0.3167141377925873,-0.12746788561344147,-0.1560409963130951,0.16494202613830566,-0.8654497265815735,-0.18384753167629242,-0.2557767331600189,0.2860353887081146,-0.28511476516723633,-0.3633905053138733,0.6107646226882935,0.013415190391242504,-0.21863456070423126,0.21064841747283936,-0.5118155479431152,0.16221965849399567,-0.4113105833530426,0.28877711296081543,0.11065658181905746,0.07255963981151581,-0.34723758697509766,0.11772628128528595,0.5375869274139404,0.22508840262889862,0.24932725727558136,-0.1738845258951187,-0.20822560787200928,-0.6706367135047913,0.6572166681289673,0.009236142039299011,0.1676124632358551,-0.7092967629432678,-0.6204801797866821,-0.24744856357574463,-0.4781556725502014,-0.2925218343734741,-0.08516058325767517,0.5170807838439941,-0.07107768207788467,-0.11956697702407837,0.011416447348892689,0.26036733388900757,-0.6282070875167847,-0.323970764875412,0.0031933397985994816,0.05456387996673584,0.46299418807029724,-0.3426576256752014,-0.04408363625407219,-0.36266762018203735,-0.21698744595050812,-0.0317145399749279,0.24856331944465637,0.06142660230398178,0.02539946511387825,0.1468934565782547,0.01386230904608965,0.12347086519002914,0.1236438974738121,0.47145047783851624,-0.06483940780162811,0.14329563081264496,0.09901584684848785,-0.10494045913219452,0.3158823251724243,0.020423876121640205,-0.15895666182041168,-0.3439787030220032,-0.2655978798866272,-0.11901907622814178,-0.04761722311377525,0.07743961364030838,-1.1866848468780518,-0.022408928722143173,0.6505536437034607,0.23019015789031982,-0.5169748067855835,-0.018519628793001175,-0.15495875477790833,-0.12947940826416016,-0.17925652861595154,-0.16650865972042084,0.4027937054634094,0.032169513404369354,0.0159097071737051,0.12545223534107208,-0.3532654643058777,0.09145121276378632,-0.3584500849246979,0.12123547494411469,0.1860841065645218,0.40351954102516174,0.020508956164121628,0.11929401010274887,0.06767752021551132,-0.09020721912384033,-0.31908565759658813,-0.12045218795537949,0.9206863641738892,-0.09230902791023254,0.06677304953336716,-1.1290260553359985,-0.0007554888725280762,-0.01027449406683445,-0.28882429003715515,0.3942319452762604,-0.24521014094352722,-0.005227281246334314,-0.7183063626289368,-0.3086778223514557,0.003380618989467621,0.1073373407125473,-0.33121439814567566,-0.21204133331775665,0.0252106674015522,0.17122629284858704,0.022806406021118164,0.12952835857868195,-0.515881359577179,-0.2102096974849701,0.362671822309494,0.20783188939094543,-0.09779543429613113,0.1054527759552002,0.04562193155288696,-0.2465554177761078,0.4697449207305908,0.118489108979702,0.27024045586586,-0.061356134712696075,-0.07546708732843399,-0.07707115262746811,-0.6451777815818787,0.006482756230980158,0.33245691657066345,0.04369185492396355,0.023010658100247383,-0.15950503945350647,0.8407946825027466,0.2796418368816376,-0.16127106547355652,-0.0714075118303299,-0.05360305309295654,0.11263694614171982,-0.37594708800315857,-0.25620466470718384,0.2917577624320984,0.41951900720596313,-0.1194583922624588,-0.012469076551496983,-0.34513211250305176,-0.21889689564704895,0.01117282547056675,0.1023465171456337,0.08849714696407318,-0.6877318024635315,0.19612479209899902,0.2639187276363373,0.10759769380092621,-0.9908687472343445,-0.4161008894443512,0.03125198557972908,0.2018395960330963,0.2668223977088928,-0.13026955723762512,-0.4417276978492737
CID000005593,1081,-0.07682405412197113,0.02072674036026001,0.05699782446026802,-0.14468929171562195,0.8051362037658691,0.2915952205657959,-0.013796043582260609,0.11468756198883057,-0.27169063687324524,-0.049668990075588226,0.19006898999214172,-0.33268165588378906,0.011654314585030079,-0.059239089488983154,0.16982755064964294,0.04317561909556389,0.0997224897146225,0.09779910743236542,-0.15014830231666565,0.10269904136657715,0.06435420364141464,0.12320291996002197,-0.058401595801115036,-0.06954983621835709,0.00019516349129844457,-0.07615174353122711,-0.25089722871780396,0.12331950664520264,-0.017403937876224518,0.25266233086586,-0.0008227348444052041,-0.12107118219137192,-0.060728706419467926,0.022127484902739525,-0.6060608625411987,-0.023735957220196724,-0.20824892818927765,-0.25960037112236023,0.07216258347034454,-0.24340644478797913,0.12300428003072739,0.06916507333517075,-0.13689382374286652,-0.06913040578365326,0.0007346019265241921,0.15426571667194366,-0.16468524932861328,-0.05319691821932793,0.1027250736951828,-0.13208210468292236,-0.12236294895410538,0.13178712129592896,-0.0462067648768425,-0.40762585401535034,0.1264849752187729,-0.052993424236774445,0.06557418406009674,0.03382698446512222,0.18173456192016602,-0.2713698744773865,-0.9395018815994263,-0.05588758736848831,-0.2410963475704193,0.2263006716966629,0.07550383359193802,0.24381670355796814,-0.19585689902305603,0.07850901782512665,0.09664313495159149,0.14981986582279205,-0.18451562523841858,0.12770001590251923,0.03899137303233147,-0.22475309669971466,0.07552985846996307,-0.15158335864543915,-0.15322379767894745,-0.1385558545589447,0.2457217276096344,-0.12943905591964722,-0.26913362741470337,-0.17656244337558746,-0.0037433714605867863,-0.07328473031520844,-0.11029192060232162,-0.1385616958141327,-0.020424511283636093,-0.08021731674671173,0.4064010977745056,-0.14007094502449036,-0.11485651880502701,-0.09041644632816315,0.06424906849861145,-0.027481678873300552,-0.4116436839103699,0.06731414794921875,-0.23367814719676971,0.36250194907188416,0.1960756927728653,-0.06177995353937149,0.3530164361000061,-0.009764355607330799,-0.10145678371191025,0.5119007229804993,-0.015719696879386902,-0.03999820351600647,-0.38127538561820984,0.38405734300613403,0.2122899740934372,0.1824871450662613,0.16100990772247314,0.16309073567390442,0.26252591609954834,-0.08533787727355957,0.13405662775039673,0.13188786804676056,0.15206560492515564,-0.1485498696565628,-0.023080315440893173,0.09508346021175385,-0.16200196743011475,-0.5833993554115295,0.2502692639827728,-0.15190336108207703,-0.5511571168899536,-0.0031390159856528044,-0.2356637716293335,0.29759764671325684,0.11752023547887802,-0.11647146940231323,0.1210126131772995,0.028755297884345055,-0.3620627224445343,-0.2818434536457062,-0.10577376186847687,-0.07990802079439163,0.10783721506595612,-0.0693146362900734,0.10038167238235474,-0.037766244262456894,0.020037010312080383,0.16070321202278137,-0.24882610142230988,0.06770944595336914,0.16195562481880188,-0.07621445506811142,0.24581536650657654,0.09818465262651443,0.1270906925201416,0.2506999373435974,-0.18393437564373016,0.05120290443301201,-0.07686714828014374,0.13089612126350403,-0.12670543789863586,-0.13848350942134857,0.045430559664964676,-0.25154298543930054,0.041988737881183624,0.07194174826145172,0.08878318965435028,0.1090555414557457,-0.9789417386054993,0.1041550487279892,0.18628652393817902,0.2137470245361328,-0.16692867875099182,-0.07221285253763199,0.1831386387348175,0.10027960687875748,-0.061485420912504196,-0.04873081296682358,0.37915101647377014,-0.1699777990579605,-0.2024022787809372,-0.09137331694364548,0.19104602932929993,0.15795163810253143,-0.4821092486381531,-0.1089756041765213,0.14755761623382568,0.07525400072336197,0.04629675671458244,-0.01674799993634224,-0.1879691779613495,0.12732145190238953,-0.18951967358589172,0.08783479034900665,0.6178685426712036,-0.19332373142242432,0.1361185759305954,-0.15957683324813843,0.11178562790155411,-0.16258589923381805,-0.003503277897834778,0.4718172550201416,0.1499749720096588,-0.03679332137107849,-0.11228829622268677,-0.24655313789844513,-0.05222536250948906,0.1598435938358307,-0.09377815574407578,0.08828072249889374,-0.18899014592170715,0.2305726259946823,0.020126277580857277,-0.20248901844024658,0.08460423350334167,-0.28997960686683655,0.1156335100531578,0.13648012280464172,-0.06665556132793427,0.13103073835372925,0.5042064189910889,0.0644025057554245,0.3443109095096588,-0.00927579402923584,-0.020190417766571045,-0.20716646313667297,-0.07752367854118347,0.034333933144807816,-0.5178973078727722,0.06379000842571259,0.42274609208106995,-0.01348855160176754,0.14157667756080627,-0.3463032841682434,0.6660100817680359,0.018683170899748802,0.017454927787184715,-0.013066324405372143,-0.15244612097740173,-0.015296779572963715,-0.5687321424484253,-0.2092699110507965,0.11652214825153351,-0.020843347534537315,0.14854009449481964,0.06167124584317207,-0.10147015750408173,0.00787440501153469,-0.05496637895703316,0.0710335522890091,-0.12211184203624725,-0.3087789714336395,0.15989066660404205,-0.050717003643512726,-0.03452138975262642,-0.615771472454071,0.24807962775230408,0.1105310469865799,0.2240537852048874,0.016948480159044266,0.08453379571437836,0.008165329694747925
CID000004064,1082,-0.002099060919135809,-0.06299867480993271,-0.07440702617168427,0.12226059287786484,0.2320042848587036,0.36670368909835815,0.24643990397453308,0.03771260380744934,-0.08239801228046417,-0.2875147759914398,-0.031167471781373024,-0.22355768084526062,0.16181913018226624,-0.28316205739974976,-0.3414360582828522,0.010044763796031475,0.27038905024528503,0.21817657351493835,0.010907175950706005,-0.007777078542858362,0.3755708336830139,0.06990847736597061,0.060264311730861664,0.20028606057167053,0.10805527865886688,0.016453102231025696,0.17040440440177917,-0.24423035979270935,0.21970359981060028,0.46266770362854004,-0.12391303479671478,-0.2901974022388458,0.11574915796518326,-0.19082589447498322,-0.6151053309440613,-0.2441151887178421,-0.2774825692176819,-0.2751759886741638,-0.03566180542111397,0.04486766457557678,-0.022649303078651428,0.04666919261217117,0.006691453047096729,-0.35962915420532227,0.37066975235939026,0.07693882286548615,0.012520936317741871,-0.3293822407722473,-0.3762896656990051,0.17820905148983002,-0.1992119699716568,0.1635737419128418,-0.082295261323452,-0.0446150079369545,0.017352590337395668,0.02941262349486351,-0.0023648799397051334,0.10747696459293365,0.34983915090560913,-0.14476975798606873,-0.747714638710022,-0.19293227791786194,-0.1694568395614624,0.18695572018623352,-0.03248995542526245,0.06799568235874176,-0.24009199440479279,-0.02629140019416809,0.0037298351526260376,-0.23443825542926788,-0.25634169578552246,0.18222393095493317,-0.1270531266927719,-0.06270795315504074,0.3570399880409241,0.031618744134902954,0.01793578825891018,0.2847793698310852,0.31906259059906006,0.13033679127693176,-0.19774675369262695,0.048519134521484375,-0.18922652304172516,0.11914899200201035,0.07396179437637329,-0.21332073211669922,-0.08762140572071075,0.21201005578041077,0.3967211842536926,-0.10497639328241348,-0.2508009076118469,-0.051819734275341034,0.27614665031433105,0.08926288038492203,-0.5499425530433655,0.02556965872645378,-0.28802114725112915,0.3304167687892914,-0.03206367790699005,-0.32637518644332886,0.3749711215496063,-0.009612372145056725,-0.33848920464515686,0.0629233568906784,-0.3148534893989563,-0.11826914548873901,-0.571779727935791,0.236856147646904,0.31556329131126404,0.03264375403523445,-0.1489379107952118,0.058398276567459106,0.29151326417922974,0.2453574389219284,0.19334153831005096,-0.14020124077796936,-0.05071183294057846,-0.27492615580558777,0.2583177983760834,0.057440273463726044,-0.15077617764472961,-0.7588366270065308,-0.15199711918830872,-0.3707486689090729,-0.46295779943466187,0.10044471174478531,0.050863347947597504,0.46971169114112854,0.12446359544992447,-0.1352667510509491,-0.27752771973609924,-0.2528921663761139,-0.47190505266189575,-0.3900345265865326,0.15791021287441254,-0.0955246090888977,0.49685031175613403,-0.5562887787818909,-0.029275575652718544,0.22524908185005188,0.30430567264556885,0.05697309970855713,0.43658286333084106,-0.020009588450193405,0.09382456541061401,0.2540799379348755,0.11359121650457382,0.2445172518491745,0.2798965871334076,0.14386317133903503,0.12949633598327637,-0.3259325623512268,-0.13184095919132233,-0.030713316053152084,0.15842518210411072,0.03543362021446228,-0.22378882765769958,-0.4647396206855774,-0.03090231493115425,0.017738202586770058,0.2642226815223694,0.06213323026895523,-0.8536723256111145,0.12690328061580658,0.37698251008987427,0.1967908889055252,-0.21705646812915802,0.002332967473194003,-0.04871518537402153,0.1216835007071495,0.0010651625925675035,0.14396874606609344,0.28001803159713745,0.1168908029794693,-0.17172852158546448,-0.25416991114616394,-0.25044161081314087,0.11646733433008194,-0.47991323471069336,-0.03279740363359451,0.2681313455104828,0.24463990330696106,0.12680819630622864,-0.06775912642478943,-0.05497344583272934,-0.05911559984087944,-0.2652810215950012,0.036926038563251495,0.5157347321510315,-0.07015741616487503,0.05953042581677437,-0.3189902603626251,0.001880043768323958,-0.1543411761522293,-0.22535757720470428,0.4680641293525696,0.07802918553352356,-0.046495985239744186,-0.19728976488113403,-0.20410287380218506,0.011775068938732147,-0.09847724437713623,-0.3568879961967468,0.05152135342359543,-0.1543804407119751,0.23105230927467346,-0.10713712126016617,-0.13831251859664917,-0.4097244143486023,0.1326369196176529,-0.15942879021167755,0.11714676767587662,-0.20516201853752136,-0.017223935574293137,0.0801331028342247,-0.025811558589339256,0.5804664492607117,-0.26333552598953247,-0.2795941233634949,-0.02760772779583931,-0.22237756848335266,0.015648353844881058,-0.4057334065437317,-0.05928041413426399,0.39302197098731995,-0.16112610697746277,-0.014858829788863659,-0.24109867215156555,0.6703346967697144,-0.13516488671302795,-0.05640455335378647,-0.1580183357000351,-0.1422341763973236,-0.10589610040187836,-0.6310440301895142,-0.24530775845050812,0.24907107651233673,0.3466609716415405,0.01423828024417162,-0.01772432029247284,-0.7293474674224854,-0.0490046925842762,-0.056777261197566986,-0.1739019900560379,-0.025126153603196144,-0.4604775905609131,0.21884596347808838,0.22150246798992157,0.05014156177639961,-0.6458548307418823,0.03803572803735733,0.03511863574385643,0.1794082075357437,-0.046037934720516205,0.017641207203269005,-0.19879800081253052
CID000125017,1085,-0.2540883421897888,0.10410364717245102,0.05700094625353813,-0.10440181195735931,0.6881487369537354,0.4142731726169586,-0.029940148815512657,-0.08453606069087982,-0.30521899461746216,-0.34674638509750366,-0.011363476514816284,-0.36435002088546753,0.12973657250404358,-0.22919805347919464,0.2009105682373047,0.0651773139834404,-0.0462988018989563,0.1666659116744995,-0.08235227316617966,0.06276452541351318,0.004840886685997248,-0.2787538170814514,-0.20687656104564667,-0.25575384497642517,-0.027843723073601723,0.07714788615703583,0.004507659934461117,0.04713047295808792,0.032859623432159424,0.26344364881515503,0.04406043887138367,0.0524388924241066,-0.3279949426651001,-0.06309861689805984,-0.2698299288749695,-0.03477982431650162,-0.40479525923728943,-0.29683059453964233,-0.07045120745897293,-0.207174152135849,0.23095405101776123,0.37928012013435364,-0.3410015404224396,-0.2871226370334625,0.3843603730201721,0.04111664742231369,-0.08023961633443832,0.09506528079509735,-0.1479099690914154,-0.18197831511497498,-0.1575337052345276,0.09720206260681152,-0.018715834245085716,-0.24133050441741943,0.08055738359689713,0.07391132414340973,-0.08863840252161026,0.11809360980987549,0.11648394167423248,0.057399682700634,-0.8877018690109253,0.057508260011672974,-0.009824579581618309,0.2942926287651062,-0.03824617713689804,0.2763839662075043,-0.04659196734428406,0.07425117492675781,0.22185823321342468,-0.10266947746276855,-0.11459203064441681,-0.26239514350891113,0.08821900933980942,-0.29435792565345764,0.028837475925683975,0.11276446282863617,-0.0419018492102623,0.4537995755672455,0.11026084423065186,-0.2798197269439697,-0.10863862931728363,0.008906573057174683,-0.27735620737075806,-0.3143685758113861,-0.09437347948551178,0.17952154576778412,0.007847648113965988,-0.10275518894195557,0.49731308221817017,-0.0375070795416832,0.06742501258850098,-0.21029070019721985,0.026094963774085045,-0.2011449784040451,-0.5358337163925171,-0.17997749149799347,-0.3667582869529724,0.6789332628250122,0.24399736523628235,-0.13104264438152313,0.407551109790802,0.21816964447498322,0.044912438839673996,0.2289048731327057,-0.21687698364257812,-0.10230609029531479,0.077633336186409,0.4334653913974762,0.029996979981660843,0.03181625157594681,-0.03032713010907173,-0.15298676490783691,0.7298542261123657,-0.178346186876297,-0.011014225892722607,-0.20954938232898712,-0.08579166978597641,0.062248170375823975,0.31547409296035767,0.026888256892561913,0.08041073381900787,-0.5051634907722473,0.15338028967380524,-0.3602753281593323,-0.31940147280693054,-0.21199019253253937,0.07177158445119858,0.4825606346130371,0.3405252695083618,0.2191251814365387,-0.017089789733290672,0.08126001060009003,-0.43951401114463806,-0.3015614151954651,-0.06591375172138214,0.13045437633991241,0.21450677514076233,0.10566093772649765,-0.07450059801340103,-0.009918945841491222,-0.009967652149498463,0.003524585161358118,-0.2862693965435028,0.12819528579711914,0.12527813017368317,-0.1398480236530304,0.06604553014039993,0.15268449485301971,-0.10284487158060074,-0.3378685414791107,0.038823097944259644,0.25208085775375366,0.007562811486423016,-0.05889718979597092,-0.11627433449029922,0.05475729703903198,-0.15835361182689667,-0.25190651416778564,0.07880686968564987,0.012149977497756481,0.38268545269966125,-0.08368007838726044,-0.9482124447822571,-0.09130023419857025,0.08744456619024277,0.3498287796974182,-0.14432640373706818,0.040186651051044464,0.12346325069665909,-0.1855471134185791,-0.03216803818941116,0.09566755592823029,0.5209801197052002,-0.14985939860343933,-0.22426271438598633,-0.03601498529314995,0.004637688398361206,0.1283758580684662,-0.4217718541622162,4.380941334147792e-07,0.1239834576845169,0.22306311130523682,-0.1120300143957138,0.07581201195716858,-0.15213513374328613,0.012594057247042656,-0.4331647753715515,-0.04429706558585167,0.3525734543800354,0.04612790793180466,-0.08522096276283264,-0.05525249242782593,0.10514732450246811,-0.15248917043209076,-0.1953006386756897,0.5416810512542725,-0.004656806588172913,-0.1835820972919464,-0.38563740253448486,0.17971238493919373,0.13044902682304382,0.18306979537010193,-0.48017388582229614,0.13346144556999207,-0.06551900506019592,0.0812157541513443,0.07686485350131989,-0.12842045724391937,-0.5774646997451782,0.10572972148656845,0.10531292110681534,0.2946144938468933,0.09368743002414703,-0.09010446071624756,0.3547348082065582,-0.025779902935028076,0.3162356913089752,-0.09660928696393967,0.07111557573080063,-0.36044105887413025,-0.15095341205596924,-0.05305960774421692,-0.4619863033294678,0.2312985360622406,0.39116641879081726,0.36996597051620483,0.29204925894737244,-0.07786309719085693,0.4339422285556793,0.16130812466144562,0.22074341773986816,-0.11429937183856964,-0.21415606141090393,-0.07661719620227814,-0.24548181891441345,-0.3855820596218109,-0.10198365151882172,0.22964301705360413,-0.037930652499198914,-0.09599676728248596,0.06111719459295273,0.18130575120449066,0.22172534465789795,-0.274901807308197,0.07067348808050156,-0.73436439037323,0.006909170188009739,-0.021980026736855507,-0.002452673390507698,-0.5224749445915222,0.1815858781337738,0.008326748386025429,0.21463251113891602,0.0752098485827446,-0.22647687792778015,-0.23062673211097717
CID000004536,1094,-0.2888166904449463,-0.2441224753856659,-0.11543412506580353,0.05828964710235596,0.10862363874912262,0.39570343494415283,0.014814773574471474,-0.008609810844063759,-0.48857441544532776,-0.42253366112709045,0.19836309552192688,-0.7120649218559265,0.22853359580039978,-0.47742336988449097,-0.09594397246837616,-0.03328899294137955,0.15454448759555817,-0.04306310415267944,-0.22092382609844208,-0.17226801812648773,-0.15755608677864075,-0.43535780906677246,-0.12336404621601105,0.2025480717420578,-0.14878490567207336,-0.0998484194278717,0.19712744653224945,0.02430533803999424,0.0203042384237051,0.4265613555908203,0.031128007918596268,-0.23412799835205078,-0.1324649155139923,-0.09916850924491882,-0.3808425962924957,0.18789328634738922,-0.4007614552974701,-0.36440229415893555,-0.024852365255355835,-0.028671246021986008,0.15766207873821259,0.164291113615036,-0.20411303639411926,-0.10428619384765625,0.38567543029785156,0.039696116000413895,-0.13024036586284637,0.36265164613723755,0.14559116959571838,-0.20580756664276123,-0.2771551311016083,0.15532328188419342,-0.19637802243232727,-0.01851676031947136,-0.006428896449506283,-0.09248261153697968,0.06001432612538338,-0.14805975556373596,0.1636407971382141,0.3775644600391388,-0.8428571820259094,0.20922604203224182,-0.06484108418226242,0.3800603151321411,-0.08431948721408844,0.08935088664293289,-0.14119762182235718,0.09544364362955093,0.14002418518066406,0.06845775246620178,-0.14773595333099365,0.42268338799476624,-0.03601795434951782,-0.1877809762954712,0.3484087288379669,-0.11971628665924072,0.1130376011133194,0.5965352654457092,0.2765127122402191,0.12533852458000183,-0.43074148893356323,-0.07788186520338058,-0.31584030389785767,0.054189931601285934,0.03121236525475979,0.16768290102481842,-0.45141419768333435,-0.07110811769962311,0.4011743664741516,0.009492876939475536,-0.17823544144630432,-0.26940417289733887,-0.1809975802898407,-0.12381333112716675,-0.36105623841285706,0.03584907203912735,-0.31881338357925415,0.5083507299423218,0.1418568193912506,-0.5206408500671387,0.19941411912441254,0.39256301522254944,0.07587762176990509,-0.006617845501750708,-0.30199459195137024,0.042609017342329025,-0.41149410605430603,0.3856900632381439,-0.12510548532009125,-0.03438696265220642,0.02237986959517002,-0.13787035644054413,0.38387197256088257,-0.02430613525211811,0.08174224942922592,0.33608412742614746,-0.05004177242517471,-0.34639105200767517,0.5881780385971069,-0.18729270994663239,-0.2311195433139801,-0.47494205832481384,-0.1388930380344391,0.03372802585363388,-0.19891764223575592,0.3389589488506317,-0.003682458307594061,0.3247297406196594,0.16985920071601868,-0.14418619871139526,-0.03079337254166603,0.04865983873605728,-0.6299126744270325,-0.4532729983329773,-0.041749339550733566,-0.16290004551410675,0.12637455761432648,0.01134604774415493,0.24163615703582764,-0.40786901116371155,-0.21068322658538818,0.27784258127212524,0.1929696500301361,0.007520970888435841,0.14401613175868988,-0.09093423187732697,0.19031763076782227,-0.040843602269887924,-0.01213894970715046,-0.4391050338745117,-0.1738612949848175,-0.1856311857700348,0.08718477189540863,0.05367523431777954,0.29891732335090637,-0.009012056514620781,-0.14860320091247559,-0.3987039625644684,0.30802685022354126,-0.0788830816745758,0.21148157119750977,-0.269950807094574,-0.6537421941757202,-0.20427235960960388,0.21464534103870392,0.3305005431175232,-0.011556953191757202,0.1145462840795517,0.07990167289972305,-0.13332600891590118,-0.2989402413368225,0.06343884021043777,0.6670261025428772,-0.05962619185447693,-0.10921554267406464,0.22994093596935272,0.19316262006759644,0.2322731763124466,-0.510368824005127,-0.17921802401542664,0.2933514714241028,0.683597981929779,-0.26024293899536133,-0.000699820346198976,0.021552657708525658,0.08349762856960297,-0.2889959216117859,-0.429375022649765,0.35109153389930725,0.1930542290210724,0.15787094831466675,-0.14407335221767426,-0.1572456806898117,0.04117480665445328,-0.6077693104743958,0.46427470445632935,-0.07664678990840912,0.15444304049015045,-0.3325311541557312,-0.48463019728660583,-0.0197511725127697,0.2642320692539215,-0.15576013922691345,-0.02586570754647255,-0.11234283447265625,0.40348464250564575,-0.02377287670969963,-0.18843217194080353,-0.33862972259521484,-0.08451134711503983,-0.07326708734035492,-0.01120450533926487,0.14175674319267273,-0.03282518684864044,-0.08049996197223663,-0.024098824709653854,0.5439739227294922,0.03274565935134888,-0.038270045071840286,-0.19957201182842255,0.23405742645263672,-0.08725185692310333,-0.6050816774368286,-0.07733200490474701,0.4379459023475647,0.25336340069770813,0.08777663856744766,0.085686095058918,0.5763213038444519,0.36298513412475586,0.04366037994623184,-0.11217954009771347,-0.3033513128757477,-0.11574989557266235,-0.30512985587120056,-0.3777938485145569,-0.12357015907764435,0.833941638469696,-0.03740047290921211,-0.21673890948295593,-0.13145364820957184,0.23640477657318115,-0.026600277051329613,0.33112573623657227,0.15918338298797607,-0.3093281388282776,0.11252333968877792,0.21181266009807587,0.1656988114118576,-0.5479909181594849,0.05098745971918106,0.43101850152015686,0.29009708762168884,-0.13360682129859924,-0.04086872190237045,-0.08921081572771072
CID000504578,1095,0.24532456696033478,0.12913517653942108,-0.07933090627193451,0.021138180047273636,0.4923512041568756,0.4723026156425476,-0.01170653011649847,0.11598579585552216,-0.4482952654361725,-0.19275687634944916,0.17264266312122345,-0.33506467938423157,0.07609405368566513,-0.2687091827392578,-0.15226566791534424,0.046108610928058624,0.27369460463523865,0.23328141868114471,-0.00885261595249176,0.27354517579078674,-0.018999118357896805,-0.046387169510126114,0.008367813192307949,0.11984992027282715,0.34772205352783203,0.0012863293522968888,-0.28754037618637085,0.22795113921165466,-0.20855462551116943,0.4142420291900635,-0.016508176922798157,-0.38360244035720825,-0.37741267681121826,-0.1037910133600235,-0.7092207670211792,-0.06268959492444992,-0.4574679732322693,-0.29219093918800354,-0.027974942699074745,0.09778086841106415,-0.09640620648860931,-0.07695433497428894,-0.16065767407417297,-0.14700819551944733,0.5777515769004822,0.1335778385400772,-0.06090974807739258,-0.1725194752216339,0.12100319564342499,0.1677868664264679,-0.3508785367012024,0.04045691341161728,-0.2862815260887146,-0.1983492225408554,0.18229994177818298,-0.14316768944263458,-0.07217518240213394,-0.24517306685447693,0.9596986770629883,-0.26528748869895935,-1.1496999263763428,0.16578243672847748,-0.1439380794763565,0.43846455216407776,-0.052956096827983856,-0.3222028315067291,0.01994742825627327,0.08171947300434113,-0.16037538647651672,-0.09230668097734451,-0.6436572074890137,-0.2646999657154083,-0.08292695134878159,-0.04810042306780815,0.6415264010429382,0.1816033273935318,0.06495968252420425,0.37929025292396545,0.1493818461894989,-0.2058241367340088,-0.08345643430948257,0.04188757389783859,-0.1976870745420456,-0.04012361168861389,-0.10461889207363129,0.10021740198135376,-0.1448964774608612,-0.0876942053437233,0.2203819751739502,-0.1619269847869873,-0.2785067856311798,-0.22595763206481934,-0.003553289221599698,0.29028910398483276,-0.5269688367843628,0.00040763840661384165,-0.14938846230506897,0.23160633444786072,0.02723347209393978,-0.07863327115774155,0.0466642826795578,0.0848681628704071,-0.5010601878166199,0.39326485991477966,-0.06617934256792068,0.14941155910491943,-0.7526513338088989,0.4074403643608093,-0.006332322955131531,0.04866085574030876,-0.5925577282905579,-0.28175443410873413,0.07080477476119995,-0.12880051136016846,0.21155349910259247,0.27081671357154846,-0.018019413575530052,-0.46539306640625,0.3698076009750366,-0.11375145614147186,-0.04680516570806503,-0.7125989198684692,0.2041534185409546,-0.6412991881370544,-0.11497505009174347,0.1569053828716278,-0.016825437545776367,0.27906161546707153,-0.005268566310405731,0.22512738406658173,-0.1908162534236908,0.10046184062957764,-0.5159749388694763,-0.575483500957489,-0.08631934225559235,-0.24222639203071594,0.32990771532058716,-0.511420488357544,-0.09956182539463043,-0.06883315742015839,0.21998219192028046,0.058630336076021194,0.025585640221834183,-0.07991335541009903,0.13590580224990845,0.37190645933151245,-0.06889084726572037,0.245050311088562,-0.10151668637990952,0.13201847672462463,0.0819239541888237,-0.027360260486602783,-0.3066460192203522,-0.35202115774154663,-0.2837444543838501,-0.19302542507648468,0.3349446952342987,-0.3335905075073242,-0.0143507095053792,0.04498344659805298,0.3808160424232483,-0.1031675934791565,-0.8735814094543457,0.048664242029190063,0.46175575256347656,0.2571716904640198,-0.026858845725655556,0.05537164956331253,-0.2714470326900482,-0.13622760772705078,-0.481548011302948,-0.3099766969680786,0.3510465621948242,-0.1810798943042755,-0.09802911430597305,-0.1812944859266281,0.23292455077171326,-0.14900562167167664,-0.3466711640357971,-0.022505415603518486,0.2970145642757416,0.18281641602516174,0.33332616090774536,-0.1644456684589386,-0.005572272930294275,0.16712379455566406,-0.2071688175201416,0.3316405117511749,0.4938860535621643,0.12506277859210968,0.2518576979637146,-0.3623800277709961,-0.022278394550085068,0.19339531660079956,-0.21049566566944122,0.6431976556777954,-0.09144343435764313,-0.20071589946746826,-0.20064577460289001,0.1551704704761505,0.029813840985298157,-0.0490594245493412,-0.12098729610443115,0.053262848407030106,0.06044375151395798,0.17368921637535095,-0.08867261558771133,0.09494126588106155,-0.5680966377258301,0.07267621904611588,-0.11742325872182846,-0.11794908344745636,0.16773909330368042,-0.17801746726036072,0.44172996282577515,0.038787614554166794,1.0004875659942627,-0.16377988457679749,-0.0864497572183609,-0.2430519163608551,0.02635541558265686,-0.09913323074579239,-0.7273038625717163,-0.012269037775695324,0.314866304397583,-0.11315999180078506,-0.01678997278213501,-0.2542550563812256,1.2079111337661743,0.02544475719332695,-0.461508572101593,0.0028127909172326326,0.012160944752395153,0.08283820748329163,-0.7124870419502258,-0.370362251996994,0.1379009187221527,0.23191924393177032,-0.23748977482318878,-0.3094797134399414,-0.8245052099227905,0.042695943266153336,-0.031595248728990555,0.30066049098968506,0.025120511651039124,-0.4449399411678314,-0.0053289784118533134,0.22016112506389618,-0.1405671238899231,-0.7622056007385254,0.020028766244649887,0.19653525948524475,0.6021766066551208,0.032654084265232086,0.22033783793449402,0.10197441279888153
CID000039765,1098,-0.3008291721343994,0.1514357030391693,0.17002415657043457,0.027227943763136864,0.24799425899982452,0.5769786238670349,0.20839321613311768,0.5160037875175476,-0.6023410558700562,-0.32806968688964844,0.05154697969555855,-0.3746759593486786,0.13633057475090027,-0.27141687273979187,-0.17614305019378662,0.26053333282470703,-0.037158675491809845,0.016823407262563705,-0.09637658298015594,-0.022205987945199013,0.3518604040145874,0.14349783957004547,0.18634270131587982,-0.13682880997657776,0.23562996089458466,-0.09662200510501862,0.45178183913230896,-0.0956742912530899,-0.09793513268232346,0.42425018548965454,-0.2206103354692459,0.07195356488227844,0.03384397178888321,-0.11683674901723862,-0.4159456193447113,0.03674408048391342,-0.46028169989585876,-0.19620032608509064,-0.3586121201515198,0.05964095517992973,-0.12899599969387054,0.3187679946422577,-0.14539362490177155,-0.2399379462003708,0.7309058904647827,0.011944139376282692,-0.16916033625602722,0.036200739443302155,-0.2667783498764038,0.00042662848136387765,-0.6216692328453064,0.04883506894111633,-0.25295841693878174,-0.23412954807281494,0.3996618688106537,0.27759453654289246,-0.39985209703445435,0.0062741427682340145,0.7799784541130066,-0.08717112243175507,-0.8401170969009399,-0.22839513421058655,-0.22579672932624817,0.1867462694644928,-0.33496996760368347,-0.06613556295633316,-0.029007580131292343,-0.07242946326732635,0.25023704767227173,-0.026546159759163857,-0.47970157861709595,-0.25288522243499756,-0.05602604150772095,0.16828304529190063,0.5856348872184753,-0.06331008672714233,-0.16864851117134094,0.5795915126800537,0.4673275053501129,0.15935473144054413,-0.14842648804187775,-0.06571008265018463,-0.1372455358505249,0.12954571843147278,-0.03744671493768692,-0.5391975045204163,-0.26770809292793274,0.03416869789361954,0.2717295289039612,-0.092866912484169,-0.535393238067627,-0.2249463051557541,0.007908841595053673,0.039410851895809174,-0.6537193059921265,-0.09106603264808655,0.024604415521025658,0.30084067583084106,0.05186495929956436,-0.1980336606502533,0.30979639291763306,-0.052706457674503326,0.09877188503742218,0.34252187609672546,-0.42936626076698303,-0.09647699445486069,-0.384978711605072,0.2314857542514801,0.05083271861076355,0.014786826446652412,-0.22351345419883728,-0.005999456159770489,0.1402016282081604,0.04317706078290939,0.19459418952465057,-0.08184565603733063,-0.2220228612422943,-0.2157030999660492,0.5129275918006897,0.10629018396139145,0.061398278921842575,-0.6864504814147949,0.07932562381029129,-0.5887518525123596,-0.7306548953056335,0.37003305554389954,0.040420182049274445,0.41050416231155396,0.3112245798110962,-0.06912561506032944,0.08680099248886108,-0.05659285932779312,-0.5924493670463562,-0.5074763894081116,0.1304900050163269,-0.6033631563186646,0.1787732094526291,-0.49982213973999023,0.2291707992553711,0.007378414273262024,0.062170207500457764,0.22852210700511932,0.17186744511127472,0.09406960755586624,0.057568322867155075,0.28245076537132263,0.19543060660362244,-0.014284705743193626,0.45736613869667053,0.1666572540998459,0.007836280390620232,0.0540076307952404,-0.27822980284690857,0.11092249304056168,0.4706379473209381,0.16766062378883362,0.056641899049282074,-0.3166136145591736,-0.008755182847380638,0.46307429671287537,0.32391542196273804,-0.20859459042549133,-0.8576472401618958,-0.021037686616182327,0.4409559667110443,0.28953859210014343,-0.40359678864479065,0.2483157366514206,0.060588471591472626,-0.09863360971212387,-0.19861474633216858,0.2159203290939331,0.3602631986141205,-0.07163061946630478,-0.2859092354774475,-0.02484538033604622,-0.2010313719511032,0.17751333117485046,-0.34369096159935,0.0286896713078022,0.2117263823747635,0.23687346279621124,0.5141711235046387,0.08444918692111969,0.23327240347862244,-0.2121638059616089,-0.14076872169971466,0.06554839760065079,0.2658231854438782,-0.03956502676010132,0.0862143263220787,-0.3393722176551819,-0.23875734210014343,-0.3444804251194,-0.6841618418693542,0.6422191858291626,0.22073054313659668,-0.02485659345984459,-0.22339829802513123,0.12689712643623352,0.15605123341083527,-0.09235363453626633,-0.29979342222213745,0.01642022468149662,0.22621449828147888,0.14548343420028687,-0.3161340057849884,-0.20949366688728333,-0.7357139587402344,0.04289627820253372,-0.09812405705451965,-0.18087580800056458,-0.06554757803678513,0.4784630239009857,0.06823007762432098,-0.20911185443401337,0.8129588961601257,-0.09303893893957138,-0.35809847712516785,-0.015346139669418335,-0.08029363304376602,-0.042726896703243256,-0.4984298348426819,0.059254009276628494,0.15326650440692902,-0.06471316516399384,0.23142004013061523,-0.3013416826725006,0.6302698850631714,-0.028254637494683266,0.0667944923043251,-0.07939590513706207,0.006068214774131775,-0.13519679009914398,-0.6819621920585632,-0.2884137034416199,0.018616264685988426,0.3482053875923157,0.13009831309318542,-0.05900134518742561,-0.7464538812637329,-0.13579446077346802,-0.033848099410533905,0.05130694434046745,0.2465132176876068,-0.8357475399971008,0.17196136713027954,0.013207484968006611,-0.05630006641149521,-0.6920033693313599,0.18103918433189392,0.138497993350029,0.0813065692782402,-0.05013261362910271,0.03025199845433235,-0.037168316543102264
CID000005731,1103,-0.09603311866521835,-0.01708052307367325,0.141340434551239,-0.03479410335421562,0.22136196494102478,0.29450058937072754,-0.0001203834981424734,-0.3576924800872803,-0.8692108988761902,-0.20461979508399963,-0.005616432521492243,-0.481351763010025,-0.2997925877571106,-0.2679508328437805,0.2589666247367859,0.1654631644487381,0.11713777482509613,0.052706144750118256,-0.13630688190460205,-0.15042316913604736,0.16028615832328796,-0.07623650133609772,-0.1364428699016571,0.08081748336553574,-0.39903345704078674,0.024813830852508545,0.044005416333675385,0.04506643861532211,-0.2101375311613083,0.22732305526733398,-0.0684150904417038,-0.2351389229297638,0.1069042906165123,0.14837485551834106,-0.2749468684196472,0.035401999950408936,-0.5042862892150879,-0.30465635657310486,-0.1667778193950653,-0.013105091638863087,0.25859683752059937,0.39959532022476196,-0.33692455291748047,-0.5401411056518555,0.491224467754364,0.10253997892141342,0.08439511060714722,0.1839335858821869,-0.09904197603464127,-0.14005091786384583,-0.7806312441825867,0.12605734169483185,-0.37470847368240356,-0.09564393013715744,0.23767980933189392,-0.2845461666584015,0.01938706636428833,0.11147656291723251,0.6495438814163208,0.3696818947792053,-0.8959406614303589,-0.16683606803417206,-0.054782766848802567,0.8150646090507507,0.13914653658866882,0.2595113217830658,0.18419674038887024,0.20254869759082794,0.03233886510133743,-0.20549455285072327,-0.09893748909235,-0.15441188216209412,-0.02302270196378231,0.1371953934431076,0.4504810869693756,0.1173398494720459,-0.15577295422554016,0.597404420375824,-0.05443223565816879,-0.2905667722225189,-0.1513737291097641,0.10756558179855347,-0.22113995254039764,-0.0746021494269371,0.022137826308608055,0.00355517421849072,-0.22494974732398987,-0.14350464940071106,0.7563309669494629,0.07477391511201859,-0.31127986311912537,-0.012018007226288319,-0.03842124342918396,0.06293687224388123,-0.6960064172744751,-0.1139199510216713,-0.38176995515823364,0.739927351474762,0.3843418061733246,-0.21438345313072205,0.821394145488739,0.1275513470172882,0.05805482715368271,-0.10306721925735474,-0.045575402677059174,0.1747453659772873,-0.2679445445537567,0.37243399024009705,-0.07013574987649918,-0.12719310820102692,-0.11382889747619629,0.08974071592092514,0.6868554949760437,0.11380089819431305,0.2509389817714691,0.048066966235637665,-0.08577492088079453,0.0827798992395401,0.6404210329055786,0.2713533043861389,0.23513057827949524,-0.74432772397995,0.09822742640972137,0.12438593804836273,-0.44623637199401855,-0.06504546105861664,0.0806463360786438,0.19016480445861816,0.10595643520355225,0.13447412848472595,0.07041864097118378,-0.022628793492913246,-0.6543104648590088,-0.2766568660736084,-0.15012800693511963,0.2149282991886139,-0.1524595320224762,-0.24613921344280243,-0.07270322740077972,0.05926753208041191,0.1825581192970276,-0.23509196937084198,-0.15249185264110565,0.10044822841882706,0.19368378818035126,-0.05131020024418831,0.18386612832546234,0.0013594269985333085,0.10286599397659302,-0.051520705223083496,-0.05336092785000801,-0.23756170272827148,0.31316423416137695,0.016959572210907936,-0.01219482533633709,-0.039603203535079956,0.10861770063638687,-0.21767327189445496,-0.11763708293437958,0.32487159967422485,0.1536521017551422,-0.09067841619253159,-0.9930734634399414,-0.1543022096157074,0.18253660202026367,0.17045211791992188,-0.24764475226402283,0.44034332036972046,0.4052487313747406,-0.236345574259758,-0.32260268926620483,0.11132308095693588,0.34261712431907654,-0.17039386928081512,0.22665782272815704,-0.028940027579665184,0.02939148247241974,0.2479006052017212,-0.3989746570587158,-0.051500506699085236,0.3050721287727356,0.1260450780391693,0.20015224814414978,-0.29716819524765015,-0.08964028209447861,-0.4189579486846924,-0.20295898616313934,-0.49722233414649963,0.43097805976867676,-0.043336786329746246,-0.21511311829090118,0.12578889727592468,0.14208796620368958,-0.3971540033817291,-0.4541870951652527,0.5926933288574219,-0.06606490164995193,-0.44784826040267944,-0.7438126802444458,0.01606939360499382,-0.004460710100829601,-0.12220941483974457,-0.27800601720809937,-0.021937403827905655,0.024620139971375465,0.0037776953540742397,0.251179039478302,0.07554792612791061,-0.6908279061317444,0.20131921768188477,0.06188694387674332,-0.17440439760684967,-0.14281396567821503,-0.15339095890522003,0.189813032746315,0.08144869655370712,0.5293325781822205,0.06514371931552887,-0.406409353017807,-0.057766206562519073,-0.03506014496088028,0.12265682220458984,-0.44267648458480835,0.08314986526966095,0.4401790499687195,0.38788357377052307,0.3900238275527954,0.0477566197514534,0.5034729242324829,0.024237994104623795,0.05523893982172012,-0.18202874064445496,0.15920695662498474,-0.028080616146326065,-0.344461053609848,-0.2521822452545166,-0.10612714290618896,0.24919727444648743,0.17772336304187775,0.0011348264524713159,-0.014642554335296154,-0.08603955060243607,0.09226246178150177,0.25537028908729553,0.03323427587747574,-1.334209680557251,0.07253935188055038,-0.22210009396076202,0.025992780923843384,-0.9639081954956055,0.08608540147542953,0.4958477020263672,0.23620693385601044,0.37630289793014526,0.05699632316827774,0.046449460089206696
CID000012536,1111,0.12189056724309921,0.12539133429527283,0.06390479952096939,-0.2354617416858673,0.31200021505355835,0.5768808126449585,0.30901941657066345,-0.36693498492240906,-0.39484643936157227,-0.01727973483502865,0.06536969542503357,-0.242139533162117,0.42216071486473083,-0.17321833968162537,0.21669432520866394,-0.03927406668663025,0.2345786988735199,-0.22144177556037903,-0.03505571559071541,0.17507486045360565,-0.2570165991783142,0.10396446287631989,-0.0588693805038929,0.21481414139270782,0.1743873655796051,0.3176709711551666,0.05935169383883476,-0.16232627630233765,-0.08384369313716888,0.4840241074562073,0.06428901851177216,0.04423203319311142,-0.13240967690944672,-0.1263650357723236,-0.3782934844493866,-0.14560717344284058,-0.2110685110092163,-0.40759676694869995,0.004937523510307074,0.19885611534118652,-0.02747766673564911,-0.13103695213794708,-0.16793346405029297,0.08039624989032745,0.2023388147354126,0.2628866732120514,0.1121307834982872,-0.265173077583313,-0.11773855984210968,0.11975997686386108,-0.458486944437027,-0.031566210091114044,-0.1996389925479889,-0.2962646484375,0.5078524351119995,0.11359542608261108,0.05907340720295906,-0.20170962810516357,0.40939298272132874,-0.2316809594631195,-1.047224998474121,0.040534522384405136,0.016655266284942627,0.7622908353805542,0.025203457102179527,-0.3628636598587036,-0.4076717793941498,0.3577832281589508,0.27143174409866333,-0.06684397161006927,-1.1312639713287354,0.012092864140868187,-0.02113855443894863,0.26834636926651,0.530012309551239,-0.14518436789512634,0.09075454622507095,0.1518690288066864,-0.21915236115455627,0.17403553426265717,-0.20311923325061798,0.11313992738723755,0.29394787549972534,-0.055100686848163605,0.04882564768195152,-0.11309945583343506,-0.21682104468345642,0.06434488296508789,0.8353610038757324,-0.28283876180648804,0.24563178420066833,-0.31815305352211,0.12766548991203308,-0.035766638815402985,-0.5084563493728638,0.011251354590058327,-0.2254294604063034,0.21842245757579803,-0.03383563831448555,-0.25752758979797363,0.6655589938163757,0.15187951922416687,0.31230825185775757,0.28175094723701477,-0.15840356051921844,-0.057635486125946045,-0.08529041707515717,0.2753939926624298,0.10983630269765854,0.5781425833702087,-0.11137878894805908,0.05397609621286392,0.2732318639755249,-0.1861911416053772,0.2618296444416046,0.27034395933151245,0.04456450790166855,-0.34547165036201477,0.041163794696331024,-0.19642317295074463,0.24540452659130096,-0.8621026277542114,0.02025611326098442,0.025372600182890892,-0.5738139152526855,0.22795967757701874,-0.13777434825897217,0.4376571774482727,0.0645042210817337,0.19374556839466095,-0.08672580868005753,0.06210491806268692,-0.8013941645622253,-0.3585464358329773,0.27974119782447815,0.31548887491226196,0.5108351707458496,-0.4894411563873291,-0.09719535708427429,0.07153342664241791,-0.059652019292116165,0.6363998055458069,-0.0019093155860900879,0.009226709604263306,0.09038379788398743,0.03366219624876976,0.1134331002831459,0.4376646876335144,-0.16801194846630096,0.03952127695083618,-0.12406919151544571,-0.23346248269081116,-0.2214091569185257,-0.1960827112197876,0.3019475042819977,0.06320041418075562,-0.009055240079760551,-0.44910845160484314,0.03130272775888443,0.01621243916451931,0.3776654303073883,-0.012163609266281128,-1.1882810592651367,-0.05932583287358284,0.6109084486961365,0.17626865208148956,-0.002300173044204712,0.24441102147102356,0.12115998566150665,0.25493210554122925,-0.21419647336006165,-0.33562126755714417,0.6166765093803406,-0.289090096950531,0.1792784035205841,-0.36789190769195557,-0.03244858980178833,-0.019441882148385048,-0.405006468296051,-0.07227455079555511,0.03934208303689957,0.341982901096344,0.3804273307323456,-0.06363684684038162,0.0227785874158144,0.09646844863891602,-0.39593344926834106,0.2772977352142334,0.6682116389274597,0.14734813570976257,0.05225377529859543,-0.16343937814235687,-0.003975665662437677,0.12547723948955536,-0.01346876285970211,0.3364134728908539,0.023841243237257004,-0.07108904421329498,-0.08509238809347153,0.059328485280275345,-0.011954781599342823,-0.254652738571167,-0.2502428889274597,0.15877005457878113,-0.09709088504314423,0.4653133749961853,0.3419550359249115,-0.5020026564598083,-0.17138122022151947,0.20703403651714325,0.49981269240379333,0.1468040943145752,0.09816037863492966,-0.11602054536342621,0.20737981796264648,-0.30170226097106934,0.49622970819473267,-0.2996026575565338,0.17365571856498718,0.0374450646340847,-0.0549195297062397,-0.17276419699192047,-0.8851026296615601,-0.03203694522380829,0.34783437848091125,-0.008143679238855839,0.05916954204440117,-0.6366896033287048,0.654720664024353,-0.208757683634758,0.18898196518421173,-0.15023553371429443,0.23315516114234924,0.05231297016143799,-0.4878818094730377,-0.3337194323539734,-0.2070307731628418,0.0411042682826519,-0.02847294881939888,0.06796105206012726,-0.17491674423217773,0.3492771089076996,-0.20949232578277588,0.1488269865512848,0.04169053956866264,-0.5600275993347168,0.1811874806880951,0.2165556699037552,-0.07293223589658737,-0.7499021291732788,0.039636529982089996,0.25739315152168274,0.22743777930736542,0.07276971638202667,-0.20531050860881805,0.021063674241304398
CID000071273,1127,-0.04929281026124954,0.07279554009437561,-0.014177745208144188,-0.028446370735764503,0.5443488359451294,0.3178405165672302,-0.28583911061286926,0.23517176508903503,-0.36766287684440613,-0.07432564347982407,-0.027676424011588097,-0.16950055956840515,0.06710032373666763,-0.2163635790348053,-0.0747176855802536,0.05803738906979561,0.06829874962568283,0.04252719506621361,-0.2561807632446289,0.14669014513492584,0.12953762710094452,-0.228672593832016,0.1000525951385498,-0.005572027061134577,0.05576624721288681,-0.16952185332775116,0.3263680636882782,-0.06845130026340485,-0.06292009353637695,0.48832306265830994,-0.10597819089889526,-0.10631592571735382,-0.07233119010925293,0.09231028705835342,-0.3058042526245117,0.13306283950805664,-0.2813604474067688,-0.33041834831237793,-0.4962891936302185,0.46864748001098633,0.29350197315216064,0.11156885325908661,-0.27392327785491943,-0.37491467595100403,0.5567348003387451,0.20556211471557617,0.4997004568576813,0.17352817952632904,0.22754907608032227,-0.16542862355709076,-0.4423679709434509,0.29533419013023376,-0.04565443471074104,-0.24197909235954285,0.10123995691537857,0.0053903935477137566,-0.023331021890044212,0.1382303535938263,0.09159856289625168,-0.16622276604175568,-0.8211930394172668,-0.18230104446411133,-0.22769828140735626,0.307355135679245,0.0645139217376709,0.28977614641189575,-0.23045940697193146,-0.004281079862266779,0.040841348469257355,-0.06742827594280243,-0.3598470091819763,0.05363047868013382,0.011739218607544899,-0.1502891480922699,0.11475557088851929,0.03398153930902481,-0.17148622870445251,0.08905954658985138,0.21676838397979736,-0.07476647198200226,-0.08110110461711884,-0.1855851411819458,-0.24349193274974823,-0.24511262774467468,-0.09624792635440826,0.05701345205307007,-0.12620872259140015,0.13455867767333984,0.2931863069534302,-0.22382986545562744,-0.05863899737596512,-0.15978999435901642,0.19867241382598877,0.025376226752996445,-0.5054739713668823,0.13582119345664978,-0.2827736735343933,0.2939046323299408,0.32292601466178894,-0.2270677387714386,0.3765352666378021,-0.16996319591999054,0.045736733824014664,0.2533645033836365,-0.27008146047592163,-0.023121438920497894,-0.35682979226112366,0.26484790444374084,-0.4123685956001282,0.07993562519550323,-0.12108413875102997,-0.05077700689435005,0.5275648832321167,-0.011440835893154144,0.044262222945690155,0.1741032898426056,0.09748034179210663,-0.16843807697296143,0.09949606657028198,-0.08218786865472794,-0.07211969792842865,-0.622076690196991,0.16239109635353088,-0.7339682579040527,-0.21737894415855408,-0.058483075350522995,0.15204481780529022,0.4492802023887634,0.20565764605998993,0.1300574243068695,-0.061617009341716766,-0.05320974066853523,-0.5477444529533386,-0.30258244276046753,-0.34339794516563416,-0.21307754516601562,0.20168912410736084,-0.6895466446876526,-0.09495209157466888,0.12099375575780869,0.016800040379166603,0.08690659701824188,0.010902972891926765,0.14877483248710632,-0.011522706598043442,0.0552397295832634,0.34963056445121765,0.09210829436779022,0.12622295320034027,-0.34257450699806213,0.22061869502067566,-0.00019510983838699758,-0.008363476023077965,0.06412851810455322,0.17676469683647156,0.018770720809698105,-0.04757099598646164,-0.5129871368408203,0.09681007266044617,0.035186219960451126,0.13720329105854034,-0.02211647853255272,-0.787469208240509,-0.04200030490756035,0.37551307678222656,0.26810234785079956,-0.6653247475624084,-0.29907533526420593,0.49897074699401855,-0.11033012717962265,-0.2780049443244934,0.16741254925727844,0.24517956376075745,-0.09977565705776215,0.4434450566768646,0.24234798550605774,0.23530013859272003,0.07504434883594513,-0.38580435514450073,-0.2850009799003601,0.08605959266424179,0.3430519104003906,0.031215041875839233,-0.0903729647397995,-0.03901142254471779,0.1470256894826889,-0.6578904390335083,0.18693776428699493,0.33897864818573,-0.17067866027355194,0.0059967427514493465,-0.3712616562843323,0.11710649728775024,-0.3235427737236023,-0.165242999792099,0.33618831634521484,-0.046811796724796295,-0.15304674208164215,-0.11575357615947723,-0.06571196764707565,-0.16283674538135529,0.04939625784754753,-0.42365169525146484,0.1469801366329193,0.09175091981887817,0.14683924615383148,-0.120078444480896,-0.23525190353393555,-0.3253113627433777,-0.21025720238685608,-0.01465526781976223,0.10047455132007599,0.04664125293493271,-0.08939557522535324,0.2675248384475708,-0.13120320439338684,0.4997648298740387,-0.19910864531993866,-0.027884315699338913,-0.142904594540596,-0.12008807808160782,0.11943630129098892,-0.3755110204219818,-0.0554228238761425,0.28762489557266235,0.10526595264673233,0.4424166679382324,-0.22073249518871307,0.5112764835357666,-0.19482795894145966,0.03729072958230972,-0.14827312529087067,0.06928650289773941,0.08543197065591812,-0.34360209107398987,-0.23037712275981903,-0.36722004413604736,0.07660146057605743,0.19744659960269928,-0.0272373016923666,-0.004079100675880909,-0.08433997631072998,0.16432401537895203,0.21209339797496796,-0.096807099878788,-0.6261605620384216,0.024995986372232437,0.095866858959198,0.34070053696632385,-0.6494782567024231,0.13350550830364227,-0.13249990344047546,0.1050899475812912,0.04380456358194351,-0.11978484690189362,-0.17126567661762238
CID000002578,1134,-0.09877985715866089,0.0761931911110878,-0.26861828565597534,-0.03590080142021179,0.7249101400375366,0.19422145187854767,-0.2858668863773346,0.024268999695777893,0.05501433461904526,0.07833300530910492,0.1250135898590088,-0.5161630511283875,-0.11260787397623062,0.065562903881073,-0.06563739478588104,-0.3354463577270508,0.027116265147924423,0.06753307580947876,0.06102611869573593,0.009031133726239204,-0.19795098900794983,0.08829295635223389,0.061117835342884064,0.050677914172410965,-0.09819598495960236,-0.12414638698101044,-0.3406151533126831,-0.032608695328235626,0.27584370970726013,0.32593968510627747,0.0012873761588707566,-0.3730812668800354,-0.09505584836006165,-0.023311248049139977,-0.7838160395622253,0.06872967630624771,-0.1959121972322464,-0.10877581685781479,-0.3345309793949127,-0.09604281187057495,0.044707171618938446,-0.3352168798446655,-0.09900212287902832,-0.35414084792137146,0.22102172672748566,0.13116763532161713,-0.20533204078674316,0.2734763026237488,-0.1430758237838745,-0.07793337106704712,-0.27488794922828674,-0.08501507341861725,-0.018267782405018806,-0.06615135073661804,0.20576921105384827,-0.00010533034947002307,0.09286034852266312,-0.09856484830379486,0.6532455682754517,0.2125444859266281,-0.887098491191864,0.31658798456192017,-0.06533671915531158,-0.006969249341636896,0.23025067150592804,0.2426629364490509,-0.10754132270812988,0.23357637226581573,-0.02511552907526493,-0.04233570024371147,-0.44166627526283264,0.0004900574567727745,0.015489337034523487,0.1112876906991005,0.47869086265563965,0.16673119366168976,-0.09717649221420288,0.05125511810183525,-0.03130422532558441,-0.3371965289115906,-0.21436288952827454,-0.14314962923526764,0.022164415568113327,-0.02911955676972866,-0.001552796340547502,-0.009463941678404808,-0.06319920718669891,0.020365769043564796,0.591722846031189,-0.04022786021232605,-0.11672041565179825,0.18018889427185059,0.11993181705474854,0.15701048076152802,-0.7661940455436707,-0.011203652247786522,-0.21026769280433655,0.21621651947498322,0.03330860286951065,-0.017187703400850296,0.5077934265136719,0.11351094394922256,-0.32721564173698425,-0.007887957617640495,0.048186469823122025,0.04413187503814697,-0.6300918459892273,0.12869767844676971,0.04892235994338989,0.16659489274024963,0.012784612365067005,-0.057109035551548004,0.08248018473386765,-0.003153842641040683,-0.013690626248717308,-0.14217396080493927,0.07476822286844254,-0.5699363946914673,0.0775764137506485,0.019218754023313522,-0.16590465605258942,-1.0137670040130615,0.2779073119163513,-0.17033123970031738,-0.42202430963516235,0.0037489302922040224,-0.01630386710166931,0.33347275853157043,-0.10823464393615723,0.19121868908405304,-0.40943342447280884,0.004241752438247204,-0.48393040895462036,-0.25944551825523376,-0.37638306617736816,-0.0753568708896637,0.8072840571403503,-0.12206991016864777,-0.1323123723268509,0.029643993824720383,-0.03764580190181732,0.4534241557121277,-0.043715476989746094,-0.1951899379491806,-0.00407596817240119,-0.017129957675933838,0.03512835502624512,0.32600516080856323,0.06699936091899872,-0.0015954375267028809,-0.18531054258346558,-0.05543454363942146,0.16346606612205505,-0.06902796030044556,-0.2859548032283783,0.12288656085729599,-0.1881856620311737,-0.3019137978553772,0.01681307889521122,-0.05402722209692001,0.0031662345863878727,0.12269773334264755,-0.9635881185531616,-0.005310368724167347,0.5101040005683899,0.17222556471824646,-0.21840541064739227,0.20205159485340118,0.03620358556509018,0.026692818850278854,-0.08544622361660004,-0.032973844558000565,0.25936639308929443,-0.19638186693191528,-0.18494278192520142,0.07424414157867432,0.11158212274312973,-0.03761798143386841,-0.3222512900829315,-0.087233766913414,0.2698868215084076,0.37108662724494934,-0.00791270099580288,-0.13283023238182068,-0.3189069628715515,-0.29193487763404846,-0.1588960587978363,-0.15464046597480774,0.8290456533432007,0.06394366919994354,0.19372230768203735,-0.6535565257072449,-0.07006732374429703,-0.11731076240539551,-0.1853356659412384,0.6226162314414978,0.006056040525436401,-0.05161931365728378,-0.07318614423274994,-0.2177172154188156,-0.2979713976383209,-0.22112636268138885,-0.17941643297672272,0.08111868053674698,-0.043221257627010345,0.2373831570148468,0.14231105148792267,-0.07716555893421173,-0.26444441080093384,-0.14966386556625366,0.2712051272392273,0.042613282799720764,-0.04600077494978905,-0.12336933612823486,0.37172240018844604,-0.1546633094549179,0.6927220225334167,-0.06223829835653305,-0.07787550985813141,-0.2577489912509918,-0.06977551430463791,-0.058969102799892426,-0.6053268313407898,0.14489787817001343,0.4471741318702698,-0.302827388048172,0.26667895913124084,-0.5095906853675842,0.8757964968681335,0.04381535202264786,-0.17073900997638702,-0.06591271609067917,-0.12442190945148468,-0.0653444454073906,-0.5609537959098816,-0.23539933562278748,-0.04972976818680763,0.08681625127792358,-0.011571553535759449,-0.1042955070734024,-0.47127771377563477,-0.009313037618994713,0.27021241188049316,-0.1321830451488495,0.10421490669250488,-0.2036147117614746,0.14546480774879456,0.03976864367723465,-0.07917751371860504,-0.7517139315605164,0.15034106373786926,0.16935062408447266,0.39635616540908813,0.046509046107530594,-0.10331030935049057,0.12557509541511536
CID000005206,1145,-0.05717150494456291,-0.0879070833325386,-0.1760796308517456,-0.23134413361549377,0.5458368062973022,0.32364004850387573,-0.23776380717754364,-0.21051077544689178,-0.15025568008422852,-0.054771266877651215,0.2851153314113617,-0.5137549638748169,-0.25773951411247253,-0.18684472143650055,-0.3714345693588257,-0.27100512385368347,-0.224455326795578,-0.2755962312221527,-0.06637316942214966,0.07412274181842804,-0.31686243414878845,-0.2657508850097656,0.05163205787539482,-0.016501786187291145,-0.16632354259490967,-0.2239319086074829,0.35951393842697144,0.1104276031255722,0.12774600088596344,0.25214794278144836,0.00038407446118071675,-0.20011964440345764,0.04288822412490845,-0.14914272725582123,-0.9043294787406921,0.16231341660022736,-0.49666157364845276,-0.10646774619817734,-0.24659809470176697,0.13204406201839447,-0.05848512798547745,-0.04149404168128967,0.08907096832990646,-0.11420011520385742,0.1927090287208557,0.1779276728630066,-0.05739971250295639,0.10719834268093109,0.24312222003936768,-0.03228307515382767,-0.5392959713935852,-0.33238810300827026,-0.057880472391843796,-0.1432204395532608,0.06789977848529816,0.17931362986564636,-0.18357975780963898,0.2177157700061798,0.39680665731430054,0.24581964313983917,-0.9168828725814819,0.09237782657146454,-0.019181186333298683,0.30292391777038574,-0.10969530045986176,0.16473139822483063,-0.35900992155075073,0.3271961510181427,-0.21721932291984558,0.02860966883599758,-0.20814891159534454,0.04524805396795273,0.024783138185739517,-0.24172981083393097,0.41619738936424255,0.062225550413131714,0.07195618003606796,0.026869744062423706,0.03365694731473923,-0.26819461584091187,-0.1272110939025879,-0.01712503843009472,0.025395387783646584,0.27372488379478455,-0.02606261894106865,0.20171232521533966,-0.11454220861196518,0.03059534728527069,0.5180253386497498,0.13038881123065948,-0.33049091696739197,-0.09336693584918976,0.22504138946533203,0.06663799285888672,-0.5860143899917603,-0.0645776018500328,-0.24870386719703674,0.36863788962364197,-0.14067772030830383,-0.02670854702591896,0.6571860909461975,0.16631101071834564,-0.1614476889371872,0.2674431800842285,0.05493607372045517,0.015468209981918335,-0.683063805103302,0.1871049851179123,0.07480676472187042,0.1756691187620163,-0.36771726608276367,0.04554002359509468,0.1298845261335373,0.2630285620689392,0.2826504111289978,0.12944704294204712,-0.05406825616955757,-0.3314270079135895,0.0422905869781971,0.0748499408364296,0.10418704897165298,-1.006022572517395,0.5183685421943665,-0.05856496840715408,-0.25386136770248413,-0.37151283025741577,0.010848967358469963,0.18661288917064667,0.12625592947006226,0.09037437289953232,-0.37476813793182373,0.16450908780097961,-0.5012986660003662,-0.48474493622779846,-0.28120529651641846,0.08903960883617401,0.6218572854995728,-0.25191426277160645,-0.09883531183004379,-0.0002973497030325234,0.37658220529556274,0.04258885979652405,0.3378663659095764,-0.26098331809043884,-0.21528252959251404,-0.34331128001213074,0.17485803365707397,0.248860165476799,-0.07573191821575165,-0.4304385781288147,-0.2106492519378662,-0.03608580678701401,0.1266080141067505,-0.024199018254876137,0.43519362807273865,-0.16168935596942902,0.09342218935489655,-0.4039425253868103,-0.05238731950521469,0.27523037791252136,0.06315424293279648,0.18214388191699982,-0.9025912284851074,-0.014370448887348175,0.4195125997066498,0.12066106498241425,-0.39807575941085815,-0.16124089062213898,-0.04914277046918869,0.08695642650127411,-0.07764152437448502,0.1315089911222458,0.31223979592323303,-0.06353668868541718,-0.1632889211177826,0.1087261438369751,0.4629354476928711,-0.023121163249015808,-0.37221550941467285,0.001675507752224803,0.3346765637397766,0.11639207601547241,-0.12027426809072495,0.15644779801368713,-0.07786444574594498,-0.17148245871067047,-0.06956256926059723,-0.23424236476421356,0.9361774325370789,0.040317948907613754,-0.21233896911144257,-0.5644671320915222,-0.2389516532421112,-0.13912904262542725,-0.37403762340545654,0.5209521651268005,-0.33208978176116943,-0.08118633925914764,-0.5713902711868286,-0.23058047890663147,-0.07251116633415222,-0.01858820952475071,-0.20942668616771698,0.13602076470851898,-0.1401090919971466,0.2777348458766937,0.1111791580915451,-0.042857520282268524,0.01349543035030365,0.15475855767726898,0.18717506527900696,-0.008308636955916882,0.04260822385549545,-0.13197694718837738,0.25930970907211304,-0.06463600695133209,0.6383164525032043,0.101728655397892,-0.27602827548980713,-0.07828227430582047,-0.23786163330078125,-0.10325662791728973,-0.8445843458175659,0.012022992596030235,0.5069632530212402,-0.013946950435638428,-0.22994160652160645,-0.20784063637256622,0.6518068313598633,0.29235440492630005,0.06340551376342773,0.022123977541923523,0.2127099484205246,-0.17422838509082794,-0.4860185980796814,-0.3404885232448578,-0.11061903089284897,0.4665148854255676,-0.18629756569862366,-0.13044308125972748,-0.21069641411304474,-0.02045578695833683,-0.18442562222480774,0.12840485572814941,0.1643608659505844,-0.6381515264511108,0.3877233862876892,0.033472828567028046,-0.0976542979478836,-0.999151885509491,0.27180448174476624,0.3352726101875305,0.4128131866455078,0.4761451780796051,-0.042918767780065536,0.24185264110565186
CID000131536,1150,0.042708102613687515,-0.2354031354188919,0.2250479906797409,0.026228273287415504,0.3643327057361603,0.3336459696292877,0.06484417617321014,0.03720033913850784,-0.5066680312156677,-0.09227895736694336,0.30838263034820557,-0.3518158793449402,0.22163495421409607,-0.19828934967517853,0.06974330544471741,-0.07672148197889328,0.00463287765160203,0.3639858663082123,0.3681618869304657,-0.0238838791847229,-0.3343244194984436,-0.059500567615032196,0.06880929321050644,-0.01040690578520298,-0.19778361916542053,-0.013932374306023121,0.3408079445362091,-0.11375715583562851,-0.09287367761135101,0.18112614750862122,-0.29349416494369507,0.15688472986221313,0.21467621624469757,-0.018609268590807915,-0.9380409121513367,-0.018572445958852768,-0.3547002673149109,-0.20593932271003723,-0.3110369145870209,-0.07267062366008759,0.12045703083276749,-0.06281628459692001,-0.13905413448810577,-0.31925562024116516,0.5308858752250671,0.07068515568971634,0.04032271355390549,0.04576774314045906,-0.03426053375005722,-0.24058523774147034,-0.7041061520576477,0.14227832853794098,-0.0943981260061264,-0.1750718206167221,0.1795344054698944,0.03544428199529648,0.06865311414003372,-0.039802052080631256,0.3532036542892456,0.0004148334264755249,-1.0575952529907227,0.27765196561813354,-0.1919637769460678,0.5369266271591187,0.045878756791353226,0.1196829229593277,-0.004745659418404102,0.5104418992996216,-0.06635729223489761,0.05805410072207451,0.11919055134057999,0.17253290116786957,-0.09534348547458649,0.34371665120124817,0.6091365814208984,0.20341408252716064,0.03581387922167778,0.29017311334609985,-0.004703900311142206,-0.19173294305801392,-0.07370511442422867,0.013043838553130627,-0.19521057605743408,-0.11374562978744507,-0.003617018461227417,0.09696856886148453,-0.23378297686576843,0.045302510261535645,0.31490737199783325,-0.08383450657129288,0.13240967690944672,-0.1914474219083786,0.004719792399555445,0.019663788378238678,-0.8178166151046753,-0.19223956763744354,-0.13913759589195251,0.16885383427143097,0.012948590330779552,-0.2632264494895935,0.249942809343338,0.01699790172278881,-0.02734268270432949,0.03776291757822037,-0.16812056303024292,0.10158969461917877,-0.30101096630096436,0.3535246253013611,-0.2225312888622284,0.13558095693588257,-0.2989808917045593,0.5156546235084534,0.14190234243869781,0.022002970799803734,0.19423797726631165,0.2183457612991333,0.17423567175865173,-0.7767704129219055,0.3472793400287628,0.286293089389801,0.06996554881334305,-0.7464114427566528,-0.15520355105400085,-0.4058450162410736,-0.3322238326072693,0.23645369708538055,0.01636655069887638,0.23055467009544373,0.2515217959880829,-0.06647612899541855,0.14329683780670166,-0.11087141931056976,-0.5278425216674805,-0.3860194683074951,0.03484421968460083,-0.12395508587360382,-0.07309215515851974,-0.33785754442214966,0.1075957790017128,-0.046130064874887466,-0.05893127992749214,-0.07967809587717056,-0.17076461017131805,-0.007246474269777536,-0.07281418144702911,0.186861053109169,-0.14788439869880676,-0.16770298779010773,-0.22610065340995789,-0.19994229078292847,-0.08044597506523132,0.028122136369347572,0.391589492559433,0.13270381093025208,0.3417549729347229,0.0636674091219902,0.020115159451961517,-0.32987695932388306,-0.038809098303318024,0.04876793175935745,-0.09787482023239136,0.16897781193256378,-0.7655278444290161,-0.17902109026908875,0.35855841636657715,0.16402727365493774,-0.3848593235015869,-0.0767560824751854,0.11318095773458481,0.19032952189445496,-0.01118207536637783,-0.0058823032304644585,0.2430504560470581,-0.04385598376393318,0.03631647676229477,0.024524951353669167,-0.01629486121237278,0.19774267077445984,-0.3341718316078186,-0.13733956217765808,-0.0022743947338312864,0.24611572921276093,-0.08538269996643066,0.10825777053833008,-0.0033518285490572453,0.00024715662584640086,-0.28420549631118774,-0.012086431495845318,0.5712283253669739,0.03224312514066696,-0.01869272068142891,-0.05520156770944595,-0.07740398496389389,0.10378889739513397,-0.13963726162910461,0.23739337921142578,-0.1421518176794052,-0.0187563244253397,-0.7761251330375671,-0.12898798286914825,0.1033230572938919,-0.29528912901878357,-0.06399281322956085,0.13034656643867493,-0.12517203390598297,0.15429902076721191,-0.004652681760489941,-0.11744137853384018,-0.19887952506542206,-0.11514906585216522,0.1101168617606163,0.0820961743593216,-0.07358767837285995,-0.13507889211177826,0.12882304191589355,0.027250641956925392,0.6323100924491882,0.11299698054790497,-0.01818799413740635,-0.2394881248474121,-0.07340213656425476,-0.026811296120285988,-0.3642902374267578,-0.02147003635764122,0.14771200716495514,-0.029135143384337425,0.1551375687122345,-0.20018303394317627,0.7818366885185242,0.10445334017276764,-0.06812833994626999,-0.15968245267868042,0.14678353071212769,0.10532538592815399,-0.466914564371109,-0.2669639587402344,0.04362601786851883,0.07925327122211456,-0.09796257317066193,0.2784920334815979,-0.2877969443798065,-0.2639496922492981,0.127523735165596,0.2832270562648773,-0.15013448894023895,0.0838814452290535,-0.06490941345691681,-0.13280126452445984,0.14487800002098083,-1.0167768001556396,-0.0933985486626625,0.11168523132801056,0.3191646933555603,-0.23265615105628967,0.07701833546161652,0.004713478498160839
CID000003964,1155,-0.07160095870494843,0.006921523716300726,0.09268488734960556,-0.23012134432792664,0.3525198698043823,0.2594839334487915,-0.09777802973985672,-0.08360427618026733,-0.14836300909519196,-0.09601831436157227,-0.15191882848739624,-0.2679559588432312,0.025533463805913925,-0.3038594722747803,0.23958232998847961,0.10294678062200546,-0.13773497939109802,0.32554563879966736,0.17505690455436707,-0.13598008453845978,-0.057487569749355316,0.2551358640193939,0.16648739576339722,0.1161123514175415,-0.028943181037902832,0.06762365251779556,0.012960812076926231,-0.09280525892972946,-0.044147491455078125,0.2619244456291199,0.0651014894247055,-0.08970793336629868,-0.11719165742397308,0.025099944323301315,-0.5585746765136719,0.12225083261728287,-0.35386863350868225,-0.30558568239212036,-0.04045747220516205,-0.0808442085981369,-0.0004078984202351421,0.12308122962713242,-0.05911495164036751,-0.20148222148418427,0.08337225764989853,-0.14704620838165283,-0.08877144753932953,0.16219714283943176,-0.24688825011253357,-0.04234681278467178,-0.36471617221832275,0.04991770163178444,-0.056682098656892776,-0.07345598936080933,0.039742611348629,0.024452995508909225,-0.10864033550024033,0.02946452423930168,0.11571256816387177,0.05497530847787857,-0.9117705225944519,-0.020679984241724014,-0.3209354281425476,0.24977819621562958,0.041417140513658524,0.20053139328956604,-0.276096910238266,0.18153777718544006,-0.028292814269661903,0.17515073716640472,-0.015772920101881027,0.13670426607131958,0.00633891811594367,-0.1974169909954071,0.1993168741464615,-0.08414515107870102,-0.008188536390662193,-0.06008045747876167,0.011511904187500477,-0.011259143240749836,-0.1752135008573532,0.3988308906555176,-0.1126575842499733,-0.15638390183448792,-0.26122111082077026,-0.06151565909385681,-0.20203498005867004,-0.26275575160980225,0.34303635358810425,0.12817639112472534,0.06317247450351715,-0.06431382894515991,-0.22278276085853577,-0.10006412118673325,-0.4508798122406006,0.05128353834152222,-0.2604757249355316,0.4185609221458435,0.09661590307950974,-0.3584624230861664,0.35043129324913025,0.15409238636493683,-0.1428530514240265,0.006771212909370661,-0.14819735288619995,0.07244075834751129,-0.3631061613559723,0.28457823395729065,-0.3189160227775574,0.16040350496768951,-0.11953892558813095,-0.013873135671019554,0.2782185673713684,0.012586230412125587,-0.0546799898147583,0.06241212040185928,-0.1159389466047287,-0.14226652681827545,0.11051465570926666,0.2148672342300415,-0.12050312757492065,-0.5775023698806763,-0.24553564190864563,-0.294990211725235,-0.36294397711753845,0.09082834422588348,-0.07607544958591461,0.29582902789115906,0.1306189000606537,0.059954218566417694,0.11907593905925751,0.09828341752290726,-0.5506173968315125,-0.3176051378250122,0.04392737150192261,-0.11498670279979706,0.3019765019416809,-0.03419845551252365,-0.10730699449777603,0.11425717175006866,-0.05346893519163132,0.011777415871620178,-0.268768846988678,-0.053230829536914825,-0.05110304802656174,0.019427353516221046,-0.09287808835506439,-0.1680845022201538,-0.11874395608901978,0.25515562295913696,0.10740359872579575,-0.10141639411449432,0.02409958839416504,-0.0012079307343810797,-0.07254721224308014,0.11141617596149445,-0.1291539967060089,-0.31484076380729675,0.17417757213115692,0.04814060032367706,0.21935510635375977,-0.0334494411945343,-0.8767684102058411,-0.015271730720996857,0.08230845630168915,0.23789627850055695,-0.10381467640399933,-0.071952685713768,0.12435366213321686,-0.11065225303173065,-0.0397571437060833,-0.1376168131828308,0.3229180574417114,0.07181107997894287,-0.1330353021621704,0.09227733314037323,-0.00645111221820116,0.135644793510437,-0.43448734283447266,-0.11261649429798126,0.14498621225357056,0.38796404004096985,-0.021938806399703026,0.055586278438568115,0.06988553702831268,0.08087720721960068,-0.2887541651725769,-0.049849774688482285,0.5258408188819885,-0.024911854416131973,0.11938242614269257,-0.006941407918930054,-0.19616588950157166,-0.20848366618156433,-0.2881506681442261,0.353116899728775,0.10005996376276016,0.03874338045716286,-0.28004729747772217,-0.018276572227478027,-0.015912111848592758,-0.0426507443189621,-0.1876773089170456,0.18059393763542175,-0.1626192033290863,0.21360349655151367,0.10909450054168701,-0.17506614327430725,0.1116514801979065,0.335963636636734,0.20688295364379883,0.14357095956802368,0.022922465577721596,-0.008279857225716114,0.2087644785642624,0.26938360929489136,0.300543874502182,0.2075258493423462,-0.07673819363117218,-0.35461121797561646,0.027449822053313255,-0.10406219959259033,-0.35747554898262024,0.14387455582618713,0.2510189116001129,-0.08790018409490585,0.08944442868232727,-0.163883775472641,0.6425148248672485,-0.03959743306040764,-0.3036133646965027,-0.2527187764644623,-0.06744972616434097,-0.135309636592865,-0.4447805881500244,-0.22940342128276825,-0.34032613039016724,0.23525425791740417,0.025828683748841286,-0.17079582810401917,-0.08666741847991943,0.0658465102314949,0.14544904232025146,0.14585435390472412,0.15424184501171112,-0.18334104120731354,0.3254774510860443,-0.25735360383987427,-0.046941161155700684,-0.6221309900283813,-0.19747033715248108,-0.1399364322423935,0.33484968543052673,-0.07795768231153488,-0.13720545172691345,-0.07617796212434769
CID000041317,1158,-0.11571361124515533,-0.11868983507156372,-0.2012232095003128,-0.04900851100683212,0.5165565013885498,0.3767527937889099,-0.23422494530677795,-0.011316800490021706,-0.2648259997367859,-0.06241762638092041,0.17286860942840576,-0.2599277198314667,0.12157876789569855,-0.08261782675981522,0.20502826571464539,0.03882415220141411,-0.06795193254947662,0.12568876147270203,-0.1284358650445938,-0.10183773934841156,-0.02705373801290989,0.22719237208366394,0.16115882992744446,-0.043091751635074615,0.03309093788266182,-0.24008047580718994,-0.12046520411968231,0.03726661950349808,-0.06206219270825386,0.17390841245651245,0.04427659139037132,-0.5193792581558228,-0.07580087333917618,0.0035440518986433744,-0.5510198473930359,-0.004964829888194799,-0.21387597918510437,-0.2321721315383911,-0.11713876575231552,-0.11781102418899536,0.10967274010181427,0.12818601727485657,-0.2483612596988678,-0.20854556560516357,0.23016496002674103,0.026543980464339256,0.24409672617912292,0.09032698720693588,0.32263511419296265,-0.055279187858104706,-0.15105190873146057,0.12566518783569336,0.027509067207574844,-0.13404521346092224,0.16926375031471252,0.11855989694595337,-0.12812207639217377,-0.04322843626141548,0.2396838217973709,-0.04395083338022232,-0.9614946246147156,-0.07755129039287567,-0.2640533149242401,0.3299049735069275,0.21990200877189636,-0.025754565373063087,-0.1495341956615448,0.08310629427433014,0.023494500666856766,-0.1093238964676857,-0.17590005695819855,-0.02003476396203041,0.11933980882167816,-0.12851276993751526,0.11824780702590942,-0.15597711503505707,0.10397951304912567,-0.02564273215830326,0.14575044810771942,-0.08211885392665863,-0.27909213304519653,0.13611386716365814,-0.05807754397392273,-0.12073437124490738,-0.2370089292526245,-0.09852685779333115,-0.10985448211431503,-0.12482160329818726,0.29077592492103577,0.027563894167542458,-0.011328890919685364,0.08772681653499603,-0.03925112634897232,0.06904523819684982,-0.4671618938446045,0.059390611946582794,-0.04957825317978859,0.25521036982536316,0.08282171189785004,-0.1617521196603775,0.2747386395931244,0.1788361519575119,-0.2472645342350006,0.04424995929002762,-0.12155858427286148,-0.024253349751234055,-0.3957911431789398,0.32748135924339294,0.10688799619674683,0.078008271753788,-0.005161789245903492,0.0653134137392044,0.4042544364929199,-0.2457747757434845,0.04350966960191727,0.18887870013713837,-0.04421423003077507,-0.0600755512714386,0.12065533548593521,0.19854825735092163,-0.07657618075609207,-0.7562483549118042,0.11196889728307724,-0.25331321358680725,-0.5917609930038452,0.01251938659697771,-0.14990414679050446,0.40961432456970215,0.2418743371963501,-0.058761727064847946,-0.30809903144836426,-0.10555026680231094,-0.3627357482910156,-0.4028407037258148,-0.3125826120376587,-0.08736680448055267,0.1849362552165985,-0.0928964763879776,0.056753017008304596,0.1958124190568924,-0.1374855786561966,-0.007798054255545139,-0.3521614074707031,0.08680407702922821,-0.08314315229654312,-0.08940372616052628,0.0825115293264389,-0.09447449445724487,0.1549331247806549,0.15644384920597076,-0.11321486532688141,0.09332428872585297,-0.15281620621681213,0.20404958724975586,-0.17493844032287598,-0.09031197428703308,-0.12788912653923035,-0.21840468049049377,-0.00904492475092411,-0.04421178996562958,0.1609044224023819,0.045854512602090836,-0.9797490835189819,0.07981687039136887,0.2445944845676422,0.22435005009174347,-0.12521491944789886,0.09846242517232895,0.22107498347759247,-0.02065681479871273,-0.10926835238933563,-0.10415659844875336,0.2903565764427185,-0.04125493764877319,0.19258126616477966,-0.0014912367332726717,0.40368127822875977,0.056805722415447235,-0.4073636531829834,-0.12159043550491333,0.2531474232673645,0.24316124618053436,0.0011102408170700073,0.07484358549118042,-0.16894134879112244,-0.12115991115570068,-0.3497321903705597,0.13683728873729706,0.5261343717575073,-0.11877834796905518,0.183811753988266,-0.2647264897823334,-0.022922923788428307,0.06569834798574448,-0.17250677943229675,0.333305299282074,0.08292543143033981,-0.24503985047340393,-0.03612906113266945,0.024602126330137253,0.06649910658597946,0.03145214170217514,-0.3292296528816223,0.08841316401958466,-0.20233118534088135,0.16116970777511597,0.004637568257749081,0.04771196097135544,-0.08153925091028214,0.03935530409216881,0.15927107632160187,0.0671171173453331,0.08095525205135345,-0.04053640365600586,0.19683697819709778,0.05905093997716904,0.34079867601394653,0.011348867788910866,-0.01584114506840706,-0.21843531727790833,0.023513616994023323,-0.02298010140657425,-0.5846120119094849,0.12775292992591858,0.2884247601032257,-0.158124178647995,0.19065384566783905,-0.18641899526119232,0.7490422129631042,0.1603037565946579,-0.15418246388435364,-0.07941155880689621,-0.16883960366249084,-0.022203780710697174,-0.49604758620262146,-0.1891067922115326,-0.08467338979244232,0.21484379470348358,0.03590859845280647,-0.0033836960792541504,-0.20445799827575684,0.13398244976997375,0.03369150310754776,0.17451651394367218,0.03730541840195656,-0.41691237688064575,0.20230717957019806,-0.15951316058635712,-0.11119981855154037,-0.6106322407722473,-0.08717487752437592,0.028075193986296654,0.09809839725494385,-0.0043241665698587894,0.09430977702140808,-0.1150023341178894
CID000005297,1159,0.020313585177063942,0.10491777956485748,-0.042822711169719696,-0.07859669625759125,0.5735661387443542,0.4888690114021301,-0.1307310163974762,0.1710854470729828,-0.4527842104434967,-0.25685209035873413,0.09264452755451202,-0.3897504210472107,0.1566203385591507,-0.16867172718048096,-0.009328225627541542,0.040242888033390045,0.14476744830608368,0.3413660526275635,0.02807769738137722,0.21681813895702362,-0.005647351033985615,0.03707857057452202,0.17398734390735626,0.09847156703472137,0.37429389357566833,0.07003913819789886,-0.22928890585899353,0.2889281213283539,-0.16045646369457245,0.4614477753639221,-0.10289573669433594,-0.23311345279216766,-0.3740015923976898,-0.1740611493587494,-0.4076458811759949,0.18950903415679932,-0.28335756063461304,-0.3019818365573883,-0.1405514031648636,-0.0002601027372293174,-0.17975759506225586,-0.1900535374879837,-0.15162073075771332,-0.18405373394489288,0.5641746520996094,0.10283759981393814,-0.04096429795026779,-0.13305413722991943,0.018191533163189888,0.12399430572986603,-0.24774055182933807,0.0003074638661928475,-0.2020331174135208,-0.3709501624107361,0.002032798482105136,-0.07140783220529556,-0.16920587420463562,-0.15962781012058258,0.7418912649154663,-0.1421671211719513,-0.954090416431427,0.19291965663433075,-0.15598498284816742,0.35164257884025574,0.09963376820087433,-0.3254275918006897,-0.14523635804653168,-0.15990683436393738,-0.03321746736764908,-0.17951905727386475,-0.7821798324584961,-0.24576449394226074,-0.08051741123199463,-0.357666939496994,0.5146499872207642,0.10525399446487427,-0.06606513261795044,0.27174267172813416,0.22981920838356018,-0.39081859588623047,-0.09329552948474884,0.06400735676288605,-0.04592563956975937,-0.07674349099397659,-0.10228507220745087,0.07937778532505035,-0.08063431084156036,-0.1075553148984909,0.1837143898010254,-0.10532991588115692,-0.367153137922287,-0.20076099038124084,-0.012873604893684387,0.20193572342395782,-0.39024996757507324,-0.03518564999103546,-0.10503146797418594,0.3066564202308655,0.17168627679347992,-0.14995630085468292,0.18437640368938446,0.18929730355739594,-0.35850802063941956,0.5073490738868713,-0.1698724627494812,0.026126399636268616,-0.6635981202125549,0.471130907535553,-0.11939690262079239,0.19392327964305878,-0.4331739842891693,-0.1080363392829895,-0.017634427174925804,-0.252402663230896,0.2376205176115036,0.27080801129341125,-0.12031014263629913,-0.3605407476425171,0.3820512890815735,-0.10530094802379608,-0.08728773146867752,-0.6525240540504456,0.06974263489246368,-0.5981127619743347,-0.11021201312541962,0.2515782415866852,0.053904563188552856,0.31680044531822205,-0.02519168332219124,0.23922839760780334,-0.26858919858932495,0.11285503953695297,-0.4173365533351898,-0.5082995295524597,0.04910200461745262,-0.27935791015625,0.339487224817276,-0.48275071382522583,0.016639720648527145,-0.07484219968318939,0.05481209605932236,0.2497846633195877,-0.037615954875946045,-0.2229231595993042,0.39100319147109985,0.3949165940284729,0.09709535539150238,0.29569870233535767,0.010798212140798569,0.12676773965358734,-0.010863199830055237,-0.012430176138877869,-0.3722103536128998,-0.24816353619098663,-0.15657615661621094,-0.17403540015220642,0.2805047929286957,-0.4731767177581787,-0.09043128788471222,0.24675333499908447,0.39364132285118103,-0.15183025598526,-0.8271031379699707,-0.1004679948091507,0.3106335997581482,0.2799798548221588,-0.10642731189727783,0.11011534929275513,-0.15486791729927063,-0.11701242625713348,-0.328869491815567,-0.23082444071769714,0.3716892898082733,-0.16785486042499542,-0.15529784560203552,-0.18580058217048645,0.24951958656311035,-0.16689857840538025,-0.24185137450695038,0.006866502575576305,0.33015990257263184,0.2309274673461914,0.3071596026420593,-0.12273971736431122,0.06393744051456451,0.1598888635635376,-0.20271912217140198,0.31084227561950684,0.3534378409385681,0.13914839923381805,0.1948402374982834,-0.4216670095920563,0.1333683729171753,0.06107542663812637,-0.20612192153930664,0.774042010307312,0.00012102723121643066,-0.19557484984397888,-0.13916265964508057,0.23916244506835938,-0.034724753350019455,0.24045705795288086,-0.2455277442932129,0.09106650203466415,-0.019308919087052345,0.23841235041618347,-0.18320851027965546,0.08823394775390625,-0.3860592842102051,0.08348523080348969,-0.04853160306811333,0.028740953654050827,0.007814830169081688,-0.10747287422418594,0.43169522285461426,0.0742766484618187,1.0195338726043701,-0.13909299671649933,-0.263824999332428,-0.3065894544124603,0.03681614249944687,0.06098475307226181,-0.7844287157058716,0.036933038383722305,0.2755674719810486,-0.007810479495674372,-0.032395221292972565,-0.46370309591293335,1.0641827583312988,0.09901537746191025,-0.4112902283668518,0.027787629514932632,0.11142227798700333,0.2576344609260559,-0.5650257468223572,-0.39966684579849243,0.0633103996515274,0.19456513226032257,-0.2865562438964844,-0.19415885210037231,-0.6982985734939575,0.2655703127384186,-0.23525555431842804,0.2730863690376282,0.013010017573833466,-0.5640804767608643,0.1493767350912094,0.3230827748775482,0.07843092083930969,-0.6294952034950256,-0.0013675749069079757,0.05414416640996933,0.48230352997779846,-0.07220731675624847,-0.16238059103488922,0.011963856406509876
CID000004451,1161,-0.09851627796888351,-0.025662381201982498,-0.009753143414855003,-0.163406640291214,0.3114456534385681,0.23451821506023407,0.06501023471355438,0.02072061598300934,-0.38882771134376526,-0.2050253450870514,-0.023280009627342224,-0.4225718379020691,0.14734044671058655,-0.20423844456672668,0.16488178074359894,0.05919574573636055,-0.03324386849999428,0.34872323274612427,0.2349288910627365,0.17863261699676514,-0.012785935774445534,0.2382853478193283,0.08344385027885437,0.019565505906939507,0.037430066615343094,-0.049116987735033035,-0.057575248181819916,-0.049275897443294525,-0.04466681927442551,0.27604013681411743,-0.1778586208820343,-0.22872285544872284,-0.11032016575336456,-0.00750948628410697,-0.43864473700523376,-0.08618287742137909,-0.20436373353004456,-0.29240840673446655,-0.11468775570392609,-0.02540387213230133,0.09231885522603989,0.08334459364414215,-0.1510341465473175,-0.20780444145202637,0.20863428711891174,-0.02971791848540306,-0.052789442241191864,0.05943455547094345,-0.11497404426336288,-0.12955208122730255,-0.22533178329467773,0.058148093521595,-0.12616340816020966,-0.1206517219543457,-0.0007803551852703094,-0.005253621842712164,-0.04978121817111969,-0.09200451523065567,0.14074894785881042,-0.03494412824511528,-0.9827903509140015,0.0008044674759730697,-0.35499098896980286,0.3467915952205658,0.09676042944192886,0.09211426228284836,-0.019152075052261353,0.34733718633651733,0.08343328535556793,0.08100923895835876,-0.024011123925447464,0.19542601704597473,-0.03564230352640152,-0.023485809564590454,0.22366102039813995,-0.056051719933748245,-0.045497827231884,0.08618737757205963,0.11354043334722519,-0.020900201052427292,-0.18329104781150818,0.144851416349411,-0.2658754289150238,-0.1762273609638214,-0.17772254347801208,0.03603726625442505,-0.2075178623199463,-0.1718660593032837,0.22730855643749237,0.0029097876977175474,0.019023936241865158,-0.09401029348373413,-0.16209325194358826,-0.02868051826953888,-0.5027467608451843,-0.050356339663267136,-0.2497710883617401,0.3793236017227173,0.0890122801065445,-0.29891538619995117,0.1587541103363037,0.16552069783210754,-0.18910418450832367,0.14770552515983582,-0.22838401794433594,0.11899373680353165,-0.37683555483818054,0.2622014880180359,-0.15491633117198944,0.1602436602115631,-0.07076345384120941,0.007868892513215542,0.27460846304893494,-0.06811052560806274,-0.01299132127314806,0.16716568171977997,-0.09387349337339401,-0.28809383511543274,0.06441769003868103,0.1444077342748642,-0.11384047567844391,-0.5708338022232056,-0.1381426602602005,-0.31839266419410706,-0.3266982436180115,0.17422659695148468,-0.08270091563463211,0.2527918815612793,0.1860431283712387,0.00027730612782761455,0.09456197917461395,0.06824558973312378,-0.5749325156211853,-0.2873658835887909,0.11532382667064667,-0.13810952007770538,0.07719559967517853,-0.15861478447914124,-0.08040380477905273,0.1080157607793808,-0.1177220568060875,0.10054291784763336,-0.16873551905155182,-0.01607336662709713,0.03759506717324257,0.02046680636703968,-0.12885519862174988,0.12048853933811188,-0.05355023220181465,0.14762134850025177,0.015508596785366535,0.028212744742631912,-0.011948427185416222,0.12187302112579346,-0.13521996140480042,-0.04364178702235222,-0.2262493073940277,-0.2628740072250366,0.005145078990608454,0.140199214220047,0.24027302861213684,-0.032568614929914474,-0.8565776944160461,0.05990491062402725,0.10725796222686768,0.25318974256515503,-0.048590339720249176,-0.15684807300567627,0.1648707389831543,-0.05854662135243416,-0.053382545709609985,-0.04940711706876755,0.2561960816383362,-0.09133629500865936,-0.1933830976486206,-0.04530812054872513,0.03530066832900047,0.12432451546192169,-0.5171685814857483,-0.0439128503203392,0.24137449264526367,0.2992251515388489,-0.0005626470083370805,0.047911010682582855,0.031234225258231163,0.04664602130651474,-0.25306278467178345,-0.02718135342001915,0.33130887150764465,-0.056914664804935455,0.043241553008556366,0.1254366785287857,-0.1577696055173874,-0.10782893002033234,-0.16135244071483612,0.21684780716896057,0.10196419060230255,0.0007657123496755958,-0.25794631242752075,-0.015245500020682812,-0.14030411839485168,-0.0938432589173317,-0.010467499494552612,0.1646345853805542,-0.20406396687030792,0.17145909368991852,0.07582308351993561,-0.2215377390384674,-0.030001351609826088,0.21764405071735382,-0.05576479434967041,0.250783771276474,-0.044055674225091934,-0.05251682922244072,0.2405146062374115,0.09978000819683075,0.37523171305656433,0.2179889678955078,-0.08913237601518631,-0.2872092127799988,0.02428930625319481,-0.12484361231327057,-0.29430916905403137,0.054621774703264236,0.27549678087234497,-0.03868062421679497,0.061551131308078766,-0.21521711349487305,0.6638628840446472,-0.000640512618701905,-0.3110233545303345,-0.16806794703006744,-0.07067839801311493,-0.11713485419750214,-0.3696415424346924,-0.20972947776317596,-0.24117712676525116,0.09400136768817902,0.12239246070384979,-0.1609829217195511,-0.2604809105396271,-0.013012322597205639,0.06058548763394356,0.23227909207344055,-0.013602986931800842,-0.06064845994114876,0.1095026284456253,-0.1491357535123825,-0.059151340276002884,-0.6095191240310669,-0.10861778259277344,-0.06554155051708221,0.22172299027442932,-0.11145050823688507,0.03256945684552193,0.009221819229424
CID000060815,1167,0.06427799165248871,0.13646765053272247,0.2630634307861328,-0.20958921313285828,0.13694123923778534,0.3133467137813568,0.05667980760335922,0.1834869682788849,-0.09104926884174347,-0.22368478775024414,-0.014690279960632324,-0.18630251288414001,0.0669919028878212,-0.18672524392604828,0.24608489871025085,0.11566664278507233,0.01972840540111065,0.2828609347343445,-0.01152646541595459,0.06648178398609161,-0.0991702452301979,0.1339816153049469,0.043177228420972824,-0.026791468262672424,0.23232147097587585,-0.062066055834293365,-0.05932050943374634,-0.11916196346282959,-0.02122388407588005,0.32766619324684143,-0.008254391141235828,0.060535334050655365,-0.0962076410651207,0.005642476491630077,-0.5942965745925903,-0.06895370781421661,-0.1985224485397339,-0.3379320204257965,-0.19015876948833466,-0.1060246005654335,0.130341574549675,0.029199589043855667,-0.1256546527147293,-0.34001705050468445,0.17680181562900543,-0.03876904025673866,-0.22328457236289978,0.04180897772312164,-0.1484227180480957,-0.0845470279455185,-0.4456174969673157,0.09469617158174515,0.04702175408601761,0.002946558641269803,-0.03265228867530823,-0.023063277825713158,0.006168891675770283,-0.06623739749193192,0.5042721033096313,-0.09399224817752838,-0.8744632005691528,0.18689724802970886,-0.4478403925895691,0.15460245311260223,0.029663586989045143,0.28056779503822327,-0.07407470792531967,0.08845143020153046,0.07557229697704315,0.12135666608810425,-0.23313197493553162,0.06966520845890045,0.013112133368849754,-0.1248357743024826,0.28544047474861145,-0.003323203418403864,-0.16821804642677307,0.17212186753749847,-0.052442677319049835,-0.05087260529398918,-0.16621515154838562,0.11422737687826157,-0.1229701042175293,-0.01489550806581974,-0.2830086946487427,-0.1728672832250595,-0.30917802453041077,-0.19793298840522766,0.2940640151500702,-0.0731557160615921,-0.0737503319978714,-0.11041486263275146,-0.04798552021384239,-0.012672029435634613,-0.4549601674079895,-0.03094414994120598,-0.26227420568466187,0.4643171727657318,0.03837321326136589,-0.47077274322509766,0.25707316398620605,0.06610772758722305,-0.07504522800445557,-0.0947563648223877,-0.25948137044906616,0.1625123918056488,-0.5541774034500122,0.16031917929649353,-0.1649850308895111,0.21194350719451904,-0.038289446383714676,-0.019452441483736038,0.2857688069343567,-0.10798057168722153,-0.23242025077342987,-0.03681932017207146,0.0691976323723793,-0.031977590173482895,0.06235646456480026,0.07525067031383514,-0.019786758348345757,-0.4966437816619873,-0.22804424166679382,-0.43702974915504456,-0.37558478116989136,0.006715408060699701,-0.0024648518301546574,0.2444036304950714,-0.071831114590168,0.13213366270065308,0.31428393721580505,-0.07701020687818527,-0.6416739225387573,-0.33030909299850464,0.10499328374862671,-0.2739143967628479,0.35052499175071716,-0.2824728488922119,-0.10082610696554184,0.06561774015426636,0.07501105219125748,0.25810903310775757,-0.33501970767974854,-0.04861780256032944,0.0896579697728157,-0.0476938895881176,0.10693570226430893,-0.02472502365708351,-0.1111965999007225,0.11603957414627075,0.04508485272526741,0.1941639930009842,-0.21088270843029022,0.04918099194765091,-0.16535331308841705,0.09438684582710266,-0.19394169747829437,-0.4434145390987396,0.17651529610157013,-0.07585395872592926,0.2575567960739136,-0.042785294353961945,-0.8054335713386536,-0.06473162770271301,0.22998838126659393,0.27200430631637573,-0.2096584290266037,0.016621921211481094,0.12556102871894836,0.0691491961479187,0.08957557380199432,0.1000010147690773,0.3712175488471985,0.009784194640815258,-0.29781869053840637,0.05645264312624931,0.12058993428945541,0.0822429209947586,-0.4133305549621582,-0.08895914256572723,0.21557123959064484,0.6252326369285583,-0.007536089513450861,0.017203565686941147,0.0012593589490279555,-0.2517182528972626,-0.23487405478954315,0.011101409792900085,0.5180744528770447,0.022456329315900803,0.16037042438983917,-0.4328158497810364,-0.1505006104707718,-0.1635875403881073,-0.16799715161323547,0.4957391321659088,0.19606363773345947,0.013218616135418415,-0.07489639520645142,-0.010428148321807384,-0.0029566646553575993,-0.027267619967460632,-0.11215170472860336,0.26040416955947876,-0.10538874566555023,0.13005796074867249,0.1894039660692215,-0.20190706849098206,-0.1025911420583725,0.07697643339633942,0.1959846019744873,0.08326973021030426,0.0015027106273919344,0.12679103016853333,0.05474457889795303,0.11183004081249237,0.3323372006416321,0.11869625747203827,-0.15560999512672424,-0.2708173394203186,-0.05695398524403572,0.013498583808541298,-0.46267780661582947,0.09524387121200562,0.21528072655200958,-0.06726773083209991,0.04130008816719055,-0.38838258385658264,0.5774230360984802,0.034864142537117004,-0.09814243018627167,-0.25257641077041626,0.022384392097592354,-0.05141826719045639,-0.5928041338920593,-0.1928723156452179,-0.3129616975784302,0.08474250137805939,0.13296031951904297,-0.17301025986671448,-0.4520784020423889,0.21806879341602325,0.20358841121196747,-0.03879920020699501,-0.06741483509540558,-0.3941885232925415,0.2334737777709961,-0.1922425478696823,0.09813081473112106,-0.5513120293617249,-0.09880553185939789,0.01208951510488987,0.2500242590904236,0.1178780049085617,0.004418483469635248,-0.09737057983875275
CID000005746,1170,0.022275272756814957,-0.008610266260802746,0.07065004110336304,0.0030924722086638212,0.28081372380256653,0.26655566692352295,0.11308185756206512,-0.10067441314458847,-0.2301410436630249,-0.1401023119688034,0.2308071404695511,-0.5131388306617737,0.24283210933208466,-0.1320556402206421,-0.1824476271867752,-0.1374291479587555,0.07316969335079193,-0.016276514157652855,0.12834972143173218,0.029450738802552223,0.2804498076438904,-0.1041938066482544,-0.21844717860221863,-0.07363749295473099,0.0749603807926178,-0.1908622533082962,0.25317850708961487,-0.03576657176017761,0.011477088555693626,0.4021914005279541,-0.217410609126091,0.3361915946006775,0.21922340989112854,0.031241590157151222,-0.7365368604660034,0.12414371967315674,-0.2519786059856415,-0.35286688804626465,-0.19582223892211914,-0.09380557388067245,0.08651260286569595,0.17295995354652405,-0.3693428933620453,0.1763262003660202,0.4382745325565338,-0.043627507984638214,-0.10527046024799347,0.08968190848827362,0.06344710290431976,-0.17765820026397705,-0.5345224738121033,0.017044881358742714,-0.224530428647995,-0.31843096017837524,0.17668187618255615,-0.07660101354122162,0.07989819347858429,-0.08152199536561966,0.39969366788864136,0.13979637622833252,-0.8545713424682617,-0.0034360408317297697,-0.32243961095809937,0.06157033517956734,-0.08979926258325577,0.1339779645204544,-0.07140237092971802,0.4371432363986969,0.04144127666950226,0.03185878321528435,-0.17017242312431335,-0.09321391582489014,-0.046589236706495285,0.15850117802619934,0.307031512260437,0.12652039527893066,0.14609073102474213,0.3734276592731476,-0.1582430601119995,-0.1993219405412674,-0.12816199660301208,-0.1943686157464981,0.028336714953184128,0.017355183139443398,-0.08111381530761719,0.01858425699174404,-0.41317853331565857,0.028744662180542946,0.40151748061180115,-0.15296730399131775,0.001939880894497037,-0.09218557178974152,-0.01031880360096693,-0.09898114204406738,-0.5940006971359253,-0.006695580668747425,-0.23416753113269806,0.256206214427948,0.04527617618441582,-0.22059409320354462,0.3028605580329895,0.02042168378829956,-0.1974782943725586,0.31220144033432007,-0.2521398663520813,-0.09282424300909042,-0.4213695526123047,0.17439107596874237,-0.19334366917610168,0.09711619466543198,0.13851726055145264,0.14968746900558472,0.09177440404891968,0.16054964065551758,0.25642314553260803,0.1411978006362915,0.03742281720042229,-0.5573570132255554,0.2977606952190399,0.13161525130271912,0.053570110350847244,-0.8070650100708008,-0.25754764676094055,-0.17145149409770966,-0.3646179735660553,0.17306701838970184,0.08525954186916351,0.1897994577884674,0.12044107913970947,0.20739105343818665,0.12184029817581177,-4.73082072858233e-05,-0.5023735761642456,-0.3222614824771881,0.11557637155056,-0.06969664990901947,0.10989890992641449,-0.2903757691383362,0.04079090431332588,-0.2293740212917328,-0.18985339999198914,0.017144128680229187,0.038212794810533524,-0.09451327472925186,-0.22446846961975098,0.032089293003082275,-0.16857370734214783,-0.004594636149704456,0.32424458861351013,-0.03185393661260605,-0.0748802125453949,0.24632275104522705,-0.021791910752654076,0.35410913825035095,0.12932924926280975,0.03336212411522865,-0.08152134716510773,-0.4150935709476471,-0.0974489077925682,0.12495658546686172,-0.13489586114883423,-0.04839349538087845,-0.8804959058761597,-0.09894989430904388,0.5455397367477417,0.22101016342639923,-0.12522360682487488,0.12260619550943375,0.021410364657640457,-0.03944065049290657,-0.21429291367530823,-0.2483685463666916,0.3163253366947174,0.12665943801403046,-0.1491544097661972,0.09229061752557755,0.17625544965267181,-0.08114130049943924,-0.4395766258239746,0.027156706899404526,0.20765431225299835,0.25828152894973755,-0.018735608085989952,-0.09186099469661713,0.0484674870967865,-0.10745725780725479,-0.19803506135940552,-0.08268836885690689,0.7393622398376465,-0.09286525845527649,0.0644323080778122,-0.29175156354904175,0.04024156183004379,0.12855297327041626,-0.1019287258386612,0.3433430790901184,-0.0819166749715805,-0.03395714610815048,-0.29915565252304077,0.10621895641088486,-0.05025087669491768,-0.12477712333202362,-0.2726673483848572,0.06364810466766357,0.0005691357073374093,0.09705141931772232,0.013602180406451225,-0.1649063676595688,-0.38408511877059937,-0.22488513588905334,0.11530246585607529,-0.12590160965919495,0.04747917503118515,0.010291872546076775,0.11522309482097626,-0.05004448816180229,0.5849171280860901,-0.12943853437900543,0.05796826630830765,-0.06121782213449478,0.02042083814740181,-0.1398918181657791,-0.5624792575836182,-0.16261138021945953,0.24725237488746643,-0.015476202592253685,0.16905027627944946,-0.14833545684814453,0.9675362706184387,0.2477167546749115,-0.1451001763343811,-0.044862281531095505,0.08797476440668106,0.06388036906719208,-0.50379878282547,-0.1852872669696808,-0.19625702500343323,0.13042786717414856,0.2645430564880371,0.0833965539932251,-0.3509802520275116,-0.13771936297416687,0.12119422107934952,0.11539453268051147,0.01374766230583191,-0.08382727205753326,0.1129981279373169,0.1690230518579483,0.19524924457073212,-0.9989237785339355,-0.14514949917793274,0.370065301656723,0.25577110052108765,0.1076231449842453,-0.005068412981927395,-0.11115121841430664
CID000002733,1191,-0.08954272419214249,-0.15858754515647888,-0.13957875967025757,-0.16110427677631378,0.4400898814201355,0.2322823703289032,-0.08602746576070786,0.11986477673053741,-0.2522434890270233,-0.18660736083984375,0.10143158584833145,-0.41081899404525757,-0.08673861622810364,-0.12361544370651245,0.24002747237682343,-0.03574344515800476,0.006553974933922291,0.06916681677103043,-0.059514306485652924,-0.05028911679983139,0.08036276698112488,0.0749395489692688,0.0759832113981247,0.07573666423559189,0.004206127021461725,-0.035975806415081024,-0.11495184898376465,0.033505551517009735,-0.06693939864635468,0.28928279876708984,0.061018843203783035,-0.40652933716773987,-0.05157552286982536,0.0022791526280343533,-0.5153952836990356,0.010433890856802464,-0.18894699215888977,-0.2586250901222229,-0.06759729236364365,-0.0999125987291336,0.06524435430765152,-0.04218681529164314,-0.10317113250494003,-0.09996116906404495,0.16932670772075653,0.007927795872092247,0.05966205522418022,0.19335196912288666,-0.147722989320755,-0.10849283635616302,-0.024025311693549156,0.08181573450565338,0.07258998602628708,-0.1450524628162384,0.11593890190124512,-0.09291771054267883,-0.15863703191280365,-0.01794007234275341,0.20456428825855255,-0.04689987003803253,-0.9416020512580872,-0.10722112655639648,-0.24342532455921173,0.20729970932006836,0.13356921076774597,0.11111743748188019,-0.0965893343091011,0.08002106100320816,-0.059806354343891144,0.10893477499485016,-0.09757054597139359,0.16972069442272186,0.01656477525830269,-0.18948131799697876,0.06391079723834991,-0.08044274896383286,-0.1601959615945816,-0.04129151999950409,0.24496865272521973,-0.13940317928791046,-0.2041432410478592,-0.06116209551692009,-0.11523739993572235,-0.016662240028381348,-0.10275526344776154,-0.1928543746471405,-0.1936606764793396,-0.1397826075553894,0.26841220259666443,-0.15884606540203094,0.02919428050518036,-0.03022822178900242,0.021134495735168457,0.014554706402122974,-0.42767858505249023,-0.006032268516719341,-0.07327472418546677,0.23863057792186737,0.13853523135185242,-0.2355276346206665,0.15915776789188385,0.19838038086891174,-0.29673531651496887,0.0015500187873840332,-0.1641465723514557,0.07737177610397339,-0.5720069408416748,0.28409236669540405,0.07097120583057404,0.055497415363788605,0.18146643042564392,0.172380730509758,0.11931242793798447,0.0709221214056015,0.030846858397126198,0.19161102175712585,-0.08304154127836227,-0.10805945098400116,0.14414742588996887,0.11673057079315186,-0.2503739595413208,-0.5589011311531067,0.14198222756385803,-0.06159374862909317,-0.38562026619911194,0.1043476089835167,-0.06719021499156952,0.3790426254272461,0.0878191739320755,-0.09776024520397186,-0.26144787669181824,0.06857461482286453,-0.4527962803840637,-0.27402549982070923,-0.16318026185035706,-0.21863627433776855,0.08033372461795807,-0.08639255911111832,-0.03994198516011238,-0.04828285798430443,0.048692844808101654,0.09558044373989105,-0.3963152766227722,0.00031517594470642507,0.05397414416074753,-0.10205404460430145,0.140620619058609,-0.053416453301906586,0.14949434995651245,0.1435299813747406,-0.026061493903398514,-0.05059406906366348,-0.021654054522514343,0.08228657394647598,0.016125351190567017,-0.13439258933067322,-0.10566364228725433,-0.2716546058654785,0.09763642400503159,0.040523920208215714,0.055508922785520554,-0.0077797300182282925,-0.8893349766731262,0.06615513563156128,0.21826091408729553,0.2384493350982666,-0.1535106897354126,-0.0855783075094223,0.07374848425388336,0.03926367685198784,-0.11811619997024536,-0.2168741673231125,0.2544528841972351,-0.06985555589199066,0.01009863056242466,0.1355827897787094,-0.05711694806814194,0.1934180110692978,-0.5265200734138489,-0.19518831372261047,0.2216172218322754,0.21511025726795197,0.07739358395338058,-0.024272164329886436,-0.09887512773275375,0.006053687538951635,-0.11106499284505844,0.06601272523403168,0.44185957312583923,-0.18009589612483978,0.3112477660179138,-0.14691971242427826,-0.054020654410123825,-0.08458007872104645,-0.052177369594573975,0.3322347104549408,-0.02861068770289421,-0.02770613133907318,-0.11825364828109741,-0.22265759110450745,-0.05345426872372627,0.02527019940316677,-0.07029395550489426,0.1640288233757019,-0.12324277311563492,0.18469339609146118,0.002767008263617754,-0.057314373552799225,-0.026644181460142136,-0.0570797324180603,0.08325738459825516,0.005148106720298529,0.03649744763970375,0.10629359632730484,0.13050389289855957,0.1534196436405182,0.2867881655693054,-0.08218572288751602,-0.0578036829829216,-0.31825852394104004,-0.008193545043468475,-0.13792696595191956,-0.43825656175613403,0.07479631900787354,0.12320365011692047,-0.16432012617588043,0.17731642723083496,-0.21431401371955872,0.6983402967453003,0.06923127919435501,-0.21065834164619446,-0.07484371960163116,-0.19114063680171967,-0.0619097463786602,-0.6713265776634216,-0.20855803787708282,0.04729499667882919,0.1468816101551056,0.27854910492897034,-0.04581933468580246,-0.1675306260585785,-0.0639052540063858,0.03036569617688656,0.20758509635925293,0.05695692449808121,-0.1307862550020218,0.12347211688756943,-0.08560769259929657,0.025318991392850876,-0.5558003783226013,0.08190028369426727,0.07183974981307983,0.16109248995780945,-0.10931835323572159,0.0897836834192276,-0.0009498864528723061
CID000005210,1204,-0.1850542426109314,0.3437899947166443,0.14807669818401337,-0.22792300581932068,0.4010598659515381,0.4167201519012451,0.0913914293050766,-0.20322175323963165,-0.41102176904678345,0.02125648595392704,-0.18316379189491272,-0.28004738688468933,-0.010975787416100502,-0.29711592197418213,0.3117354214191437,0.3650028109550476,0.09739312529563904,-0.21653135120868683,-0.1383163183927536,-0.02278442680835724,0.3733314871788025,-0.29606977105140686,-0.15098223090171814,-0.15875747799873352,-0.3178699016571045,-0.0846143588423729,-0.1262422800064087,-0.1025894433259964,-0.1267830729484558,0.32011878490448,-0.3980810046195984,-0.07563560456037521,0.10424049198627472,-0.06054706498980522,-0.5120333433151245,0.06196143105626106,-0.5505610108375549,-0.41503533720970154,-0.017073627561330795,-0.055694423615932465,0.12302358448505402,0.09434355795383453,0.0072596995159983635,-0.07322587072849274,0.47633862495422363,0.3883538246154785,-0.2510284185409546,-0.3286758065223694,0.03481687232851982,-0.011595094576478004,-0.5552300810813904,0.05665668100118637,-0.10493169724941254,-0.35925063490867615,0.057571910321712494,0.012490266934037209,0.08861289173364639,-0.20866402983665466,0.3542814552783966,0.010433089919388294,-1.0268964767456055,0.031362712383270264,-0.018467644229531288,0.5189381837844849,-0.17275124788284302,0.21713265776634216,-0.08206208795309067,0.21210956573486328,0.07493708282709122,0.07752249389886856,-0.17407703399658203,0.17730581760406494,0.0908748134970665,-0.11001752316951752,0.09724362939596176,-0.26429179310798645,-0.29168182611465454,0.35903358459472656,-0.14649519324302673,-0.017575280740857124,-0.06066197156906128,0.15348178148269653,-0.004093781113624573,-0.08580894023180008,0.03371666744351387,0.14752738177776337,-0.18041178584098816,-0.0020155615638941526,0.7115317583084106,-0.1290418654680252,-0.24486783146858215,-0.04292989522218704,-0.22054629027843475,-0.07037997245788574,-0.7668381333351135,0.030960822477936745,-0.34757736325263977,0.7493370771408081,0.2546919882297516,-0.07732193917036057,0.7242153882980347,0.07533248513936996,0.19587461650371552,0.22321490943431854,-0.046140797436237335,0.09037982672452927,-0.09172552078962326,0.38704797625541687,-0.012564800679683685,0.04122954607009888,-0.19069482386112213,0.00619617709890008,0.7926611304283142,-0.09472018480300903,0.09783532470464706,-0.2679044008255005,-0.09482361376285553,-0.11945603042840958,0.42295002937316895,0.004092453978955746,0.18400442600250244,-0.7325820922851562,0.3109620213508606,-0.30305448174476624,-0.6487672328948975,0.04776320606470108,-0.13379685580730438,0.16563621163368225,0.17933979630470276,-0.058526210486888885,0.03238844871520996,-0.038855619728565216,-0.41312599182128906,-0.2852742075920105,-0.025389010086655617,0.2609668970108032,0.26223960518836975,-0.3534708023071289,-0.13017289340496063,-0.011757796630263329,-0.003802651073783636,0.2792159914970398,-0.25880083441734314,0.14457587897777557,0.07779548317193985,-0.04449576139450073,0.13328126072883606,0.045133065432310104,0.21690301597118378,-0.22459641098976135,-0.10738778114318848,0.024944517761468887,0.28204402327537537,-0.3647599220275879,0.06065446883440018,-0.019976060837507248,0.3277885317802429,-0.40821367502212524,0.007919085212051868,0.03397928923368454,0.06314997375011444,0.1332986205816269,-0.919041633605957,-0.13160888850688934,0.251209557056427,0.400789737701416,-0.16401928663253784,-0.11106161773204803,0.44980305433273315,0.030586088076233864,-0.1567339152097702,-0.094369076192379,0.5243383646011353,-0.5445641279220581,-0.275479793548584,-0.1804129183292389,0.10938993841409683,-0.03880975395441055,-0.28167086839675903,0.09837973862886429,0.2473171055316925,0.2623906135559082,0.1787850558757782,-0.05248086526989937,-0.0361025370657444,-0.09940794855356216,-0.4069627821445465,-0.019082462415099144,0.6980735659599304,-0.07116179913282394,-0.29542893171310425,-0.032532501965761185,0.01815745234489441,-0.34454867243766785,-0.238145112991333,0.7084797620773315,0.04346606880426407,-0.1340208351612091,-0.6452813148498535,-0.28312817215919495,-0.1283036768436432,0.08887288719415665,-0.5828427076339722,0.051499925553798676,0.13878507912158966,0.2962018847465515,0.31361404061317444,-0.024137550964951515,-0.2988058924674988,0.24027645587921143,0.13663654029369354,0.22563275694847107,-0.14169608056545258,-0.06857474148273468,0.33894824981689453,-0.044024206697940826,0.588303804397583,0.17471733689308167,-0.03864910081028938,-0.12357747554779053,0.11069707572460175,-0.05629768222570419,-0.43667373061180115,-0.14530281722545624,0.3631737530231476,0.26517367362976074,0.22891676425933838,-0.3798980116844177,0.5966906547546387,0.05001191422343254,0.404956579208374,-0.07487858086824417,0.1760297417640686,0.038508299738168716,-0.26524659991264343,-0.25794485211372375,0.11488832533359528,0.1287352591753006,0.09665677696466446,0.18005308508872986,-0.028178632259368896,0.11025301367044449,0.01313899178057909,-0.23456740379333496,-0.07474466413259506,-0.9226921796798706,0.24666698276996613,-0.12042226642370224,-0.0942516028881073,-0.7835969924926758,0.3708743751049042,0.3230847120285034,0.42555704712867737,0.2702674865722656,0.13463905453681946,0.10984023660421371
CID000005453,1223,0.28245627880096436,-0.21486060321331024,-0.15620215237140656,0.14068248867988586,0.24050946533679962,0.42937183380126953,0.22102758288383484,-0.27768474817276,-0.24431665241718292,-0.2953944504261017,0.3398987054824829,-0.6776598691940308,-0.08731059730052948,-0.4022254943847656,-0.1622174084186554,-0.0620412603020668,0.06521535664796829,0.034899163991212845,0.03128370642662048,-0.01960757188498974,0.3429061770439148,0.2269190549850464,-0.10101503133773804,0.12617650628089905,-0.20066924393177032,-0.025838801637291908,-0.08442245423793793,0.04646153375506401,0.11365948617458344,0.4842510223388672,-0.13710002601146698,0.02868698164820671,0.15457841753959656,0.06550450623035431,-0.4778939187526703,-0.12910208106040955,-0.6875700950622559,-0.33249980211257935,-0.09642146527767181,0.3085028827190399,0.12392614036798477,0.02935318648815155,-0.2536807656288147,-0.19735309481620789,0.5398033857345581,0.3110741376876831,-0.009807842783629894,0.6201871633529663,-0.12370765209197998,-0.20922139286994934,-0.18758556246757507,0.19177940487861633,-0.141887366771698,-0.1471843123435974,-0.11656174808740616,0.17025226354599,0.2082899510860443,0.12041346728801727,0.3423364758491516,0.3947463929653168,-0.8820587992668152,0.026422102004289627,0.007950459606945515,0.36396464705467224,0.14962206780910492,-0.05604903772473335,-0.20494350790977478,0.03595374897122383,-0.3542730212211609,-0.1278422772884369,-0.4188714921474457,0.23252220451831818,-0.20895442366600037,-0.06189358979463577,0.5538355112075806,0.09295608103275299,0.19218507409095764,0.18161313235759735,0.16587014496326447,-0.2634117007255554,-0.2512378692626953,-0.19818896055221558,0.12443795055150986,0.021556904539465904,-0.1154295951128006,0.06530817598104477,-0.2931744456291199,0.20188577473163605,0.5804707407951355,-0.02564125880599022,-0.18104687333106995,-0.20466765761375427,0.23910275101661682,0.05260365456342697,-0.671273946762085,-0.16967876255512238,-0.07362506538629532,0.384815514087677,0.2573954164981842,-0.20070429146289825,0.47240400314331055,-0.026773637160658836,-0.1979617327451706,-0.027645066380500793,-0.18267610669136047,-0.024790141731500626,-0.20975914597511292,0.25589683651924133,0.07868723571300507,0.17222771048545837,0.252015084028244,-0.16776195168495178,0.49907439947128296,0.26185011863708496,0.12943899631500244,0.3547455668449402,0.15030917525291443,-0.6592808961868286,0.5061948299407959,0.12257138639688492,0.012734504416584969,-0.7592713832855225,0.19274184107780457,-0.13642162084579468,-0.579979658126831,0.1013762578368187,0.09903988242149353,0.47505897283554077,-0.055063359439373016,-0.03179916739463806,-0.23757442831993103,-0.18035602569580078,-0.4810640811920166,-0.37214621901512146,0.11841118335723877,-0.04470839351415634,0.5735071897506714,-0.6958203315734863,0.20427994430065155,-0.27186253666877747,0.2096014767885208,-0.022721724584698677,0.19381432235240936,-0.07343374192714691,-0.2173086404800415,-0.15375001728534698,0.09809891879558563,0.3871569335460663,-0.02587241493165493,0.1830826997756958,-0.15900401771068573,-0.13699965178966522,0.3116585314273834,-0.15700878202915192,-0.11340850591659546,-0.397928386926651,0.009814834222197533,-0.5013681650161743,-0.3450983762741089,0.088963083922863,-0.07108695060014725,-0.1449582278728485,-0.8585768938064575,0.104380764067173,0.4951135218143463,0.37340447306632996,-0.3922504484653473,-0.14745190739631653,0.23555397987365723,0.24366779625415802,-0.31528323888778687,-0.5527302026748657,0.46875038743019104,-0.45105481147766113,0.13676778972148895,0.49013328552246094,0.23558282852172852,0.357109934091568,-0.3081362247467041,0.059993695467710495,0.38138940930366516,0.19309265911579132,0.3480616509914398,-0.08455212414264679,-0.18885554373264313,-0.03632350638508797,-0.5099033117294312,-0.4846113324165344,0.4905744194984436,0.001286923885345459,0.24566790461540222,-0.5975528955459595,-0.004908943083137274,-0.12345359474420547,-0.36819982528686523,0.35741767287254333,-0.07997526228427887,-0.38103532791137695,-0.36730626225471497,-0.23730845749378204,0.012728312984108925,0.06979246437549591,-0.4336612820625305,0.06226389482617378,0.016776757314801216,0.3990311920642853,0.019819214940071106,-0.04304184392094612,-0.4421200156211853,-0.12942728400230408,0.03953232243657112,0.27096137404441833,0.05925624817609787,-0.11118055880069733,0.13223424553871155,0.029828842729330063,0.4871004521846771,-0.02458806335926056,-0.23306183516979218,-0.2429850995540619,-0.04039571061730385,-0.021617235615849495,-0.6457358002662659,0.09214816242456436,0.2973339557647705,0.19893087446689606,0.11722873151302338,-0.08868841826915741,0.7480015158653259,0.03959832713007927,-0.08964709937572479,-0.24854063987731934,0.05951080471277237,0.055041611194610596,-0.3038290739059448,-0.16712501645088196,0.15133492648601532,0.5794755816459656,0.3556652069091797,-0.15159794688224792,-0.42101797461509705,-0.030157536268234253,-0.02897106111049652,0.2633545994758606,0.0030871182680130005,-0.39115840196609497,0.08460894227027893,0.0014221578603610396,-0.045994579792022705,-0.7677419781684875,0.21011987328529358,0.31480318307876587,0.3555613160133362,0.11833882331848145,0.14913347363471985,0.07910548150539398
CID000000214,1224,0.1072484478354454,0.00734634418040514,-0.13625094294548035,-0.44772204756736755,0.1380220204591751,0.4079911708831787,-0.12152542918920517,0.11392710357904434,-0.31276804208755493,-0.18149970471858978,-0.3404746651649475,-0.49531322717666626,0.20900948345661163,-0.15469954907894135,-0.14011402428150177,0.03933718055486679,0.03522297739982605,0.08386258780956268,0.45495566725730896,-0.2206341028213501,0.18979036808013916,0.23531107604503632,-0.1562567502260208,-0.026733702048659325,-0.09736359864473343,-0.233995720744133,-0.02118755504488945,0.08830279111862183,0.05935623496770859,0.3307951092720032,-0.1912188082933426,0.08175577968358994,0.14756281673908234,-0.07878676801919937,-0.6485719680786133,0.020411532372236252,-0.27679651975631714,-0.1907627284526825,-0.2228652983903885,-0.031320832669734955,0.02620197832584381,0.16022637486457825,-0.11717815697193146,-0.4117957651615143,0.9582460522651672,0.31722158193588257,0.02388850413262844,0.03121715784072876,-0.19601137936115265,-0.13778120279312134,-0.9195979833602905,0.042205605655908585,-0.24554994702339172,0.09180799871683121,0.27007776498794556,0.004472655244171619,0.046682946383953094,-0.02912176586687565,0.1838330775499344,-0.08553372323513031,-0.9958975911140442,-0.20352165400981903,-0.2707674205303192,0.4949948787689209,-0.1184120923280716,-0.0262066088616848,0.06156156212091446,0.21215936541557312,0.041760075837373734,-0.22880585491657257,-0.621111273765564,-0.06210724264383316,-0.016019022092223167,0.2524014413356781,0.2689310908317566,-0.02052200399339199,-0.15729913115501404,0.43024879693984985,-0.08676369488239288,-0.20714184641838074,0.005602845456451178,-0.1514487862586975,-0.10104858875274658,-0.025460731238126755,0.14365848898887634,-0.15279708802700043,-0.05493779107928276,-0.17741653323173523,0.6477259993553162,0.509117603302002,-0.12752941250801086,-0.08524305373430252,0.039001088589429855,-0.07620920985937119,-0.5604564547538757,-0.1579621136188507,-0.2119789868593216,0.21317532658576965,-0.014296198263764381,-0.2068052738904953,0.17047972977161407,0.01700730249285698,-0.20938575267791748,0.09668789058923721,0.06812252104282379,-0.21800163388252258,-0.4220390319824219,0.10823776572942734,0.21290142834186554,-0.028528472408652306,0.19551046192646027,-0.3512769341468811,0.7064960598945618,0.2539442479610443,0.23515228927135468,0.058377861976623535,-0.23331554234027863,-0.3960258662700653,0.40333205461502075,0.2079562395811081,0.032566532492637634,-0.8914372324943542,0.4399248957633972,-0.07181622833013535,-0.653011679649353,-0.2740742564201355,0.07853229343891144,0.29340824484825134,-0.16704650223255157,-0.111721932888031,-0.16433286666870117,0.4794112741947174,-0.5708509683609009,-0.3890846371650696,0.006511661224067211,-0.1821075975894928,0.48062485456466675,-0.633492648601532,-0.37569114565849304,0.010498481802642345,-0.12686339020729065,0.11781036853790283,0.21074266731739044,-0.035716474056243896,-0.02069980278611183,0.30746322870254517,-0.3261776864528656,-0.1607416868209839,0.3140232264995575,0.1991269886493683,0.1621166169643402,-0.07957185804843903,0.10315301269292831,-0.13649144768714905,-0.048368193209171295,0.13144715130329132,-0.018560651689767838,-0.30331987142562866,-0.12743456661701202,0.2731117606163025,-0.0029811556451022625,-0.05187658220529556,-0.9736413955688477,-0.05118546634912491,0.6089059114456177,0.26798999309539795,-0.3378245532512665,-0.046452634036540985,0.23599877953529358,-0.1928233951330185,-0.03413352370262146,-0.03323384001851082,0.17969194054603577,-0.4661324620246887,0.06913211196660995,0.13627120852470398,-0.1888628453016281,0.10470832884311676,-0.2763470709323883,-0.07903192937374115,0.264823317527771,0.3918210566043854,0.060130804777145386,-0.19328944385051727,-0.14510475099086761,-0.25553375482559204,-0.6509861350059509,-0.03983385115861893,0.6055581569671631,-0.22002223134040833,0.13734567165374756,-0.06974955648183823,-0.10708817094564438,-0.04647292569279671,-0.43487054109573364,0.3282161056995392,0.1757476031780243,-0.0911463126540184,-0.19097284972667694,-0.07199440151453018,-0.07169418036937714,-0.24969609081745148,-0.4175914227962494,0.07513929903507233,0.0608719103038311,-0.05454428866505623,0.2634047567844391,0.2197388857603073,-0.4948158264160156,-0.10947710275650024,0.09979666769504547,-0.09349384158849716,0.01849423721432686,-0.07493232190608978,-0.008259234018623829,0.06038110330700874,0.5773071646690369,0.5112853050231934,-0.06752097606658936,0.066252700984478,0.062304042279720306,-0.040863312780857086,-0.5861510634422302,0.07392660528421402,0.3292427957057953,-0.34731489419937134,0.0810953825712204,-0.08270962536334991,1.0376040935516357,0.23851673305034637,-0.09910198301076889,0.05034995824098587,0.20382854342460632,-0.1719287782907486,-0.6013882160186768,-0.10416881740093231,0.09321721643209457,0.258849561214447,0.5476857423782349,-0.3115214705467224,-0.1907338947057724,-0.22080524265766144,0.11208386719226837,0.01432296633720398,0.15643927454948425,-0.21025928854942322,-0.01485407818108797,-0.09223645180463791,-0.0381377749145031,-0.8475173115730286,0.4310475289821625,0.7417668104171753,0.2164047509431839,0.6779502034187317,-0.13820341229438782,-0.036280665546655655
CID000009433,1233,0.23324649035930634,-0.2990093231201172,0.03085552528500557,-0.009018403477966785,0.6306677460670471,0.4911608099937439,-0.23714275658130646,0.0374443419277668,-0.39125996828079224,-0.16403567790985107,0.36906877160072327,-0.3855554461479187,0.09209942817687988,-0.21073324978351593,0.0013549044961109757,-0.026935677975416183,-0.07308066636323929,0.11596444994211197,-0.0992102175951004,-0.005795264150947332,-0.03878822177648544,0.26884785294532776,0.03608793020248413,0.13262352347373962,0.25220051407814026,-0.08942455053329468,0.06889961659908295,-0.010031742975115776,-0.15300564467906952,0.4849820137023926,-0.008742058649659157,0.24213819205760956,-0.06695448607206345,-0.11178159713745117,-0.571094810962677,0.17059724032878876,-0.348789244890213,-0.29617151618003845,-0.3531554341316223,0.31228283047676086,0.040949784219264984,0.1524825543165207,-0.39459294080734253,-0.040981702506542206,0.37255507707595825,0.1365174800157547,-0.05224166065454483,-0.13174234330654144,0.40419358015060425,-0.0021022348664700985,-0.5128725171089172,0.0233641117811203,-0.25398844480514526,-0.14105162024497986,0.018703991547226906,-0.10608257353305817,0.03750919550657272,-0.07417125999927521,0.5257304906845093,0.31921032071113586,-0.7915194034576416,0.03765725716948509,-0.4201463758945465,0.2438061237335205,0.03481990098953247,-0.06598871201276779,-0.268145352602005,-0.11239677667617798,-0.03035251796245575,-0.2816280126571655,-0.41313380002975464,-0.28895315527915955,0.08355525135993958,-0.16265901923179626,0.2513601779937744,-0.09949333220720291,-0.13952307403087616,0.05828460305929184,0.060508787631988525,-0.31448519229888916,-0.285654217004776,-0.1778007596731186,-0.26289671659469604,-0.17101076245307922,0.1255914866924286,-0.28006821870803833,-0.0917232409119606,-0.269050657749176,0.32908329367637634,0.11901414394378662,-0.357770711183548,-0.47844576835632324,0.1225341185927391,-0.16552363336086273,-0.34516292810440063,-0.20093819499015808,-0.08930035680532455,0.2689581513404846,0.26479965448379517,-0.20977690815925598,0.23022139072418213,0.1562924087047577,-0.19146433472633362,0.29346412420272827,-0.028442149981856346,-0.18981187045574188,-0.5637634992599487,0.33304309844970703,-0.30901414155960083,0.1775493025779724,0.23541927337646484,0.5047959685325623,0.08737199008464813,0.03108960948884487,0.1772863268852234,0.0068009584210813046,-0.0645279735326767,-0.5819180607795715,0.3700951039791107,0.1775825321674347,0.05100015550851822,-0.7646430730819702,0.04662355035543442,-0.06641779839992523,-0.41292572021484375,0.26077669858932495,0.06827317178249359,0.2400980442762375,-0.028123367577791214,-0.2409781962633133,-0.10218477249145508,-0.01660098135471344,-0.5042489171028137,-0.3860659897327423,-0.28781062364578247,-0.19465884566307068,0.11961014568805695,-0.1726551055908203,0.2635413110256195,-0.036782316863536835,0.039649076759815216,0.2769176959991455,-0.11171124130487442,0.05304119735956192,-0.261360228061676,0.08942120522260666,-0.022498538717627525,-0.16710324585437775,-0.3211996555328369,0.292445570230484,-0.23482394218444824,-0.13851487636566162,-0.20648208260536194,0.010367265902459621,-0.08578953146934509,0.08746315538883209,0.159901425242424,-0.5230633020401001,-0.06521435081958771,0.3222830295562744,0.09981509298086166,0.014050381258130074,-0.7124296426773071,-0.07267875969409943,0.3457675576210022,0.2012101113796234,-0.3853975832462311,-0.13301032781600952,0.30978864431381226,-0.05520489066839218,-0.4379970133304596,-0.21850061416625977,0.3435985743999481,-0.16044723987579346,-0.2974424362182617,-0.11002106964588165,0.47069016098976135,-0.0017759144539013505,-0.38532358407974243,-0.23992271721363068,0.10760702937841415,0.13844141364097595,0.1224050372838974,-0.13103260099887848,0.02481374517083168,0.15212590992450714,-0.2688835561275482,-0.43694719672203064,0.563541054725647,0.06776852905750275,0.04039587080478668,-0.26785409450531006,0.23891618847846985,0.093143031001091,-0.25206536054611206,0.6848026514053345,-0.043603695929050446,-0.14280161261558533,-0.19458302855491638,0.2208624631166458,-0.10683252662420273,0.017092496156692505,-0.24167585372924805,0.04201127588748932,0.002180660143494606,0.3496880829334259,-0.023418772965669632,-0.305940181016922,-0.11336825788021088,-0.1424131542444229,-0.06971986591815948,0.13036319613456726,-0.01950117014348507,0.4168371558189392,0.25058501958847046,0.09605219960212708,0.6650612354278564,-0.036935955286026,-0.3053298592567444,-0.19725102186203003,-0.3037525415420532,-0.059285860508680344,-0.5997848510742188,-0.042806483805179596,0.11391110718250275,-0.1080266609787941,0.25703173875808716,-0.13369862735271454,0.8913609385490417,-0.03554152697324753,-0.20950670540332794,-0.037178825587034225,-0.001077316701412201,-0.2453419715166092,-0.43707412481307983,-0.19620421528816223,-0.42696231603622437,0.15628233551979065,0.5597163438796997,0.3328455090522766,-0.47673168778419495,-0.1655391901731491,-0.012380098924040794,-0.036586351692676544,0.015292567200958729,-0.1909407079219818,0.1218172088265419,-0.14833202958106995,0.1217319518327713,-0.7285255193710327,0.11250480264425278,0.4107511639595032,0.27010083198547363,-0.08071629703044891,0.09393712133169174,-0.10345061868429184
CID000004845,1238,-0.12185879796743393,-0.08905960619449615,-0.035196881741285324,-0.06082157418131828,0.4910387098789215,0.2486073225736618,-0.023728910833597183,-0.017678868025541306,-0.18210984766483307,-0.16771860420703888,0.14909234642982483,-0.28221267461776733,0.06790155172348022,-0.1476759910583496,-0.21988186240196228,0.07764734327793121,0.08215188980102539,-0.21956634521484375,-0.2775060534477234,-0.07250307500362396,0.15519337356090546,-0.007914358749985695,0.1050049290060997,0.04650822654366493,-0.07525884360074997,-0.08533041179180145,-0.2254539430141449,0.07650452852249146,-0.08764395117759705,0.20729918777942657,-0.13866958022117615,-0.24534614384174347,0.1271810680627823,0.12458141148090363,-0.6007682085037231,-0.0561455562710762,-0.3130705654621124,-0.3467407822608948,-0.20207834243774414,-0.09980062395334244,0.027895361185073853,0.06610037386417389,-0.30218422412872314,-0.2610599398612976,0.10426781326532364,0.06412570178508759,0.1528387814760208,0.11744821071624756,-0.08918743580579758,0.04032230004668236,-0.2625979781150818,0.1037246435880661,0.056827761232852936,-0.0543539896607399,0.10149131715297699,0.05433092638850212,-0.10342495143413544,-0.08092011511325836,0.3526061475276947,-0.11754532158374786,-0.9010826945304871,0.0029467002023011446,-0.2089238166809082,0.24387279152870178,0.1858336478471756,0.1658208817243576,-0.07997146248817444,0.1345026195049286,-0.11667843908071518,-0.11403217166662216,-0.19937601685523987,-0.06591485440731049,-0.016077762469649315,-0.05188002437353134,0.4344034194946289,-0.15461215376853943,-0.15509705245494843,0.1707151234149933,-0.02038942649960518,-0.07856839150190353,-0.1855948269367218,-0.3554456830024719,-0.14403076469898224,0.14384688436985016,-0.10783705860376358,0.04693188518285751,-0.1278734803199768,-0.10177812725305557,0.3334980010986328,-0.041822873055934906,0.009518444538116455,-0.056829601526260376,0.03403445705771446,0.07275302708148956,-0.5976549386978149,-0.07385574281215668,-0.22267842292785645,0.328603059053421,0.0028587081469595432,-0.21640825271606445,0.32469072937965393,0.1868952065706253,-0.19697339832782745,0.045072101056575775,-0.1287965476512909,0.08315816521644592,-0.6485206484794617,0.17522554099559784,0.08210842311382294,0.1904313564300537,-0.06165573000907898,-0.005177593324333429,0.1543685495853424,0.015119528397917747,0.03637062385678291,0.1789582520723343,-0.1933898776769638,-0.15356417000293732,0.11398033797740936,0.014189261011779308,-0.14042113721370697,-0.7897087335586548,0.18953658640384674,-0.30410370230674744,-0.2840350568294525,0.07981976866722107,-0.07796672731637955,0.26197826862335205,-0.003573185997083783,-0.16241060197353363,-0.08091826736927032,-0.06721550971269608,-0.3510957956314087,-0.37696704268455505,0.029820313677191734,-0.19512160122394562,0.36070358753204346,-0.11683376878499985,0.04333174601197243,0.06289111077785492,-0.0010806828504428267,0.034279681742191315,0.08708356320858002,-0.10601047426462173,0.13144835829734802,-0.3694925010204315,0.0728367418050766,-0.05259747430682182,0.18750815093517303,-0.005054404027760029,-0.16255374252796173,0.019324040040373802,0.07795824110507965,0.08653811365365982,-0.1421525776386261,0.02162017486989498,-0.15342777967453003,-0.31984949111938477,-0.03516242280602455,0.28069180250167847,0.050199955701828,-0.06971480697393417,-0.891126275062561,0.23169490694999695,0.1281830370426178,0.14394018054008484,-0.25919634103775024,0.00783479493111372,0.23647168278694153,0.05127658322453499,-0.14099545776844025,-0.2654111683368683,0.35259610414505005,-0.15435980260372162,0.07049883902072906,-0.015356138348579407,0.0020801990758627653,0.14024955034255981,-0.428813636302948,-0.06714780628681183,0.1478336751461029,0.22733111679553986,0.0169379860162735,-0.04640435054898262,-0.05275122448801994,-0.09570926427841187,-0.22530515491962433,-0.041632555425167084,0.5763900279998779,-0.025360295549035072,0.12253924459218979,-0.2161037176847458,-0.1163427084684372,-0.0876975804567337,-0.09739414602518082,0.5069549083709717,-0.12879721820354462,0.03527035191655159,-0.017009276896715164,0.02566583827137947,-0.13799980282783508,-0.2054893672466278,-0.13088783621788025,0.06873277574777603,-0.011693263426423073,0.23830704391002655,0.18373015522956848,-0.014816967770457268,-0.011764952912926674,-0.2929752469062805,0.11330103874206543,-0.0667579397559166,0.028910929337143898,-0.09705507010221481,0.0021418272517621517,-0.03617788106203079,0.46834224462509155,0.10888798534870148,-0.020889807492494583,-0.38425102829933167,-0.002342182444408536,-0.053604353219270706,-0.5032498240470886,0.08199433237314224,0.27814024686813354,-0.3228689134120941,0.15185925364494324,-0.11312410980463028,0.8189361691474915,0.007607410196214914,-0.10227601230144501,-0.06220749765634537,-0.1429568976163864,0.07443898916244507,-0.6908174753189087,-0.12540322542190552,0.13020877540111542,0.135592982172966,-0.02126818522810936,0.012401921674609184,-0.4196609556674957,-0.023876115679740906,0.15408597886562347,0.11190710216760635,0.21534553170204163,-0.29306894540786743,0.10198178142309189,0.028358209878206253,0.020087087526917458,-0.6825360059738159,0.1693391501903534,-0.06585164368152618,0.243787482380867,-0.03734443709254265,0.09383537620306015,0.12083957344293594
CID005311082,1245,0.20134516060352325,0.037348441779613495,0.21597659587860107,-0.13822594285011292,0.46312856674194336,0.343323290348053,0.042683131992816925,0.008124029263854027,-0.2928377091884613,-0.21064579486846924,0.11002310365438461,-0.6307375431060791,0.3048287332057953,-0.3930623531341553,-0.015565194189548492,0.2804388403892517,0.21335311233997345,0.08913381397724152,0.10908739268779755,-0.027828827500343323,0.18272198736667633,0.19985678791999817,0.07629420608282089,0.17228731513023376,0.10267800092697144,0.09163586795330048,-0.014021371491253376,-0.22272999584674835,0.08151309937238693,0.5484830141067505,-0.2343660593032837,0.005599159747362137,0.3150756061077118,0.05398596078157425,-0.42293205857276917,0.04886551946401596,-0.5490979552268982,-0.36472341418266296,-0.5188494920730591,0.05889976769685745,0.06796648353338242,-0.164608433842659,-0.36209481954574585,-0.09261123836040497,0.9421353340148926,-0.30867356061935425,-0.05398916080594063,-0.13831649720668793,-0.33198830485343933,0.07488714158535004,-0.5492363572120667,-0.10880468785762787,-0.3433206379413605,-0.21242007613182068,-0.10511919111013412,-0.00743870809674263,0.0655171349644661,0.33603623509407043,0.49642786383628845,-0.10689429938793182,-0.8866398930549622,0.03473731875419617,-0.21302607655525208,-0.07489583641290665,-0.03942347317934036,0.29867106676101685,-0.269504576921463,0.39292070269584656,0.01901925913989544,0.09964144229888916,-0.07468876987695694,0.23731264472007751,0.08483652770519257,-0.13087952136993408,0.6449522376060486,-0.04940089210867882,-0.2749480903148651,0.42320042848587036,0.1482667177915573,0.06341461092233658,-0.11921066045761108,0.3463270962238312,0.3737064003944397,-0.14618763327598572,0.09617460519075394,-0.1486600637435913,-0.22040554881095886,0.3584887385368347,0.714962363243103,-0.10083620250225067,0.23463352024555206,-0.26899832487106323,0.08572199195623398,0.3046662211418152,-0.8783934712409973,-0.20061171054840088,-0.23446206748485565,0.2933656573295593,-0.17979881167411804,-0.4998978078365326,0.7103495001792908,-0.3239521384239197,-0.013184657320380211,0.6342343091964722,-0.6727815866470337,-0.12450215965509415,-0.5036044120788574,0.3118426203727722,0.2929092347621918,0.17890873551368713,-0.5591216683387756,-0.030520949512720108,0.5934869647026062,-0.012076079845428467,0.3417113721370697,-0.3067212998867035,-0.0012008815538138151,-0.8218182325363159,0.5846374034881592,-0.13061751425266266,0.18675246834754944,-0.8513168096542358,-0.13106541335582733,-0.4627927839756012,-0.4423215389251709,0.06543712317943573,0.09127373993396759,0.45642438530921936,-0.10776501893997192,0.07196440547704697,0.10546751320362091,0.23052792251110077,-0.6688193082809448,-0.32985949516296387,-0.013369813561439514,-0.06705494225025177,0.35848331451416016,-0.5781693458557129,0.17433303594589233,-0.422044038772583,-0.2220981866121292,0.05880524963140488,-0.13620483875274658,0.2310228794813156,0.13149972259998322,0.07679728418588638,0.090229332447052,-0.07939217239618301,0.11892380565404892,0.11974350363016129,0.05772959068417549,-0.162856787443161,-0.06886038929224014,0.20094728469848633,-0.02431381866335869,0.060984812676906586,-0.04147406667470932,-0.5930946469306946,-0.23909547924995422,0.016726527363061905,-0.17532634735107422,0.12053229659795761,-1.0574663877487183,-0.11394326388835907,0.695504367351532,0.28139713406562805,-0.46686381101608276,-0.024124015122652054,0.1682431697845459,0.2568216323852539,-0.5178048610687256,-0.3083098530769348,0.40139061212539673,-0.0677657276391983,-0.17735078930854797,-0.05600231885910034,-0.45297613739967346,-0.1270536482334137,-0.44161540269851685,-0.07792438566684723,0.4906793534755707,0.4607456624507904,-0.11108337342739105,0.08043305575847626,-0.15869084000587463,-0.10201390832662582,-0.38463684916496277,0.062091849744319916,0.6389994621276855,0.07288622111082077,0.1948733627796173,-1.1841461658477783,-0.041829049587249756,-0.13950982689857483,-0.28621166944503784,0.43664655089378357,-0.13547131419181824,0.1634790003299713,-0.8898969888687134,-0.1790844202041626,-0.11626426875591278,0.23205602169036865,-0.15376995503902435,-0.2631676495075226,-0.08707650005817413,0.15455208718776703,-0.25532662868499756,-0.29912620782852173,-0.7401483058929443,0.2558191120624542,0.3906279504299164,-0.04618053883314133,0.33176082372665405,0.04775897040963173,0.265359491109848,-0.2989339232444763,0.6693105697631836,-0.17089253664016724,0.06851492822170258,-0.0635242909193039,-0.09145300090312958,-0.0021895766258239746,-0.6816030144691467,-0.059722237288951874,0.20891351997852325,0.09199361503124237,-0.02080642059445381,-0.30770739912986755,0.6832395195960999,0.09588204324245453,-0.12392482906579971,-0.08026349544525146,-0.26030611991882324,-0.1893405020236969,-0.2604026794433594,-0.4488936960697174,0.24112601578235626,0.4256139397621155,-0.07093103975057602,-0.1735081821680069,-0.5028942823410034,-0.09053479135036469,-0.07098092138767242,-0.2426450550556183,0.08737917989492416,-0.5205789804458618,0.04520725831389427,0.3040284216403961,0.06443363428115845,-1.0036786794662476,-0.08317200839519501,0.10878360271453857,0.500055193901062,0.15309639275074005,0.08349376916885376,-0.25024259090423584
CID000002951,1248,-0.10722512006759644,-0.08644634485244751,0.014152553863823414,-0.14984393119812012,0.4010744094848633,0.23648910224437714,0.06364525109529495,-0.007020714692771435,-0.18931962549686432,-0.23192298412322998,-0.05115314573049545,-0.32761090993881226,-0.038774628192186356,-0.1760348081588745,-0.02798321843147278,-0.05149921029806137,-0.060031451284885406,0.0001655895757721737,0.03364982083439827,0.07698814570903778,-0.10027994215488434,0.14265930652618408,0.025814643129706383,0.07417549192905426,-0.017975162714719772,0.023881811648607254,-0.03426726907491684,-0.03275935724377632,0.02074042707681656,0.2537914216518402,0.04398661106824875,-0.3161381185054779,-0.1623297482728958,0.017893683165311813,-0.4447174072265625,-0.013456893153488636,-0.25643447041511536,-0.2328747808933258,-0.08311436325311661,-0.10914884507656097,0.06159895658493042,-0.005505308508872986,-0.1983424723148346,-0.23372764885425568,0.06307331472635269,-0.04042760282754898,-0.02560650184750557,0.2753751873970032,-0.2174026519060135,-0.032933298498392105,-0.08622657507658005,0.10621987283229828,0.1491185873746872,-0.12067253887653351,0.03584897518157959,-0.007863320410251617,-0.10839779675006866,0.12217767536640167,0.12854452431201935,-0.06743715703487396,-0.9087817072868347,-0.12953175604343414,-0.27471688389778137,0.1932472288608551,0.06992965191602707,0.19941484928131104,-0.1252376288175583,0.14308317005634308,-0.03813866525888443,0.03382936492562294,-0.06576128304004669,0.15206851065158844,-0.10811613500118256,-0.1784842163324356,0.07280144840478897,-0.07700568437576294,-0.10160275548696518,-0.047171700745821,0.2891690135002136,-0.06981676071882248,-0.14059138298034668,-0.007513119373470545,-0.2828294336795807,-0.07113184034824371,-0.18492832779884338,-0.052420925348997116,-0.17531786859035492,-0.20886147022247314,0.2985771894454956,-0.15145930647850037,0.07010035961866379,0.0074571846053004265,-0.009629609063267708,-0.038019753992557526,-0.44311022758483887,-0.002503038151189685,-0.279257595539093,0.3482372462749481,0.07856788486242294,-0.23852837085723877,0.18955162167549133,0.18936678767204285,-0.2029743641614914,0.005141896195709705,-0.1096261739730835,0.044469982385635376,-0.45987001061439514,0.2357342541217804,-0.10837306827306747,0.17467936873435974,0.172190859913826,-0.1266614943742752,0.17675653100013733,-0.015019873157143593,-0.015430924482643604,0.18434277176856995,-0.10652866214513779,-0.015043270774185658,0.030924519523978233,-0.01486940961331129,-0.18092112243175507,-0.6486330628395081,-0.18791437149047852,-0.13863609731197357,-0.3018219470977783,0.03291216120123863,-0.04826347157359123,0.2597479820251465,0.14291630685329437,0.006774835288524628,-0.007625168655067682,0.04465429112315178,-0.4767877459526062,-0.2507242262363434,0.06184534355998039,-0.10984514653682709,0.1270429491996765,0.04327615723013878,-0.054685018956661224,0.05518324300646782,0.0032019601203501225,0.17487481236457825,-0.13171900808811188,-0.09654848277568817,-0.007364863995462656,-0.2619784474372864,0.0751730352640152,-0.007909411564469337,-0.11035846173763275,0.19577789306640625,-0.02581160143017769,-0.017625916749238968,0.05970696359872818,-0.022169360890984535,0.0333847776055336,-0.031913816928863525,-0.189618781208992,-0.29712992906570435,0.07320211827754974,0.04471724480390549,0.24761347472667694,-0.053304992616176605,-0.9333357810974121,0.06373608857393265,0.08259405195713043,0.2865123152732849,-0.1930345594882965,-0.08700741827487946,0.13642518222332,0.12976355850696564,-0.10604456812143326,-0.05050657317042351,0.29761549830436707,-0.062382571399211884,-0.07261407375335693,0.2004324197769165,-0.03136885538697243,0.07718072831630707,-0.4568111002445221,-0.045587945729494095,0.18977931141853333,0.2305142879486084,0.010260527953505516,0.01867305114865303,-0.03897205367684364,0.08747591078281403,-0.1440201699733734,0.12846335768699646,0.44075602293014526,-0.12533290684223175,0.2166769951581955,0.016510169953107834,-0.015684491023421288,-0.1276848465204239,-0.07211288809776306,0.3881516456604004,0.014169802889227867,0.016233379021286964,-0.016926562413573265,-0.03098401054739952,-0.18980427086353302,-0.10658881813287735,-0.07179280370473862,0.19328849017620087,-0.08970753848552704,0.2170439511537552,-0.06996496021747589,-0.16099634766578674,0.030468320474028587,0.1192869320511818,0.013387409970164299,0.13315433263778687,0.027748191729187965,0.06708584725856781,0.19688458740711212,0.10382065922021866,0.2523649334907532,0.022774403914809227,-0.10468979924917221,-0.3982890248298645,-0.01668827049434185,-0.1023133248090744,-0.3412119746208191,0.09002403169870377,0.2949092984199524,-0.08399413526058197,0.044702161103487015,-0.2028813362121582,0.6296698451042175,0.06827148050069809,-0.1849445253610611,-0.15400925278663635,-0.22579066455364227,-0.10067572444677353,-0.5742493271827698,-0.17662452161312103,-0.1392909437417984,0.08383820205926895,0.262586772441864,-0.23379357159137726,-0.09526494145393372,0.0558297336101532,0.10955951362848282,0.12925055623054504,0.08095327764749527,-0.21670064330101013,0.14080357551574707,-0.039401598274707794,-0.035811495035886765,-0.6007684469223022,-0.11327709257602692,0.0031665414571762085,0.22735396027565002,-0.034915100783109665,-0.011928358115255833,0.06510622054338455
CID000003736,1249,0.09331321716308594,-0.05996256321668625,-0.11171434074640274,0.0625310018658638,0.5579228401184082,0.32103848457336426,0.2909112572669983,0.18009361624717712,-0.11107699573040009,-0.001899436116218567,-0.44945162534713745,-0.2801879048347473,0.1130366325378418,-0.4967552721500397,-0.09329138696193695,0.19704651832580566,-0.07332587987184525,0.136717289686203,0.24745185673236847,-0.23148581385612488,0.10183534771203995,-0.15544883906841278,-0.23058655858039856,-0.15286897122859955,0.13423141837120056,-0.08269378542900085,0.08536498248577118,-0.02424202486872673,-0.28164970874786377,0.5225868225097656,-0.10497476160526276,0.09905549138784409,0.3046466112136841,0.019046181812882423,-0.7207393646240234,0.027257919311523438,-0.32145848870277405,-0.24798548221588135,-0.5736209154129028,0.21620683372020721,0.21249108016490936,0.0394013486802578,-0.19624336063861847,-0.05708078667521477,0.20091168582439423,0.4240131378173828,-0.1364537626504898,0.10481764376163483,-0.09205986559391022,0.05735649913549423,-0.2176089733839035,-0.2884294390678406,-0.011933368630707264,-0.1288997232913971,0.0077837929129600525,-0.06804891675710678,0.1564662903547287,0.6180888414382935,0.5295093059539795,-0.08167736232280731,-1.0290510654449463,-0.08934751898050308,-0.03210393711924553,0.17862935364246368,0.18612506985664368,-0.08126278221607208,-0.4117804169654846,0.10059612989425659,-0.0688098818063736,-0.007487444672733545,-0.923133373260498,0.06732899695634842,0.0666218176484108,0.2297041118144989,0.7645083069801331,-0.19371826946735382,-0.3203760087490082,-0.03406814858317375,-0.12244018167257309,-0.28854408860206604,-0.13622161746025085,-0.1648663580417633,-0.06368186324834824,-0.06762303411960602,-0.15929827094078064,0.11704462766647339,-0.2316494882106781,-0.12826624512672424,0.5413578152656555,-0.2746225893497467,0.13225135207176208,-0.003342464566230774,-0.23639941215515137,-0.17896495759487152,-1.3836028575897217,-0.18902334570884705,-0.06913335621356964,0.18456852436065674,0.06663541495800018,-0.6096979379653931,0.4391425549983978,-0.24780884385108948,-0.4006539285182953,0.02673974633216858,0.110382080078125,0.10751547664403915,-0.6111189126968384,0.19194748997688293,0.18229162693023682,0.6751198172569275,-0.5874771475791931,0.29709556698799133,0.45591849088668823,0.10122710466384888,0.3110014796257019,0.01811075210571289,0.016148816794157028,-0.17256709933280945,0.03931034728884697,0.1221144050359726,0.20519959926605225,-0.9543546438217163,0.19602489471435547,-0.8153731226921082,-0.44621753692626953,0.07566428929567337,-0.006192435510456562,0.5541064739227295,-0.21112756431102753,-0.031935423612594604,-0.17133784294128418,-0.005171838216483593,-0.6922938227653503,-0.2553096413612366,0.1363525688648224,-0.5075533390045166,0.668714165687561,-0.16998645663261414,-0.5112481117248535,0.16916979849338531,-0.0624818317592144,0.2739931046962738,-0.2571439743041992,0.1477890908718109,0.014620509929955006,-0.015488142147660255,-0.015823371708393097,-0.18495658040046692,0.06769350916147232,-0.15609005093574524,-0.1552809327840805,0.05922803282737732,-0.04642712324857712,-0.1681094914674759,0.032016437500715256,-0.21399350464344025,0.3093102276325226,-0.351774662733078,-0.14958223700523376,0.13328082859516144,-0.020678451284766197,-0.02025359310209751,-1.1332553625106812,0.0365627221763134,0.9130496978759766,0.0035690038930624723,-0.6590616703033447,-0.13947694003582,0.21512095630168915,-0.10278545320034027,-0.2853393256664276,-0.0618603453040123,0.5506914854049683,-0.5968343615531921,-0.1411621868610382,0.11054231971502304,-0.043828368186950684,0.08188202977180481,-0.30178019404411316,0.22896644473075867,0.22057664394378662,0.5233910083770752,-0.00418428797274828,0.00018318890943191946,0.02938433364033699,-0.6712971329689026,-0.28139668703079224,0.04074323922395706,0.8514419794082642,-0.13039521872997284,-0.07814300805330276,-0.8562480211257935,0.23331768810749054,0.18145613372325897,-0.07168795168399811,0.4429158568382263,0.1109556183218956,-0.061436332762241364,-0.13013672828674316,-0.08823827654123306,-0.050630323588848114,-0.357010155916214,-0.1698807030916214,-0.046184323728084564,-0.18501725792884827,0.3595183491706848,0.08161003887653351,0.12818944454193115,-0.17981275916099548,-0.08735426515340805,0.25576192140579224,-0.03206714242696762,0.08016958832740784,-0.14218667149543762,0.09667925536632538,0.027998466044664383,0.6539469957351685,-0.11241593211889267,0.05587064102292061,-0.155111625790596,0.005218812730163336,0.03193245083093643,-0.39939945936203003,-0.1795159876346588,-0.09160363674163818,-0.3447917401790619,0.1436903476715088,-0.16956162452697754,0.8546684980392456,-0.46689891815185547,-0.3920568525791168,-0.2273603230714798,0.022701900452375412,-0.10347912460565567,-0.5032287836074829,-0.04824978858232498,0.282775342464447,0.2084418088197708,-0.2678588926792145,0.17313292622566223,-0.8766538500785828,-0.21659719944000244,0.0008989952621050179,0.05238886922597885,-0.2051011025905609,-0.7499880194664001,0.3167770802974701,-0.19178149104118347,-0.38749879598617554,-0.9222249984741211,0.236426442861557,-0.2019561231136322,0.3949492573738098,0.04980618879199028,-0.040386099368333817,-0.20153197646141052
CID005473385,1250,-0.1437256932258606,-0.15364448726177216,-0.11886580288410187,-0.20192208886146545,0.714243471622467,0.26828092336654663,-0.2228015959262848,0.12387460470199585,-0.19822272658348083,-0.15013697743415833,0.14631009101867676,-0.39511603116989136,-0.09706173837184906,-0.0491584911942482,0.10120215266942978,-0.005885430611670017,0.04848293960094452,-0.09009973704814911,-0.1368875503540039,0.06077248975634575,0.15739762783050537,0.060689426958560944,0.07700352370738983,0.016735127195715904,0.07393687963485718,0.0052074552513659,-0.19943802058696747,0.02941550686955452,-0.011482147499918938,0.2901085615158081,0.04838758334517479,-0.4266253113746643,-0.09063361585140228,0.025394126772880554,-0.47434473037719727,-0.03629105165600777,-0.25882765650749207,-0.21275904774665833,-0.052569855004549026,-0.13696439564228058,0.10592399537563324,-0.07422173023223877,-0.17550592124462128,-0.17391212284564972,0.037037443369627,0.015559698455035686,-0.023269614204764366,0.1703103482723236,-0.07846103608608246,-0.01990870200097561,0.01721900887787342,0.08975522220134735,0.09784497320652008,-0.22830012440681458,0.1523546427488327,-0.035444777458906174,-0.1111392006278038,0.008092519827187061,0.21219930052757263,0.04263186827301979,-0.90901118516922,-0.07936806976795197,-0.21166539192199707,0.18397893011569977,0.15261787176132202,0.050359874963760376,-0.16909709572792053,0.05398637056350708,-0.045928675681352615,0.10985319316387177,-0.17955520749092102,0.12213809788227081,0.060578636825084686,-0.1293303668498993,0.06747617572546005,-0.10490135103464127,-0.15065285563468933,-0.13372577726840973,0.14450979232788086,-0.31441575288772583,-0.23365846276283264,-0.11516542732715607,-0.21565255522727966,-0.06661049276590347,-0.06756360828876495,-0.1657344549894333,-0.14329120516777039,-0.18272948265075684,0.32365682721138,-0.06594490259885788,0.04847697168588638,0.06173719838261604,-0.03905625268816948,-0.014850273728370667,-0.4583817422389984,0.04945041984319687,-0.14188185334205627,0.26605328917503357,0.04259563237428665,-0.1548173874616623,0.2083263397216797,0.18116232752799988,-0.2978442907333374,0.09036187827587128,-0.10488145053386688,0.049824848771095276,-0.5724424719810486,0.255699098110199,0.056249164044857025,0.07606255263090134,0.1855107843875885,0.06620471924543381,0.09118731319904327,-0.009224220179021358,-0.004926470573991537,0.22627389430999756,-0.1288817822933197,-0.07939524948596954,0.0063611045479774475,0.07602574676275253,-0.27488675713539124,-0.6193639039993286,0.06813378632068634,-0.16248032450675964,-0.2957789897918701,0.12016959488391876,-0.10600744187831879,0.38730672001838684,0.07767545431852341,-0.06785315275192261,-0.26357465982437134,0.12974990904331207,-0.3445613980293274,-0.30053597688674927,-0.22528962790966034,-0.29364699125289917,0.12781116366386414,0.08608072996139526,0.02956525608897209,-0.014934015460312366,0.01274128444492817,0.1350771188735962,-0.22347235679626465,0.036786437034606934,0.10519800335168839,-0.2369883507490158,0.21705782413482666,0.04296409711241722,0.2218989133834839,0.0954105406999588,-0.0969967320561409,-0.013305041007697582,-0.04411456733942032,0.03701502084732056,-0.046593666076660156,-0.02625350095331669,-0.11279137432575226,-0.3176572024822235,0.040016092360019684,0.09907107055187225,0.08106428384780884,0.0017562158172950149,-0.9210776090621948,0.09909303486347198,0.13763760030269623,0.2862017750740051,-0.15420576930046082,-0.05889661982655525,0.13833023607730865,0.08086680620908737,-0.14985407888889313,-0.10014079511165619,0.2942047417163849,0.010483342222869396,-0.054741907864809036,0.08578595519065857,0.030896225944161415,0.10541842877864838,-0.45314669609069824,-0.151258185505867,0.2160523682832718,0.17231518030166626,0.06162527948617935,-0.008988549932837486,-0.09665262699127197,-0.040214866399765015,-0.11905132234096527,0.013826072216033936,0.48645204305648804,-0.14384865760803223,0.3164304792881012,-0.19381006062030792,0.0011763781076297164,-0.010612905025482178,-0.010700972750782967,0.4352295994758606,-0.020392421633005142,-0.018892820924520493,-0.0428793765604496,-0.17948010563850403,-0.11102700233459473,-0.07039551436901093,-0.1104053482413292,0.1494642049074173,-0.12423086166381836,0.23659729957580566,0.08305497467517853,-0.04455474019050598,0.07412166893482208,-0.07874874025583267,0.004137188196182251,0.02836744114756584,-0.018409375101327896,0.08671218156814575,0.25894302129745483,0.13723747432231903,0.3027675151824951,0.013815048150718212,-0.09493140876293182,-0.35536837577819824,-0.06254468113183975,-0.15241487324237823,-0.45488983392715454,0.020870093256235123,0.1441478431224823,-0.12221412360668182,0.13627409934997559,-0.2739141583442688,0.6945365071296692,0.0556676909327507,-0.1858784258365631,-0.07690352946519852,-0.25476735830307007,-0.09133322536945343,-0.6948289275169373,-0.18396510183811188,-0.005790534429252148,0.08836030960083008,0.16193564236164093,-0.10124915838241577,-0.2957760989665985,-0.0117116030305624,0.048740603029727936,0.288829505443573,0.1500016748905182,-0.17330045998096466,0.15464922785758972,-0.07161010801792145,-0.1170957088470459,-0.5764671564102173,-0.024134809151291847,-0.015464693307876587,0.10418055951595306,-0.12075395882129669,0.07471899688243866,0.027079317718744278
CID000004440,1253,-0.2217346876859665,-0.04547462612390518,0.13534149527549744,-0.22843658924102783,0.17536243796348572,0.32362377643585205,0.2037481814622879,-0.32706066966056824,-0.6586658358573914,-0.21649356186389923,-0.027251264080405235,-0.5238812565803528,-0.2736338675022125,-0.40269336104393005,0.472834974527359,0.04037836566567421,0.1510164737701416,0.09836435317993164,-0.2391204535961151,-0.10579238086938858,0.2385203093290329,-0.014333093538880348,0.004028990864753723,0.07872211188077927,-0.32420822978019714,0.10909940302371979,-0.09229496866464615,0.07840510457754135,-0.23257091641426086,0.26222461462020874,-0.25604626536369324,-0.08351294696331024,-0.07947463542222977,0.03169984370470047,-0.273251473903656,0.07620076835155487,-0.7491744160652161,-0.4324394166469574,-0.0500938780605793,0.08186415582895279,0.22909049689769745,0.33026179671287537,-0.21164408326148987,-0.2593171298503876,0.5254589319229126,-0.013083064928650856,0.1892470419406891,0.21377778053283691,-0.3766913414001465,-0.04327119514346123,-0.49572429060935974,0.10103050619363785,-0.20716314017772675,-0.13090503215789795,0.10235831886529922,-0.20655293762683868,-0.057614099234342575,-0.14779414236545563,0.4932870864868164,0.04952279105782509,-0.939826488494873,-0.0479072742164135,0.00706406170502305,0.6404125690460205,0.4103468060493469,0.25747495889663696,0.07054366171360016,0.1282154768705368,-0.16466130316257477,-0.22704260051250458,-0.14778700470924377,-0.06311551481485367,0.10737764835357666,0.16202498972415924,0.4229496419429779,0.14929422736167908,-0.05477849394083023,0.43965262174606323,-0.08187869936227798,-0.1056467667222023,-0.06859276443719864,-0.028501231223344803,-0.2573845386505127,0.02647221088409424,-0.1694335639476776,0.09906180202960968,-0.20758481323719025,-0.12532390654087067,0.6515307426452637,-0.03235997259616852,-0.14482201635837555,-0.2495465725660324,-0.026607906445860863,0.05154365301132202,-0.6425186395645142,-0.23327045142650604,-0.42636600136756897,0.7150301337242126,0.21144437789916992,-0.3173573613166809,0.5457524061203003,0.19864779710769653,-0.080860435962677,-0.20622968673706055,-0.23338639736175537,0.006975946016609669,-0.26379603147506714,0.3758460283279419,-0.22145774960517883,0.08931736648082733,-0.18307653069496155,0.12453100830316544,0.5835053324699402,0.16399145126342773,0.10226394236087799,0.16874727606773376,-0.17021188139915466,0.051320623606443405,0.4677906036376953,0.19925335049629211,0.1257520467042923,-0.6254115700721741,-0.09536924213171005,-0.10406746715307236,-0.37206950783729553,-0.09518100321292877,0.03970126062631607,0.22505755722522736,0.15837784111499786,-0.011563384905457497,0.11735212802886963,0.025672834366559982,-0.6034542322158813,-0.2617531418800354,0.14846456050872803,0.09715159982442856,0.044834643602371216,-0.23268428444862366,-0.10341848433017731,-0.15405523777008057,0.18742704391479492,-0.04430647939443588,-0.3398081064224243,0.1018514484167099,0.1528167426586151,-0.09375236183404922,0.2846623659133911,-0.07442403584718704,0.16851869225502014,0.06203996390104294,-0.09033957123756409,-0.19057747721672058,0.3209414780139923,0.02163076214492321,0.09562662988901138,-0.12352706491947174,0.017378218472003937,-0.23120832443237305,-0.1217138022184372,0.22774291038513184,0.16127583384513855,-0.0793604925274849,-0.993858814239502,-0.08965751528739929,0.1217556819319725,0.2701209485530853,-0.1598794311285019,0.03514585644006729,0.4521077573299408,-0.2735520601272583,-0.2244095802307129,0.045325785875320435,0.2761193811893463,-0.2128843069076538,0.1642092913389206,0.005706953816115856,-0.19378319382667542,0.10329123586416245,-0.4731246829032898,-0.05253320187330246,0.25834542512893677,0.24999061226844788,0.20085564255714417,-0.16217657923698425,-0.16736403107643127,-0.20701737701892853,-0.29658663272857666,-0.5770444869995117,0.342631071805954,-0.11675125360488892,-0.29136452078819275,0.05192971229553223,0.14600756764411926,-0.24135473370552063,-0.3026341199874878,0.4412182867527008,0.017560599371790886,-0.31264135241508484,-0.577104926109314,0.14259381592273712,0.013546086847782135,-0.22276219725608826,-0.13846240937709808,0.08962556719779968,0.0036989361979067326,0.10405192524194717,0.36966875195503235,0.2200821191072464,-0.5213257074356079,0.03347387909889221,-0.08155442774295807,-0.04756670072674751,-0.05385013297200203,0.06532780081033707,0.1079791784286499,0.1250363141298294,0.41677871346473694,0.024945421144366264,-0.28954577445983887,-0.1267668604850769,-0.11977299302816391,-0.052081089466810226,-0.315010666847229,0.06042850762605667,0.3990539312362671,0.3123953938484192,0.2847166657447815,-0.06842784583568573,0.6229718327522278,0.12120316177606583,-0.09601390361785889,-0.16480541229248047,0.12672196328639984,-0.10746926069259644,-0.26443663239479065,-0.25818055868148804,-0.0317038968205452,0.3009970784187317,0.04183750972151756,0.027915772050619125,-0.13532157242298126,-0.1598908007144928,0.04742216691374779,0.2784971594810486,0.08521982282400131,-1.0088179111480713,0.0073231859132647514,-0.20137980580329895,0.047887545078992844,-0.7401424646377563,-0.11312301456928253,0.18424780666828156,0.3020390570163727,0.25118017196655273,0.05630354955792427,0.022703219205141068
CID000041693,1258,-0.004877609200775623,0.22689780592918396,0.31343308091163635,-0.18785548210144043,0.2915879786014557,0.3112512230873108,0.08378992974758148,0.03772924095392227,-0.16861142218112946,-0.1122649684548378,-0.10689830780029297,-0.19348914921283722,0.00046512632980011404,-0.17071133852005005,0.3555622100830078,0.057709939777851105,0.03256601840257645,0.35892540216445923,-0.10549020767211914,0.10000064224004745,-0.1419503092765808,0.19571331143379211,0.11533643305301666,-0.07391630113124847,0.21805234253406525,-0.14351680874824524,-0.0744679793715477,-0.06946339458227158,0.021457239985466003,0.32570773363113403,0.01890486478805542,0.21110036969184875,0.02891993522644043,-0.014241060242056847,-0.5760395526885986,-0.08824320137500763,-0.20801648497581482,-0.22669315338134766,-0.23664525151252747,0.030391186475753784,0.10770845413208008,0.008888298645615578,-0.15700998902320862,-0.4552987217903137,0.20727229118347168,-0.09544211626052856,-0.30317050218582153,0.01822442188858986,-0.12639391422271729,-0.09297920763492584,-0.40456539392471313,0.17319072782993317,-0.020308058708906174,-0.08408359438180923,-0.008156949654221535,-0.11083249002695084,-0.0586085319519043,-0.11126115173101425,0.4170612394809723,-0.07452292740345001,-0.952476978302002,0.2406373918056488,-0.41491803526878357,0.07390151172876358,0.0053192973136901855,0.18467473983764648,0.04209188371896744,0.1642843782901764,0.18942183256149292,0.1588796228170395,-0.16206742823123932,0.02277243137359619,0.021419744938611984,0.045405808836221695,0.4017051160335541,-0.0895029678940773,-0.06722111254930496,0.08260895311832428,-0.002370339585468173,-0.0047469898127019405,-0.2608829140663147,0.009663445875048637,-0.18380127847194672,-0.02904645726084709,-0.2733277678489685,-0.2294168919324875,-0.30454692244529724,-0.1333099901676178,0.4451623857021332,-0.02210632897913456,-0.12479376792907715,-0.140025332570076,-0.18565770983695984,0.11721675097942352,-0.5856534242630005,0.1372903287410736,-0.17321030795574188,0.3009328246116638,0.011620533652603626,-0.3067585527896881,0.2376733273267746,0.02134701795876026,-0.09130604565143585,0.08635656535625458,-0.1787959784269333,0.17378036677837372,-0.6019724607467651,0.16624043881893158,-0.13715234398841858,0.19470062851905823,-0.09627079218626022,-0.09394331276416779,0.3403698801994324,-0.24226060509681702,-0.14629553258419037,0.029678810387849808,0.06927090883255005,-0.1385638415813446,0.09727909415960312,0.11746637523174286,-0.11649256944656372,-0.6002755761146545,-0.2290787696838379,-0.4584997296333313,-0.4071148931980133,-0.1049976497888565,-0.0365549698472023,0.23344388604164124,-0.11742587387561798,0.06408005952835083,0.2921259105205536,-0.025374066084623337,-0.7110610008239746,-0.40350595116615295,0.12521405518054962,-0.1406274139881134,0.5445221066474915,-0.39784297347068787,-0.11007435619831085,0.00910051167011261,0.007874460890889168,0.24701178073883057,-0.30363595485687256,-0.07200965285301208,-0.004906736314296722,0.0024489015340805054,0.15119002759456635,0.03964000940322876,-0.1692686378955841,0.1461329311132431,-0.024834636598825455,0.15835662186145782,-0.20733937621116638,0.01689884439110756,-0.20981979370117188,0.16987252235412598,-0.10568909347057343,-0.4214583933353424,0.08888053894042969,-0.16598984599113464,0.18419930338859558,-0.05133376643061638,-0.9008541107177734,-0.06322283297777176,0.2953578531742096,0.2671436667442322,-0.26009994745254517,-0.11147522926330566,0.01624630019068718,0.03571878746151924,0.02829158864915371,0.06615693867206573,0.37125164270401,0.07507721334695816,-0.43984612822532654,-0.0523807518184185,0.020734015852212906,0.1208423525094986,-0.4551927149295807,-0.16090522706508636,0.12273596227169037,0.6018505096435547,0.10304610431194305,-0.07151050865650177,0.10119371116161346,-0.3232595920562744,-0.304178386926651,0.010346886701881886,0.5850368738174438,0.11257453262805939,0.18604816496372223,-0.46450334787368774,-0.18705801665782928,-0.13218069076538086,-0.08826838433742523,0.4743998944759369,0.26443761587142944,0.1122228130698204,-0.17302903532981873,-0.007090357132256031,0.10514223575592041,-0.14788658916950226,-0.14337268471717834,0.1722055971622467,0.009269993752241135,0.11617891490459442,0.0398925356566906,-0.18232548236846924,-0.05252267047762871,0.03798484802246094,0.08642945438623428,-0.016049521043896675,0.04175225645303726,0.2092183381319046,0.2240418940782547,-0.017167646437883377,0.37932080030441284,0.034519363194704056,-0.08716575801372528,-0.25900158286094666,-0.07994773983955383,-0.004342088010162115,-0.4641064703464508,0.1342279314994812,0.1762477606534958,-0.18715044856071472,0.010800281539559364,-0.37787294387817383,0.6495631337165833,-0.0573619082570076,-0.18820370733737946,-0.30722951889038086,0.04207710176706314,-0.01786186173558235,-0.6234638094902039,-0.15019099414348602,-0.39916008710861206,0.03563689813017845,0.1309664249420166,-0.20730622112751007,-0.2903754711151123,0.3629976809024811,0.28685620427131653,-0.08181609213352203,-0.1505107581615448,-0.4545561373233795,0.19355177879333496,-0.12101410329341888,0.028825055807828903,-0.6464677453041077,-0.13582099974155426,0.009251381270587444,0.268162339925766,0.19206483662128448,0.09936002641916275,-0.02142178639769554
CID000082146,1261,-0.1103779673576355,0.030042260885238647,0.13079285621643066,-0.158261239528656,0.786155641078949,0.3871726393699646,-0.21704769134521484,-0.10784938186407089,-0.4163080155849457,-0.12594787776470184,-0.043206654489040375,-0.3079557418823242,0.11758631467819214,-0.013865204527974129,-0.3235732913017273,-0.13716456294059753,-0.06843294948339462,-0.14704115688800812,-0.10982857644557953,-0.015580110251903534,-0.07136428356170654,-0.0369206964969635,-0.004520688205957413,-0.03305263817310333,-0.04002932831645012,-0.04843966290354729,0.21689558029174805,-0.13428768515586853,-0.029835928231477737,0.24683375656604767,0.23285722732543945,-0.25144368410110474,-0.05805618315935135,-0.17928127944469452,-0.4873054623603821,-0.06976063549518585,-0.2023964673280716,-0.38731899857521057,0.027952849864959717,-0.16760540008544922,0.2777244448661804,0.027540724724531174,-0.1260526329278946,-0.23079100251197815,0.04962858557701111,0.2571326494216919,0.08404501527547836,-0.03148188441991806,0.03130693361163139,-0.027782529592514038,-0.17472994327545166,0.10409078747034073,0.03584112599492073,-0.23517799377441406,0.07267949730157852,-0.0073631093837320805,-0.05128433555364609,-0.1636810600757599,0.026649510487914085,0.2886221706867218,-0.7336620092391968,-0.1720874160528183,-0.0664673000574112,0.3369444012641907,0.11517957597970963,0.3155069053173065,-0.18695306777954102,0.041332777589559555,0.1934824287891388,-0.03338360786437988,-0.1248260959982872,-0.07399426400661469,0.01912214793264866,-0.2666337192058563,-0.013997157104313374,-0.02323184534907341,-0.12451048195362091,0.05061808228492737,0.0634295716881752,-0.3431636393070221,-0.3618003726005554,-0.07245437800884247,-0.16061262786388397,-0.16295580565929413,0.06418434530496597,-0.21387410163879395,-0.214864581823349,0.09584903717041016,0.39782053232192993,-0.1837431639432907,0.018733609467744827,-0.01924252137541771,0.12795040011405945,-0.04696238785982132,-0.450786828994751,0.032906267791986465,-0.28630661964416504,0.4690586030483246,0.2875775098800659,-0.07754485309123993,0.3980642259120941,0.3984008729457855,0.18373624980449677,0.20237955451011658,-0.12077008187770844,-0.09578327089548111,-0.29520756006240845,0.18499083817005157,0.07291144877672195,0.19981424510478973,0.0758579671382904,-0.2240190953016281,0.42310547828674316,0.1528940498828888,-0.10213879495859146,-0.08856167644262314,-0.07703728973865509,0.006508783437311649,0.18598657846450806,-0.11271180212497711,-0.09084415435791016,-0.5496904253959656,0.11178360134363174,-0.1035076379776001,-0.3775253891944885,0.052515171468257904,0.07473664730787277,0.22565197944641113,0.1798170506954193,0.05024505406618118,-0.06754186004400253,0.13602104783058167,-0.4595142900943756,-0.21784918010234833,-0.4128064513206482,0.013930532149970531,0.12012042850255966,0.008009949699044228,-0.08555909246206284,-0.013199234381318092,-0.04976308345794678,0.3084409236907959,0.1462521255016327,0.022743696346879005,-0.11480273306369781,-0.1415315866470337,0.08488528430461884,0.04961184784770012,-0.2323639839887619,0.01693008467555046,-0.16299070417881012,0.043708398938179016,0.06669856607913971,0.08906779438257217,0.19722315669059753,0.17200784385204315,-0.11130611598491669,-0.3644987940788269,0.27149268984794617,-0.1433486044406891,0.15724970400333405,-0.20815825462341309,-0.8684593439102173,0.15300729870796204,0.09891097247600555,0.33357006311416626,-0.032223690301179886,0.06584794819355011,0.13743531703948975,0.028296446427702904,0.09484729915857315,-0.017962956801056862,0.44125205278396606,-0.30243200063705444,-0.010086828842759132,0.024975676089525223,0.2520180642604828,0.029758963733911514,-0.3427310585975647,-0.06447797268629074,0.27108535170555115,0.21572816371917725,-0.05257685109972954,0.00352458911947906,-0.030603626742959023,-0.06492175161838531,-0.15268076956272125,-0.2033112794160843,0.5637729167938232,-0.15068212151527405,0.07745995372533798,-0.14298143982887268,0.15876971185207367,-0.21610291302204132,-0.2470829039812088,0.5407339930534363,0.1204371452331543,-0.2708590626716614,-0.1468767523765564,-0.1514832228422165,-0.07979672402143478,0.11828230321407318,-0.31629812717437744,0.074757881462574,-0.08782467246055603,0.332295298576355,0.14480283856391907,-0.1969940960407257,-0.07579227536916733,-0.1583290845155716,0.10255738347768784,0.07374344021081924,0.12147605419158936,0.023647073656320572,0.37331798672676086,-0.1246044784784317,0.2650148272514343,-0.014944195747375488,0.03986150398850441,-0.30116644501686096,-0.009294655174016953,-0.12565459311008453,-0.4602339267730713,-0.01647145114839077,0.30607232451438904,0.030623620375990868,0.2484876662492752,-0.3346186876296997,0.44372910261154175,0.16931259632110596,0.2011517584323883,-0.27311915159225464,-0.03995102271437645,0.11869151890277863,-0.3541264235973358,-0.28750795125961304,0.02460089884698391,0.2013280689716339,0.19050678610801697,-0.2944827675819397,0.025672903284430504,-0.013263368979096413,0.3117826282978058,-0.18068687617778778,0.04941432923078537,-0.3313256800174713,0.31969523429870605,0.1409495621919632,0.11176824569702148,-0.4961586594581604,0.04271143674850464,0.04453570023179054,0.11035213619470596,0.0931662768125534,-0.02541971206665039,-0.12294278293848038
CID000004201,1274,-0.10811632871627808,-0.21902120113372803,-0.14960148930549622,-0.1321127563714981,0.4914356768131256,0.2532244920730591,-0.07536710798740387,-0.011217181570827961,-0.15828397870063782,-0.19388632476329803,0.0725683942437172,-0.3873146176338196,-0.09197165817022324,-0.07421071082353592,0.10710684210062027,0.0018183125648647547,0.11420533806085587,-0.12527403235435486,-0.0890422835946083,0.06986865401268005,0.06058211997151375,0.16460825502872467,0.11578927934169769,-0.053766340017318726,0.04084049537777901,-0.013986299745738506,-0.16233913600444794,0.07034935057163239,-0.05945167690515518,0.31223151087760925,0.008776450529694557,-0.306298166513443,-0.09654242545366287,-0.026532907038927078,-0.4277731478214264,-0.04511341452598572,-0.22241878509521484,-0.1960340440273285,-0.09309834241867065,-0.051939256489276886,0.10072799026966095,-0.05675395578145981,-0.17045286297798157,-0.13364805281162262,0.041507620364427567,0.06774461269378662,-0.062327880412340164,0.32366442680358887,-0.06831922382116318,-0.039165154099464417,0.005870744585990906,0.07267232239246368,0.006399598903954029,-0.33240631222724915,0.13447515666484833,-0.029493223875761032,-0.16820859909057617,-0.014702731743454933,0.18054437637329102,-0.04036732763051987,-0.8983148336410522,-0.13125456869602203,-0.18353590369224548,0.2176169455051422,0.18731309473514557,-0.013185417279601097,-0.13615217804908752,0.03879668563604355,-0.015412062406539917,-0.009784943424165249,-0.18384720385074615,0.09932620823383331,-0.005721735768020153,-0.11074614524841309,0.056885529309511185,-0.0580117292702198,-0.12503834068775177,-0.11292864382266998,0.1963719129562378,-0.13232377171516418,-0.2415914535522461,-0.048416219651699066,-0.22370067238807678,-0.09170658141374588,-0.08381115645170212,-0.14866402745246887,-0.27222076058387756,-0.16092541813850403,0.31514817476272583,-0.08587217330932617,0.006998139433562756,0.00964711606502533,0.016875624656677246,0.0489560104906559,-0.4431133270263672,-0.02662774920463562,-0.1534314900636673,0.2777228355407715,0.04184086248278618,-0.17413462698459625,0.17788009345531464,0.1522352695465088,-0.33026137948036194,0.025120213627815247,-0.10995744168758392,0.021935541182756424,-0.5170981287956238,0.2505172789096832,0.04350285604596138,0.13576161861419678,0.14672404527664185,0.14908435940742493,0.20341500639915466,0.08305872231721878,-0.04144040495157242,0.2120198905467987,-0.12670697271823883,-0.1713131219148636,0.016228532418608665,0.12223003804683685,-0.1643068790435791,-0.5814372301101685,0.16788505017757416,-0.1286778748035431,-0.34481915831565857,0.0975136011838913,-0.06624248623847961,0.4368942379951477,0.13134223222732544,-0.06544279307126999,-0.23028501868247986,0.060059498995542526,-0.40041208267211914,-0.27276894450187683,-0.14353972673416138,-0.14130373299121857,0.16577750444412231,0.077655129134655,-0.022357475012540817,-0.022215917706489563,0.03310729190707207,0.2109435498714447,-0.2520384192466736,0.09768759459257126,0.10006912797689438,-0.2364174872636795,0.17534326016902924,0.07490137964487076,0.150150865316391,0.18340209126472473,-0.03666721284389496,0.003012758446857333,-0.06747288256883621,0.05924984812736511,0.06106323003768921,-0.08204254508018494,-0.10207982361316681,-0.311836838722229,0.0440199188888073,0.01556900329887867,0.08890491724014282,0.04432718828320503,-0.9352535009384155,0.04356706514954567,0.19322921335697174,0.26646819710731506,-0.18658174574375153,-0.04373493790626526,0.18433967232704163,0.13628733158111572,-0.1991157829761505,-0.08452506363391876,0.2697961926460266,-0.07993870228528976,-0.07420811802148819,0.2399059534072876,0.040634118020534515,0.15827396512031555,-0.41497594118118286,-0.14425617456436157,0.2664945125579834,0.256477415561676,0.09080810844898224,-0.033738285303115845,-0.055342793464660645,-0.03434500843286514,-0.19374075531959534,0.047107089310884476,0.4535815715789795,-0.08546070009469986,0.2634279131889343,-0.09724365919828415,-0.028804102912545204,-0.014728473499417305,-0.01418731827288866,0.3748694956302643,-0.04966571927070618,-0.06341883540153503,-0.057113904505968094,-0.1633571833372116,-0.06757087260484695,0.008946051821112633,-0.12796249985694885,0.17207816243171692,-0.149899423122406,0.27528175711631775,0.003573700785636902,-0.031984809786081314,0.06601706892251968,-0.04833291098475456,-0.01841556280851364,0.04669351130723953,0.06788574904203415,0.09651970118284225,0.19709640741348267,0.1819329559803009,0.3366091549396515,0.02443276159465313,-0.0714503675699234,-0.3877858817577362,-0.14548197388648987,-0.14815230667591095,-0.4657962918281555,0.024083519354462624,0.19977720081806183,-0.15523554384708405,0.12069978564977646,-0.383448988199234,0.7600513696670532,0.09776870906352997,-0.23882508277893066,-0.15584734082221985,-0.21176166832447052,-0.06294874846935272,-0.6232442855834961,-0.1771531105041504,0.06714464724063873,0.07880712300539017,0.21760956943035126,-0.03816407173871994,-0.226203054189682,-0.041890569031238556,0.08226976543664932,0.21167603135108948,0.09488935768604279,-0.15600785613059998,0.15721562504768372,-0.11535284668207169,-0.0975685566663742,-0.559542715549469,0.07772472500801086,-0.046716105192899704,0.15099981427192688,-0.06669320911169052,0.07742033898830414,-0.004019899759441614
CID000065027,1304,0.06968031823635101,0.2454390972852707,-0.35171303153038025,0.049585480242967606,0.4224773347377777,0.35975879430770874,0.06958219408988953,-0.33411818742752075,-0.41896748542785645,-0.07920299470424652,-0.0015721454983577132,-0.47243770956993103,0.08772394806146622,-0.16434535384178162,-0.039536356925964355,-0.3577079474925995,-0.0831599310040474,-0.10831525176763535,0.6088176965713501,0.18974114954471588,0.21100886166095734,-0.056971948593854904,-0.3559238612651825,-0.5571649074554443,-0.3820495009422302,-0.04138554260134697,0.3898184895515442,-0.02611938677728176,-0.05729485675692558,0.2935047745704651,-0.23098602890968323,0.4629119336605072,0.13628646731376648,0.13965927064418793,-0.9526206851005554,-0.14384320378303528,-0.39773401618003845,-0.25760579109191895,-0.243010476231575,-0.10818882286548615,-0.0877641811966896,-0.16265201568603516,-0.2549576163291931,0.21382173895835876,0.5280597805976868,0.355341374874115,0.2623916566371918,0.02852477692067623,-0.04295094683766365,-0.19020472466945648,-1.109977126121521,-0.04287037253379822,-0.4596899151802063,-0.2901553511619568,0.320328950881958,-0.014961260370910168,-0.05581314489245415,-0.19908872246742249,0.8801849484443665,0.14052851498126984,-1.174964189529419,0.12160210311412811,-0.138094961643219,0.4654545783996582,-0.3197583854198456,-0.28488558530807495,-0.025629889219999313,0.6028632521629333,0.19483618438243866,0.12068916857242584,-0.4119807183742523,0.03267760947346687,-0.18001572787761688,0.10598907619714737,0.8168473243713379,0.2960778772830963,0.04788782447576523,0.4067607820034027,0.10355816781520844,-0.3171258866786957,0.03324174880981445,-0.02752549573779106,-0.0016453564167022705,-0.10912062972784042,-0.16229502856731415,-0.08816235512495041,-0.3002685010433197,0.16468210518360138,0.3451940715312958,-0.11294019222259521,0.05416378378868103,0.11937874555587769,0.0380106046795845,0.0006880104774609208,-0.7299019694328308,-0.14341269433498383,-0.10407944768667221,0.2578737735748291,0.03681159019470215,-0.2025475949048996,0.4715794026851654,0.009943324141204357,0.020024526864290237,0.15430191159248352,0.10928461700677872,-0.016074711456894875,-0.602586030960083,0.1571003645658493,0.3584222197532654,-0.00015729367441963404,-0.38341277837753296,0.4137282371520996,0.10670838505029678,0.20440030097961426,0.22838111221790314,0.2327870875597,0.09499691426753998,-0.46528443694114685,0.275199830532074,0.1313098818063736,0.43053698539733887,-1.1444048881530762,-0.09918437153100967,-0.18722620606422424,-0.2166365087032318,0.2136341631412506,0.18289753794670105,0.39649444818496704,0.29102733731269836,0.13403332233428955,-0.3548763692378998,-0.06471662223339081,-0.7322076559066772,-0.4002913534641266,-0.13398781418800354,0.21587643027305603,0.3358399271965027,-0.5754373073577881,-0.01162257231771946,-0.023896658793091774,0.07510672509670258,0.05019521713256836,-0.05307026952505112,-0.05284515768289566,-0.19913658499717712,-0.09721319377422333,-0.5113329291343689,0.22987277805805206,0.1704733669757843,-0.17477893829345703,0.0029284178745001554,0.2537270486354828,0.13874965906143188,0.11554819345474243,0.24913325905799866,0.006641828920692205,-0.27162599563598633,-0.5056816339492798,-0.05442246049642563,0.15467479825019836,0.044071752578020096,-0.07573225349187851,-1.1588447093963623,0.04918255656957626,0.7153241634368896,0.06447074562311172,-0.20654015243053436,0.1315939724445343,-0.2149241864681244,0.2421119213104248,-0.21990422904491425,-0.39675140380859375,0.3202749788761139,-0.1514449119567871,-0.049674734473228455,-0.003010821295902133,0.05551934242248535,-0.10594478994607925,-0.3228060007095337,0.2467161864042282,0.4658500552177429,0.3354673981666565,0.40571704506874084,-0.20398226380348206,0.09179946035146713,-0.26314160227775574,-0.09548214823007584,-0.161516934633255,0.8093323707580566,0.03447418659925461,-0.27465730905532837,-0.33441978693008423,0.02384735643863678,0.2976464331150055,-0.12974338233470917,0.39098286628723145,0.001732533099129796,-0.005165016744285822,-0.3417748808860779,-0.04556792229413986,0.03029032051563263,-0.14692294597625732,-0.009061604738235474,0.23127314448356628,-0.16596856713294983,0.06546217948198318,-0.08837491273880005,0.1260967254638672,-0.3659594655036926,-0.03713401407003403,0.2011464536190033,0.21010343730449677,-0.23083333671092987,0.24977466464042664,0.2732061743736267,-0.261177659034729,0.7176197171211243,-0.004959851503372192,0.12397675216197968,0.2309838980436325,0.006063295062631369,-0.1305268555879593,-0.7338603138923645,0.008524680510163307,0.3276960551738739,-0.13824348151683807,-0.025234878063201904,-0.32785850763320923,1.2450792789459229,-0.025933628901839256,0.13842245936393738,-0.13725915551185608,0.18470881879329681,0.024897009134292603,-0.5850885510444641,-0.19686828553676605,0.11154987663030624,0.06684861332178116,-0.16731199622154236,0.37700000405311584,-0.5273135304450989,-0.15471412241458893,0.006000482942909002,0.41502833366394043,-0.14855673909187317,-0.3211725354194641,0.05329384282231331,-0.26762712001800537,-0.002227380871772766,-1.2565491199493408,-0.1496361494064331,0.5802410840988159,0.6160121560096741,-0.018520813435316086,0.06940015405416489,0.09849560260772705
CID000003494,1320,-0.21039709448814392,0.017416659742593765,0.08658918738365173,-0.05476178973913193,0.09089897572994232,0.3143640458583832,-0.1263660341501236,0.07629217207431793,-0.2121296226978302,-0.2876119613647461,0.12680776417255402,-0.16519808769226074,0.1592882126569748,-0.44349804520606995,0.16834409534931183,0.0009939024457708001,-0.0266636461019516,0.2509996294975281,0.01890977844595909,-0.029856670647859573,-0.3301975727081299,-0.15722839534282684,0.01845545507967472,0.0901041179895401,0.3524913489818573,-0.0517553985118866,0.0006655871984548867,-0.033813945949077606,-0.001933280029334128,0.367610901594162,-0.0994027853012085,-0.09410278499126434,-0.2682499289512634,-0.035587821155786514,-0.2978804409503937,-0.06579053401947021,-0.33787089586257935,-0.36086148023605347,-0.06944054365158081,-0.025714311748743057,0.30305784940719604,-0.032472144812345505,-0.2682744860649109,-0.09810465574264526,0.16959868371486664,-0.11933422088623047,0.16699998080730438,0.1853136271238327,0.055001188069581985,-0.1601789891719818,-0.2142382115125656,0.24973651766777039,-0.04875639081001282,0.05134962126612663,-0.010076209902763367,0.044046178460121155,-0.03370359539985657,-0.007133221719413996,0.11715726554393768,0.13775396347045898,-0.8361568450927734,0.17483316361904144,-0.1798684000968933,0.09579154849052429,0.12437447160482407,0.28507986664772034,-0.41089606285095215,-0.009733127430081367,0.06515629589557648,-0.10270712524652481,-0.16311296820640564,-0.21799199283123016,0.025038111954927444,-0.33635246753692627,0.00489537138491869,0.08070112019777298,-0.06779523193836212,0.12574951350688934,0.0482768788933754,0.0922899916768074,-0.33261924982070923,-0.1488916277885437,-0.23741988837718964,-0.22370120882987976,-0.1275589019060135,0.19916637241840363,-0.24413156509399414,-0.2327418327331543,0.30979758501052856,-0.028169875964522362,-0.17379087209701538,-0.2659987211227417,-0.08500124514102936,-0.06552650034427643,-0.4804512858390808,-0.03460048511624336,-0.29171016812324524,0.40250474214553833,0.2328822910785675,-0.5328394174575806,0.34262603521347046,0.061349570751190186,-0.12135323137044907,-0.2093324214220047,-0.2315017282962799,-0.011346526443958282,-0.2477690726518631,0.3485565781593323,0.1822756826877594,0.42860332131385803,-0.06669922173023224,-0.15354828536510468,0.41610559821128845,-0.049333859235048294,0.02805309370160103,-0.15756633877754211,-0.11152498424053192,0.0508270338177681,0.15555427968502045,-0.14036992192268372,-0.016613690182566643,-0.5307849049568176,-0.010803651064634323,-0.4241054058074951,-0.5616949796676636,-0.047212742269039154,0.1619335114955902,0.3877454698085785,0.3418125510215759,0.02611176110804081,0.030539190396666527,0.11547239124774933,-0.4600454866886139,-0.28246229887008667,-0.09359316527843475,-0.2622584402561188,0.2557612955570221,-0.04587007686495781,-0.07193800061941147,0.22832360863685608,-0.14529575407505035,0.29177483916282654,-0.3301297724246979,0.04499179497361183,0.09705265611410141,0.14245107769966125,0.06161711737513542,0.08831391483545303,-0.24704453349113464,-0.2073040008544922,0.11200422048568726,0.006709739565849304,-0.28407058119773865,0.12805113196372986,-0.1578298658132553,0.04024386405944824,-0.19119003415107727,-0.32719874382019043,0.2198326587677002,-0.011313770897686481,0.2948962450027466,-0.022836292162537575,-0.7677139639854431,-0.03584029898047447,0.06183808296918869,0.3718847334384918,-0.010480543598532677,-0.06759464740753174,0.2628785967826843,0.050728123635053635,-0.030428403988480568,-0.08529560267925262,0.471566379070282,0.03730645775794983,-0.005385056138038635,0.21430642902851105,0.2371515929698944,0.18172338604927063,-0.38720452785491943,-0.09389308094978333,0.17399638891220093,0.553383469581604,-0.07317985594272614,0.12906943261623383,-0.015527757816016674,0.1821134388446808,-0.32950955629348755,-0.10734252631664276,0.24220196902751923,0.05863247066736221,0.11239767074584961,-0.20416590571403503,-0.032954275608062744,-0.21627895534038544,-0.263131320476532,0.34945425391197205,-0.09089165925979614,-0.18106237053871155,-0.25031572580337524,0.24548828601837158,0.05795937031507492,0.30204659700393677,-0.1692272126674652,0.19879207015037537,-0.0658126026391983,0.3071759343147278,-0.055327095091342926,0.0018061280716210604,-0.05026078224182129,-0.0521906316280365,0.11305338144302368,0.2856752574443817,-0.03262724727392197,-0.13807180523872375,0.01805652305483818,0.022708330303430557,0.31407633423805237,0.03829437866806984,-0.0265041533857584,-0.3439177870750427,0.03823970630764961,-0.05173324793577194,-0.40824049711227417,0.03031117282807827,0.3829205632209778,0.062087588012218475,0.24076667428016663,-0.177642360329628,0.4227432310581207,0.01226816140115261,-0.07085269689559937,-0.28806787729263306,-0.15793029963970184,-0.09039869159460068,-0.40528011322021484,-0.254010409116745,0.023967012763023376,0.2851722538471222,0.1949508786201477,-0.1815045177936554,-0.1704193353652954,0.05564476177096367,0.14437319338321686,-0.26239925622940063,0.06521738320589066,-0.4193207323551178,0.3526751697063446,0.2059669941663742,0.018668752163648605,-0.4613574147224426,-0.0395176038146019,-0.1520751267671585,0.05609722062945366,0.03103461302816868,-0.2072490155696869,-0.11052244901657104
CID000003108,1326,-0.1518874168395996,-0.04376891255378723,-0.07913066446781158,-0.12966731190681458,0.39711809158325195,0.32473841309547424,0.144293874502182,0.00850977934896946,-0.24768149852752686,-0.2795194983482361,-0.054800234735012054,-0.24010708928108215,0.04174249619245529,-0.23128676414489746,0.025364374741911888,0.14762401580810547,0.04989270120859146,-0.1266929656267166,0.035874731838703156,0.09535907208919525,-0.005031225271522999,0.22036080062389374,0.16496828198432922,-0.1973356306552887,-0.12958621978759766,-0.048624344170093536,-0.20295405387878418,0.0856403335928917,-0.1913655698299408,0.2969866991043091,-0.15769407153129578,-0.18552857637405396,-0.03676188737154007,0.1684279590845108,-0.42183297872543335,0.05167223885655403,-0.3554374575614929,-0.2912503182888031,-0.2691856920719147,-0.017879540100693703,0.15490666031837463,-0.07492604106664658,-0.3509354591369629,-0.31037193536758423,0.0753336250782013,0.1061941385269165,0.02522721327841282,0.2706299424171448,-0.2151593267917633,-0.11423979699611664,-0.19341114163398743,0.05414285138249397,-0.057168882340192795,-0.13254329562187195,-0.04129554703831673,-0.03757863864302635,-0.10181675106287003,0.12815913558006287,0.1478712111711502,-0.1094738095998764,-0.8423917889595032,-0.09972257167100906,-0.1959482729434967,0.27232295274734497,0.053602028638124466,-0.015292605385184288,-0.08891398459672928,0.20317840576171875,-0.040827833116054535,0.019764447584748268,-0.2841765284538269,-0.1148136705160141,-0.03153401240706444,-0.20507733523845673,0.31471139192581177,-0.0759488195180893,-0.12252636253833771,0.12095892429351807,0.07976602017879486,-0.06268434226512909,-0.287245512008667,0.026351850479841232,-0.4131987988948822,0.01241379976272583,-0.1799389123916626,-0.1470448076725006,-0.17831560969352722,-0.3138899803161621,0.34540271759033203,0.04863020032644272,0.1372317224740982,-0.047834329307079315,-0.028916675597429276,-0.1695719212293625,-0.5175769925117493,-0.09719740599393845,-0.20644612610340118,0.3960186541080475,-0.003942042589187622,-0.24962696433067322,0.236128568649292,0.10938309133052826,-0.21673016250133514,0.04374346882104874,-0.03831258416175842,0.2033202201128006,-0.33165082335472107,0.1936831921339035,-0.21409504115581512,0.040418025106191635,0.06767572462558746,0.027918344363570213,0.2955761253833771,0.07500425726175308,-0.10746212303638458,-0.006386756896972656,-0.0011637627612799406,-0.22890225052833557,0.16813072562217712,0.09796343743801117,-0.16230431199073792,-0.7190719246864319,0.0714556947350502,-0.24915525317192078,-0.3855378031730652,0.25964733958244324,0.13590069115161896,0.4093758165836334,0.09172014892101288,-0.095957912504673,-0.098833367228508,0.13815884292125702,-0.49966660141944885,-0.3807455897331238,0.24372276663780212,-0.20713254809379578,0.2689513564109802,-0.07387249171733856,-0.11849858611822128,0.17255297303199768,-0.012268764898180962,0.012553778477013111,-0.07834666967391968,-0.08339615166187286,0.1180703416466713,-0.3563159704208374,-0.15858390927314758,0.07925671339035034,-0.06744787096977234,0.1864524781703949,-0.009703817777335644,0.21561464667320251,0.15179996192455292,-0.04152538254857063,-0.1116967648267746,0.04614183306694031,-0.038134198635816574,-0.4190341532230377,-0.017244908958673477,0.2701353430747986,0.14314571022987366,-0.1250775307416916,-0.835739016532898,0.052158188074827194,0.15802834928035736,0.25946906208992004,-0.23626181483268738,-0.11667589843273163,0.188821479678154,0.08578847348690033,-0.10926594585180283,-0.042925674468278885,0.4188240170478821,-0.27866309881210327,-0.032721348106861115,0.2002614289522171,0.04001211002469063,0.09064579755067825,-0.44173669815063477,0.01672850176692009,0.23517349362373352,0.20937776565551758,0.02639366127550602,0.019210586324334145,0.02856121025979519,-0.06485981494188309,-0.29662904143333435,0.0016256303060799837,0.3459203839302063,-0.06723475456237793,0.20469872653484344,-0.16318166255950928,-0.14389751851558685,-0.030426908284425735,-0.2442895919084549,0.29490333795547485,0.02160506881773472,-0.013544177636504173,0.07052701711654663,0.08834195137023926,-0.11531319469213486,0.02356443926692009,-0.10892654955387115,0.1601990908384323,-0.033479101955890656,0.29326385259628296,0.15069973468780518,-0.26280930638313293,0.06450800597667694,0.07679438591003418,-0.08055756241083145,0.02151539921760559,0.013006450608372688,0.04232160001993179,0.20491452515125275,0.17321562767028809,0.2956066429615021,0.10795394331216812,-0.02148638293147087,-0.422207772731781,-0.04132472351193428,0.0718570351600647,-0.4156540036201477,0.061475347727537155,0.22605986893177032,-0.03689432889223099,0.10489978641271591,-0.21858496963977814,0.6921648979187012,-0.044663358479738235,-0.25682497024536133,-0.2059687077999115,-0.1199752688407898,-0.060096584260463715,-0.40019741654396057,-0.2157280147075653,-0.2330455482006073,0.29744458198547363,0.1426043063402176,0.015112566761672497,-0.17509746551513672,0.06574391573667526,0.22369948029518127,-0.04796067625284195,0.02173643186688423,-0.11862635612487793,0.14579784870147705,-0.06717430800199509,0.0954984799027443,-0.6014434695243835,0.22007647156715393,0.023735275492072105,0.1886182725429535,-0.13425345718860626,-0.006554892752319574,-0.05610277131199837
CID000013342,1349,0.04476694390177727,0.1679752767086029,-0.04761875793337822,0.10574144124984741,0.26848429441452026,0.3045384883880615,0.19826041162014008,-0.07696928083896637,-0.24262233078479767,-0.16922929883003235,-0.021309683099389076,-0.5506091713905334,0.22558876872062683,-0.20339949429035187,-0.1380106508731842,-0.10020394623279572,-0.03884955495595932,-0.20579206943511963,0.09768586605787277,-0.16039612889289856,0.1978490799665451,-0.13016214966773987,-0.2467723786830902,0.09254659712314606,-0.0304171834141016,-0.15341579914093018,0.23921117186546326,0.10597572475671768,-0.09544007480144501,0.4731348156929016,-0.2568548023700714,0.26972922682762146,0.14280939102172852,0.07806839793920517,-0.6789345741271973,-0.02584443986415863,-0.18616434931755066,-0.23944802582263947,-0.2742138206958771,-0.05992112681269646,-0.027233192697167397,0.08251771330833435,-0.40081676840782166,0.08397053182125092,0.4166037142276764,-0.08612453937530518,-0.0033569454681128263,0.12066224962472916,0.0799851268529892,-0.2402917891740799,-0.5581340789794922,-0.0013769507640972733,-0.326256662607193,-0.2394990622997284,0.07130711525678635,0.04828459769487381,-0.05906742811203003,-0.13235391676425934,0.43951326608657837,0.09469501674175262,-0.9527840614318848,0.08164286613464355,-0.35135650634765625,0.10899747908115387,-0.0622284933924675,0.060314953327178955,-0.17231449484825134,0.4149327278137207,0.08717406541109085,-0.14055640995502472,-0.2705274522304535,-0.10553643852472305,-0.06911765038967133,0.05624610185623169,0.23617307841777802,0.1225963830947876,0.2462116777896881,0.281265527009964,-0.06890491396188736,0.03074931725859642,-0.04852950945496559,-0.07779325544834137,0.10586217790842056,0.04481356218457222,-0.007408030331134796,-0.05738339573144913,-0.36915692687034607,0.17212866246700287,0.45424753427505493,0.030780624598264694,-0.14384779334068298,-0.11525936424732208,0.05577246472239494,-0.2327146828174591,-0.5266615152359009,-0.0072901188395917416,-0.04164465144276619,0.2000611275434494,0.16789303719997406,-0.22667105495929718,0.24331073462963104,0.1446569561958313,-0.2894090712070465,0.18179850280284882,-0.22685834765434265,-0.22564037144184113,-0.41294747591018677,0.17537546157836914,0.005468321032822132,0.272773802280426,0.06394388526678085,0.05878655984997749,0.15467225015163422,0.15705810487270355,0.33959299325942993,0.013840782456099987,-0.12789170444011688,-0.5977699756622314,0.07339023798704147,-0.07418970763683319,0.10086242854595184,-0.8404922485351562,-0.08008494228124619,-0.13591422140598297,-0.4245895445346832,0.1488582342863083,0.1586035043001175,0.37896183133125305,0.10795944929122925,0.2563144564628601,0.030311644077301025,-0.08253765106201172,-0.5449007153511047,-0.3047056198120117,0.21172022819519043,-0.010295715183019638,0.3035881519317627,-0.3755248188972473,-0.06109391525387764,-0.1876613348722458,-0.20381589233875275,0.19553205370903015,0.046025920659303665,-0.1055595725774765,-0.22850599884986877,-0.08013822883367538,-0.13679063320159912,-0.07125283777713776,0.24047918617725372,-0.04972097650170326,0.01461281068623066,0.07272735983133316,-0.24489006400108337,0.2291523516178131,0.19500181078910828,-0.10528232902288437,-0.003931588958948851,-0.4763871133327484,-0.15257342159748077,0.22833304107189178,-0.06843571364879608,-0.10376740992069244,-0.9539754986763,0.08707796037197113,0.6355887651443481,0.16402649879455566,-0.1608898937702179,0.19556404650211334,0.06185750290751457,0.09692173451185226,-0.24823227524757385,-0.308580219745636,0.3339095711708069,0.02790575660765171,-0.0640379935503006,0.1611432284116745,0.19774119555950165,-0.021783605217933655,-0.38697460293769836,0.021721845492720604,0.37085476517677307,0.26654428243637085,0.028880029916763306,0.022317374125123024,0.07596423476934433,-0.06020454689860344,-0.2519993782043457,-0.13689473271369934,0.6386760473251343,-0.08454079926013947,0.15748317539691925,-0.437619149684906,0.06254243105649948,-0.07768730819225311,-0.12690293788909912,0.24875542521476746,0.10154342651367188,-0.25053003430366516,-0.3851360082626343,0.10976646095514297,-0.03655197471380234,-0.09848359227180481,-0.36095038056373596,0.054743390530347824,-0.1894402801990509,0.032630857080221176,0.022232944145798683,-0.21721825003623962,-0.402415931224823,-0.12803585827350616,0.22602501511573792,-0.008385753259062767,0.004218514077365398,-0.0008419632795266807,0.15540941059589386,-0.28700074553489685,0.5529795289039612,0.007372820284217596,-0.042471993714571,0.08371543884277344,-0.011257024481892586,-0.23404748737812042,-0.5259959101676941,-0.12419988960027695,0.24535195529460907,-0.07178588211536407,0.14344504475593567,-0.24814829230308533,0.9736196398735046,0.33398866653442383,-0.20294204354286194,-0.10022475570440292,0.029362808912992477,0.13049006462097168,-0.4430748522281647,-0.1991136521100998,-0.2155665159225464,0.07922834157943726,0.3139369785785675,0.10292301326990128,-0.3962048590183258,-0.036445263773202896,-0.03141435980796814,-0.00557444104924798,0.08962997049093246,-0.1612013578414917,0.13310100138187408,0.056646328419446945,0.2618870437145233,-0.98138028383255,-0.12761902809143066,0.5559507608413696,0.18429407477378845,0.08633153140544891,0.04404771327972412,-0.03691714257001877
CID000068844,1366,-0.0020121224224567413,-0.04486169293522835,-0.03305266052484512,-0.1567760407924652,0.27547183632850647,0.2509172558784485,-0.024975953623652458,0.20116429030895233,-0.19219890236854553,-0.29863670468330383,0.16605354845523834,-0.469981849193573,0.21109768748283386,-0.1979481279850006,-0.2765577435493469,-0.08868519216775894,-0.058620501309633255,0.08964252471923828,0.12810853123664856,-0.014963495545089245,0.25729015469551086,0.13495489954948425,-0.09146922826766968,0.07108161598443985,0.2013431042432785,-0.20463137328624725,0.29861778020858765,-0.09709899127483368,0.03581305220723152,0.38247066736221313,-0.26289308071136475,0.1734323799610138,0.07689490169286728,0.08135256916284561,-0.6614886522293091,0.0770755261182785,-0.17806169390678406,-0.29881879687309265,-0.25791865587234497,-0.11954275518655777,0.05273473262786865,0.09423508495092392,-0.4003503918647766,0.32420873641967773,0.4252548813819885,0.15951579809188843,-0.0007082819938659668,-0.011325329542160034,0.13546600937843323,-0.06311635673046112,-0.3658001720905304,0.11233492195606232,-0.27649158239364624,-0.15543122589588165,0.21042445302009583,-0.06648851931095123,0.04593197628855705,0.049760762602090836,0.4163127541542053,0.19309154152870178,-0.8242380023002625,-0.004864105489104986,-0.5055360794067383,0.15223261713981628,0.04349853843450546,0.33112066984176636,-0.15656086802482605,0.43375787138938904,-0.011606842279434204,0.12696385383605957,-0.0016653805505484343,-0.11277228593826294,0.15370774269104004,0.2072465419769287,0.31771817803382874,0.06526122242212296,0.11371298879384995,0.37028780579566956,-0.006108212284743786,-0.2783553898334503,-0.10877319425344467,0.10828886181116104,0.15901458263397217,-0.11959336698055267,-0.0014758690958842635,-0.006250351667404175,-0.4418824315071106,0.10873697698116302,0.3657541275024414,-0.1330832540988922,-0.0290281530469656,-0.08173314481973648,-0.012474723160266876,-0.07477539777755737,-0.5102841854095459,-0.16294553875923157,-0.14705419540405273,0.10625859349966049,0.030859801918268204,-0.276228129863739,0.24156919121742249,-0.07812842726707458,-0.22376099228858948,0.20120258629322052,-0.1478573977947235,0.14883802831172943,-0.540289580821991,0.23916737735271454,-0.13615980744361877,0.21973653137683868,0.19665560126304626,0.24464306235313416,0.0636298805475235,0.08362869918346405,0.1662675142288208,0.26681870222091675,0.08009102195501328,-0.5873852968215942,0.3507746458053589,0.12003161758184433,0.033741295337677,-0.7479508519172668,-0.20163007080554962,-0.24233905971050262,-0.3206128478050232,0.23830485343933105,0.026672303676605225,0.18861167132854462,0.12517300248146057,0.050818849354982376,0.059327803552150726,0.03272316977381706,-0.5262638330459595,-0.2747114300727844,-0.0008642867323942482,-0.2052258551120758,0.17472906410694122,-0.21655604243278503,0.17616915702819824,-0.269813597202301,-0.06505433470010757,0.09497123956680298,0.03756110742688179,-0.07063676416873932,-0.28885436058044434,0.09785138815641403,-0.21611838042736053,-0.04239220172166824,0.3402142822742462,0.1831534504890442,-0.0380631722509861,0.18702556192874908,-0.017118221148848534,0.24593600630760193,0.21236810088157654,0.08176054060459137,-0.12494520097970963,-0.46116703748703003,-0.05501260608434677,0.07457944750785828,-0.1628296822309494,-0.08984851837158203,-0.855790913105011,-0.04639407992362976,0.6299884915351868,0.23465104401111603,-0.2165856808423996,0.1290837526321411,-0.1351114809513092,0.04124331474304199,-0.23626366257667542,-0.3158265948295593,0.3599807322025299,-0.06687049567699432,-0.1288096010684967,-0.05203641578555107,0.14747099578380585,-0.13476473093032837,-0.40629926323890686,-0.0362551249563694,0.12973324954509735,0.2655794322490692,0.030726337805390358,-0.012519532814621925,-0.011594911105930805,-0.007474529556930065,-0.15848694741725922,-0.2202252894639969,0.5806251168251038,-0.08935266733169556,0.14898546040058136,-0.18914100527763367,0.03945393115282059,-0.14520668983459473,-0.18025891482830048,0.3513195514678955,-0.13389457762241364,-0.016318153589963913,-0.3840394616127014,0.17298610508441925,0.08982579410076141,-0.22667941451072693,-0.19993475079536438,-0.05324099212884903,0.09921818226575851,0.13850709795951843,-0.1007070317864418,-0.03831392526626587,-0.38411474227905273,0.03498607873916626,0.24757269024848938,0.04242734611034393,-0.0806058943271637,0.025202041491866112,0.009323072619736195,-0.15362615883350372,0.6155712604522705,-0.12359043210744858,-0.04773225262761116,-0.15769219398498535,0.024749744683504105,-0.008612370118498802,-0.5298906564712524,-0.10935808718204498,0.21864238381385803,-0.09492534399032593,0.20931541919708252,-0.16154398024082184,0.8597921133041382,0.046180225908756256,-0.1608668565750122,-0.09823557734489441,0.003429081989452243,0.10863421857357025,-0.5572012066841125,-0.2445193976163864,-0.05286093428730965,0.1742134392261505,0.35990849137306213,0.11573036015033722,-0.3725380599498749,-0.066197469830513,0.05551248788833618,0.2822173237800598,0.008900868706405163,0.003176209283992648,0.11858241260051727,0.13619595766067505,0.05149131268262863,-0.9114429354667664,-0.12293916940689087,0.4257349967956543,0.23370711505413055,0.01924777589738369,-0.009407088160514832,-0.14862892031669617
CID000060164,1367,-0.15094834566116333,0.018667634576559067,0.04487088695168495,-0.011920164339244366,0.4874707758426666,0.2936621308326721,-0.050282977521419525,0.10800335556268692,-0.24106955528259277,-0.2731491029262543,-0.09828698635101318,-0.2890351712703705,0.21872499585151672,-0.14204001426696777,-0.06578785926103592,0.07032935321331024,-0.055314332246780396,0.3913629949092865,0.18410846590995789,0.11500950157642365,-0.07230796664953232,0.18101097643375397,0.09923917055130005,-0.006908693816512823,0.06714960187673569,-0.14279434084892273,0.23894734680652618,-0.06503047049045563,-0.07175066322088242,0.2539440989494324,-0.06349947303533554,-0.17291772365570068,-0.1669062077999115,0.030757050961256027,-0.45364031195640564,-0.10429928451776505,-0.1196698322892189,-0.2958526015281677,0.054227132350206375,-0.07642880827188492,0.15282952785491943,0.19641374051570892,-0.12704066932201385,-0.31499624252319336,0.0948043242096901,-0.15566639602184296,-0.061499904841184616,0.10784536600112915,-0.18981525301933289,-0.11859361082315445,-0.19468733668327332,0.11227945983409882,-0.055555425584316254,-0.1595996916294098,0.09522144496440887,-0.0262073315680027,0.03728187084197998,-0.22805313766002655,0.07517357915639877,-0.11237051337957382,-0.9992116689682007,0.14737264811992645,-0.45165419578552246,0.24353937804698944,0.008852857165038586,0.14325150847434998,-0.1266319751739502,0.2500815987586975,0.19398795068264008,0.09303141385316849,0.02117282710969448,0.014649415388703346,0.04213293269276619,-0.1835833042860031,0.07718095928430557,0.0005444168928079307,0.013244557194411755,0.07384780794382095,0.22161026298999786,-0.11219563335180283,-0.21358470618724823,0.017054157331585884,-0.20380699634552002,-0.11916603893041611,-0.05025523900985718,-0.14515657722949982,-0.1150873675942421,-0.1540631651878357,0.25576868653297424,0.0550103485584259,0.007214313838630915,-0.11676595360040665,-0.06568072736263275,-0.05480487272143364,-0.43433818221092224,-0.08461330831050873,-0.3004456162452698,0.39335936307907104,0.1928739845752716,-0.2733423113822937,0.23025110363960266,0.11586949974298477,-0.051898472011089325,0.19167473912239075,-0.11977849155664444,-0.04510973021388054,-0.23394730687141418,0.2643384337425232,0.03253040462732315,0.21607887744903564,-0.04283096641302109,0.012243742123246193,0.361799418926239,-0.08907057344913483,-0.0750521793961525,0.06118326261639595,0.025796741247177124,-0.12861301004886627,0.09995873272418976,0.1850809007883072,-0.026739532127976418,-0.5410090684890747,0.1413426697254181,-0.2844938337802887,-0.44107159972190857,0.039686769247055054,-0.07305441796779633,0.2945716977119446,0.1895647495985031,-0.01513971108943224,0.1569807529449463,0.0552266426384449,-0.49749645590782166,-0.22472135722637177,0.06778694689273834,-0.17720040678977966,0.09044642746448517,-0.020710032433271408,-0.02443871647119522,0.16220426559448242,-0.17472629249095917,0.19561414420604706,0.10121717303991318,-0.020061098039150238,0.0016849733656272292,0.19977468252182007,-0.10609100759029388,0.06363722681999207,-0.053851090371608734,0.1767435371875763,0.04408492520451546,0.05465632677078247,-0.022369051352143288,0.15501663088798523,0.0602780282497406,0.11754082143306732,-0.21570010483264923,-0.33620402216911316,0.0878402516245842,0.09928639233112335,0.2452625036239624,0.011317290365695953,-0.8046357035636902,0.07639819383621216,0.1418042927980423,0.22569456696510315,-0.1137782484292984,-0.15765397250652313,0.2593376934528351,-0.12574632465839386,0.06977719068527222,0.048566073179244995,0.3424138128757477,0.01933538354933262,-0.20351608097553253,0.07402952015399933,-0.013494742102921009,0.14187802374362946,-0.573907732963562,-0.059750236570835114,0.31416481733322144,0.301166296005249,0.01900310441851616,-0.13712230324745178,-0.046923477202653885,0.05308551713824272,-0.28488868474960327,-0.0016670078039169312,0.3233591616153717,-0.0689067468047142,0.07380379736423492,0.04498530551791191,-0.14433765411376953,-0.1246064156293869,-0.1228233352303505,0.2621952295303345,0.360135942697525,0.0914931520819664,-0.07610855996608734,0.06664519757032394,0.0397159680724144,0.08208100497722626,-0.06843163818120956,0.1165137067437172,-0.12255897372961044,0.1696060746908188,-0.016149098053574562,-0.27335792779922485,-0.01571362093091011,-0.005211020819842815,-0.040123749524354935,0.21228520572185516,-0.04743465408682823,0.024139344692230225,0.17223764955997467,0.1022893562912941,0.32802972197532654,0.19752490520477295,-0.07226775586605072,-0.2447582483291626,0.026339706033468246,-0.003151681972667575,-0.2939440608024597,0.013534048572182655,0.38842207193374634,0.03768685460090637,0.20703499019145966,-0.3466455936431885,0.5461196899414062,0.14197617769241333,-0.0454731248319149,-0.10197903960943222,-0.12297296524047852,-0.07241640985012054,-0.4571344256401062,-0.229223370552063,-0.14274148643016815,0.04473615437746048,0.19633951783180237,-0.20270495116710663,0.053931720554828644,0.026661228388547897,0.06103508546948433,0.0072160037234425545,-0.09851417690515518,-0.025511186569929123,0.16249977052211761,-0.1810295581817627,-0.02340073511004448,-0.5508344769477844,0.2359122782945633,0.10130579769611359,0.18605120480060577,-0.04258011281490326,-0.03767037391662598,-0.14313970506191254
CID000004195,1373,-0.03015182539820671,0.1067461147904396,0.07072016596794128,-0.01861710287630558,0.6422513723373413,0.4391666352748871,0.1594969928264618,0.0014171421062201262,-0.2476753294467926,-0.060926295816898346,0.1518375426530838,-0.25331050157546997,0.29381775856018066,-0.12984423339366913,-0.29193615913391113,0.18213826417922974,0.03589678928256035,0.10719020664691925,-0.2342386692762375,-0.28446781635284424,0.38243967294692993,0.06434924900531769,-0.014336499385535717,0.12225767225027084,0.017238711938261986,-0.2791277766227722,0.11655402183532715,0.09476820379495621,-0.15434888005256653,0.2241286337375641,-0.10926242917776108,0.016435950994491577,0.06159360334277153,0.016947567462921143,-0.5316518545150757,-0.048165250569581985,-0.2797026038169861,-0.4413467347621918,-0.06174113601446152,-0.12664653360843658,-0.05531745404005051,0.09869779646396637,-0.21157141029834747,-0.08438186347484589,0.23354151844978333,0.017693763598799706,-0.022192830219864845,-0.16329127550125122,0.11448733508586884,-0.06312787532806396,-0.5750632882118225,0.12753376364707947,-0.17250677943229675,-0.20557931065559387,-0.008035873994231224,0.13618052005767822,0.005016490817070007,-0.25968652963638306,0.23268704116344452,0.01018347218632698,-0.9031230807304382,0.024835582822561264,-0.21303153038024902,0.2481764256954193,-0.1399426907300949,0.19618621468544006,-0.09152308851480484,0.06834670901298523,0.06160373613238335,0.17486663162708282,-0.2565287947654724,0.14497987926006317,-0.028550127521157265,-0.21344709396362305,0.22087720036506653,-0.1440589725971222,-0.07836297899484634,0.17887398600578308,-0.16576054692268372,-0.31907710433006287,-0.08047424256801605,-0.011810295283794403,-0.06987051665782928,0.011692303232848644,-0.01103122252970934,0.0159594863653183,-0.05705231428146362,0.035781703889369965,0.5215545892715454,-0.08304603397846222,-0.16813792288303375,-0.09059999883174896,-0.043632131069898605,0.17640094459056854,-0.4537598192691803,0.09194247424602509,-0.16891764104366302,0.49531978368759155,0.22486762702465057,-0.10137510299682617,0.4738154411315918,0.029648184776306152,0.20831111073493958,0.1308952420949936,-0.2767227292060852,0.11477367579936981,-0.4000455439090729,0.33652031421661377,-0.10642174631357193,0.2198140174150467,-0.22561821341514587,0.1160081997513771,0.33016902208328247,-0.13565561175346375,0.18448850512504578,-0.09393749386072159,0.005055370274931192,-0.14386530220508575,0.22480812668800354,-0.10905902087688446,0.14676660299301147,-0.736452579498291,0.40067633986473083,-0.43438664078712463,-0.542800784111023,-0.029667813330888748,-0.16329209506511688,0.2990494966506958,0.11306244134902954,-0.21708038449287415,0.014476549811661243,-0.22660422325134277,-0.3159886300563812,-0.25480931997299194,0.08650799095630646,-0.042899467051029205,0.24386493861675262,-0.27237600088119507,0.14700652658939362,-0.014955148100852966,-0.0021463974844664335,0.23958039283752441,0.1633625030517578,0.024697083979845047,0.15864121913909912,0.046256206929683685,0.19741609692573547,-0.23592504858970642,0.15908199548721313,0.03241109102964401,-0.2837828993797302,-0.035424958914518356,-0.04215797781944275,0.22880728542804718,0.04203759506344795,0.05363066866993904,0.03311649709939957,-0.27181169390678406,0.08882155269384384,0.22749829292297363,0.10763140767812729,0.007892158813774586,-0.7661384344100952,-0.06628280878067017,0.13307805359363556,0.2499113380908966,-0.2124839574098587,-0.17668157815933228,0.32720357179641724,0.06472472846508026,-0.19652870297431946,-0.20017218589782715,0.4941018521785736,-0.060715705156326294,-0.04283459112048149,-0.19940915703773499,0.17555946111679077,0.04393007233738899,-0.30001482367515564,-0.055406440049409866,0.20933537185192108,0.20943661034107208,-0.01930592767894268,0.05491198971867561,-0.054864346981048584,-0.11681541055440903,-0.332191526889801,-0.044871874153614044,0.6781136393547058,-0.022600598633289337,-0.03999117389321327,-0.19839197397232056,-0.11895278841257095,-0.1438380777835846,-0.19058792293071747,0.6483477354049683,-0.12017035484313965,0.03318477421998978,-0.26219528913497925,-0.16816550493240356,-0.06681398302316666,0.1334768831729889,-0.2891494631767273,0.09187587350606918,-0.04938224330544472,0.31490930914878845,0.25844740867614746,0.016983237117528915,-0.08328231424093246,-0.1170499324798584,0.13871727883815765,0.05966777727007866,0.018382132053375244,-0.15941977500915527,0.2133598029613495,-0.2407456636428833,0.5562970042228699,0.16791993379592896,-0.018193215131759644,-0.3050149083137512,0.002544006798416376,-0.05449752137064934,-0.47510844469070435,0.003728240728378296,0.23409290611743927,-0.09162396192550659,0.17396394908428192,-0.2664540708065033,0.6054152250289917,-0.0797744169831276,0.2008908987045288,0.03314904496073723,0.14047855138778687,0.025575002655386925,-0.5702158212661743,-0.17025640606880188,-0.14618414640426636,-0.05505147576332092,0.06791321933269501,0.14255988597869873,-0.14677338302135468,-0.027750179171562195,-0.019500287249684334,-0.20095546543598175,-0.1283540427684784,-0.4846995770931244,0.21850788593292236,0.07633334398269653,0.26286572217941284,-0.7474850416183472,0.3752073347568512,0.04117356985807419,0.21461093425750732,0.15740442276000977,0.11643616855144501,0.08514130115509033
CID000002995,1378,-0.221559077501297,-0.0074585056863725185,0.2741236090660095,-0.2624500095844269,0.27658015489578247,0.34767359495162964,0.20953543484210968,-0.24960868060588837,-0.2044592648744583,-0.29160553216934204,0.10783445835113525,-0.3289734125137329,-0.05693165585398674,-0.3206150233745575,0.16894856095314026,0.09827427566051483,-0.037681788206100464,0.24507927894592285,0.10536031424999237,-0.030300891026854515,-0.20627769827842712,0.009856087155640125,0.031039321795105934,-0.12874875962734222,0.25831326842308044,0.11383096128702164,0.07418783754110336,-0.11978836357593536,-0.1715150773525238,0.5678454041481018,-0.18530669808387756,0.10523774474859238,-0.14179736375808716,0.06706875562667847,-0.35361868143081665,0.14571548998355865,-0.7076221704483032,-0.3613433539867401,-0.2670854926109314,-0.024499010294675827,0.08787746727466583,-0.14387467503547668,-0.4026549756526947,-0.15431571006774902,0.40885910391807556,0.12420392036437988,-0.017893558368086815,-0.04722803086042404,-0.25723376870155334,0.03946114704012871,-0.23986773192882538,0.24882152676582336,0.027690166607499123,-0.18117038905620575,-0.030440306290984154,0.04613557457923889,0.04351998493075371,0.15049061179161072,0.09290187805891037,-0.01614067330956459,-0.7543033361434937,0.24960537254810333,-0.021709684282541275,0.3301997780799866,-0.02817797288298607,0.41031137108802795,-0.2031800001859665,0.024940598756074905,-0.11170051246881485,0.09931345283985138,-0.006094750948250294,-0.10470789670944214,0.12315772473812103,-0.32141607999801636,0.04435214400291443,0.22262027859687805,-0.04182282090187073,0.12875261902809143,-0.046123627573251724,0.18195872008800507,-0.18131883442401886,0.08722417801618576,-0.05486578494310379,-0.44911304116249084,0.020422298461198807,0.09399731457233429,-0.1707713007926941,0.1261555254459381,0.7071097493171692,-0.19072392582893372,0.04068545997142792,-0.01202171016484499,0.08008693903684616,0.012366503477096558,-0.5428115129470825,0.03593740239739418,-0.43965092301368713,0.5879717469215393,-0.0016128986608237028,-0.2211637943983078,0.3952796757221222,-9.187906834995374e-05,-0.17067889869213104,0.07166260480880737,-0.17742349207401276,-0.01693456433713436,-0.2080051153898239,0.21001608669757843,-0.15664148330688477,0.3175555169582367,0.06375378370285034,0.04817093163728714,0.4323867857456207,-0.24534013867378235,0.07925708591938019,-0.07112292945384979,0.04811839386820793,-0.16971826553344727,0.09431695938110352,0.06064881011843681,-0.07747065275907516,-0.5627143383026123,-0.11735415458679199,-0.4805587828159332,-0.2702829837799072,0.11658742278814316,0.027702227234840393,0.19408264756202698,0.17606917023658752,0.11947041749954224,0.27145618200302124,0.2085788995027542,-0.6407185792922974,-0.24948179721832275,0.2270287722349167,0.282907634973526,0.3425588309764862,-0.225477933883667,0.04786929860711098,-0.030318280681967735,0.027623403817415237,0.21493220329284668,-0.24412155151367188,0.15390512347221375,0.005620297975838184,0.09388909488916397,-0.04417162388563156,-0.01886238530278206,-0.329704612493515,-0.17040640115737915,0.09696459770202637,-0.0887894257903099,-0.3008524477481842,-0.24716420471668243,0.1423245668411255,0.0632055327296257,-0.10238132625818253,-0.60438072681427,-0.10055772960186005,-0.0037487030494958162,0.16502949595451355,0.030476650223135948,-0.8458490371704102,-0.057584743946790695,0.029435981065034866,0.33407095074653625,-0.25021180510520935,0.03282996267080307,0.21878013014793396,0.15491321682929993,-0.29716116189956665,-0.0825224369764328,0.42694538831710815,-0.14617110788822174,-0.12946736812591553,-0.09557782113552094,-0.023010026663541794,0.10843117535114288,-0.26217588782310486,-0.10215888172388077,0.15149341523647308,0.3148062527179718,0.04648778587579727,0.13329607248306274,-0.05908272787928581,0.042099785059690475,-0.5239919424057007,-0.0382634773850441,0.40695396065711975,0.058747030794620514,-0.08736375719308853,-0.10195352882146835,0.09479395300149918,-0.23952174186706543,-0.1060354933142662,0.5948576927185059,-0.01497941929847002,-0.022981148213148117,-0.5592005848884583,0.20025023818016052,-0.025891035795211792,0.13992151618003845,-0.5718754529953003,0.2334691286087036,-0.15433527529239655,0.24188217520713806,-0.006667009089142084,-0.19710201025009155,-0.15753240883350372,0.11783523857593536,0.13899368047714233,0.3448624908924103,-0.03121372126042843,-0.06446298211812973,0.318362832069397,-0.23546040058135986,0.283865749835968,-0.1781819760799408,-0.09313507378101349,-0.17953504621982574,-0.16513897478580475,0.01724332571029663,-0.49619945883750916,0.024009013548493385,0.4089606702327728,0.2993701696395874,0.08556537330150604,-0.16446326673030853,0.5387771129608154,0.13966651260852814,-0.13161885738372803,-0.4763242304325104,-0.24142126739025116,-0.007251976523548365,-0.25504711270332336,-0.2199651002883911,-0.20207175612449646,0.08349166065454483,0.08387482166290283,0.027779702097177505,-0.13963674008846283,0.2197878360748291,0.08587975800037384,-0.16838863492012024,-0.05713910982012749,-0.43185925483703613,0.20540861785411835,-0.11551369726657867,-0.0400850772857666,-0.6444582343101501,-0.05473209545016289,-0.08729597181081772,0.23568591475486755,-0.09805049747228622,-0.049272485077381134,0.024075616151094437
CID000003355,1380,-0.0686890035867691,0.0024333675391972065,0.1887296587228775,-0.07550128549337387,0.3260534405708313,0.26636171340942383,-0.0373663567006588,0.08846964687108994,-0.201636403799057,-0.2151367962360382,-0.1201164498925209,-0.38153308629989624,0.2112431824207306,-0.2588333189487457,0.18312351405620575,0.08310489356517792,-0.12708428502082825,0.3694375157356262,-0.02734982967376709,0.06936012953519821,-0.2262265384197235,0.0796537771821022,0.08548558503389359,-0.028290802612900734,0.22749049961566925,-0.1100500077009201,0.04516412690281868,-0.007957828231155872,-0.1282157599925995,0.28811249136924744,-0.057095371186733246,0.0063803913071751595,-0.18964488804340363,-0.041624803096055984,-0.3246651887893677,-0.06481222808361053,-0.1402359902858734,-0.32842880487442017,-0.0843081846833229,-0.111058808863163,0.1493040770292282,0.23465299606323242,-0.18493522703647614,-0.22005601227283478,0.049876220524311066,0.013016095384955406,-0.17456796765327454,0.03429326415061951,-0.2075304090976715,-0.14725017547607422,-0.1997682750225067,0.17433403432369232,-0.12925219535827637,-0.11150574684143066,0.05129949003458023,-0.15320397913455963,0.04129572585225105,-0.08666236698627472,-0.06461042165756226,0.08962944895029068,-0.9016151428222656,0.13417604565620422,-0.4442719519138336,0.09398948401212692,0.06718546152114868,0.1944015920162201,-0.27108338475227356,0.10976637899875641,0.13734498620033264,0.06784877181053162,-0.056215934455394745,0.02002098225057125,0.044367481023073196,-0.16671298444271088,0.04107244312763214,-0.11860068887472153,-0.07148519903421402,0.044010404497385025,0.1412298083305359,0.1046164259314537,-0.27069005370140076,0.000593887991271913,-0.2935592830181122,-0.17522574961185455,-0.07141456007957458,-0.03582749515771866,-0.21507839858531952,-0.06105861812829971,0.2248426228761673,0.07829637825489044,-0.028991887345910072,-0.2253396213054657,-0.24563102424144745,-0.019559800624847412,-0.39091619849205017,0.03051358461380005,-0.20459365844726562,0.31151458621025085,0.2144610583782196,-0.33077746629714966,0.1836889088153839,0.1040557473897934,-0.054637350142002106,0.22527435421943665,-0.1331363171339035,0.07773136347532272,-0.33565059304237366,0.22948303818702698,-0.018995698541402817,0.2505338490009308,0.11414141952991486,-0.03796401619911194,0.3319322466850281,-0.02539965882897377,0.017730053514242172,0.144493967294693,0.04824722558259964,-0.14533384144306183,0.028006797656416893,0.06301391124725342,-0.22732479870319366,-0.5300381779670715,0.03259110450744629,-0.3601105809211731,-0.40884512662887573,0.11298743635416031,-0.044276148080825806,0.30776679515838623,0.16618674993515015,0.07188758254051208,0.2518380880355835,0.044657476246356964,-0.5309292078018188,-0.2925569713115692,0.03845060616731644,-0.13388781249523163,0.22722069919109344,-0.03460221737623215,-0.11006766557693481,0.09523138403892517,-0.10635077953338623,0.20823387801647186,-0.16336147487163544,0.004045700654387474,-0.006669414229691029,0.08067262172698975,0.05127045512199402,0.06983397901058197,-0.2732851207256317,0.0931699126958847,-0.030043642967939377,0.029716309159994125,-0.18559673428535461,0.06388033181428909,-0.09882370382547379,0.0512479767203331,-0.15577280521392822,-0.353883296251297,0.13038691878318787,0.07823192328214645,0.26567697525024414,-0.026723772287368774,-0.8165683746337891,-0.016282174736261368,0.08670534193515778,0.2948194146156311,-0.11494914442300797,-0.14429941773414612,0.19970765709877014,-0.15465697646141052,-0.011122631840407848,-0.023173213005065918,0.3387044370174408,-0.09266452491283417,-0.2605918049812317,-0.06596942245960236,-0.019797345623373985,0.17409750819206238,-0.5027995109558105,-0.1691349744796753,0.17979903519153595,0.31307634711265564,0.06870110332965851,-0.14460770785808563,0.10183135420084,0.09453688561916351,-0.352748841047287,-0.10976364463567734,0.265062153339386,-0.001802824786864221,0.13202175498008728,-0.04686910659074783,-0.13399049639701843,-0.14203649759292603,-0.12491254508495331,0.3952597975730896,0.15971612930297852,-0.068336620926857,-0.030148547142744064,0.11728374660015106,0.046118155121803284,-0.031628407537937164,-0.10416827350854874,0.14068414270877838,-0.08585874736309052,0.28580158948898315,-0.012220865115523338,-0.4490760862827301,0.0931631475687027,-0.0029207796324044466,-0.07006286084651947,0.2808326780796051,-0.06911292672157288,0.012087499722838402,0.24318690598011017,-0.023939350619912148,0.2679435908794403,0.2810351252555847,-0.019173402339220047,-0.2802893817424774,0.051441095769405365,-0.03489759564399719,-0.35370996594429016,0.09311461448669434,0.35402655601501465,-0.025580942630767822,0.19704203307628632,-0.3147306442260742,0.500811755657196,0.04065421223640442,-0.190958634018898,-0.22101643681526184,-0.08696772158145905,-0.02057460881769657,-0.47393733263015747,-0.24384579062461853,-0.17555245757102966,0.1731022596359253,0.19321928918361664,-0.19002315402030945,0.06199455261230469,0.06523207575082779,0.10434619337320328,0.039850033819675446,-0.11546982824802399,-0.046851251274347305,0.25369876623153687,-0.0695226788520813,0.08944293111562729,-0.5082189440727234,0.06998682767152786,-0.06617259979248047,0.10366348177194595,-0.13971155881881714,0.054436277598142624,-0.12958422303199768
CID000027991,1388,0.07010389864444733,-0.035944513976573944,0.08741533756256104,-0.01300967950373888,0.21928882598876953,0.3973101079463959,-0.04604019969701767,0.05415821820497513,-0.22743579745292664,-0.03781250864267349,-0.07752605527639389,-0.5189933776855469,0.15477082133293152,-0.4771595001220703,-0.02298780158162117,0.34643638134002686,-0.06496165692806244,-0.10514061152935028,0.24115240573883057,-0.18875864148139954,0.18733079731464386,0.05519988015294075,-0.06149245426058769,-0.09481766074895859,0.09566929191350937,0.2177290916442871,-0.15138736367225647,-0.13218912482261658,-0.10293177515268326,0.4729713797569275,-0.20641270279884338,0.06286225467920303,0.2953452169895172,0.0685868039727211,-0.6036258935928345,-0.27276813983917236,-0.32811495661735535,-0.36394065618515015,-0.3577289581298828,-0.04990164563059807,-0.0026013925671577454,-0.34686166048049927,-0.3303546607494354,-0.08405517041683197,0.8896657824516296,0.02645007148385048,0.021892905235290527,-0.14387711882591248,-0.10242022573947906,0.12946079671382904,-1.0534727573394775,-0.20382729172706604,-0.1725527048110962,0.007953191176056862,-0.1238718256354332,0.10302207618951797,-0.06182175129652023,0.4028032720088959,0.5973565578460693,-0.3036618232727051,-0.8237263560295105,0.174370676279068,-0.278666228055954,-0.2881988286972046,-0.052356183528900146,0.2987995147705078,-0.10185892879962921,0.2479240447282791,0.09553302824497223,0.19326001405715942,-0.24346737563610077,0.3104785680770874,0.06231079250574112,-0.31524857878685,0.5858553647994995,-0.04154282808303833,-0.1968003809452057,0.3620474636554718,-0.04939255118370056,-0.0005648374790325761,-0.13433673977851868,0.5338196158409119,0.18884214758872986,0.054196543991565704,0.012958357110619545,-0.007475787308067083,-0.16661757230758667,0.2748112082481384,0.702330470085144,-0.0940127894282341,0.0833553597331047,-0.24292361736297607,0.09507150948047638,0.25980937480926514,-0.7424848079681396,-0.1221933588385582,-0.055350162088871,0.006304545793682337,-0.010558746755123138,-0.33603915572166443,0.6396167278289795,-0.20000207424163818,0.12113368511199951,0.2650245130062103,-0.390921950340271,-0.10427496582269669,-0.6145002841949463,0.3476063311100006,0.31136807799339294,0.03108123317360878,-0.3367840647697449,-0.18462738394737244,0.5430141687393188,0.13552336394786835,0.25813814997673035,-0.6854737401008606,-0.07681892067193985,-0.6939383745193481,0.335735023021698,-0.047501444816589355,0.4998176693916321,-0.888105034828186,0.39875704050064087,-0.3689782917499542,-0.5283095836639404,-0.011597382836043835,0.2201346904039383,0.5491518378257751,0.01025670487433672,0.0075178565457463264,-0.13928385078907013,0.050142280757427216,-0.7403016090393066,-0.3734976649284363,-0.22900240123271942,-0.15871219336986542,0.42359599471092224,-0.5389927625656128,0.11337660253047943,-0.1552368700504303,-0.15600745379924774,-0.046836186200380325,-0.0226683858782053,0.3642197251319885,-0.005619083531200886,-0.001925930380821228,-0.06667902320623398,-0.1318514347076416,0.037360407412052155,-0.012879997491836548,-0.10045842826366425,0.0028420924209058285,0.09524188190698624,-0.13781437277793884,-0.21312806010246277,-0.0005413733306340873,-0.010882765054702759,-0.4220433235168457,-0.08943494409322739,-0.07921136915683746,-0.026027733460068703,0.21275897324085236,-1.1210575103759766,0.25270745158195496,0.5950084924697876,0.16617605090141296,-0.5112650394439697,-0.004199183080345392,0.3222738206386566,0.41899269819259644,-0.5548003911972046,-0.1412058025598526,0.27393656969070435,-0.2904815971851349,0.10740846395492554,-0.09392683953046799,-0.2109437733888626,0.07534506171941757,-0.35439053177833557,0.10204590857028961,0.5057927966117859,0.40260767936706543,-0.02982689067721367,0.08517946302890778,-0.11629323661327362,-0.2325320690870285,-0.32191863656044006,0.1779363751411438,0.8067169189453125,0.24802927672863007,0.30450496077537537,-1.5248454809188843,-0.04051017761230469,-0.22417907416820526,-0.2356071174144745,0.49200576543807983,-0.10928438603878021,-0.03426230698823929,-0.6452609300613403,-0.3537865877151489,0.09459187090396881,0.2602638304233551,-0.2036704123020172,-0.22439491748809814,-0.021493462845683098,-0.005494262091815472,-0.03113667294383049,-0.13910456001758575,-0.672557532787323,0.40377816557884216,0.34478896856307983,0.009803205728530884,0.07137594372034073,0.03997161239385605,0.1277887374162674,-0.2014170140028,0.6640769243240356,-0.14905984699726105,0.19431541860103607,0.15100400149822235,-0.2805996835231781,0.01748020388185978,-0.6384419798851013,-0.1310865730047226,0.16660790145397186,-0.10933053493499756,-0.12477610260248184,-0.08629117161035538,0.6048905253410339,-0.004226007964462042,0.21918639540672302,-0.15129663050174713,-0.030009862035512924,-0.14420700073242188,-0.39199620485305786,-0.44688040018081665,0.1795700490474701,0.3771805167198181,0.056389667093753815,-0.20795388519763947,-0.5925458669662476,-0.0283320602029562,0.03345940634608269,-0.5448593497276306,0.2083638459444046,-0.5555284023284912,0.05215366929769516,0.030968952924013138,0.37887269258499146,-0.9206687211990356,0.394726037979126,0.2167801409959793,0.29613351821899414,0.19254449009895325,0.08754584193229675,-0.21284334361553192
CID004659569,1418,0.06231614202260971,0.2349618375301361,0.04948645085096359,0.1945396363735199,0.21439599990844727,0.3365683853626251,0.36637455224990845,-0.5631791353225708,-0.24131357669830322,-0.055594302713871,0.04453327879309654,-0.34695225954055786,0.20782282948493958,-0.14764776825904846,-0.4088138937950134,-0.24125075340270996,-0.043210405856370926,-0.1299157440662384,0.32576295733451843,0.3944205045700073,0.023799270391464233,-0.026323851197957993,0.029768075793981552,-0.18247739970684052,-0.32788291573524475,-0.11319006979465485,0.36071211099624634,0.08506640046834946,-0.031166499480605125,0.4325874447822571,-0.3509747087955475,0.38058191537857056,0.11541406810283661,-0.11866742372512817,-0.670646607875824,0.09618915617465973,-0.25737956166267395,-0.2894424796104431,-0.33561772108078003,0.22026273608207703,0.16816814243793488,-0.06226029247045517,-0.32760801911354065,-0.07479682564735413,0.6657013297080994,0.17883893847465515,0.1274401992559433,0.02877524495124817,-0.03838788717985153,-0.4561825394630432,-1.1084167957305908,-0.03885592892765999,-0.3656952977180481,-0.012536411173641682,0.08974204212427139,-0.06796497106552124,-0.1368548423051834,-0.022216051816940308,0.16627967357635498,0.028808485716581345,-0.8536452054977417,0.03706290200352669,-0.10849008709192276,0.19373854994773865,-0.054070521146059036,-0.005518823862075806,-0.1032891720533371,0.4810526967048645,0.051754821091890335,-0.1832566112279892,-0.27314382791519165,0.011682480573654175,-0.1575523167848587,0.12415307760238647,0.37942981719970703,0.298527330160141,-0.04600917547941208,0.24535951018333435,-0.0984630137681961,0.0057219816371798515,0.05137321352958679,-0.45008406043052673,0.04898088425397873,-0.31170526146888733,-0.009682524017989635,0.1084439754486084,-0.12266625463962555,0.026569867506623268,0.5535727739334106,0.2772628664970398,0.0003952503320761025,-0.15907099843025208,0.05548081547021866,0.04635819420218468,-0.5864513516426086,-0.16601890325546265,-0.17007574439048767,0.06792719662189484,0.13691739737987518,-0.21248337626457214,0.44143182039260864,0.3763832449913025,-0.08316294848918915,-0.09880047291517258,-0.16579477488994598,0.0653877705335617,-0.30950528383255005,0.19285383820533752,0.11561908572912216,-0.16787713766098022,-0.12990577518939972,0.18636120855808258,0.43330398201942444,0.30410757660865784,0.07830609381198883,0.16522186994552612,0.1462550312280655,-0.43716302514076233,0.17956329882144928,0.06145354360342026,0.2990010380744934,-0.9237427711486816,-0.11916778236627579,-0.17828962206840515,-0.34703439474105835,-0.1331610381603241,0.1455715000629425,0.4579039514064789,0.20606181025505066,0.2730146646499634,-0.06666608899831772,-0.33503323793411255,-0.6270183324813843,-0.3138905167579651,0.15328730642795563,0.47546929121017456,0.2619248926639557,-0.7565659284591675,-0.022425495088100433,0.04689251258969307,0.10814545303583145,-0.21993990242481232,0.43553876876831055,0.00027777551440522075,-0.12497606128454208,-0.15733106434345245,-0.13695654273033142,0.3824237585067749,-0.1174246072769165,-0.09886033833026886,0.06954318284988403,0.004672968294471502,0.08628857135772705,0.17111340165138245,0.36959758400917053,-0.10470619052648544,0.0066595254465937614,-0.45332950353622437,-0.20618581771850586,0.1788048893213272,0.14085832238197327,-0.14994850754737854,-0.9225133061408997,-0.10847947746515274,0.4510512351989746,0.1243913397192955,-0.41526883840560913,-0.159849613904953,0.15441088378429413,0.047201357781887054,-0.11049370467662811,-0.14072711765766144,0.2779451608657837,-0.1971340924501419,0.0876784697175026,-0.039289675652980804,0.02026885189116001,0.3330804109573364,-0.3238946199417114,0.16743037104606628,0.36909881234169006,0.27002638578414917,0.0909866914153099,-0.06047620251774788,-0.030805950984358788,-0.11350414901971817,-0.38747352361679077,-0.19647152721881866,0.6685190200805664,0.05340508744120598,-0.15552131831645966,-0.6250201463699341,0.18607452511787415,-0.06580907851457596,-0.19224926829338074,0.19768734276294708,-0.0999370589852333,-0.086713507771492,-0.34112292528152466,-0.06656899303197861,-0.09752582013607025,-0.14619991183280945,-0.09629382938146591,0.20814140141010284,-0.09891428053379059,0.06771112233400345,0.1685350239276886,0.1405305415391922,-0.5065338015556335,-0.5735162496566772,0.3511788249015808,0.292460173368454,-0.3105028569698334,0.07611916214227676,0.2339317798614502,0.07117024064064026,0.4616986811161041,0.41779765486717224,-0.017835373058915138,0.03215373679995537,-0.006302355322986841,-0.11967430263757706,-0.5707687139511108,0.0060102567076683044,0.32872849702835083,-0.048296526074409485,0.16189005970954895,-0.18270349502563477,0.8036903142929077,0.2757875919342041,-0.1277809888124466,-0.07740553468465805,-0.024654695764183998,-0.06800432503223419,-0.27402764558792114,-0.19021306931972504,-0.050518959760665894,0.3466765582561493,0.08050118386745453,0.1443907916545868,-0.025423262268304825,-0.3242586553096771,0.030383968725800514,0.2212306559085846,-0.25741109251976013,-0.23171301186084747,0.0686553344130516,-0.08476631343364716,0.15741369128227234,-0.8707637786865234,-0.030115211382508278,0.389568567276001,0.2551236152648926,0.10364953428506851,0.18598727881908417,-0.1605762392282486
CID000004425,1423,-0.04063539579510689,0.14170478284358978,-0.02917489968240261,-0.42765673995018005,0.4566306471824646,0.32828837633132935,-0.1276942491531372,0.15652260184288025,-0.3901692032814026,-0.3707196116447449,0.16658802330493927,-0.8436360359191895,-0.021165741607546806,-0.4596847891807556,-0.0817885771393776,-0.029133060947060585,0.3380502462387085,-0.2201952487230301,0.030569052323698997,-0.03003961406648159,0.17813840508460999,-0.06665849685668945,-0.021274304017424583,0.2013000249862671,-0.03754955530166626,-0.02893771603703499,-0.08958879858255386,-0.07894812524318695,-0.009429010562598705,0.40329474210739136,-0.11771398782730103,-0.030065428465604782,0.2746902108192444,-0.018454689532518387,-0.356913298368454,-0.12005486339330673,-0.3632536232471466,-0.1991283893585205,-0.02802315726876259,0.0498308464884758,0.22910039126873016,0.3407268524169922,-0.2466428577899933,-0.14994536340236664,0.0909813866019249,0.09245620667934418,-0.22416193783283234,-0.04628681018948555,0.08234314620494843,-0.09014587104320526,-0.14745822548866272,-0.13037851452827454,-0.23533344268798828,-0.1357126384973526,0.06571261584758759,0.0578119158744812,-0.04164852946996689,-0.024081382900476456,0.47895926237106323,0.08137263357639313,-0.682817816734314,0.15761789679527283,-0.26707684993743896,0.09789511561393738,0.06084051728248596,0.6149172782897949,-0.2812771201133728,0.03799914941191673,0.0761045441031456,0.08916454762220383,-0.008542349562048912,0.19303672015666962,0.030345236882567406,0.23764380812644958,0.0918569564819336,0.14156179130077362,-0.12330380827188492,0.15565380454063416,0.13381044566631317,-0.29576000571250916,-0.4560628831386566,-0.0666946992278099,-0.030790025368332863,-0.1418692171573639,0.023236360400915146,-0.15126965939998627,-0.3098083436489105,0.08298889547586441,0.2738405764102936,0.09967940300703049,0.01888532005250454,-0.1637507677078247,0.1904967725276947,-0.08999712020158768,-0.5586161613464355,-0.022762659937143326,-0.100263811647892,0.47532930970191956,0.14957986772060394,-0.4127477705478668,0.3086307644844055,0.13661332428455353,-0.010725165717303753,0.19182148575782776,-0.27435559034347534,0.056857336312532425,-0.2595204710960388,0.43538355827331543,0.1730225682258606,0.0021094302646815777,0.003359968541190028,0.12951934337615967,0.21374860405921936,-0.04790589585900307,0.12045381218194962,0.13382431864738464,-0.04592400789260864,-0.3051224946975708,0.13938945531845093,0.13979825377464294,-0.20630308985710144,-0.6751480102539062,-0.16827645897865295,-0.21718554198741913,-0.22818544507026672,-0.12005974352359772,0.1461183726787567,0.16085292398929596,0.1862819641828537,0.12728072702884674,-0.13900884985923767,0.2807011902332306,-0.48417359590530396,-0.3470575213432312,-0.16793207824230194,-0.21666781604290009,0.10670757293701172,-0.027438204735517502,-0.03633403778076172,-0.49337464570999146,0.10858644545078278,0.04406805709004402,0.060288988053798676,-0.1598416566848755,0.19147536158561707,-0.11695142835378647,-0.02444903552532196,0.13290910422801971,0.18805734813213348,-0.057749200612306595,0.08272051811218262,-0.2969898283481598,-0.04420165345072746,-0.0867515355348587,0.025556638836860657,0.0423654243350029,-0.08322359621524811,-0.3603608012199402,-0.0738719254732132,-0.10439366102218628,-0.06390336900949478,0.06840171664953232,-0.7516078948974609,0.017694346606731415,0.29521501064300537,0.2175104320049286,0.012812724336981773,0.04161716252565384,-0.08607277274131775,-0.2791435122489929,-0.04643326997756958,0.04303476959466934,0.646905779838562,-0.08679626137018204,-0.2346564531326294,-0.20705518126487732,0.09543530642986298,0.01690937951207161,-0.44075852632522583,0.21022243797779083,0.1599900722503662,0.2784796357154846,0.07054327428340912,0.041798125952482224,-0.042564887553453445,0.050127118825912476,-0.05825232341885567,-0.05259912088513374,0.519076943397522,0.1085008829832077,0.2767530679702759,-0.23385746777057648,-0.12941256165504456,-0.5040248036384583,-0.47263669967651367,0.7129299640655518,9.38653975026682e-05,0.15312817692756653,-0.6416670083999634,-0.2728220820426941,0.20477747917175293,-0.2524851858615875,-0.5058626532554626,0.08359676599502563,0.1766871213912964,0.6101369857788086,-0.12517665326595306,-0.2536967396736145,-0.03163101151585579,-0.07756344228982925,0.05440555885434151,0.10718120634555817,-0.042449843138456345,0.2002420425415039,0.1681201010942459,-0.07987652719020844,0.5875674486160278,0.18329019844532013,-0.051392000168561935,-0.12282608449459076,-0.1337609589099884,-0.032285176217556,-0.42012864351272583,0.11717270314693451,0.05063576251268387,0.36280950903892517,0.26664769649505615,-0.10204591602087021,0.6118601560592651,-0.07573874294757843,0.005687439348548651,-0.2867172360420227,-0.2294885665178299,0.11636637151241302,-0.39207321405410767,-0.36915913224220276,0.18567302823066711,0.3352159857749939,-0.052201103419065475,0.11355599015951157,-0.26125267148017883,-0.007793641183525324,0.049519140273332596,0.11316509544849396,0.10879135131835938,-0.379572331905365,0.8123165369033813,-0.017508160322904587,0.04690931364893913,-0.7352439165115356,0.05119556188583374,0.0718744769692421,0.28055158257484436,0.048581209033727646,-0.10232696682214737,-0.11780352890491486
CID000003117,1426,0.09499271959066391,-0.05283147841691971,0.23213250935077667,0.165362149477005,0.16225919127464294,0.32531628012657166,-0.11221016943454742,0.0447184219956398,-0.47143468260765076,-0.45658761262893677,0.25691288709640503,-0.16129818558692932,0.12656600773334503,-0.591609537601471,0.19619807600975037,0.15494659543037415,0.041777510195970535,0.00993000902235508,0.1562194526195526,-0.44138169288635254,0.09301851689815521,-0.1646415889263153,0.01924862526357174,0.08761148899793625,0.029000524431467056,0.23738154768943787,0.12616153061389923,-0.16644908487796783,0.01001494936645031,0.46535706520080566,-0.4750407338142395,-0.2254972904920578,-0.07385995984077454,-0.13221806287765503,-0.21002261340618134,0.3756243586540222,-0.8152974247932434,-0.32850202918052673,-0.3340204954147339,0.05877111479640007,0.27644819021224976,0.008630955591797829,-0.6589964628219604,-0.21237950026988983,0.44738513231277466,-0.11155600845813751,0.1503511369228363,-0.34824272990226746,0.14679880440235138,0.010617280378937721,-0.21943886578083038,0.12245357036590576,-0.260202020406723,-0.1699800193309784,0.03458751365542412,-0.07200063765048981,-0.17712225019931793,0.14985401928424835,0.293675035238266,0.05680840462446213,-0.7094713449478149,0.11293834447860718,-0.3402553200721741,0.19959482550621033,0.26427462697029114,0.08343721926212311,-0.43580740690231323,0.20451483130455017,-0.1236502155661583,-0.09086760133504868,-0.8707844018936157,0.11268415302038193,-0.025349151343107224,-0.18903550505638123,0.40172940492630005,-0.054380495101213455,0.0774851143360138,0.7077786326408386,0.018323451280593872,-0.008035605773329735,-0.47337889671325684,-0.21386560797691345,-0.1216244101524353,-0.11962250620126724,-0.017700236290693283,-0.07274163514375687,-0.2462807595729828,-0.2988453805446625,0.6681910753250122,0.1394481658935547,-0.19233542680740356,-0.326052725315094,-0.06310258060693741,-0.02204986847937107,-0.6986920237541199,-0.0021248147822916508,-0.07960265874862671,0.4202548563480377,0.20280475914478302,-0.43827930092811584,0.43873053789138794,-0.12715740501880646,0.09226762503385544,-0.05947830155491829,-0.2071153223514557,-0.062100935727357864,-0.22099502384662628,0.2517407238483429,-0.07817494869232178,0.32403677701950073,-0.5668751001358032,0.339367538690567,0.7107523679733276,-0.06080979108810425,0.22118112444877625,0.3216259777545929,-0.2652176320552826,-0.49665847420692444,0.2892385721206665,-0.11568839848041534,0.021620921790599823,-0.6476505994796753,0.4001874029636383,-0.6962446570396423,-0.5891492962837219,0.06598308682441711,0.06738786399364471,0.5262657403945923,-0.013179590925574303,-0.13571400940418243,0.1747482270002365,-0.057596851140260696,-0.4351879060268402,-0.37376171350479126,-0.12331254780292511,-0.3111947476863861,0.6865352392196655,-0.5856854915618896,-0.054820068180561066,0.12373030185699463,0.03490522503852844,0.011753726750612259,0.01694558933377266,0.03559403121471405,-0.008206667378544807,-0.13155114650726318,-0.039201803505420685,-0.2478424608707428,0.16034559905529022,-0.24247999489307404,0.04850523918867111,0.2211817055940628,0.0034643649123609066,0.059539251029491425,0.296651154756546,0.10008025169372559,0.15001067519187927,-0.5602363348007202,-0.16560375690460205,0.20753750205039978,0.09971900284290314,0.1526932716369629,-0.8148316144943237,-0.1494278609752655,0.40865659713745117,0.3650818467140198,-0.48280271887779236,0.18370690941810608,0.4050854742527008,-0.16937056183815002,-0.48959827423095703,-0.3789776563644409,0.5944629907608032,0.29138147830963135,0.11252373456954956,-0.29881730675697327,0.25050657987594604,-0.12418852001428604,-0.19124455749988556,-0.13674268126487732,0.3031890094280243,0.31318849325180054,-0.1657884418964386,-0.05039626359939575,0.10341788828372955,-0.06455183774232864,-0.7222490310668945,-0.2647605836391449,0.25837889313697815,0.007875680923461914,0.28863707184791565,-0.5700112581253052,0.19694089889526367,-0.13905970752239227,-0.5679206848144531,0.4214097857475281,-0.06187348812818527,-0.11513634771108627,-0.3540104925632477,-0.32836419343948364,0.1544804871082306,0.24329853057861328,-0.6520265936851501,0.09439821541309357,-0.23390059173107147,0.45692962408065796,-0.11566932499408722,0.00866246409714222,-0.6362579464912415,-0.22062011063098907,0.06536579877138138,0.38302794098854065,-0.11797063052654266,-0.03939121216535568,-0.02223115600645542,0.07599711418151855,0.5921629071235657,0.2144206017255783,-0.13067185878753662,-0.2197732925415039,0.059972744435071945,0.014716409146785736,-0.6689208745956421,-0.0634714663028717,0.33606091141700745,0.1836433708667755,0.2489381730556488,-0.11080549657344818,0.5829265117645264,0.027936642989516258,0.1429990977048874,-0.18626196682453156,0.02028977870941162,0.11890719085931778,-0.36377471685409546,-0.1480722427368164,-0.035236917436122894,0.5663471817970276,-0.19537031650543213,0.22863340377807617,-0.41958776116371155,0.005204208195209503,-0.09471312910318375,0.5049070119857788,0.1786235123872757,-0.7860565185546875,0.3430723249912262,0.2848547101020813,0.16092845797538757,-0.6932448148727417,0.21088437736034393,-0.06438392400741577,0.3019530177116394,0.1909462809562683,0.18588872253894806,-0.2961873412132263
CID000005195,1429,-0.05084484815597534,0.03584899753332138,-0.07377989590167999,-0.07074732333421707,0.5927091836929321,0.436256468296051,0.21533331274986267,-0.3155742287635803,-0.33889245986938477,-0.12046034634113312,-0.03374449908733368,-0.27830713987350464,-0.18266946077346802,-0.2181907445192337,-0.31011903285980225,0.026356834918260574,-0.11652527749538422,0.00944130402058363,0.22794708609580994,0.1562192440032959,-0.017753440886735916,0.26814934611320496,-0.0401623472571373,0.07797719538211823,-0.2391757071018219,0.027759501710534096,0.2114739865064621,0.14234736561775208,-0.0004569828452076763,0.19979619979858398,-0.1334969699382782,0.005351141095161438,0.27007657289505005,0.15056228637695312,-0.496680349111557,0.4301099181175232,-0.8711519241333008,-0.40786027908325195,0.346327006816864,-0.20699410140514374,0.325554758310318,-0.04764814302325249,-0.4026312828063965,-0.20238712430000305,0.2269396334886551,0.4180409908294678,-0.11052098125219345,-0.12216965854167938,0.221897691488266,-0.007241555955260992,-0.3773784041404724,-0.11373664438724518,-0.4649896025657654,-0.3820332884788513,-0.008472907356917858,0.12784278392791748,-0.01943960227072239,-0.037013959139585495,0.12286412715911865,-0.2547224164009094,-1.128744125366211,-0.3122043013572693,0.08935606479644775,0.487638384103775,-0.2096708118915558,0.3337806761264801,-0.010557949542999268,0.15104147791862488,0.26214665174484253,0.24595098197460175,-0.1002216786146164,-0.09309200197458267,-0.308027982711792,-0.512694776058197,0.24444451928138733,-0.12407441437244415,-0.23107612133026123,0.09626839309930801,-0.09023404866456985,-0.31490227580070496,-0.1416981965303421,-0.18325850367546082,-0.04376017302274704,-0.1809675693511963,0.18212589621543884,-0.1844184398651123,-0.18655814230442047,-0.3569856584072113,1.020982265472412,0.03655415028333664,-0.33581843972206116,-0.10221723467111588,-0.07493020594120026,-0.020264653488993645,-0.539165735244751,0.021145306527614594,-0.35776767134666443,0.6858192086219788,0.12550683319568634,-0.13472577929496765,0.95892733335495,0.06742753833532333,0.24952451884746552,0.04492638260126114,-0.01155930943787098,-0.049754220992326736,-0.39780184626579285,0.21717658638954163,0.002404151251539588,0.28005269169807434,-0.396483838558197,-0.32356706261634827,0.2735542356967926,-0.09902589023113251,0.3925665318965912,-0.031154686585068703,0.07493598759174347,-0.3132384717464447,0.3023103177547455,-0.22210049629211426,0.1924436390399933,-0.9215747117996216,-0.14949193596839905,-0.1844886839389801,-0.5198729634284973,-0.2860713601112366,-0.2148444652557373,0.19645674526691437,0.1600334346294403,-0.1130731850862503,-0.031949132680892944,0.017116889357566833,-0.5151832699775696,-0.3511868417263031,0.028500253334641457,0.14444023370742798,0.2469334900379181,-0.07211469113826752,-0.05962885543704033,0.041658394038677216,0.2517979145050049,0.28194916248321533,0.07391520589590073,0.147379070520401,0.08841635286808014,-0.03742113709449768,-0.12490596622228622,0.2733292877674103,0.12197911739349365,0.22094778716564178,-0.1769835650920868,-0.1284613311290741,0.15389612317085266,-0.04866641387343407,0.23709681630134583,-0.2965371012687683,0.1091117113828659,-0.2589448392391205,0.02083812654018402,0.08709264546632767,-0.02811948023736477,-0.051253437995910645,-1.0242167711257935,-0.2779626250267029,0.10578380525112152,0.33444878458976746,0.12267191708087921,0.1926785409450531,0.37101978063583374,0.35204142332077026,-0.3071322739124298,-0.33244624733924866,0.43893375992774963,-0.40460944175720215,-0.14880749583244324,-0.20625074207782745,0.27338409423828125,0.040321528911590576,-0.3153505027294159,0.10406728833913803,0.5134889483451843,0.25357457995414734,0.035827286541461945,0.0004056364414282143,-0.02402389422059059,0.026784371584653854,-0.4408137798309326,0.26396679878234863,0.7866142988204956,-0.21908733248710632,-0.06673218309879303,-0.0861077606678009,0.18968693912029266,-0.4082406461238861,-0.13991563022136688,0.4624656140804291,0.30738526582717896,0.08185999095439911,-0.6614113450050354,-0.028711169958114624,-0.3373793959617615,0.3375886082649231,-0.05454801395535469,-0.08603999763727188,0.09690559655427933,0.3443988561630249,0.125444695353508,-0.03658398613333702,-0.0878695622086525,-0.08208125084638596,0.41555142402648926,0.07761065661907196,-0.05799994617700577,0.10754929482936859,0.158451110124588,0.16552528738975525,0.36423254013061523,0.1021127700805664,-0.14548656344413757,-0.16834262013435364,0.14274580776691437,-0.08135364949703217,-0.8011649250984192,0.14580345153808594,0.41394105553627014,0.21888788044452667,-0.028594519942998886,-0.304588258266449,0.5417734384536743,-0.04129588603973389,0.28722357749938965,0.00346659729257226,-0.08150698244571686,-0.13498595356941223,-0.34526005387306213,-0.009552245028316975,0.032026421278715134,-0.03612792491912842,-0.07120336592197418,-0.36968380212783813,-0.13035041093826294,-0.003660046961158514,-0.20852217078208923,-0.05945969745516777,-0.06360060721635818,-0.6917619705200195,0.25740060210227966,0.06449238955974579,-0.18220087885856628,-0.8224169015884399,-0.1729227751493454,0.18400856852531433,0.34510692954063416,0.3684442341327667,-0.10469277203083038,0.3564206659793854
CID000012620,1447,-0.105009064078331,-0.06756608188152313,-0.048410527408123016,0.13611967861652374,0.7188625335693359,0.4017028212547302,-0.18210174143314362,-0.16183029115200043,-0.25491568446159363,0.04580650478601456,0.1979580819606781,-0.3916798532009125,-0.21870779991149902,-0.03523695468902588,-0.062044013291597366,-0.19057032465934753,-0.08528804033994675,-0.26152506470680237,-0.16203901171684265,0.02829929068684578,-0.20794150233268738,0.1853305995464325,-0.07759430259466171,-0.20280484855175018,-0.1899300515651703,0.05035579204559326,-0.2237289398908615,0.036907367408275604,0.01739439368247986,0.45375561714172363,0.08954738080501556,-0.48944610357284546,0.11941925436258316,-0.18818020820617676,-0.408486932516098,-0.2485104352235794,-0.6436284780502319,-0.2024802714586258,-0.27718740701675415,0.16468454897403717,0.2951389253139496,0.2231164425611496,-0.18410061299800873,-0.043722666800022125,0.416867733001709,0.08749029785394669,-0.3394436538219452,0.4591798186302185,0.020615849643945694,0.10187932103872299,-0.8341986536979675,0.15734104812145233,0.28874126076698303,-0.41596049070358276,0.10917522758245468,0.14184392988681793,-0.1935683786869049,0.13418444991111755,0.10679575055837631,0.22293508052825928,-0.9224100112915039,0.213247612118721,-0.04266747832298279,0.1837642639875412,-0.18300926685333252,-0.013949239626526833,-0.08586658537387848,0.17244242131710052,0.07746072858572006,-0.07131940871477127,-0.24602524936199188,-0.029606526717543602,-0.1265019178390503,-0.05539729446172714,0.3304124176502228,0.007704148534685373,-0.0861569195985794,0.025834226980805397,0.06325314939022064,-0.16464605927467346,-0.14943504333496094,-0.05742286890745163,-0.1812509000301361,0.10890477895736694,-0.3088608384132385,-0.07746369391679764,-0.28605592250823975,0.32138848304748535,0.587896466255188,-0.2890542447566986,-0.14475753903388977,-0.1655767858028412,0.40215545892715454,0.0408274307847023,-0.5995078086853027,0.18253697454929352,-0.2789915204048157,0.26186737418174744,0.32769525051116943,-0.055511701852083206,0.40103405714035034,-0.12963159382343292,-0.3594949245452881,0.1976744681596756,0.11416409909725189,-0.06358734518289566,-0.5591256022453308,0.2651720643043518,0.2533584237098694,0.11858079582452774,0.19448062777519226,-0.3187773823738098,0.41824474930763245,0.0712747722864151,-0.09784766286611557,0.1287521868944168,0.03844522684812546,-0.27916228771209717,0.23781105875968933,-0.10660755634307861,-0.004442170262336731,-0.7368837594985962,-0.21197104454040527,-0.46354809403419495,-0.4787740707397461,0.09689431637525558,-0.11212418228387833,0.49209317564964294,0.21917149424552917,-0.013793912716209888,-0.27244579792022705,-0.09661810845136642,-0.32709556818008423,-0.46871691942214966,-0.35462111234664917,-0.15856754779815674,0.35878852009773254,-0.3791625499725342,0.2774509787559509,-0.12171848118305206,0.1866256296634674,0.03763139247894287,0.007137906737625599,0.007754000835120678,0.09966753423213959,-0.3131634294986725,0.1371540129184723,0.14358584582805634,-0.19785833358764648,0.14099809527397156,0.09361626207828522,0.05552210658788681,0.19181767106056213,0.1516227424144745,-0.2221388816833496,-0.12122096866369247,-0.0569157600402832,-0.3371562063694,0.05630851909518242,0.3028299808502197,-0.13375131785869598,-0.13073793053627014,-0.9228285551071167,0.13955894112586975,0.3763614296913147,0.260612428188324,-0.4522494673728943,-0.0745140090584755,0.12618963420391083,-0.22192473709583282,-0.13851463794708252,-0.32145100831985474,0.2280246913433075,-0.04093245416879654,-0.33211550116539,0.3465668261051178,-0.011460619047284126,-0.05025971680879593,-0.33093586564064026,-0.3936290740966797,-0.168074369430542,0.2918178141117096,0.07660968601703644,0.09606529772281647,0.012721441686153412,-0.2273912876844406,-0.7086849808692932,-0.24479393661022186,0.7234693765640259,0.1360379010438919,0.04869332164525986,-0.4639485478401184,0.006844186689704657,0.05230308696627617,-0.1590108871459961,0.5513776540756226,0.11471809446811676,-0.1284387707710266,-0.21594563126564026,-0.10664276778697968,-0.22712787985801697,-0.025844478979706764,-0.19817665219306946,0.1928083598613739,-0.022288817912340164,0.16194407641887665,0.052812181413173676,-0.11475415527820587,-0.24345460534095764,-0.1715778112411499,0.15694835782051086,-0.028971534222364426,-0.010881680063903332,0.2620219588279724,0.32748860120773315,-0.38442733883857727,0.6065216064453125,-0.3382796049118042,-0.21945324540138245,-0.2062642127275467,-0.24520564079284668,-0.013309240341186523,-0.522010326385498,0.08632314205169678,0.4551766514778137,0.09365542978048325,0.3241957128047943,-0.29268065094947815,0.6599289178848267,-0.007745123002678156,-0.15666653215885162,-0.02466430887579918,-0.15093378722667694,0.07488901168107986,-0.47873932123184204,-0.24034328758716583,0.20106010138988495,0.15649329125881195,0.2811771035194397,-0.32129791378974915,-0.1546643078327179,-0.1261460781097412,0.22698421776294708,0.29038047790527344,-0.007183672394603491,-0.4984298646450043,0.10980542749166489,0.15992137789726257,-0.08938811719417572,-0.7485874891281128,-0.35044485330581665,0.14433136582374573,0.2918368875980377,0.1177193894982338,0.1258203387260437,-0.10329419374465942
CID000156419,1462,0.15365202724933624,0.16815140843391418,-0.040513910353183746,-0.1006586104631424,0.3807101845741272,0.3749690055847168,0.07403313368558884,-0.26582255959510803,-0.25898927450180054,-0.15574240684509277,0.0611516535282135,-0.20631003379821777,0.06558909267187119,-0.40798720717430115,-0.22455868124961853,0.1400013566017151,-0.05223051458597183,-0.03132106363773346,-0.17176413536071777,0.0828404426574707,-0.04858934134244919,0.31506210565567017,-0.08282864093780518,0.1346914917230606,-0.20926514267921448,-0.003443792462348938,0.16320188343524933,0.11789989471435547,-0.08679496496915817,0.16325639188289642,-0.041803982108831406,-0.159014031291008,-0.11261121928691864,-0.02004873752593994,-0.5851313471794128,0.16521768271923065,-0.46852174401283264,-0.27016308903694153,-0.08175817131996155,0.09926058351993561,0.16857501864433289,-0.08684872835874557,-0.28881293535232544,-0.2813069224357605,0.3009025752544403,0.09553084522485733,-0.18417581915855408,-0.1825835406780243,0.0315103605389595,-0.12539701163768768,-0.4209720194339752,0.17345499992370605,-0.16717223823070526,-0.07844583690166473,0.05469135195016861,0.10102416574954987,-0.007504803128540516,-0.060170382261276245,0.17566929757595062,-0.0618068166077137,-0.9768131971359253,-0.22502461075782776,-0.037460483610630035,0.5082480311393738,0.20085573196411133,0.04756878316402435,-0.01693207025527954,0.24751421809196472,0.1004740372300148,0.2105271816253662,-0.3538474440574646,0.2567286491394043,0.002160716103389859,-0.30300483107566833,0.4283267855644226,-0.09786543995141983,-0.24068288505077362,0.17201319336891174,0.016878362745046616,-0.002256569219753146,-0.16828197240829468,-0.4280332624912262,0.02549990639090538,-0.17046110332012177,0.02046087756752968,-0.14961360394954681,-0.08078577369451523,-0.34759336709976196,0.6294323205947876,-0.2189072072505951,-0.12424907833337784,-0.08910397440195084,0.07807377725839615,0.08909119665622711,-0.530349850654602,0.12367191165685654,-0.23074452579021454,0.6935974955558777,0.009497012011706829,-0.19006554782390594,0.5511246919631958,0.23321810364723206,-0.04547698423266411,-0.07299749553203583,-0.17906193435192108,0.068294957280159,-0.35297808051109314,0.26285773515701294,0.08986960351467133,0.02298661693930626,-0.26099395751953125,0.13018278777599335,0.4809604585170746,-0.10347950458526611,0.3017914295196533,0.25270843505859375,0.1032826155424118,-0.2125391662120819,0.41177240014076233,0.02992548607289791,0.12076815217733383,-0.7684293985366821,0.2650837302207947,-0.2337682545185089,-0.3710934817790985,-0.07513992488384247,-0.2340480089187622,0.2986510694026947,0.11214955151081085,-0.06814758479595184,0.04573971778154373,-0.03938523679971695,-0.6133058667182922,-0.30955368280410767,-0.10531993955373764,0.08050081133842468,0.3324374258518219,-0.18849019706249237,0.004143122583627701,-0.039053235203027725,0.17881864309310913,0.03449126332998276,0.07423187047243118,0.09309627115726471,0.13612000644207,-0.06382445245981216,0.16837851703166962,0.025527220219373703,-0.2232874631881714,0.3767155110836029,-0.2153131067752838,-0.14177313446998596,0.33195677399635315,0.05220760777592659,0.3114192485809326,-0.04627251252532005,0.21159330010414124,-0.3108319342136383,-0.02279548905789852,0.1833798587322235,0.12573401629924774,0.07455305755138397,-1.0788156986236572,-0.12123826891183853,0.23884661495685577,0.3299906849861145,-0.3931272625923157,-0.11496446281671524,0.2201409786939621,0.05467852205038071,-0.24616512656211853,-0.18021109700202942,0.5094270706176758,-0.0694032609462738,-0.22819451987743378,-0.19838817417621613,0.22095441818237305,-0.0067123351618647575,-0.3704199492931366,-0.17104505002498627,0.30186575651168823,0.19695115089416504,0.08756378293037415,0.01579742692410946,-0.14819972217082977,-0.057302169501781464,-0.37562912702560425,0.20136919617652893,0.6778806447982788,-0.3679382801055908,-0.10595712810754776,-0.22874200344085693,0.3143504559993744,-0.11985232681035995,-0.38198477029800415,0.2739688754081726,0.10385656356811523,-0.12367472797632217,-0.25104042887687683,-0.2737243175506592,-0.05753013491630554,0.2540593147277832,-0.11840349435806274,-0.13345733284950256,-0.10038690268993378,0.2485273778438568,0.2011016309261322,0.0863652378320694,-0.4095584750175476,-0.43158644437789917,0.20998868346214294,0.377562940120697,-0.02123868092894554,0.021826114505529404,0.14938411116600037,0.10321150720119476,0.44825538992881775,0.008887055329978466,-0.3539673984050751,-0.1706564724445343,-0.04100911319255829,0.07334069907665253,-0.5795917510986328,0.16514451801776886,0.41060033440589905,0.14632351696491241,-0.0031367645133286715,-0.15627828240394592,0.6460147500038147,0.21042950451374054,0.1007181853055954,-0.07482348382472992,0.019199838861823082,-0.01962098851799965,-0.5056415796279907,-0.11552485078573227,0.06967198848724365,0.25280505418777466,0.028059298172593117,-0.20901839435100555,-0.07528902590274811,-0.11811307817697525,-0.008898049592971802,0.0322975292801857,-0.07220339775085449,-0.5370992422103882,0.17934063076972961,-0.14306087791919708,0.055249981582164764,-0.8124661445617676,0.18624326586723328,0.23655030131340027,0.3601350486278534,0.11357139050960541,0.13126304745674133,0.184629887342453
CID000040976,1465,-0.27539825439453125,-0.18672724068164825,-0.03619424253702164,0.035186100751161575,0.04130017012357712,0.38762909173965454,0.20583832263946533,-0.0051964581944048405,-0.5385738015174866,-0.48489484190940857,0.2578352391719818,-0.6796015501022339,0.13660144805908203,-0.5629526972770691,-0.0034282125998288393,0.16677698493003845,0.16696736216545105,-0.07853454351425171,-0.4124947190284729,-0.21641886234283447,-0.10091056674718857,-0.39337077736854553,0.013662025332450867,0.20015570521354675,-0.016310295090079308,-0.03770436719059944,0.2856285870075226,0.1684735119342804,0.10439051687717438,0.37996989488601685,-0.05661625787615776,-0.4004858434200287,-0.1626955270767212,-0.16007423400878906,-0.11030042171478271,-0.030684243887662888,-0.2667121887207031,-0.367308109998703,-0.06464242190122604,0.20053021609783173,0.2059122622013092,0.032983969897031784,-0.28233811259269714,-0.037528153508901596,0.3233034014701843,-0.07737064361572266,-0.06512071192264557,-0.04769562557339668,-0.06303761154413223,-0.15163834393024445,0.034526120871305466,0.29166898131370544,-0.195348858833313,0.04863179475069046,-0.014553157612681389,0.0732845887541771,-0.06229177117347717,-0.024419385939836502,0.20734605193138123,0.20110578835010529,-0.7205239534378052,0.13227632641792297,-0.10769245773553848,0.32681596279144287,-0.0023293315898627043,0.11297144740819931,-0.24588868021965027,-0.0050144256092607975,-0.10733789205551147,-0.04384135454893112,-0.2973143458366394,0.28558769822120667,-0.0633256733417511,-0.3985290825366974,0.33385443687438965,-0.038280896842479706,0.06952221691608429,0.4197150766849518,0.42900314927101135,0.08470890671014786,-0.34102120995521545,-0.035231418907642365,-0.2713453769683838,0.06023625284433365,-0.01595882698893547,0.2139769047498703,-0.39357811212539673,-0.0728079229593277,0.20492108166217804,0.061343155801296234,-0.12925858795642853,-0.3314231038093567,-0.01821046881377697,-0.047916606068611145,-0.3122444748878479,-0.1272248774766922,-0.2764323949813843,0.4828866422176361,0.08708754181861877,-0.6054104566574097,0.141194149851799,0.18450933694839478,-0.12522535026073456,0.015854965895414352,-0.23227068781852722,-0.07089221477508545,-0.32594436407089233,0.4143848419189453,0.06821711361408234,-0.019559413194656372,-0.11895962059497833,0.007328236009925604,0.1302962303161621,-0.08673379570245743,0.10357768833637238,0.17913895845413208,-0.07940663397312164,-0.37878280878067017,0.5115656852722168,-0.34875550866127014,-0.3528726398944855,-0.5969581604003906,-0.16600331664085388,0.01372230052947998,-0.15672770142555237,0.2644214332103729,0.0067993029952049255,0.3355625867843628,0.3558202087879181,-0.11251659691333771,-0.05642774701118469,-0.046265147626399994,-0.6342767477035522,-0.38773930072784424,0.05599763244390488,-0.005221021361649036,-0.004847490694373846,-0.02959439717233181,0.14495497941970825,-0.41617387533187866,-0.04993792623281479,0.029069745913147926,0.1703658401966095,0.01934797689318657,0.10927192866802216,0.0004697382391896099,0.31350022554397583,-0.07769223302602768,0.0331791415810585,-0.3373022973537445,-0.015165930613875389,-0.23707377910614014,-0.12749838829040527,-0.06432181596755981,0.41354307532310486,0.05607807636260986,-0.13752847909927368,-0.45679107308387756,0.08767472207546234,-0.061892904341220856,0.2878267467021942,-0.049845676869153976,-0.6645705103874207,-0.09434536099433899,0.3659748136997223,0.2475777417421341,0.0001865387021098286,0.05160834267735481,0.1638651341199875,-0.012365731410682201,-0.332492858171463,0.024908069521188736,0.5451906323432922,0.16458746790885925,0.055411674082279205,-0.10269967466592789,0.12293641269207001,0.24870041012763977,-0.5537441968917847,-0.15375705063343048,0.26848435401916504,0.4553290009498596,-0.13973161578178406,0.036437585949897766,0.10032854229211807,0.18418194353580475,-0.23555174469947815,-0.26829734444618225,0.2582375109195709,0.07842860370874405,0.1734301596879959,-0.13480833172798157,-0.14889590442180634,-0.0723932608962059,-0.705342710018158,0.48571833968162537,-0.2484147995710373,-0.02935417927801609,-0.46259456872940063,-0.3393939137458801,-0.033847179263830185,0.419238418340683,-0.21047766506671906,0.08563624322414398,0.047490186989307404,0.4160195291042328,-0.18639394640922546,-0.24335940182209015,-0.46914252638816833,0.08341468870639801,-0.2748021185398102,0.018881041556596756,-0.006039565894752741,-0.26662418246269226,0.08337847888469696,-0.05302770808339119,0.6646882891654968,-0.04210657998919487,-0.1756700575351715,-0.2752087414264679,-0.0696883276104927,-0.09897270053625107,-0.7447777986526489,-0.1648648977279663,0.2845310568809509,0.16597674787044525,0.10212530195713043,0.04594302177429199,0.6706638336181641,0.20619845390319824,-0.23582644760608673,-0.11049740016460419,-0.3028717041015625,-0.021242927759885788,-0.3663187026977539,-0.47408682107925415,-0.03365979343652725,0.9314185976982117,0.018603313714265823,-0.05098884180188179,-0.22421467304229736,0.268231600522995,-0.1294463723897934,0.1551620215177536,0.22489769756793976,-0.3269662857055664,0.22225451469421387,0.3055408298969269,0.21408867835998535,-0.6489019393920898,-0.036978285759687424,0.3746422529220581,0.28499144315719604,-0.12311843782663345,-0.08127892762422562,-0.03543237969279289
CID000003059,1484,-0.16316361725330353,-0.1782839000225067,0.03567708656191826,-0.12016169726848602,0.22809049487113953,0.34412461519241333,-0.23145624995231628,-0.00700885197147727,-0.4753410220146179,-0.15707093477249146,0.2249373495578766,-0.40052491426467896,0.09427569061517715,-0.1986413151025772,0.14617618918418884,-0.060767192393541336,0.004851670004427433,0.17577502131462097,-0.02089497074484825,0.01748514734208584,0.059948377311229706,0.40140199661254883,0.1911257803440094,-0.07657049596309662,0.019464043900370598,-0.16738620400428772,0.08585923910140991,-0.024822741746902466,0.009921145625412464,0.16682758927345276,-0.01309712789952755,-0.2589060068130493,-0.15673847496509552,-0.05067791789770126,-0.43537893891334534,-0.03307657316327095,-0.29901137948036194,-0.2084437608718872,-0.10859481245279312,-0.1276039481163025,0.22882108390331268,0.03619083762168884,-0.17639103531837463,-0.1687009334564209,0.18357348442077637,-0.04367316514253616,-0.12206608057022095,0.15433838963508606,0.051137518137693405,-0.09007519483566284,-0.26737767457962036,0.13604891300201416,-0.16065195202827454,-0.002712471876293421,0.21708722412586212,-0.07777021825313568,0.032055195420980453,-0.31592369079589844,0.35958951711654663,0.030775567516684532,-0.993945300579071,0.05133853480219841,-0.1904948204755783,0.385250985622406,0.11983449757099152,0.09767742455005646,-0.3182903230190277,0.06053342670202255,0.043252989649772644,0.11392750591039658,-0.27530360221862793,0.15904054045677185,0.09591107070446014,-0.3467368185520172,0.1545363962650299,-0.13463781774044037,0.01132205966860056,0.0176228079944849,0.044412363320589066,-0.005042036063969135,-0.19768324494361877,-0.25894099473953247,-0.14861759543418884,0.08877448737621307,-0.08819406479597092,-0.17545482516288757,-0.24378085136413574,-0.030898505821824074,0.3223382234573364,0.007765345275402069,-0.12915602326393127,-0.11817401647567749,0.08668375015258789,0.009278443641960621,-0.4354763925075531,-0.024435237050056458,0.003788179252296686,0.275806725025177,0.19825075566768646,-0.25867682695388794,0.23467497527599335,0.17063595354557037,-0.20484523475170135,-0.18405000865459442,-0.10677967965602875,0.03637009859085083,-0.4359045922756195,0.1874271184206009,0.21889111399650574,0.19690217077732086,0.22644059360027313,0.10003401339054108,0.1990375816822052,0.012802397832274437,0.08116159588098526,0.1377754658460617,0.08818800747394562,-0.09798567742109299,0.06622537970542908,0.11102726310491562,-0.1260918825864792,-0.6465709209442139,0.22504973411560059,-0.18068625032901764,-0.553422749042511,-0.032178040593862534,-0.106353260576725,0.3191452920436859,0.3039425015449524,-0.08661694824695587,-0.07785838097333908,0.03589782491326332,-0.46615999937057495,-0.33471593260765076,-0.3671133816242218,-0.10761991888284683,0.09975872933864594,-0.14140644669532776,0.08520630747079849,-0.06407575309276581,0.01014797668904066,0.12335099279880524,-0.2751384675502777,-0.051717616617679596,0.04406510666012764,0.05602691322565079,0.14704738557338715,0.04029593989253044,0.091789610683918,0.3195968270301819,0.008829234167933464,0.056426335126161575,0.07679323852062225,0.22014698386192322,0.12328915297985077,-0.09670928120613098,-0.07641758024692535,-0.1609468162059784,0.11165286600589752,-0.0229078009724617,0.13468876481056213,0.012181153520941734,-0.9823430776596069,0.12161125242710114,0.18857906758785248,0.1845892369747162,-0.2643839418888092,0.07828792184591293,0.30139169096946716,0.08084423840045929,-0.05908004194498062,-0.18954995274543762,0.3072391152381897,0.009516668505966663,-0.20715074241161346,0.05741843581199646,0.21983692049980164,0.21657124161720276,-0.5035372972488403,-0.3134808838367462,0.362384557723999,0.29713600873947144,0.3677927255630493,-0.1239539161324501,-0.14030574262142181,0.14754389226436615,-0.2055661976337433,0.011056852526962757,0.4987602233886719,0.023450858891010284,0.07291169464588165,-0.1900871843099594,-0.09911761432886124,-0.01609925366938114,-0.06252370774745941,0.3215581774711609,0.0032264948822557926,-0.024720681831240654,-0.06457850337028503,-0.22267350554466248,0.12476132065057755,0.07291682809591293,-0.043937064707279205,-0.008041235618293285,-0.18103721737861633,0.2849110960960388,0.09443394839763641,0.08995480090379715,-0.0668211430311203,-0.2225935459136963,0.10370463132858276,0.0138377845287323,0.09780655801296234,0.17168495059013367,-0.05781447887420654,0.04847147315740585,0.4070054888725281,-0.013841303996741772,-0.1878879815340042,-0.2665918171405792,-0.06790764629840851,-0.07374022156000137,-0.5161147713661194,0.2100624144077301,0.35678043961524963,-0.1507015824317932,0.1861869990825653,-0.16580379009246826,0.5555146932601929,0.1071823462843895,-0.07463391870260239,-0.09361140429973602,-0.059741485863924026,-0.050870977342128754,-0.6268337965011597,-0.18289747834205627,0.14462313055992126,0.14507438242435455,0.1400691568851471,-0.14182500541210175,-0.2301550656557083,-0.04366215690970421,0.08391153812408447,0.07662046700716019,0.08404968678951263,-0.31897908449172974,0.2198893129825592,-0.1077723503112793,-0.15529528260231018,-0.5996589660644531,0.176658034324646,0.11494984477758408,0.08581708371639252,-0.05100579187273979,0.02491632103919983,0.09780972450971603
CID000003827,1523,-0.22256550192832947,-0.06676556915044785,0.13668528199195862,-0.2505297064781189,0.14889273047447205,0.38541552424430847,-0.2663239538669586,0.07878783345222473,-0.3966238498687744,-0.17690551280975342,0.03460611775517464,-0.3812011480331421,0.25302988290786743,-0.3921336531639099,0.0878116637468338,0.05352633073925972,0.048619627952575684,0.16994549334049225,-0.08818178623914719,-0.04786081612110138,-0.13160602748394012,0.05053901672363281,0.03953094407916069,-0.08648467808961868,0.0767679437994957,-0.2556234300136566,0.19361291825771332,-0.06189919635653496,-0.19558095932006836,0.2507006525993347,-0.007971209473907948,-0.04342865198850632,-0.16969937086105347,-0.04602527990937233,-0.28150805830955505,-0.06894803047180176,-0.24667756259441376,-0.39793866872787476,-0.17257936298847198,-0.0856713056564331,0.28429028391838074,0.10783953964710236,-0.25444942712783813,-0.32480868697166443,0.15341496467590332,0.07595298439264297,0.05420193821191788,-0.0891929492354393,-0.09367495030164719,-0.057707834988832474,-0.2649378180503845,0.27151066064834595,-0.19267132878303528,0.03349275514483452,0.10336605459451675,-0.053912900388240814,-0.05938168615102768,-0.12953385710716248,0.012432622723281384,0.18518926203250885,-0.8174907565116882,0.0998011976480484,-0.25252509117126465,0.4757002294063568,0.24414095282554626,0.24262213706970215,-0.2845447063446045,-0.053220003843307495,0.0766843780875206,0.045463066548109055,-0.12609681487083435,0.20557406544685364,-0.002513319253921509,-0.3060309886932373,-0.022125516086816788,-0.08756063878536224,-0.11933394521474838,0.004833263345062733,-0.0015499055152758956,0.02792338654398918,-0.2714216709136963,0.11040309816598892,-0.3861791789531708,-0.22798490524291992,0.07488203048706055,-0.22008006274700165,-0.29656872153282166,-0.15956982970237732,0.2397644966840744,0.15537044405937195,-0.049920208752155304,-0.2948097586631775,-0.10501116514205933,-0.01893300563097,-0.3378869593143463,0.03922462463378906,-0.19684727489948273,0.4176362454891205,0.23744280636310577,-0.4614419937133789,0.15200409293174744,0.3164881765842438,-0.1444118469953537,-0.08484494686126709,-0.14077894389629364,0.012685623951256275,-0.25118139386177063,0.30001577734947205,-0.11520101130008698,0.4066314101219177,0.11897449195384979,-0.013345283456146717,0.5892989039421082,0.0399559810757637,-0.12843124568462372,0.11186190694570541,-0.06888279318809509,-0.047644056379795074,0.09936591237783432,-0.0022453502751886845,-0.10343606770038605,-0.4231146275997162,0.21451494097709656,-0.3388407528400421,-0.42812633514404297,0.25671082735061646,-0.09851459413766861,0.4103870987892151,0.256390780210495,-0.05865474417805672,0.09614865481853485,0.2123355120420456,-0.5607923269271851,-0.2944280803203583,-0.21104764938354492,-0.17281103134155273,-0.028094429522752762,-0.11349345743656158,-0.006238016299903393,0.0393802747130394,-0.1776999682188034,0.23827508091926575,-0.1029415875673294,0.027820443734526634,0.03615204617381096,0.06718143075704575,0.19441863894462585,-0.023047441616654396,-0.14380523562431335,0.08240082859992981,-0.1395556777715683,0.00691526522859931,-0.1680098921060562,0.26815614104270935,0.13183411955833435,0.1874527633190155,-0.07378799468278885,-0.2688025236129761,0.20381419360637665,0.18543778359889984,0.22665628790855408,-0.08360596746206284,-0.7350775003433228,-0.05567967891693115,0.06360946595668793,0.31963130831718445,-0.22963456809520721,-0.061180002987384796,0.29021188616752625,-0.1243714839220047,-0.19764423370361328,-0.015419669449329376,0.3251991271972656,-0.1998569667339325,-0.01832970418035984,-0.11695945262908936,0.046484045684337616,0.1378932148218155,-0.4295539855957031,-0.32174167037010193,0.21637174487113953,0.4498733580112457,0.051197540014982224,-0.11536767333745956,0.024999523535370827,0.08625804632902145,-0.31541216373443604,-0.31651318073272705,0.16327446699142456,-0.09371992200613022,-0.005438363645225763,-0.058391135185956955,-0.010524824261665344,-0.1670466810464859,-0.24871572852134705,0.40082812309265137,0.1628134399652481,-0.08779652416706085,-0.07945116609334946,-0.1916859894990921,0.019935786724090576,0.11338607966899872,-0.2948581576347351,0.03973892331123352,-0.199788898229599,0.3110763430595398,0.18029150366783142,-0.23214051127433777,0.02682640217244625,-0.011736111715435982,-0.12957178056240082,0.23326429724693298,0.05693572759628296,0.1119493842124939,0.03501006215810776,0.08324740827083588,0.23169386386871338,0.30965369939804077,-0.016015613451600075,-0.2793210744857788,0.01552465558052063,-0.023059222847223282,-0.30056118965148926,-0.006179070565849543,0.305956095457077,0.14073346555233002,0.28328830003738403,-0.19412070512771606,0.44911104440689087,0.19834235310554504,-0.0754411593079567,-0.2194865643978119,0.07191243767738342,-0.033597540110349655,-0.28029364347457886,-0.2949734926223755,-0.1512579470872879,0.2611982226371765,0.23563151061534882,-0.2638760507106781,0.020451676100492477,-0.03714881092309952,0.24869170784950256,0.043025121092796326,0.02346195839345455,-0.22487711906433105,0.36021390557289124,0.04872187227010727,0.20861545205116272,-0.41670411825180054,0.17312149703502655,-0.06242992356419563,-0.01706499233841896,-0.21180996298789978,0.07769627869129181,-0.13322174549102783
CID000004675,1528,-0.2542043924331665,0.12972228229045868,0.1204071044921875,-0.09867576509714127,0.24618256092071533,0.619597315788269,0.23155072331428528,0.39937010407447815,-0.5944601893424988,-0.2565557360649109,0.08567814528942108,-0.40841540694236755,0.1125267967581749,-0.2719811797142029,-0.283000648021698,0.19392558932304382,-0.09234535694122314,0.04705648124217987,-0.14336185157299042,0.0750378966331482,0.42809611558914185,0.20121455192565918,0.10397877544164658,-0.14568951725959778,0.2277834713459015,-0.14994598925113678,0.3591662347316742,-0.1345457285642624,-0.1337376832962036,0.41480007767677307,-0.2110842913389206,0.12654933333396912,0.009004823863506317,-0.15308190882205963,-0.37125104665756226,0.13059885799884796,-0.4101058840751648,-0.24820201098918915,-0.2979193329811096,0.12599101662635803,-0.04755913466215134,0.2605539560317993,-0.16950544714927673,-0.22105255722999573,0.8384628295898438,-0.015208828262984753,-0.08592747896909714,0.12069667875766754,-0.1828065663576126,0.08436134457588196,-0.613024115562439,0.09081606566905975,-0.18354621529579163,-0.23716144263744354,0.40243250131607056,0.25635191798210144,-0.4056416153907776,-0.0002797454653773457,0.8113399744033813,-0.15215961635112762,-0.8200247883796692,-0.2711600065231323,-0.25251835584640503,0.23367217183113098,-0.345943808555603,-0.05111198499798775,-0.010089892894029617,-0.07724682986736298,0.20312857627868652,0.08749951422214508,-0.46541276574134827,-0.21423232555389404,-0.03192459046840668,0.10800281912088394,0.6366898417472839,0.03427629545331001,-0.10629922151565552,0.6681535840034485,0.5167109370231628,0.08483937382698059,-0.09383489936590195,-0.13435745239257812,-0.14327484369277954,0.16339188814163208,0.03583062067627907,-0.5645802617073059,-0.22505643963813782,0.00776627054437995,0.23391731083393097,0.06427730619907379,-0.6436535716056824,-0.249293252825737,0.0026103942655026913,0.10019601881504059,-0.665976881980896,-0.1403651386499405,0.09040212631225586,0.28718334436416626,0.07168301194906235,-0.2673935294151306,0.339903861284256,-0.06920113414525986,-0.08886928111314774,0.2902574837207794,-0.44030556082725525,-0.051328789442777634,-0.3466171324253082,0.3226466774940491,0.025218671187758446,0.033585719764232635,-0.1788787841796875,0.13834765553474426,0.14361688494682312,-0.022138293832540512,0.22615273296833038,0.013424647971987724,-0.23015275597572327,-0.19003243744373322,0.48185020685195923,0.03517067804932594,0.0719982236623764,-0.6766049861907959,0.12849482893943787,-0.5790976285934448,-0.6565290689468384,0.38640326261520386,0.019619902595877647,0.3822847008705139,0.3410360515117645,-0.08042233437299728,0.05591946840286255,-0.01631014421582222,-0.6614168882369995,-0.5282024145126343,0.2142023742198944,-0.44799527525901794,0.08443795144557953,-0.7379277348518372,0.2052893340587616,-0.07177881896495819,0.07631858438253403,0.21852970123291016,0.2677527070045471,0.006437869276851416,-0.0056884256191551685,0.3154495358467102,0.16529424488544464,-0.018951987847685814,0.4967584013938904,0.20636911690235138,0.034017693251371384,0.06062962859869003,-0.2611968517303467,0.06046231463551521,0.3987770676612854,0.16144798696041107,0.0677620992064476,-0.32481876015663147,-0.04799770563840866,0.45862871408462524,0.22725264728069305,-0.16991767287254333,-0.7608071565628052,-0.039902739226818085,0.3790813982486725,0.3118712604045868,-0.4536712169647217,0.25092947483062744,0.08616100996732712,-0.0394153818488121,-0.2380761206150055,0.1827453076839447,0.336805522441864,0.038195569068193436,-0.21928521990776062,0.007809014525264502,-0.1493658721446991,0.04617171362042427,-0.44911932945251465,0.0550198070704937,0.18178369104862213,0.24646535515785217,0.4471333622932434,0.039829228073358536,0.21013787388801575,-0.26746612787246704,-0.17108047008514404,0.1437617838382721,0.22311100363731384,-0.151407390832901,0.0848843902349472,-0.2822791635990143,-0.21991872787475586,-0.28336215019226074,-0.6373663544654846,0.6940250396728516,0.20856042206287384,0.07890021800994873,-0.2151438295841217,0.03763574734330177,0.11156541109085083,-0.10832495987415314,-0.2770983576774597,0.021941060200333595,0.19019487500190735,0.047125834971666336,-0.3755492866039276,-0.2433961182832718,-0.8387443423271179,-0.02821435034275055,0.011227458715438843,-0.1996261328458786,-0.09906547516584396,0.44182491302490234,0.028385916724801064,-0.20411375164985657,0.7604513168334961,0.008138622157275677,-0.4801747798919678,0.0045362175442278385,-0.07092147320508957,-0.05279940366744995,-0.5215028524398804,0.030917983502149582,0.09489643573760986,-0.06584122031927109,0.20157738029956818,-0.33676186203956604,0.5680257081985474,0.026100734248757362,-0.09730375558137894,-0.15429726243019104,-0.06663685292005539,-0.09489741921424866,-0.6381505727767944,-0.2976565957069397,-0.02643856406211853,0.34961968660354614,0.18999743461608887,0.10034698247909546,-0.8341082334518433,-0.23023447394371033,-0.09641516953706741,0.0765567496418953,0.2611899673938751,-0.8215352892875671,0.09444763511419296,0.1131826788187027,0.008416700176894665,-0.6335870027542114,0.10360030084848404,0.09204095602035522,0.0563381128013134,-0.11318409442901611,-0.010563964955508709,-0.009305099956691265
CID000000298,1531,-0.10393945127725601,0.17616967856884003,0.028529208153486252,-0.15784791111946106,0.6971374750137329,0.369981586933136,0.14849165081977844,0.017622020095586777,-0.2555111050605774,-0.07075872272253036,-0.004996111150830984,-0.3568393290042877,0.1827756017446518,-0.2467859983444214,-0.17353805899620056,0.16486600041389465,0.004930914845317602,-0.06328509002923965,-0.19004547595977783,-0.04549386352300644,0.3675961196422577,0.10998006165027618,-0.06822630017995834,0.053204476833343506,0.07897339016199112,-0.003606647253036499,-0.05231897905468941,0.06404691934585571,-0.17221097648143768,0.25892943143844604,-0.18170766532421112,-0.06765519082546234,0.052021585404872894,-0.0036407113075256348,-0.43554234504699707,0.09604225307703018,-0.3807186186313629,-0.41466355323791504,-0.0587431900203228,-0.1804208606481552,0.02043154463171959,0.03587794303894043,-0.31002146005630493,-0.1704826056957245,0.20819878578186035,0.1969176083803177,-0.30056601762771606,-0.20288622379302979,-0.11628717184066772,-0.11364156007766724,-0.3352877199649811,0.12497786432504654,-0.19022618234157562,-0.17102211713790894,0.01997818611562252,-0.015011412091553211,0.04488607123494148,-0.15091365575790405,0.27288252115249634,0.060700394213199615,-0.834416389465332,-0.016564566642045975,-0.1297893226146698,0.25399571657180786,-0.06886112689971924,0.2202843874692917,-0.1646890938282013,0.0003880627336911857,0.1461266279220581,0.3652636408805847,-0.28730306029319763,0.24708814918994904,0.04112064465880394,-0.17935696244239807,0.19989144802093506,-0.12196831405162811,-0.20259661972522736,0.0936458557844162,-0.1189192533493042,-0.2952914834022522,-0.1458907574415207,-0.08514226973056793,-0.1658395230770111,-0.025507723912596703,0.03198814019560814,-0.024627823382616043,-0.1778130829334259,-0.1314404308795929,0.562289297580719,0.0443643257021904,-0.2007552683353424,-0.08830206096172333,-0.15263792872428894,0.0827200636267662,-0.45167189836502075,0.2064167708158493,-0.209010049700737,0.5438321828842163,0.11206792294979095,-0.22678455710411072,0.4483030438423157,0.10566487163305283,0.0688813105225563,-0.013809891417622566,-0.12770694494247437,0.1005663275718689,-0.3724077641963959,0.3094587028026581,-0.15713033080101013,0.21011726558208466,-0.008699466474354267,0.026576638221740723,0.2903304994106293,-0.021913986653089523,0.18271061778068542,-0.07703177630901337,-0.003930685576051474,-0.17217442393302917,0.24541985988616943,-0.08338390290737152,-0.0266253761947155,-0.6431887149810791,0.23482351005077362,-0.33651643991470337,-0.44056692719459534,0.20140239596366882,-0.18012091517448425,0.2753985822200775,0.17886078357696533,-0.10750929266214371,0.023693036288022995,0.07123519480228424,-0.39639854431152344,-0.26380231976509094,0.08079681545495987,-0.12419459968805313,0.12506131827831268,-0.18009111285209656,0.01770910620689392,-0.03410971164703369,-0.051135383546352386,0.3219788372516632,0.10016413033008575,0.12357300519943237,0.21561460196971893,-0.05664186552166939,0.24722406268119812,-0.0016744851600378752,0.12197963893413544,0.17833665013313293,-0.23943407833576202,-0.12731879949569702,-0.03269817680120468,-0.014603836461901665,0.08897875249385834,0.10615234076976776,0.1360652893781662,-0.3172985017299652,-0.011771434918045998,0.3011556565761566,0.10376828908920288,0.009481742978096008,-0.8006881475448608,-0.13433417677879333,0.09718413650989532,0.27714967727661133,-0.33650416135787964,-0.09924611449241638,0.29615694284439087,0.06811914592981339,-0.21651120483875275,-0.12900230288505554,0.4643980860710144,-0.2511935532093048,-0.3455454707145691,-0.21889643371105194,-0.0048717618919909,0.03309081494808197,-0.3194759488105774,-0.1060599833726883,0.25526291131973267,0.23606860637664795,0.013909682631492615,-0.031319696456193924,-0.04523345082998276,-0.04219789430499077,-0.2524069845676422,-0.04761841148138046,0.5493112206459045,-0.0807267278432846,0.043992288410663605,-0.20594927668571472,0.04522950202226639,-0.13896670937538147,-0.18345454335212708,0.6876602172851562,0.038931261748075485,0.1952066719532013,-0.2724057137966156,-0.28517937660217285,-0.1094067320227623,0.07513518631458282,-0.20923349261283875,0.02860727533698082,-0.0748584121465683,0.40836668014526367,0.28885406255722046,-0.082242451608181,-0.07203926146030426,-0.053022779524326324,0.0052564144134521484,0.1087634414434433,-0.10423801094293594,0.013689815998077393,0.19086651504039764,-0.06443814933300018,0.47443804144859314,0.23234923183918,-0.2537112236022949,-0.2609798014163971,0.05973416566848755,-0.03522932156920433,-0.44772887229919434,0.04048968106508255,0.15449848771095276,0.10952719300985336,0.17111356556415558,-0.2568739354610443,0.6254739761352539,-0.008275223895907402,0.16283142566680908,0.006497481372207403,0.00842210277915001,-0.007210190407931805,-0.5866810083389282,-0.13512960076332092,-0.1977168321609497,0.013357373885810375,0.06148399040102959,0.02787943184375763,-0.16649171710014343,-0.10168590396642685,-0.00408250093460083,-0.17136429250240326,-0.08338896930217743,-0.38201501965522766,0.23739638924598694,-0.045257214456796646,0.10499303042888641,-0.6811415553092957,0.2834227681159973,0.10389269888401031,0.17819225788116455,0.001276940107345581,0.13101379573345184,0.11873282492160797
CID000003305,1535,-0.16105912625789642,-0.22312518954277039,-0.05655553936958313,0.007828304544091225,0.3025226593017578,0.4391535222530365,-0.3427274227142334,-0.01031523384153843,-0.24377937614917755,-0.11552538722753525,0.13920369744300842,-0.3504795432090759,0.14225944876670837,-0.1757972091436386,-0.19298557937145233,-0.03074594773352146,0.09757605940103531,0.20356473326683044,-0.07109423726797104,-0.19770869612693787,-0.028095442801713943,0.34804385900497437,0.0811474546790123,-0.12192519009113312,-0.08779533207416534,-0.0365951731801033,-0.2822039723396301,0.05875639244914055,0.07612854242324829,0.36852461099624634,0.11057770252227783,-0.2896482050418854,0.08307243138551712,0.04266554117202759,-0.43984803557395935,-0.11098338663578033,-0.17938514053821564,-0.17933425307273865,-0.255523145198822,-0.06687895953655243,0.37560614943504333,-0.0916215255856514,-0.23939669132232666,-0.33679714798927307,0.33756309747695923,-0.06163657829165459,-0.026086950674653053,-0.057008933275938034,0.1052011027932167,-0.32487815618515015,-0.20482687652111053,0.25018519163131714,-0.0792415589094162,-0.018234098330140114,0.13210612535476685,-0.0553865022957325,0.014381888322532177,-0.13687989115715027,0.3824865520000458,0.05741210654377937,-0.9029319882392883,-0.08590017259120941,-0.2602401077747345,0.04357210546731949,0.10256020724773407,0.312174916267395,-0.0428917333483696,0.022469794377684593,-0.06661368906497955,-0.07010215520858765,-0.16704913973808289,0.07528437674045563,-0.24252071976661682,-0.3578505218029022,0.1903500258922577,-0.046358872205019,-0.0675538033246994,0.19537784159183502,0.056493066251277924,0.07827021926641464,-0.321563184261322,-0.28572219610214233,-0.2993399500846863,-0.14798414707183838,-0.12535160779953003,-0.13702180981636047,-0.2205943763256073,-0.10554274171590805,0.37084418535232544,-0.08219809830188751,-0.20476071536540985,-0.2804204523563385,0.0916760116815567,-0.020898163318634033,-0.47964319586753845,-0.17022737860679626,-0.028853004798293114,0.04713328927755356,0.30793970823287964,-0.20715045928955078,0.12236491590738297,0.25113898515701294,-0.29138824343681335,0.016712287440896034,-0.2926904559135437,0.012540611438453197,-0.3708460330963135,0.08661027252674103,0.3295976221561432,0.07448207587003708,0.30262669920921326,0.045523904263973236,0.39566171169281006,0.10840854793787003,0.08831648528575897,0.2208392322063446,-0.14762666821479797,-0.3060024380683899,0.4648670554161072,-0.01651192642748356,-0.01688666269183159,-0.7182072401046753,0.2711302638053894,-0.032602064311504364,-0.27563735842704773,0.13982315361499786,-0.05211901664733887,0.3722667396068573,0.3008999228477478,-0.13882821798324585,-0.06441469490528107,-0.09049513190984726,-0.42775478959083557,-0.406194269657135,-0.400590717792511,-0.019444391131401062,0.12636928260326385,-0.3670203685760498,0.11729993671178818,-0.06618504226207733,-0.19073818624019623,0.0156725961714983,0.11266547441482544,0.05444344878196716,0.05321185663342476,0.16836071014404297,0.15354380011558533,-0.11696217209100723,-0.015369934029877186,0.25528913736343384,-0.08540011942386627,0.139455646276474,0.03390900045633316,0.06095968559384346,-0.3685395121574402,-0.012900019064545631,0.08273961395025253,-0.37247589230537415,0.1261865496635437,-0.05335000902414322,-0.01558770053088665,-0.050993382930755615,-0.8471575975418091,0.17785455286502838,0.3543769121170044,0.19946150481700897,-0.2465374916791916,0.2330273687839508,0.47912245988845825,0.15804848074913025,-0.18218497931957245,-0.08052609860897064,0.34679481387138367,0.044836048036813736,-0.09346407651901245,-0.14412008225917816,0.15643277764320374,0.25095030665397644,-0.4765964448451996,-0.25941795110702515,0.27041885256767273,0.3503648042678833,0.043807052075862885,-0.05471295118331909,0.004582628607749939,0.005596655420958996,-0.3702440559864044,-0.15333649516105652,0.43211111426353455,-0.04503185302019119,0.24744901061058044,-0.24540583789348602,0.08994404971599579,-0.2969336211681366,-0.34253519773483276,0.48255014419555664,-0.03348506614565849,-0.08499952405691147,-0.1750134974718094,-0.19670307636260986,-0.11955489963293076,0.12415528297424316,-0.21454720199108124,-0.12412703037261963,0.07920927554368973,0.2115159034729004,-0.06595411151647568,-0.1309305727481842,-0.40046387910842896,-0.20254822075366974,-0.13338150084018707,0.14766469597816467,0.015705034136772156,0.00801185891032219,-0.007003690116107464,0.019260741770267487,0.3355572819709778,-0.08177074790000916,-0.18705254793167114,-0.2854310870170593,-0.13773667812347412,0.1086038202047348,-0.4348951280117035,0.08538232743740082,0.11583205312490463,-0.3222726285457611,0.2896643579006195,-0.14187398552894592,0.578740656375885,0.1711866557598114,-0.1416553258895874,-0.12826338410377502,-0.06095001846551895,-0.07291585206985474,-0.4104182720184326,-0.06461536884307861,0.24553504586219788,0.24550378322601318,0.42251062393188477,0.09712761640548706,-0.26830732822418213,-0.14421086013317108,-0.038247086107730865,0.09914086759090424,0.11855487525463104,-0.19042325019836426,0.1386597752571106,0.11723057925701141,0.1834450513124466,-0.5336371064186096,0.23632168769836426,0.4561179578304291,0.179127037525177,0.07813862711191177,-0.028410976752638817,-0.021594559773802757
CID000002215,1540,-0.034217469394207,0.05453244969248772,0.24085655808448792,-0.15134884417057037,0.19768284261226654,0.36067044734954834,0.1236477941274643,0.15604965388774872,-0.21265724301338196,-0.24010558426380157,0.05645749717950821,-0.27697765827178955,0.26784732937812805,-0.1668776571750641,0.020050104707479477,-0.01870141550898552,-0.06977979838848114,0.3312911093235016,-0.09360486268997192,0.14304032921791077,-0.20548243820667267,0.13159267604351044,0.1300412267446518,-0.020520104095339775,0.15701450407505035,-0.09384386241436005,0.15740323066711426,-0.03409726545214653,0.04890357330441475,0.27180585265159607,0.10751466453075409,0.03470712900161743,-0.1566256582736969,0.0250468160957098,-0.553253710269928,-0.08383984863758087,-0.16924582421779633,-0.3585609197616577,-0.07994388788938522,-0.09395774453878403,0.08689866960048676,-0.03529942035675049,-0.18518659472465515,-0.3257828950881958,0.23639464378356934,-0.08651475608348846,-0.05775384232401848,0.2263810932636261,-0.27854493260383606,-0.032083265483379364,-0.4207735061645508,0.16116662323474884,-0.17087796330451965,-0.09169860929250717,0.26921433210372925,-0.14770424365997314,0.07352691143751144,0.05612670257687569,0.20475170016288757,0.07558796554803848,-0.9302034378051758,0.14537116885185242,-0.38305941224098206,0.0776791051030159,0.13072583079338074,0.2020808905363083,-0.03643060475587845,0.08843555301427841,0.12244893610477448,0.0580141544342041,-0.23443281650543213,-0.19226516783237457,0.11475376784801483,-0.15948782861232758,0.1712937206029892,-0.08881985396146774,-0.06812308728694916,0.17611175775527954,-0.12960271537303925,0.0806039348244667,-0.12453433126211166,-0.12436170876026154,-0.2016834020614624,-0.05220775678753853,-0.08923514932394028,0.04385561868548393,-0.16390009224414825,-0.03378457948565483,0.31525808572769165,-0.1447514295578003,0.06929350644350052,-0.13363152742385864,-0.030836457386612892,-0.10058226436376572,-0.43523746728897095,0.039312027394771576,-0.15566220879554749,0.28305721282958984,0.13864083588123322,-0.3280882239341736,0.2812653183937073,0.10207323729991913,-0.1574048548936844,-0.001480808830820024,-0.14071257412433624,-0.016734529286623,-0.36917737126350403,0.2688109874725342,-0.07305537909269333,0.23838920891284943,-0.014910871163010597,0.08040839433670044,0.38427406549453735,0.054827481508255005,-0.11963783204555511,0.1165991872549057,-0.014612965285778046,-0.08122788369655609,0.12922313809394836,-0.004740060772746801,-0.017827259376645088,-0.5833712816238403,0.03856643661856651,-0.4452210068702698,-0.3506396412849426,0.08963362127542496,0.018720516934990883,0.32229769229888916,0.10105357319116592,0.02610149420797825,0.2565799653530121,0.11508984863758087,-0.5957019329071045,-0.29362815618515015,0.10332657396793365,-0.22245211899280548,0.179684117436409,-0.1720307171344757,0.02183915674686432,0.16038338840007782,-0.14381098747253418,0.22247512638568878,-0.08281629532575607,-0.12119953334331512,-0.025261813774704933,0.13760216534137726,0.18330280482769012,0.06255494058132172,-0.19073431193828583,0.09482673555612564,-0.008059659972786903,0.06935755163431168,-0.22135964035987854,-0.0193916168063879,0.12856149673461914,0.07185451686382294,-0.21231713891029358,-0.3294326066970825,0.18424451351165771,-0.052315372973680496,0.18843279778957367,-0.06725732237100601,-0.7535141706466675,0.061421267688274384,0.17061129212379456,0.2803892493247986,-0.1334991753101349,-0.04387661814689636,0.19733603298664093,0.1020127385854721,-0.014096200466156006,0.11117257922887802,0.3804470896720886,-0.00017127096361946315,-0.1847376525402069,0.2153119593858719,-0.049118466675281525,0.060656893998384476,-0.516026496887207,-0.22400324046611786,0.2832801342010498,0.3039967119693756,0.3110484182834625,-0.13402211666107178,0.028128867968916893,-0.09473352134227753,-0.20390072464942932,-0.05498558282852173,0.4042157232761383,0.07971111685037613,0.06085754558444023,-0.34724345803260803,-0.029580071568489075,-0.16829867660999298,-0.1850508749485016,0.422738254070282,0.1575700342655182,0.0692584291100502,-0.08194585144519806,0.18769994378089905,0.11001767963171005,0.01974169909954071,-0.04456060379743576,0.12216516584157944,-0.09661620110273361,0.15935268998146057,0.23592498898506165,-0.3124614953994751,-0.14983591437339783,-0.1385577917098999,0.13127529621124268,0.1911858171224594,-0.009088387712836266,-0.10055093467235565,0.17591194808483124,0.011875170283019543,0.4129955768585205,0.06756575405597687,0.1081104651093483,-0.1461399495601654,-0.0758582055568695,-0.09964640438556671,-0.35371285676956177,0.13387146592140198,0.14425376057624817,-0.14052332937717438,-0.02013983204960823,-0.2044692486524582,0.4899321496486664,-0.027887240052223206,-0.06273821741342545,-0.33065101504325867,0.02707458660006523,-0.08335502445697784,-0.4931560158729553,-0.2789263427257538,-0.1908181607723236,0.06528916209936142,0.1436094045639038,-0.0937499850988388,-0.24332347512245178,-0.010205036029219627,0.15693755447864532,0.055648528039455414,-0.05927479267120361,-0.347378671169281,0.10408582538366318,-0.02535707876086235,0.07509806007146835,-0.5817697048187256,0.2219194918870926,-0.07546106725931168,0.17352986335754395,0.001012825989164412,-0.007669536862522364,-0.0464983806014061
CID006436173,1552,0.026982810348272324,-0.0950169563293457,-0.018082449212670326,-0.11154264211654663,0.23601379990577698,0.2012982815504074,-0.031170183792710304,0.11034119129180908,-0.2752026915550232,-0.25899478793144226,0.22251829504966736,-0.5045583248138428,0.22601056098937988,-0.22451265156269073,-0.27865302562713623,-0.10463080555200577,0.03710583597421646,0.053135573863983154,0.051419615745544434,0.009307559579610825,0.16255107522010803,0.09890297055244446,-0.14731267094612122,0.04681694880127907,0.1384933441877365,-0.25189855694770813,0.34654709696769714,-0.0772022157907486,-0.00944690965116024,0.3327752351760864,-0.18325600028038025,0.2113761007785797,0.08129622042179108,0.10882564634084702,-0.659698486328125,0.09276671707630157,-0.23650527000427246,-0.33556097745895386,-0.2526264786720276,-0.022962186485528946,0.040764618664979935,0.11613581329584122,-0.37009283900260925,0.22816641628742218,0.4086577296257019,0.09556912630796432,0.060122959315776825,0.05049554631114006,0.024522196501493454,-0.08964575827121735,-0.37044456601142883,0.1613854616880417,-0.24182990193367004,-0.24147513508796692,0.2283942699432373,-0.04565249755978584,0.048289574682712555,0.0768524557352066,0.4330984055995941,0.25783100724220276,-0.808936595916748,0.05682099983096123,-0.4737827777862549,0.06284703314304352,0.02285822480916977,0.23012730479240417,-0.13203474879264832,0.41400742530822754,0.08105571568012238,0.06224031373858452,0.07456536591053009,-0.1363435685634613,0.04736960306763649,0.20892922580242157,0.29415029287338257,0.06433398276567459,0.07917314767837524,0.3749157786369324,0.05350254848599434,-0.23078736662864685,-0.14387497305870056,0.025095749646425247,0.03537929430603981,-0.13077259063720703,-0.05217689275741577,0.02113434672355652,-0.42176857590675354,0.20101849734783173,0.34551307559013367,-0.10166692733764648,-0.050756484270095825,-0.12433930486440659,-0.06280932575464249,-0.09196822345256805,-0.48520636558532715,-0.13230988383293152,-0.14317670464515686,0.2207944393157959,0.03400019556283951,-0.27345341444015503,0.1962796300649643,0.01839808188378811,-0.325779527425766,0.15772631764411926,-0.22415347397327423,0.03887423127889633,-0.4861713945865631,0.24879130721092224,-0.06079734489321709,0.19792714715003967,0.192045658826828,0.32829421758651733,0.038380809128284454,0.09909702092409134,0.19857369363307953,0.1639329493045807,0.07854854315519333,-0.5751060843467712,0.35508811473846436,0.1092776507139206,-0.07280769944190979,-0.7131811380386353,-0.2528088688850403,-0.21495500206947327,-0.35512712597846985,0.3024906814098358,0.039407677948474884,0.18896973133087158,0.1677640825510025,0.06442990899085999,0.10371732711791992,0.06507112085819244,-0.49266472458839417,-0.2618071734905243,-0.0571533739566803,-0.12708157300949097,0.059784114360809326,-0.18178464472293854,0.16374172270298004,-0.3388364911079407,-0.08347125351428986,0.1138126477599144,0.07000184804201126,-0.11701031029224396,-0.22336621582508087,0.06745263934135437,-0.11106152832508087,-0.02942199632525444,0.20033112168312073,0.0982753187417984,-0.07820624113082886,0.10480672121047974,-0.029624491930007935,0.28622469305992126,0.23276612162590027,0.06625959277153015,-0.07236894965171814,-0.3934493362903595,-0.03598233312368393,0.07017059624195099,-0.20315909385681152,-0.04051041230559349,-0.8342775106430054,-0.09122832864522934,0.5194064378738403,0.18356987833976746,-0.13266971707344055,0.15523646771907806,-0.1504882276058197,-0.021331336349248886,-0.2808612585067749,-0.31099194288253784,0.3173133134841919,-0.00570569047704339,-0.03147448971867561,0.02768339216709137,0.05962097644805908,-0.16105347871780396,-0.41034966707229614,-0.08616876602172852,0.2041199952363968,0.18829743564128876,0.04995144531130791,-0.006068429443985224,0.03766288608312607,-0.007706181611865759,-0.12128397077322006,-0.24250531196594238,0.560518741607666,-0.08929825574159622,0.16044341027736664,-0.21761389076709747,0.0503351204097271,-0.09838741272687912,-0.14305564761161804,0.35795649886131287,-0.028037870302796364,-0.07829368114471436,-0.4089835584163666,0.21066148579120636,0.04720078781247139,-0.19069580733776093,-0.16562771797180176,-0.03107737936079502,0.07398664206266403,0.1526080071926117,-0.15831312537193298,-0.07744734734296799,-0.3387383222579956,-0.057551346719264984,0.1274758130311966,0.08808347582817078,0.060708869248628616,0.031589798629283905,0.12504854798316956,-0.27284565567970276,0.567547082901001,-0.14880280196666718,-0.05952407047152519,-0.13074040412902832,-0.0013689182233065367,-0.08007127046585083,-0.554383397102356,-0.09821031242609024,0.21373887360095978,-0.014527054503560066,0.20968587696552277,-0.13790908455848694,0.9502958059310913,0.19859997928142548,-0.2504909634590149,-0.13798785209655762,-0.02147001586854458,0.09327924251556396,-0.5251756906509399,-0.2757979929447174,-0.03269868716597557,0.17260129749774933,0.3062676191329956,0.2615605890750885,-0.43491682410240173,-0.10333561897277832,0.08429718017578125,0.2202049046754837,-0.005020428448915482,-0.009245617315173149,0.1569090187549591,0.16923540830612183,0.15230317413806915,-0.8749220967292786,-0.17994746565818787,0.42580991983413696,0.16726554930210114,0.02277699112892151,-0.03383798152208328,-0.15173770487308502
CID000051634,1560,-0.07814667373895645,-0.037067074328660965,-0.05464372783899307,-0.17947131395339966,0.8632282018661499,0.14252114295959473,-0.41420426964759827,0.017273172736167908,0.04729137569665909,0.07424244284629822,0.13159160315990448,-0.38044166564941406,0.01848014071583748,-0.04251318797469139,-0.07431727647781372,-0.0019813417457044125,0.09703854471445084,-0.030381429940462112,-0.02675715461373329,-0.0732092559337616,-0.07102129608392715,-0.2115231454372406,0.07612700015306473,0.1524723470211029,0.2760837972164154,-0.08290588110685349,0.030256401747465134,-0.16485680639743805,0.09943260252475739,0.34702807664871216,-0.04246431961655617,-0.2580990493297577,-0.04290788620710373,0.06028897687792778,-0.7889875173568726,0.23183652758598328,-0.17444369196891785,-0.22074547410011292,0.01889464259147644,-0.05074293538928032,0.09205357730388641,-0.11257974803447723,-0.03653424233198166,-0.16779300570487976,0.17706824839115143,-0.09052568674087524,0.08736567199230194,-0.03987935930490494,0.14990492165088654,-0.0827924907207489,-0.15520283579826355,0.04583870619535446,-0.1536334902048111,-0.25965890288352966,0.06909358501434326,-0.008574344217777252,-0.14147016406059265,0.026746368035674095,0.31914329528808594,0.33462199568748474,-0.8668500185012817,0.17718252539634705,-0.20408451557159424,0.10731234401464462,0.20415189862251282,-0.010426771827042103,-0.20805290341377258,0.1837530881166458,-0.03471839427947998,0.03225139155983925,-0.24165597558021545,-0.011821895837783813,0.19723215699195862,-0.23639538884162903,0.1995607316493988,-0.029505645856261253,-0.0007527827983722091,0.1270867884159088,0.07960204035043716,-0.48441392183303833,-0.18704193830490112,-0.1582721769809723,-0.09580989181995392,-0.11004818975925446,0.030104923993349075,0.06819170713424683,-0.039287976920604706,-0.15311045944690704,0.5384549498558044,0.014256322756409645,-0.005216129124164581,0.23024487495422363,-0.1660815328359604,0.036846451461315155,-0.5443228483200073,0.03692284971475601,-0.07764872163534164,0.4151163101196289,0.08760283887386322,0.008048497140407562,0.35153472423553467,0.09259572625160217,-0.14027190208435059,0.12641508877277374,-0.005990204401314259,0.037972986698150635,-0.5252571105957031,0.06804338842630386,0.07462029159069061,0.0183182954788208,-0.08757996559143066,0.16896924376487732,0.03439422324299812,0.065030537545681,-0.00703319301828742,-0.010571110062301159,-0.01959444209933281,-0.2106131613254547,-0.009353751316666603,0.11297758668661118,-0.22688789665699005,-0.8073568344116211,0.49610432982444763,-0.16606467962265015,-0.4487946927547455,-0.17095300555229187,0.0008914634818211198,0.31848204135894775,-0.11049731820821762,0.051716290414333344,-0.3553992509841919,0.13484317064285278,-0.25067439675331116,-0.23027586936950684,-0.34563612937927246,-0.18970531225204468,0.6117013096809387,-0.23006734251976013,-0.0045917704701423645,0.13866892457008362,-0.008812280371785164,0.3074355721473694,-0.21276609599590302,0.1970827579498291,0.09116993844509125,-0.10238862037658691,0.12600113451480865,0.07512661069631577,0.07771005481481552,-0.27866512537002563,-0.098468117415905,-0.08185990154743195,-0.2661963105201721,-0.06693240255117416,-0.04468980431556702,0.14109840989112854,0.024363571777939796,-0.33448556065559387,-0.015527123585343361,0.0485905185341835,0.28244641423225403,0.014702891930937767,-0.9457352757453918,-0.1429649293422699,0.31026968359947205,0.26704978942871094,0.0036190361715853214,-0.10597962141036987,0.04059160500764847,0.09198441356420517,0.0785818099975586,0.04425482824444771,0.3929518759250641,0.15717613697052002,0.013307034969329834,0.08013977110385895,0.3031752109527588,0.05645960569381714,-0.41181105375289917,-0.13027873635292053,0.42419499158859253,0.1592966765165329,-0.11663402616977692,-0.10700716078281403,-0.1365889310836792,-0.22534146904945374,-0.07863698154687881,-0.20924463868141174,0.7962159514427185,0.008586619980633259,0.2763744294643402,-0.4820740222930908,0.23930256068706512,0.08281960338354111,-0.0914657711982727,0.599197268486023,-0.10764340311288834,-0.034627463668584824,-0.038907941430807114,-0.31903785467147827,-0.01621958054602146,-0.05400316044688225,-0.23119108378887177,0.13065925240516663,-0.1872902810573578,0.14877894520759583,0.09635933488607407,0.06485076248645782,-0.1380237191915512,-0.11177261918783188,0.15135827660560608,0.1226460188627243,-0.09055454283952713,-0.07685242593288422,0.21187493205070496,0.028991688042879105,0.5286669135093689,0.008265798911452293,-0.002901779254898429,-0.2979552149772644,0.11527588218450546,-0.12376348674297333,-0.7018887996673584,0.1147635206580162,0.2523648738861084,0.0433802492916584,0.2244645357131958,-0.3418203294277191,0.768743097782135,0.028059858828783035,-0.01710331439971924,-0.03574434667825699,-0.1331532597541809,-0.10008928924798965,-0.5356073379516602,-0.1908959597349167,-0.050449587404727936,0.03315451741218567,-0.1768692433834076,0.0798787921667099,-0.31171756982803345,0.06614330410957336,0.18681569397449493,0.0027500211726874113,0.0813874825835228,-0.2401634156703949,0.2712370753288269,0.028722772374749184,-0.00024741291417740285,-0.7276445031166077,0.3785119950771332,0.10383429378271103,0.14971254765987396,0.07790648937225342,-0.051372021436691284,0.05312880873680115
CID000004739,1575,0.0886387750506401,0.2123253345489502,0.3789138197898865,0.06184142082929611,0.2846880853176117,0.27477559447288513,0.20922592282295227,-0.2564372420310974,-0.3289850652217865,-0.11303122341632843,0.06327787786722183,-0.3967132270336151,0.09576217830181122,-0.06788871437311172,-0.49282321333885193,0.10192961990833282,0.049126990139484406,-0.11559303104877472,0.3976916968822479,0.09457497298717499,0.10282523930072784,-0.20596127212047577,-0.11269160360097885,-0.25529342889785767,0.1522347778081894,-0.027335410937666893,-0.05855447053909302,0.15157796442508698,-0.0018595695728436112,0.3509419858455658,-0.24846014380455017,0.2541535496711731,0.2349894493818283,0.03482598811388016,-0.8001836538314819,-0.21194061636924744,-0.0760502740740776,-0.21991348266601562,-0.2386123239994049,-0.246107816696167,0.10317845642566681,0.16661827266216278,-0.38760143518447876,-0.04191058874130249,0.3879740834236145,-0.30283403396606445,-0.03964634984731674,0.09774208068847656,0.06355258077383041,-0.1650812178850174,-0.814400315284729,-0.008285296149551868,-0.004043000750243664,-0.20158159732818604,0.15503928065299988,-0.03053886815905571,0.09846486151218414,0.02532169222831726,0.3608197569847107,-0.20007571578025818,-0.8550845384597778,0.03740318864583969,-0.37622198462486267,-0.13839969038963318,-0.2891891896724701,0.008184002712368965,-0.0018543492769822478,0.4040457308292389,0.20482830703258514,-0.09418923407793045,-0.23063215613365173,-0.18456701934337616,-0.1725248396396637,-0.056890059262514114,0.33840036392211914,0.3517116606235504,-0.01724776066839695,0.2741119861602783,-0.0005694747087545693,-0.0272279791533947,-0.14260466396808624,-0.33018332719802856,-0.10483334213495255,0.0011246443027630448,-0.07085908204317093,0.16219699382781982,-0.24034662544727325,-0.36729443073272705,0.415078341960907,-0.1477833092212677,0.021402990445494652,-0.13199777901172638,0.007069888524711132,-0.028220420703291893,-0.59702467918396,0.0746673196554184,-0.275730699300766,0.1535295993089676,0.18050771951675415,-0.03930241987109184,0.39950481057167053,0.11190976947546005,-0.1332438439130783,0.053745727986097336,-0.2558801472187042,-0.1058526262640953,-0.3329814076423645,0.18511667847633362,-0.019612345844507217,0.01676044799387455,0.252489298582077,-0.2524777352809906,0.2647460997104645,0.18010665476322174,0.15196411311626434,-0.16831855475902557,-0.021857524290680885,-0.6274523735046387,0.049514759331941605,-0.049578957259655,0.24023795127868652,-0.866485595703125,-0.2852700352668762,0.043908704072237015,-0.35967564582824707,-0.04185537248849869,0.18204434216022491,0.14416585862636566,0.0653558000922203,0.3421940207481384,0.2396102398633957,-0.13959293067455292,-0.48463067412376404,-0.3235674202442169,0.02143683470785618,0.050882697105407715,0.22433209419250488,-0.45875781774520874,-0.20371858775615692,0.17380064725875854,-0.1331578940153122,-0.09977304935455322,0.48407068848609924,0.16320887207984924,-0.15278294682502747,-0.12482897192239761,-0.2642502188682556,0.14807617664337158,0.121487557888031,-0.14541523158550262,-0.06603442132472992,0.4843824505805969,-0.08085822314023972,0.08756642043590546,-0.26257866621017456,-0.13905900716781616,-0.08595947921276093,-0.4041561484336853,-0.14544090628623962,-0.07249175012111664,0.12992779910564423,0.17111144959926605,-0.8897552490234375,0.22489790618419647,0.536766529083252,0.17472851276397705,-0.2148367166519165,0.14620697498321533,-0.0036032400093972683,-0.03724730759859085,0.0021767765283584595,-0.18436703085899353,0.28873392939567566,0.31192660331726074,-0.06354518979787827,-0.02865762636065483,0.30038517713546753,0.047565944492816925,-0.4907071590423584,0.08056812733411789,0.22247417271137238,0.15669399499893188,0.159287229180336,-0.0485198013484478,-0.00860217772424221,-0.3005225658416748,-0.2580487132072449,0.12789753079414368,0.8366066813468933,-0.04437568038702011,0.10453461110591888,-0.4383001923561096,-0.11155577003955841,0.08236785978078842,-0.048068877309560776,0.29170653223991394,0.11704820394515991,-0.13585765659809113,-0.27574461698532104,0.20884184539318085,-0.02443096973001957,-0.0007837981102056801,-0.3228941559791565,0.360224187374115,0.09373696148395538,0.10750707238912582,-0.029224013909697533,-0.34731534123420715,-0.18526434898376465,-0.28455594182014465,0.3745381236076355,-0.22165076434612274,-0.122749924659729,-0.05769866704940796,0.021787578240036964,0.22253279387950897,0.5037043690681458,0.008697348646819592,0.08278838545084,-0.04425239935517311,-0.1702161580324173,-0.131046861410141,-0.6235655546188354,0.006520968861877918,0.24072416126728058,-0.10070886462926865,0.0745403915643692,-0.1892978549003601,0.831259548664093,0.1830945909023285,-0.1256033480167389,-0.13007844984531403,-0.058427922427654266,-0.04558049514889717,-0.4668012261390686,-0.20859193801879883,-0.26723867654800415,-0.03203834593296051,0.28723859786987305,-0.16221006214618683,-0.4667108654975891,-0.11692096292972565,0.1312645822763443,-0.21635980904102325,-0.03615362569689751,-0.07072647660970688,0.05961985141038895,0.04846961051225662,0.3239927887916565,-0.8658391833305359,-0.09013783186674118,0.6262771487236023,0.29419711232185364,0.20192256569862366,-0.13608582317829132,-0.0017783045768737793
CID000002610,1579,-0.0032258511055260897,-0.2540765404701233,-0.10727047920227051,-0.5320963859558105,0.7840172052383423,0.342794805765152,0.2536606788635254,0.06944534927606583,-0.41392451524734497,-0.08857686817646027,0.13651110231876373,-0.29527416825294495,0.014028993435204029,-0.0014792114961892366,-0.07921965420246124,-0.05726506561040878,0.07928295433521271,0.24440006911754608,-0.4119703769683838,-0.10388176143169403,0.24629127979278564,-0.12456953525543213,0.09670057147741318,-0.3665465712547302,0.07637344300746918,-0.2624799907207489,0.15576842427253723,-0.32969653606414795,-0.017765436321496964,0.16591843962669373,-0.23523156344890594,0.17618806660175323,-0.29558512568473816,-0.0012819066178053617,-0.339214026927948,0.3311208486557007,-0.4227365553379059,-0.36112383008003235,-0.07778581231832504,-0.03062354400753975,-0.06019674614071846,-0.2934904992580414,-0.17372608184814453,0.036384060978889465,0.305555135011673,-0.08217710256576538,-0.1265280544757843,-0.2345922887325287,0.11018577963113785,-0.03350258618593216,-0.6395289897918701,-0.09689334779977798,-0.00418776273727417,-1.2725036144256592,-0.08893749117851257,-0.24593231081962585,0.18761424720287323,-0.07841445505619049,0.9672552347183228,-0.06565405428409576,-1.0846688747406006,0.11925067007541656,-0.1156754270195961,0.4328557848930359,0.00914458092302084,-0.39784127473831177,-0.5163344144821167,0.26792919635772705,0.3321900963783264,-0.23088467121124268,-0.6423522233963013,0.24311289191246033,-0.02758079208433628,-0.088796466588974,0.4640785753726959,-0.148313507437706,0.20653660595417023,0.055311910808086395,0.028027046471834183,0.37257570028305054,-0.11659304797649384,0.09842212498188019,0.12658458948135376,0.002135510789230466,-0.006008951459079981,0.02940824255347252,0.09158749878406525,-0.06290183216333389,0.6329419016838074,0.22801156342029572,-0.060226477682590485,0.14713342487812042,-0.09546665847301483,0.017679551616311073,-0.6836496591567993,0.054852187633514404,-0.08269239962100983,0.3261266350746155,-0.2777467370033264,0.025170698761940002,0.2834414541721344,0.49451446533203125,0.013069185428321362,0.40096989274024963,0.04226142168045044,-0.07639153301715851,-0.45806798338890076,0.0806121975183487,-0.2750450670719147,0.7041142582893372,-0.340869277715683,-0.08798788487911224,0.30884331464767456,-0.2086159884929657,-0.0777231901884079,-0.031227052211761475,-0.13476034998893738,-0.13593259453773499,-0.012795421294867992,0.06958949565887451,0.1467541754245758,-0.8753955960273743,0.1162927970290184,-0.41046661138534546,-0.5543736219406128,0.2772504687309265,-0.014333980157971382,0.3763412833213806,0.06775303930044174,-0.12883871793746948,0.20012648403644562,0.49503517150878906,-0.7613497376441956,-0.29456958174705505,0.11719433218240738,-0.11713049560785294,0.38372522592544556,-0.21809983253479004,0.12620048224925995,0.15378811955451965,0.17843694984912872,0.5284877419471741,0.044618651270866394,0.019316989928483963,0.06522156298160553,0.26172953844070435,0.19183185696601868,-0.20358002185821533,0.18043982982635498,0.06787596642971039,-0.13012321293354034,0.14202694594860077,-0.03538532182574272,0.04488026350736618,0.09674303233623505,0.16649654507637024,-0.009822022169828415,-0.05606523156166077,-0.13709549605846405,-0.16415995359420776,0.48819851875305176,0.10254131257534027,-1.0903382301330566,-0.11982426792383194,0.41438746452331543,0.38151049613952637,0.015231452882289886,0.47861042618751526,0.061767805367708206,0.01099419966340065,-0.22778765857219696,-0.24514882266521454,0.5685220956802368,0.2262485921382904,-0.013662946410477161,-0.053833164274692535,0.06774494796991348,-0.026716595515608788,-0.21408775448799133,-0.10820133984088898,-0.02345629408955574,0.0634915679693222,-0.014031147584319115,-0.4424857497215271,-0.07095647603273392,-0.21679644286632538,-0.12123169749975204,0.028155356645584106,0.5317033529281616,-0.15453320741653442,0.1734190732240677,-0.42313486337661743,0.07618657499551773,0.04798225685954094,-0.07337162643671036,0.5377262234687805,0.33912914991378784,-0.03910859674215317,-0.2961990237236023,-0.4054661691188812,-0.04822109267115593,-0.1342305839061737,-0.26642635464668274,0.013007382862269878,-0.1565922498703003,0.17346234619617462,0.01782594993710518,-0.370570570230484,-0.12144700437784195,0.0917503759264946,0.23313431441783905,0.12095554172992706,0.06834595650434494,-0.04231864586472511,1.6230485439300537,-0.013177929446101189,0.801797091960907,0.15336748957633972,0.04348263144493103,0.10870528221130371,0.11904174089431763,0.1549094021320343,-0.6908295154571533,0.1445704698562622,0.2825407087802887,0.19632551074028015,-0.1891479790210724,-0.8042334318161011,0.8455600738525391,0.5029851794242859,-0.13488157093524933,-0.9236785173416138,0.1702851504087448,0.10505080223083496,-0.4054548144340515,-0.10518987476825714,-0.2164984941482544,-0.002274930477142334,-0.2006523609161377,-0.03164026886224747,-0.16037707030773163,0.10580100119113922,0.2703905701637268,-0.0037886262871325016,0.14019541442394257,-0.9288698434829712,0.28909966349601746,0.11904318630695343,-0.09390690177679062,-0.7362092137336731,0.0992802232503891,0.150088369846344,0.32685866951942444,-0.19477063417434692,-0.04487038031220436,0.08282198756933212
CID000004727,1622,-0.054061710834503174,-0.26991015672683716,0.004351204726845026,-0.09174912422895432,0.8080000877380371,0.3762566149234772,-0.3468458652496338,0.11965807527303696,-0.24513092637062073,0.08606183528900146,0.25293511152267456,-0.12798118591308594,-0.23869307339191437,-0.04312951862812042,0.0619535855948925,-0.16277287900447845,-0.052646659314632416,-0.2485905885696411,-0.07388322055339813,-0.15695765614509583,-0.19892838597297668,0.1902083307504654,0.012415627017617226,-0.27955687046051025,-0.0006404995801858604,0.03507610037922859,-0.29360154271125793,0.12071241438388824,-0.09715227782726288,0.38210129737854004,0.09601640701293945,-0.506766676902771,0.09870952367782593,-0.08366528153419495,-0.5844765901565552,-0.23246848583221436,-0.36711081862449646,-0.12200429290533066,-0.14166536927223206,0.005463206674903631,0.17296868562698364,0.05236605554819107,-0.2029486447572708,-0.10382409393787384,0.054936401546001434,0.061511069536209106,0.02481808327138424,0.39147576689720154,0.16434554755687714,0.07370339334011078,-0.289104163646698,0.16301171481609344,0.14290685951709747,-0.37549060583114624,0.2422235757112503,0.13573069870471954,-0.0722775012254715,0.15207502245903015,0.2546858489513397,0.17741060256958008,-0.7379521131515503,0.036013029515743256,-0.15341956913471222,-0.027670860290527344,0.01937762275338173,-0.19138231873512268,-0.2802347242832184,0.18709199130535126,0.14316222071647644,-0.044727206230163574,-0.35005468130111694,-0.18025359511375427,0.0002017140359384939,0.013456168584525585,0.06635553389787674,-0.04559902474284172,-0.0934009701013565,-0.10738378763198853,-0.01804789900779724,-0.2344883382320404,-0.23564675450325012,-0.3466227948665619,-0.11044158786535263,-0.0837840661406517,-0.13372671604156494,0.002819746732711792,-0.12486617267131805,0.016199355944991112,0.4849886894226074,0.046374719589948654,0.07884742319583893,-0.058655746281147,0.35135936737060547,0.0192312840372324,-0.5875891447067261,0.1687989979982376,-0.2106209248304367,0.2259768694639206,0.10513462871313095,0.055314671248197556,0.42098966240882874,-0.09789248555898666,-0.19431141018867493,0.2619099020957947,0.06928034126758575,-0.061772264540195465,-0.6200747489929199,0.2768852412700653,0.10767797380685806,0.12441785633563995,0.23146486282348633,-0.26096564531326294,0.07673276960849762,-0.02776419185101986,-0.11638164520263672,0.07892324030399323,-0.03832750767469406,-0.22691616415977478,0.09081514179706573,0.23128679394721985,-0.09662904590368271,-0.7780534625053406,-0.061014145612716675,-0.4071037173271179,-0.47921448945999146,0.108335480093956,0.004869788885116577,0.5318143963813782,0.08272913098335266,-0.24463073909282684,-0.2294292002916336,0.04600604996085167,-0.24512489140033722,-0.39700865745544434,-0.40720444917678833,-0.44772520661354065,0.32900047302246094,-0.12276319414377213,0.27222299575805664,0.1289627104997635,0.11348049342632294,-0.004379204474389553,-0.07137583196163177,0.08722525089979172,0.02364245429635048,-0.257878839969635,0.1419016420841217,-0.04241875931620598,-0.1357661932706833,0.09864995628595352,0.07114177942276001,0.26179227232933044,-0.012174010276794434,0.027251118794083595,-0.301058292388916,-0.08568081259727478,0.047646891325712204,-0.2692655622959137,-0.04755515605211258,0.02733602561056614,-0.0927252545952797,-0.10591210424900055,-0.9760233759880066,0.17520810663700104,0.35929545760154724,0.25156721472740173,-0.2004905492067337,0.00016715525998733938,0.0974087119102478,0.007897508330643177,-0.13124200701713562,-0.23537783324718475,0.34826576709747314,0.02810230851173401,0.007247972302138805,0.28349530696868896,0.24694451689720154,0.1109590157866478,-0.34457212686538696,-0.18425491452217102,-0.027028238400816917,0.13249187171459198,0.06744001805782318,0.0610090009868145,-0.10248193889856339,-0.21693722903728485,-0.36503320932388306,-0.24095860123634338,0.8766223192214966,-0.07720664888620377,0.3199644982814789,-0.6471262574195862,0.20046107470989227,0.18686048686504364,-0.02648860216140747,0.5605239868164062,0.09329380095005035,-0.15342934429645538,-0.06955491006374359,0.02875170111656189,-0.23008480668067932,-0.10360787063837051,-0.3264666199684143,0.20910844206809998,-0.0530969500541687,0.24973103404045105,0.10303489863872528,0.024226540699601173,0.006083248183131218,-0.33894699811935425,0.26724642515182495,-0.10545317083597183,-0.03346547856926918,-0.07599842548370361,0.4262961447238922,-0.20665724575519562,0.566292405128479,-0.008461068384349346,-0.04944960027933121,-0.21766892075538635,-0.3916087746620178,-0.0683329850435257,-0.6762325167655945,0.08144478499889374,0.30474168062210083,-0.01774870976805687,0.19156301021575928,-0.2038063108921051,0.7840835452079773,-0.04317186027765274,-0.019222622737288475,-0.04754345864057541,-0.16741028428077698,0.0331374891102314,-0.6686829924583435,-0.2072439193725586,-0.07647089660167694,0.1534651815891266,0.14310024678707123,-0.22393791377544403,-0.31818366050720215,0.00600361218675971,0.15734288096427917,0.26792973279953003,0.03816979378461838,-0.3866825997829437,0.1590697467327118,-0.09942067414522171,-0.14345385134220123,-0.7830919623374939,-0.2449501007795334,0.1606224626302719,0.22548744082450867,-0.0016659516841173172,0.0588778480887413,0.007030320353806019
CID000003637,1656,0.09033149480819702,-0.10712425410747528,0.06943109631538391,0.1536058634519577,0.5154616236686707,0.42325061559677124,-0.007522326894104481,0.19789956510066986,-0.11865422874689102,-0.06284476071596146,-0.1550012230873108,-0.046318650245666504,0.1474471241235733,-0.30165377259254456,-0.2445044219493866,-0.13064835965633392,-0.08007674664258957,0.05606355145573616,0.258529394865036,-0.18957911431789398,-0.3549824059009552,0.16714701056480408,-0.16117972135543823,-0.23288996517658234,0.11374638229608536,-0.21090510487556458,0.31001076102256775,0.013841921463608742,-0.0173482783138752,0.5534439086914062,0.07547883689403534,0.030527155846357346,0.18986168503761292,0.08817323297262192,-0.7021503448486328,0.052158504724502563,-0.2704009413719177,-0.23619310557842255,-0.521436333656311,0.0604911670088768,0.1928286999464035,0.04610862582921982,-0.434332937002182,-0.05395366623997688,0.14257241785526276,0.2935478687286377,-0.21613602340221405,0.2416839897632599,0.22070643305778503,0.05837534740567207,-0.1951218694448471,-0.1461440622806549,-0.014497518539428711,-0.17046606540679932,0.041076816618442535,-0.13556072115898132,0.1588195562362671,0.41768351197242737,0.4979260563850403,0.006881254259496927,-0.8999336957931519,-0.1396574079990387,-0.13616463541984558,0.011894552037119865,0.13707318902015686,-0.17227387428283691,-0.42575615644454956,0.02832496166229248,0.1119488924741745,-0.043395720422267914,-1.061100959777832,0.09588916599750519,0.009547906927764416,0.07309295982122421,0.521472156047821,-0.10407929122447968,-0.2349931299686432,0.01238035038113594,0.023533817380666733,0.031186988577246666,-0.24777212738990784,-0.3041209578514099,0.002856564475223422,0.10921040922403336,-0.07865563780069351,0.06105443090200424,-0.23180916905403137,0.14919070899486542,0.5129967927932739,-0.31972894072532654,-0.18757715821266174,0.09251344203948975,-0.10881854593753815,-0.04015198349952698,-1.1489627361297607,-0.09574001282453537,0.0497385635972023,0.10535682737827301,0.1264994889497757,-0.4127628803253174,0.4954592287540436,-0.14546482264995575,-0.2519596219062805,0.17678102850914001,-0.03016245923936367,0.12085612118244171,-0.6004120707511902,0.08820070326328278,0.14806228876113892,0.5796822309494019,-0.246919184923172,0.1480902135372162,0.4650622010231018,-0.0039877863600850105,0.2473762333393097,0.042165353894233704,0.11909546703100204,-0.40956026315689087,0.12754520773887634,-0.023004820570349693,0.22527062892913818,-0.8926171064376831,0.17769800126552582,-0.6069558262825012,-0.5174874067306519,0.08464112132787704,0.03500004857778549,0.6359463930130005,-0.10127025842666626,-0.02240144833922386,-0.08730246871709824,-0.23387210071086884,-0.5633754730224609,-0.3485927879810333,-0.18676090240478516,-0.44818830490112305,0.679535984992981,-0.1264815628528595,-0.2544649541378021,0.25835445523262024,0.06566707789897919,0.2508201599121094,-0.12513655424118042,0.016594737768173218,-0.025443818420171738,0.034957751631736755,0.11050961166620255,-0.2117573320865631,-0.4551450312137604,0.1533730924129486,-0.12888005375862122,0.11555224657058716,0.07781241834163666,-0.07575792819261551,0.07947935163974762,-0.22250127792358398,0.1433141529560089,-0.3847966194152832,-0.20884892344474792,-0.06581641733646393,0.14647237956523895,-0.06733322143554688,-1.08881676197052,0.11658012866973877,0.9851785898208618,0.02584615908563137,-0.6267090439796448,-0.024699930101633072,0.06960013508796692,-0.03137437254190445,-0.44806280732154846,-0.11037268489599228,0.5754884481430054,-0.22070440649986267,-0.3157561421394348,0.31410616636276245,0.20290493965148926,0.12644794583320618,-0.24345239996910095,0.08200598508119583,0.0934186801314354,0.42260193824768066,0.17030589282512665,0.029429301619529724,0.0014714449644088745,-0.5030038356781006,-0.34767183661460876,0.09485555440187454,0.8565999865531921,-0.15697844326496124,0.1087479367852211,-0.9283008575439453,0.3665686249732971,0.13243290781974792,-0.07283995300531387,0.5719079971313477,0.029459794983267784,-0.051284439861774445,-0.021307099610567093,-0.22238501906394958,-0.09539635479450226,-0.11429822444915771,-0.31602829694747925,-0.1159730926156044,-0.10340306907892227,0.33030492067337036,-0.12494558095932007,-0.05956152826547623,-0.14320042729377747,-0.2825171947479248,0.2591661214828491,-0.021420517936348915,0.132004514336586,-0.18290264904499054,0.13464784622192383,-0.2140551060438156,0.6211477518081665,-0.35347187519073486,0.10415241867303848,-0.10017236322164536,0.04027340188622475,-0.009018098935484886,-0.4595579206943512,-0.06875743716955185,0.05356942489743233,-0.3688616454601288,0.09346441924571991,-0.2785335183143616,0.6974994540214539,-0.35970622301101685,-0.08413514494895935,-0.23730400204658508,-0.12782356142997742,-0.1822807937860489,-0.49009448289871216,-0.10947231948375702,0.22840936481952667,0.20973296463489532,0.04607751965522766,0.10002318769693375,-0.76468825340271,-0.11309193074703217,-0.09607409685850143,-0.006408697459846735,-0.28991252183914185,-0.6248499155044556,0.47139039635658264,0.03193775564432144,-0.3186309039592743,-0.8163399696350098,0.1966819316148758,-0.04786054044961929,0.43808621168136597,0.13173261284828186,-0.13848786056041718,-0.26365137100219727
CID000004745,1679,-0.010788315907120705,-0.1347363293170929,0.17730528116226196,-0.1426069438457489,0.6531587243080139,0.2336534708738327,0.002984914230182767,-0.05386369675397873,-0.23461849987506866,-0.12880411744117737,0.07691910117864609,-0.32236671447753906,0.2487962692975998,-0.5289128422737122,-0.06647907942533493,0.004472874104976654,0.3636642396450043,0.44321146607398987,-0.17618611454963684,0.13662011921405792,0.1035192608833313,0.39693278074264526,-0.059452809393405914,0.0615646131336689,0.10173088312149048,0.060411013662815094,0.4185006022453308,-0.19790157675743103,0.201269268989563,0.34941938519477844,-0.2147451937198639,0.04096522182226181,0.18447746336460114,0.1307080090045929,-0.49801772832870483,-0.050600290298461914,-0.5754330158233643,-0.4081958830356598,-0.35749369859695435,-0.022300252690911293,0.19144248962402344,0.17556455731391907,-0.20791761577129364,-0.3975253701210022,0.6033090353012085,-0.17889651656150818,0.005917408037930727,0.09643805027008057,-0.25248128175735474,0.05455748364329338,-0.4889511466026306,0.07976420968770981,-0.21646754443645477,-0.41964149475097656,-0.10320834815502167,0.007740086410194635,0.018250692635774612,0.17456772923469543,0.4956382215023041,-0.03385334461927414,-0.8318341374397278,-0.23551435768604279,-0.15258212387561798,0.3313280940055847,0.23481282591819763,0.4081116318702698,-0.1765381544828415,0.35816264152526855,-0.2670018672943115,0.04256003350019455,-0.19187766313552856,0.24370881915092468,0.2265779674053192,-0.3581930696964264,0.5370211005210876,-0.11946604400873184,-0.1083260327577591,0.44037050008773804,-0.09826521575450897,-0.20452971756458282,-0.2904488146305084,-0.08275557309389114,0.09330786019563675,-0.29646191000938416,-0.058590829372406006,-0.20603923499584198,-0.06619285047054291,0.6393100619316101,0.7700856924057007,-0.09015612304210663,0.07261575013399124,-0.09299227595329285,-0.20712454617023468,0.08433477580547333,-0.9191268682479858,-0.1369272917509079,-0.2889153063297272,0.5346463322639465,-0.2058696448802948,-0.32180464267730713,0.688520073890686,-0.09336131811141968,-0.06543753296136856,0.5747154355049133,-0.4688955843448639,0.1882697194814682,-0.37048807740211487,0.38850703835487366,0.060955364257097244,0.205703467130661,-0.5159212946891785,0.08467265963554382,0.7223588228225708,0.1892203688621521,0.29704537987709045,0.0028519988991320133,-0.29860663414001465,-0.5859034657478333,0.49741029739379883,-0.028419112786650658,0.016550719738006592,-0.7127480506896973,-0.4611569046974182,-0.35449331998825073,-0.4432615339756012,-0.3279878497123718,-0.12263356149196625,0.5993188619613647,-0.0805768370628357,-0.08896112442016602,0.0413113534450531,0.2857327163219452,-0.6179234385490417,-0.38916856050491333,-0.08564125001430511,-0.008428281173110008,0.3994830250740051,-0.4072134494781494,0.042761750519275665,-0.30000483989715576,-0.25566086173057556,0.12353913486003876,0.10988332331180573,0.14064154028892517,0.319527804851532,0.24097415804862976,0.20808222889900208,-0.0019645006395876408,-0.030916636809706688,0.5702577829360962,0.07726820558309555,-0.02209371142089367,0.03413660079240799,-0.15353676676750183,0.38339313864707947,-0.0763331726193428,-0.1346593052148819,-0.5720365047454834,-0.2372884750366211,0.00211925501935184,0.025885695591568947,0.04103372246026993,-1.2659975290298462,-0.19019263982772827,0.5576654672622681,0.27991783618927,-0.5224599838256836,0.042110949754714966,0.1448461264371872,-0.10343585163354874,-0.3373390734195709,-0.23632700741291046,0.5219048261642456,0.03891676291823387,0.06389361619949341,0.20902375876903534,-0.3428983986377716,0.11297236382961273,-0.29797616600990295,-0.13304397463798523,0.3516082465648651,0.3618331551551819,-0.06618200242519379,-0.09590612351894379,0.18713247776031494,-0.22253422439098358,-0.49569183588027954,-0.11306117475032806,0.6338509321212769,-0.11702124774456024,-0.07684741914272308,-0.9479317665100098,0.04712508246302605,-0.27501043677330017,-0.2859143614768982,0.4988938271999359,-0.18629583716392517,-0.04336702078580856,-0.7690743207931519,0.02283238247036934,0.061326634138822556,0.23513631522655487,-0.3651185631752014,-0.30904534459114075,0.03857533633708954,0.07544393837451935,0.03531526401638985,-0.07702457904815674,-0.7490745186805725,-0.028747979551553726,0.24460232257843018,0.22678419947624207,0.0733204111456871,0.07108894735574722,0.2739388942718506,-0.4168715476989746,0.4643750786781311,-0.11387324333190918,0.1360364854335785,-0.08664889633655548,-0.018661821261048317,0.00870685838162899,-0.5485938191413879,0.21109414100646973,0.42642226815223694,0.1869884431362152,0.17367012798786163,-0.3575352728366852,0.6974676251411438,0.20660312473773956,-0.10781816393136978,-0.2028336226940155,-0.004923105239868164,0.11556774377822876,-0.10263025760650635,-0.27400827407836914,0.29369106888771057,0.3813950717449188,-0.2088211327791214,-0.02040284126996994,-0.22635428607463837,-0.0879957526922226,-0.049352485686540604,0.1133347749710083,0.23962578177452087,-0.9762262105941772,0.1309707909822464,0.18580158054828644,-0.0944323018193245,-0.899986743927002,-0.39988118410110474,-0.044828515499830246,0.18192556500434875,0.4168665409088135,-0.008560332469642162,-0.3352130353450775
CID004659568,1680,0.13758236169815063,-0.054340213537216187,0.19770576059818268,-0.024588175117969513,0.30757591128349304,0.23605123162269592,0.16802629828453064,-0.11470925807952881,-0.2888599932193756,-0.23692503571510315,-0.028066322207450867,-0.4669138491153717,0.09049177169799805,-0.2219122350215912,0.0017319679027423263,0.07237283885478973,-0.12032179534435272,0.3272589445114136,-0.04411328583955765,0.20880119502544403,-0.12725874781608582,0.15340495109558105,0.1441536545753479,0.0024604082573205233,0.13513962924480438,-0.17751573026180267,0.18496404588222504,0.08412086963653564,-0.11510519683361053,0.3598847985267639,-0.058090828359127045,0.07340981066226959,-0.04116016626358032,0.10480748116970062,-0.470874160528183,-0.035665906965732574,-0.41602760553359985,-0.3175826966762543,-0.02355802059173584,0.04167038947343826,0.06355015188455582,0.24230876564979553,-0.15540292859077454,-0.20692774653434753,0.23766925930976868,0.028795665130019188,-0.1263466477394104,0.22406545281410217,-0.19863949716091156,-0.2808725833892822,-0.29870814085006714,0.18888114392757416,-0.1977517157793045,-0.1475323587656021,-0.07267384231090546,-0.053691089153289795,0.14904241263866425,0.20468732714653015,-0.0014341652859002352,0.023299086838960648,-0.9988397359848022,0.18103811144828796,-0.3285849094390869,0.05056259036064148,0.14658793807029724,0.19667217135429382,-0.13676342368125916,0.17897674441337585,0.02856416441500187,0.06084124371409416,-0.005076614674180746,0.021802445873618126,-0.17096827924251556,-0.07153383642435074,0.3170018196105957,-0.09368795901536942,0.049648217856884,0.0039657168090343475,0.17481651902198792,-0.1696527749300003,-0.17828932404518127,-0.1866847425699234,-0.07338257133960724,-0.22953899204730988,-0.08160214126110077,0.01589098572731018,-0.11986954510211945,0.027941253036260605,0.4534638822078705,0.14087267220020294,-0.0458991639316082,-0.16429932415485382,-0.09496662765741348,0.14006492495536804,-0.569673478603363,-0.05503495782613754,-0.19927754998207092,0.3271023631095886,0.22937007248401642,-0.2232523262500763,0.3712971806526184,-0.03539067134261131,0.0029509738087654114,0.3366908133029938,-0.05574431270360947,-0.01838568225502968,-0.2759626805782318,0.12843774259090424,-0.027557367458939552,0.21133151650428772,0.1345347762107849,-0.09437848627567291,0.40037965774536133,0.005760490894317627,0.0984412431716919,0.1262454092502594,0.13656224310398102,-0.18561327457427979,0.001552610076032579,-0.03468388319015503,-0.07863898575305939,-0.6538411974906921,-0.00599187845364213,-0.33690550923347473,-0.4846569001674652,-0.019897203892469406,-0.15448348224163055,0.19067075848579407,-0.0961698666214943,0.05763273313641548,0.21747827529907227,-0.08393323421478271,-0.6034201979637146,-0.2545013725757599,0.24166207015514374,0.03626189008355141,0.40154895186424255,-0.2457720786333084,-0.04162399843335152,0.09311766177415848,-0.05743859335780144,0.06336883455514908,-0.009189382195472717,0.0013366937637329102,-0.06445135176181793,-0.04850191995501518,0.2145407497882843,0.2592487037181854,-0.19807308912277222,0.11603353172540665,-0.04832041263580322,1.4035404092282988e-05,-0.04737678915262222,-0.017393026500940323,0.06836368143558502,-0.2369040548801422,-0.16399076581001282,-0.3659975528717041,-0.1055239886045456,0.06795880943536758,0.15865860879421234,0.012328197248280048,-0.9480966329574585,-0.010173505172133446,0.0769278034567833,0.35555464029312134,-0.08992920070886612,-0.23489487171173096,0.22699972987174988,-0.0068382201716303825,0.018307548016309738,-0.21333777904510498,0.28386586904525757,-0.2131420075893402,-0.24211502075195312,0.03987769037485123,0.11788235604763031,0.2561684846878052,-0.45185279846191406,-0.08454477041959763,0.3378528952598572,0.19545403122901917,0.12538301944732666,-0.17000837624073029,-0.005753461737185717,0.14028552174568176,-0.5337279438972473,-0.037234850227832794,0.46368759870529175,0.09657257050275803,0.15514841675758362,-0.2354646623134613,-0.1065489649772644,-0.12132735550403595,-0.100255087018013,0.45224452018737793,0.14892391860485077,-0.04654233902692795,-0.1912657469511032,0.08815379440784454,0.01423235796391964,-0.11793184280395508,-0.16631951928138733,0.18067073822021484,-0.13664278388023376,0.24408003687858582,-0.026270706206560135,-0.3553954064846039,-0.08285040408372879,-0.17323261499404907,0.10679445415735245,0.26790136098861694,0.04359229654073715,-0.061399199068546295,0.39997589588165283,-0.12815771996974945,0.268899142742157,0.32530975341796875,-0.13709935545921326,-0.22929546236991882,-0.09753469377756119,0.06600697338581085,-0.4528254568576813,0.09351293742656708,0.39082640409469604,0.06382085382938385,0.0893554612994194,-0.25206509232521057,0.5570472478866577,0.05018171668052673,-0.14700224995613098,-0.03170032426714897,0.011179948225617409,0.020379688590765,-0.4474838376045227,-0.20745864510536194,-0.2923964262008667,0.13553400337696075,0.1735614687204361,-0.22616466879844666,0.03420126810669899,0.04670446738600731,0.05902766436338425,0.10906301438808441,-0.20202131569385529,-0.21185676753520966,0.1009201779961586,-0.03902549296617508,-0.069088414311409,-0.6771459579467773,0.09293394535779953,0.035174060612916946,0.17571201920509338,0.06237009912729263,0.18207871913909912,0.07129613310098648
CID000657298,1690,-0.03525601699948311,0.00694061815738678,0.12472045421600342,0.03768141567707062,0.07540467381477356,0.4360366463661194,-0.10263992846012115,-0.1352933645248413,-0.3965756297111511,-0.23659686744213104,0.4258091449737549,-0.4192294180393219,0.10306458175182343,-0.10327192395925522,-0.3448699116706848,0.04345334693789482,-0.1494508534669876,-0.18949350714683533,-0.17066192626953125,0.0030190676916390657,0.38806313276290894,0.0009213119628839195,0.15103496611118317,0.17055164277553558,0.19300615787506104,-0.047496430575847626,-0.14985528588294983,-0.12994636595249176,-0.03812790662050247,0.41141700744628906,-0.1076066717505455,0.13603083789348602,-0.1263112723827362,0.14795668423175812,-0.46724599599838257,-0.0507609061896801,-0.2689957022666931,-0.39689773321151733,-0.09597255289554596,0.006087618879973888,0.011299793608486652,-0.012377348728477955,-0.24404585361480713,-0.13162799179553986,0.4693078398704529,0.07882831245660782,0.2097250521183014,-0.10283906757831573,-0.21767973899841309,0.02800864540040493,-0.7201545238494873,0.2807881534099579,-0.04822554439306259,-0.5782490968704224,0.08193419128656387,-0.05460606887936592,-0.08567188680171967,0.020252283662557602,0.38141342997550964,0.1783854067325592,-0.6512414216995239,-0.08741867542266846,-0.5359562635421753,-0.10700996965169907,0.3061389625072479,-0.1822751760482788,-0.39134907722473145,-0.0882040485739708,0.05734218284487724,0.00589220505207777,-0.49639472365379333,-0.16051992774009705,-0.14650753140449524,-0.39513999223709106,0.8016184568405151,0.1191001683473587,0.2548842430114746,0.10989286750555038,0.1699558049440384,0.18203946948051453,-0.2474064826965332,-0.14637014269828796,-0.21493324637413025,-0.13453933596611023,-0.014520856551826,0.23661474883556366,-0.4587152898311615,-0.07634463161230087,0.3425586223602295,0.02777208760380745,-0.25196388363838196,-0.29184600710868835,-0.3240397572517395,0.02635016478598118,-0.4318998456001282,0.09267552196979523,-0.24965927004814148,0.06792747974395752,0.12143776565790176,-0.1553325653076172,0.26508793234825134,0.02906348928809166,-0.4328906536102295,-0.049294330179691315,-0.2969186007976532,0.020256124436855316,-0.41624608635902405,0.19983264803886414,0.10148980468511581,0.6018509864807129,-0.07880453765392303,-0.182858407497406,0.22054214775562286,0.04869946092367172,0.21573850512504578,-0.3995625376701355,-0.02227962575852871,-0.5766847133636475,-0.006054526660591364,0.014222530648112297,-0.017932146787643433,-0.6292842030525208,-0.08298889547586441,-0.48381051421165466,-0.3446275591850281,0.2431575357913971,0.051294147968292236,0.3209335505962372,-0.1253671944141388,0.01765519753098488,0.10858255624771118,0.11792411655187607,-0.6031841039657593,-0.48033323884010315,-0.21000270545482635,0.0294662918895483,0.26481083035469055,-0.5265818238258362,0.2662827670574188,-0.2241184413433075,-0.06067769601941109,0.544191300868988,0.4338458180427551,-0.08834101259708405,-0.2926471531391144,-0.10887573659420013,0.24332788586616516,0.3604646325111389,0.3512398302555084,-0.03707100823521614,-0.018905002623796463,-0.07408536970615387,0.09828390926122665,-0.18655380606651306,-0.10869874060153961,-0.12736594676971436,-0.11534188687801361,-0.563048243522644,-0.037525709718465805,0.3427184224128723,0.2451031506061554,0.2221120148897171,-0.6141246557235718,0.12428118288516998,0.4394392967224121,0.45132121443748474,-0.19102482497692108,0.0026616514660418034,0.08077102899551392,0.11656107753515244,-0.055583953857421875,-0.08121229708194733,0.30624905228614807,-0.09275845438241959,0.1702159345149994,-0.325528085231781,-0.18140721321105957,-0.04748191311955452,-0.35041993856430054,-0.28696927428245544,0.20087233185768127,0.3566955029964447,0.22366595268249512,-0.0962710753083229,0.21544790267944336,-0.07856692373752594,-0.44278931617736816,-0.05231929570436478,0.3774227201938629,-0.4844543933868408,0.32980549335479736,-0.41201478242874146,0.1685543954372406,0.13095638155937195,-0.10081504285335541,0.5533362030982971,0.04700097441673279,-0.08829449862241745,-0.33330076932907104,-0.03695904091000557,0.08088131994009018,0.1891932338476181,-0.24203646183013916,0.12553349137306213,-0.2539214789867401,0.23678500950336456,-0.23033210635185242,-0.19337902963161469,-0.2086091935634613,0.1478935182094574,-0.007403570227324963,0.0401134118437767,0.004529324360191822,-0.1188194528222084,0.2933937907218933,0.0789397582411766,0.5955638289451599,0.030265307053923607,-0.2784489095211029,-0.10458364337682724,0.13573220372200012,-0.054761338979005814,-0.6170067191123962,0.14163810014724731,-0.031236838549375534,-0.02949516847729683,0.2113446444272995,-0.6918911933898926,0.9239981770515442,-0.029660725966095924,-0.23093745112419128,-0.3773411214351654,-0.020734911784529686,0.007352611981332302,-0.46026748418807983,-0.47893738746643066,-0.2037152498960495,0.0452226921916008,0.20309790968894958,-0.33488091826438904,-0.7038096785545349,0.07907462120056152,-0.1193651407957077,-0.49623727798461914,-0.16291239857673645,-0.15394583344459534,0.2495771199464798,-0.11695146560668945,0.15355443954467773,-0.5232793092727661,-0.12573106586933136,0.3515896201133728,0.33144575357437134,-0.1818060427904129,-0.14016065001487732,-0.10935801267623901
CID000005878,1708,-0.14801260828971863,-0.5051684975624084,0.1670622080564499,0.08078784495592117,0.2125934660434723,0.4429371953010559,0.3111335039138794,-0.282563716173172,-0.3671582341194153,-0.5164129137992859,0.20654919743537903,-0.5599513649940491,0.14563772082328796,-0.157766193151474,-0.18289421498775482,0.10380389541387558,0.21051077544689178,0.12267621606588364,-0.1030072346329689,-0.17404323816299438,0.28388160467147827,-0.23894667625427246,0.16089721024036407,0.271524578332901,-0.18074926733970642,0.05876948684453964,0.4319576621055603,-0.07543177157640457,0.020995493978261948,0.49301353096961975,-0.37994009256362915,-0.3058755099773407,0.11224734783172607,-0.27873849868774414,-0.6777393221855164,-0.16917535662651062,-0.6229257583618164,-0.2883986830711365,-0.2406841516494751,0.18613222241401672,-0.13089250028133392,0.11035080254077911,-0.018287932500243187,-0.2727784514427185,0.46223217248916626,0.1341712921857834,0.1207878366112709,0.0644119381904602,-0.16696646809577942,-0.031532175838947296,-0.5438708066940308,0.01794048212468624,-0.27855485677719116,-0.13104507327079773,0.17858512699604034,-0.06638509780168533,-0.037131600081920624,0.0045262547209858894,0.43625059723854065,0.03669660538434982,-0.8065235018730164,0.011531984433531761,0.058874260634183884,0.3676082193851471,-0.2284739911556244,0.0020834668539464474,-0.12215065956115723,0.10791011899709702,0.21524612605571747,-0.10545019060373306,-0.20511916279792786,0.3481176495552063,-0.1219443678855896,0.08302661031484604,0.6335163116455078,-0.13977213203907013,0.04907563328742981,0.5357154011726379,0.3958622217178345,-0.06446744501590729,-0.10438873618841171,-0.046505846083164215,-0.08046458661556244,0.34763824939727783,0.20077070593833923,0.09197495877742767,-0.30146199464797974,-0.06331685185432434,0.4550493359565735,-0.024919230490922928,-0.3681262135505676,0.00563542265444994,-0.2569567561149597,-0.014324520714581013,-0.5814144611358643,0.010976838879287243,-0.3467372953891754,0.56175297498703,-0.1115855723619461,-0.3697189390659332,0.5314346551895142,0.13604171574115753,-0.1098271980881691,0.15747076272964478,-0.2331569641828537,0.08105383068323135,-0.5137189626693726,0.3369605243206024,0.3435448408126831,-0.14569872617721558,-0.49277886748313904,0.11065404117107391,0.22787921130657196,0.04894808307290077,0.16493800282478333,-0.033748235553503036,-0.06416333466768265,-0.2928774654865265,0.3355025351047516,-0.0019394885748624802,0.07161178439855576,-0.9144503474235535,-0.014475126750767231,-0.2959873080253601,-0.26904982328414917,0.035989098250865936,0.08277735859155655,0.24759940803050995,0.1323506087064743,-0.32178789377212524,-0.07076631486415863,-0.17644396424293518,-0.7617996335029602,-0.5303640365600586,0.2208111584186554,-0.03503527119755745,0.5322705507278442,-0.1173529177904129,0.25541019439697266,0.06848301738500595,0.19991520047187805,0.27019447088241577,0.3218536376953125,0.1393505036830902,0.1715988963842392,0.1552436351776123,0.00806261133402586,0.18649239838123322,0.3575306236743927,-0.23087504506111145,0.14699719846248627,-0.44390326738357544,0.07925521582365036,-0.056280720978975296,0.49229687452316284,0.2010147124528885,-0.04689290001988411,-0.4005228877067566,-0.06544453650712967,0.12197227776050568,0.27080410718917847,-0.04513600841164589,-0.854256272315979,-0.025628741830587387,0.3574425280094147,0.19855676591396332,-0.19947154819965363,0.13305369019508362,-0.20519110560417175,0.011568623594939709,-0.17567744851112366,0.21853110194206238,0.6521933674812317,-0.09569958597421646,-0.10653568804264069,0.012078806757926941,-0.025419896468520164,0.15285000205039978,-0.43339237570762634,-0.09567668288946152,0.3066122531890869,0.48705458641052246,-0.15550221502780914,-0.00642659654840827,0.16951295733451843,-0.03581912815570831,-0.39298146963119507,-0.08559262752532959,0.612005352973938,0.24361160397529602,-0.1214638501405716,-0.41866645216941833,-0.14193911850452423,-0.10848845541477203,-0.6449440121650696,0.6448842287063599,-0.06300725042819977,0.10857138782739639,-0.5638769865036011,-0.2840317189693451,0.10756903886795044,0.005369239952415228,-0.2529265284538269,-0.043447427451610565,-0.176071435213089,0.1901833862066269,-0.13745126128196716,-0.11043398082256317,-0.6052031517028809,0.13438014686107635,0.05218658968806267,-0.11910347640514374,-0.03349326550960541,-0.05148554593324661,0.09224925190210342,-0.08902896195650101,0.850973904132843,-0.061214201152324677,-0.16272073984146118,0.12386254966259003,0.04344487190246582,-0.12724846601486206,-0.79326993227005,-0.1271982491016388,0.43579092621803284,0.11624611914157867,-0.20006465911865234,-0.15892542898654938,0.8806512951850891,-0.010489115491509438,0.039539635181427,-0.16024859249591827,-0.1966441124677658,-0.1538439393043518,-0.48307499289512634,-0.4190276265144348,0.2415502816438675,0.7182990312576294,-0.6130804419517517,0.06629498302936554,-0.8933552503585815,0.32100969552993774,-0.04954894259572029,0.10841786861419678,0.10867341607809067,-0.7477292418479919,0.2699500024318695,0.076276496052742,-0.08881109207868576,-0.8776776194572449,0.0720638856291771,0.5369940996170044,0.46770256757736206,0.2431076318025589,-0.033571578562259674,0.011678787879645824
CID000003404,1709,0.0371994748711586,0.04082623869180679,-0.06697715073823929,-0.07332111895084381,0.5258216857910156,0.3210136592388153,0.2019682228565216,0.017021220177412033,-0.19378668069839478,-0.025885041803121567,0.1951931267976761,-0.31937411427497864,0.0013330724323168397,-0.13126198947429657,-0.004161512944847345,0.11217190325260162,0.03622875362634659,-0.012779134325683117,-0.06604044884443283,-0.10140067338943481,0.4093627333641052,0.1524614840745926,-0.021896973252296448,0.1637313961982727,-0.18307356536388397,-0.0581255778670311,-0.22113856673240662,0.131356343626976,-0.017903614789247513,0.15626323223114014,-0.07853434234857559,-0.23441457748413086,0.044458236545324326,0.06590642035007477,-0.7998242974281311,-0.05127771943807602,-0.35558706521987915,-0.23860259354114532,-0.056059639900922775,-0.13604316115379333,-0.09937761723995209,-0.03349390625953674,-0.19513149559497833,-0.15303918719291687,0.12220271676778793,-0.00517001748085022,-0.11289048194885254,0.09021330624818802,0.0478278324007988,-0.0030445449519902468,-0.35786131024360657,0.014397552236914635,0.04409181699156761,-0.16987764835357666,0.06848593801259995,0.0703095868229866,-0.11382867395877838,0.005774885416030884,0.3152680993080139,-0.22920706868171692,-1.0192339420318604,-0.07032224535942078,-0.15106907486915588,0.36297839879989624,-0.014408120885491371,0.05924714729189873,0.06785881519317627,0.23149771988391876,0.018490126356482506,0.1336139738559723,-0.2587808668613434,0.09388183057308197,-0.021600693464279175,-0.16840781271457672,0.268463134765625,-0.19342616200447083,-0.1511729210615158,-0.0014748722314834595,0.049804382026195526,-0.09959614276885986,-0.15351060032844543,-0.14777390658855438,-0.013697916641831398,0.023580122739076614,-0.17086681723594666,-0.02122684195637703,-0.04122239351272583,-0.08117319643497467,0.5341495275497437,-0.21311235427856445,0.0416615791618824,0.061367131769657135,-0.0030906065367162228,0.08842481672763824,-0.5419167280197144,0.0366252101957798,-0.14249514043331146,0.4634737968444824,-0.009790834970772266,-0.11776924133300781,0.49377432465553284,0.12822484970092773,-0.03134257346391678,0.0357648991048336,-0.17995798587799072,0.06695767492055893,-0.6096015572547913,0.3062598705291748,0.13285288214683533,0.03418853506445885,-0.25930720567703247,0.16731056571006775,0.1021215096116066,-0.1672796756029129,0.20548085868358612,0.2431880235671997,-0.07588037848472595,-0.210514098405838,0.13261732459068298,0.11039562523365021,-0.0003061711904592812,-0.7706505060195923,0.13150611519813538,-0.22328107059001923,-0.3834802508354187,-0.08156321942806244,-0.2223103940486908,0.2951459288597107,-0.04669222608208656,-0.22627313435077667,-0.05335904285311699,-0.14361126720905304,-0.40935230255126953,-0.30301469564437866,0.024696718901395798,-0.07938005775213242,0.3056061565876007,-0.1410033106803894,0.12797310948371887,-0.0927262157201767,0.06912056356668472,0.02554667368531227,-0.19811971485614777,0.05569307878613472,0.19398264586925507,-0.07471346855163574,0.09313736855983734,-0.04004831612110138,0.3396991491317749,0.11183490604162216,-0.14415934681892395,-0.12440775334835052,0.07679928839206696,0.11789660155773163,-0.07486172765493393,-0.12044604122638702,-0.03727820888161659,-0.18713730573654175,0.021003734320402145,0.2067493200302124,-0.0012447297340258956,0.03233957290649414,-0.9985512495040894,0.083457812666893,0.18616116046905518,0.17292383313179016,-0.1887243688106537,-0.1479569524526596,0.15376321971416473,0.13914242386817932,-0.239950031042099,-0.22950473427772522,0.3564213812351227,0.020753193646669388,-0.10428736358880997,-0.05548734590411186,0.13195453584194183,0.15791106224060059,-0.3817751705646515,0.005323466844856739,0.14022675156593323,0.1301572471857071,0.04270968958735466,0.12184570729732513,-0.07974258065223694,-0.04728827625513077,-0.19871222972869873,0.11879678815603256,0.8651118278503418,-0.10002362728118896,0.07132086902856827,-0.20957311987876892,-0.08294381201267242,0.04209917411208153,-0.092156782746315,0.4764222204685211,0.028324728831648827,-0.09090204536914825,-0.1960403025150299,-0.15900516510009766,-0.14379367232322693,0.02737533487379551,-0.17424021661281586,0.0970253050327301,-0.1529724895954132,0.2841338515281677,0.16347509622573853,0.1779000610113144,-0.0073884935118258,-0.18415668606758118,0.3164082169532776,-0.07380644977092743,-0.024165555834770203,-0.06692272424697876,0.2594471573829651,-0.024586360901594162,0.4973726272583008,-0.006118047051131725,0.09328003972768784,-0.22158852219581604,-0.05651213601231575,-0.09049783647060394,-0.6198382377624512,0.0807139202952385,0.3052677810192108,-0.22101573646068573,0.06751374900341034,-0.1357649862766266,0.8581123352050781,-0.01628749631345272,-0.022129295393824577,0.03173350542783737,-0.03799009695649147,-0.016306854784488678,-0.778766393661499,-0.1610724776983261,0.13250719010829926,0.016981521621346474,-0.07184948027133942,-0.003624832723289728,-0.3763113021850586,-0.058152079582214355,-0.02680274285376072,0.24156761169433594,-0.000853356730658561,-0.4733150005340576,0.04796401411294937,-0.14071109890937805,-0.1250656396150589,-0.8318051099777222,0.0867820531129837,0.09375743567943573,0.37323030829429626,0.11396151781082153,0.1267128586769104,0.27481645345687866
CID000060871,1736,-0.1298966109752655,0.049787379801273346,-0.10737159103155136,0.1339968740940094,0.668570876121521,0.3452604413032532,-0.16285505890846252,0.10641448199748993,-0.48169732093811035,-0.01786077581346035,-0.19603922963142395,-0.5346983075141907,0.11579258739948273,0.007110799662768841,0.16525723040103912,0.182096928358078,-0.01121765561401844,-0.026879165321588516,0.11345666646957397,-0.027541542425751686,0.07319017499685287,-0.16508764028549194,-0.17544488608837128,-0.0034463703632354736,-0.22087475657463074,0.11389289051294327,-0.30921897292137146,-0.14860472083091736,-0.20767274498939514,0.4932648539543152,-0.19652171432971954,-0.12112259864807129,0.16100604832172394,-0.018208598718047142,-0.7434061169624329,0.15535691380500793,-0.2877044677734375,-0.17455773055553436,-0.2927224636077881,0.17547675967216492,-0.17845328152179718,0.05691886693239212,-0.07487376034259796,-0.2042131870985031,0.37505903840065,0.04545559734106064,-0.09908030927181244,0.20672790706157684,-0.36239558458328247,0.11109868437051773,-0.24989835917949677,-0.05237630754709244,0.08822466433048248,-0.16917571425437927,0.0867222249507904,-0.07631133496761322,0.21372158825397491,-0.17314477264881134,0.6209584474563599,-0.03659670054912567,-1.0359482765197754,-0.22532781958580017,-0.33930522203445435,0.5630816221237183,0.30924931168556213,-0.1824750155210495,-0.18386490643024445,0.19287976622581482,-0.1490343064069748,-0.19337818026542664,-0.0478304848074913,-0.12176913022994995,0.004548004828393459,0.19734087586402893,0.5291632413864136,-0.0047469111159443855,-0.03957066684961319,-0.056645553559064865,0.2496064156293869,-0.41381335258483887,-0.06189732626080513,0.2679755687713623,-0.1131201982498169,0.07572756707668304,-0.020782804116606712,0.2616290748119354,-0.13567490875720978,0.3452601432800293,0.3733319044113159,-0.01389370858669281,-0.35291287302970886,-0.03449707105755806,-0.07064855098724365,-0.0846257209777832,-0.5660713911056519,-0.1386268585920334,0.06660538911819458,0.29155054688453674,0.05581839010119438,-0.13357654213905334,0.2962752878665924,-0.032475702464580536,-0.29858678579330444,0.14330525696277618,-0.1135321632027626,0.10756363719701767,-0.27779072523117065,0.2409776747226715,-0.20988187193870544,0.4670175611972809,0.039410997182130814,-0.07614614814519882,0.19237196445465088,-0.26663532853126526,0.026715124025940895,0.09815797209739685,-0.12257619202136993,-0.9974244236946106,-0.02953755296766758,-0.1698838472366333,0.08883443474769592,-0.768097996711731,-0.09195778518915176,-0.42047882080078125,-0.11646078526973724,0.48449474573135376,-0.027058904990553856,0.3132703900337219,0.21762177348136902,0.10050449520349503,-0.11826454102993011,-0.05541003867983818,-0.3455047011375427,-0.3017411231994629,-0.3322988748550415,-0.20337791740894318,0.05712085962295532,-0.08905930072069168,-0.1817752867937088,-0.11673015356063843,-0.10326377302408218,0.43350520730018616,-0.18689267337322235,0.07269350439310074,-0.12247051298618317,-0.006352734751999378,-0.06324335932731628,0.15001413226127625,0.009940827265381813,-0.21858899295330048,-0.15791109204292297,-0.05413400009274483,0.07939364016056061,-0.04607990384101868,-0.2507089078426361,-0.005899182055145502,-0.06490565091371536,-0.39410147070884705,-0.17293822765350342,0.0044952258467674255,-0.14574024081230164,-0.06690289825201035,-0.7955121994018555,0.03175397962331772,0.4766274392604828,0.30528149008750916,-0.3207058906555176,-0.047615595161914825,-0.2574295401573181,0.018867570906877518,-0.12589454650878906,0.003672003746032715,0.31834277510643005,-0.19044999778270721,-0.05589677020907402,0.15990899503231049,-0.0659153163433075,0.061859529465436935,-0.24634519219398499,0.11942104995250702,0.12131522595882416,0.4075583517551422,0.052520185708999634,-0.11881338059902191,-0.2510383427143097,-0.33797088265419006,-0.03175143897533417,-0.05864500254392624,0.39667993783950806,-0.20562675595283508,0.18506112694740295,-0.11446341127157211,0.20968058705329895,0.21778252720832825,0.19050993025302887,0.31375852227211,-0.1448623239994049,-0.18324288725852966,-0.641440749168396,0.04655786603689194,-0.14434634149074554,-0.254753053188324,-0.14083144068717957,0.11975258588790894,-0.03624836355447769,0.3130449950695038,-0.14868059754371643,0.059918664395809174,-0.19846251606941223,0.23184049129486084,-0.15425577759742737,-0.13606663048267365,-0.014836391434073448,-0.1313699185848236,0.26117968559265137,-0.21127402782440186,0.6457600593566895,0.03170095384120941,-0.4225013256072998,-0.1812533438205719,-0.031212743371725082,-0.10109031200408936,-0.4959507882595062,0.07123790681362152,0.10137959569692612,-0.2893262505531311,0.087311290204525,-0.5672599077224731,0.8316184878349304,-0.06202716752886772,-0.37762030959129333,-0.05932506173849106,-0.003746428992599249,0.10956349223852158,-0.478482723236084,-0.3283449113368988,-0.1623043566942215,0.039717502892017365,0.10747388750314713,-0.12517084181308746,-0.6258302927017212,0.12530910968780518,0.1465606838464737,0.17186953127384186,0.1521565467119217,0.08333444595336914,0.13216610252857208,0.17349617183208466,-0.09191195666790009,-0.7838242053985596,-0.15556740760803223,0.12387116253376007,0.5671442747116089,-0.31949734687805176,-0.001070649130269885,0.05045925825834274
CID000004264,1741,-0.2392749786376953,-0.1414054036140442,0.06516226381063461,0.12394262850284576,0.325563907623291,0.4959258437156677,0.24181599915027618,0.26790815591812134,-0.34482747316360474,-0.2549787163734436,0.09537504613399506,-0.35804250836372375,0.15265882015228271,-0.32826709747314453,0.18322046101093292,-0.04051246494054794,-0.003214619355276227,-0.14818628132343292,-0.041189294308423996,-0.28394198417663574,0.10047852993011475,-0.1132139340043068,0.2323785275220871,0.2238295078277588,0.17995712161064148,-0.041608210653066635,0.13675296306610107,-0.24290704727172852,-0.01757705770432949,0.5723737478256226,-0.017246905714273453,-0.1758469045162201,-0.24993911385536194,-0.08550093322992325,-0.30161821842193604,-0.1654473841190338,-0.10257810354232788,-0.4022660255432129,0.2060466706752777,-0.20884795486927032,0.07025090605020523,-0.00520020117983222,-0.14162422716617584,0.09808140993118286,0.5502938628196716,0.0931827649474144,0.2700664699077606,0.0021993399132043123,-0.16192194819450378,0.014557922258973122,-0.49392572045326233,0.06151730567216873,-0.17402316629886627,-0.20446796715259552,0.08517082780599594,-0.21463802456855774,0.06685076653957367,-0.2592536509037018,0.014380127191543579,0.18712198734283447,-0.8887776136398315,0.03307855874300003,-0.36517763137817383,0.049665190279483795,0.3876628577709198,0.02062150463461876,-0.30334657430648804,-0.07906194776296616,-0.041512828320264816,-0.06745205819606781,-0.6548219919204712,0.0384938083589077,0.11911138147115707,-0.17286787927150726,0.3487122654914856,-0.09670353680849075,0.3363005518913269,0.3441956639289856,0.11947934329509735,-0.23777572810649872,-0.31957387924194336,0.04631054401397705,-0.3370715379714966,-0.14359989762306213,0.10744795948266983,0.18448631465435028,-0.2800063192844391,0.2556028664112091,0.21047119796276093,-0.17168232798576355,-0.09535901248455048,-0.142818421125412,-0.021626275032758713,0.06177784129977226,-0.3060517907142639,0.016261039301753044,-0.3909136652946472,-0.023083288222551346,0.044432420283555984,-0.3061790466308594,0.2215835601091385,0.08319269120693207,-0.26591891050338745,-0.012644743546843529,-0.03602619469165802,0.005183750297874212,-0.525797963142395,0.33966559171676636,0.02759397029876709,0.2766726016998291,-0.0810541957616806,0.11322896182537079,0.35006189346313477,-0.27014535665512085,0.21430058777332306,-0.1434495747089386,0.05922731012105942,-0.34068670868873596,0.20154432952404022,0.14280249178409576,-0.19104579091072083,-0.5222458243370056,-0.16529293358325958,-0.6480618715286255,-0.29532885551452637,0.1993565857410431,0.029850590974092484,0.42515698075294495,0.12870898842811584,-0.14265933632850647,0.08394908905029297,-0.05123671889305115,-0.4741572439670563,-0.5125365853309631,0.19842985272407532,-0.23451881110668182,0.34943246841430664,-0.3924625813961029,0.03097577393054962,-0.0663250982761383,-0.15115614235401154,0.30853208899497986,-0.11594575643539429,-0.04857487976551056,-0.10862032324075699,-0.1547888219356537,0.19992707669734955,0.0005719840410165489,0.12471530586481094,0.04428199678659439,0.1242353692650795,-0.21125605702400208,-0.1312786191701889,-0.3036738634109497,-0.0013883054489269853,0.06521809101104736,0.03889765962958336,-0.5571480989456177,0.34146004915237427,0.3868868947029114,0.28094008564949036,0.09942676872015,-0.717313289642334,-0.003063332987949252,0.35413655638694763,0.3980407118797302,0.13555476069450378,-0.09591902792453766,0.13703104853630066,-0.21880707144737244,-0.02991023100912571,-0.14127011597156525,0.21113364398479462,-0.0993894711136818,0.2332156002521515,0.07488733530044556,-0.15481147170066833,-0.15970385074615479,-0.33447960019111633,-0.009650825522840023,0.27909043431282043,0.3524397015571594,0.0639692097902298,-0.21611106395721436,-0.015127301216125488,-0.12484879791736603,-0.5011160969734192,-0.12701725959777832,0.23215219378471375,-0.15314467251300812,0.32769569754600525,-0.22269892692565918,0.09246604144573212,0.1353471875190735,-0.20083005726337433,0.5092493891716003,-0.11355626583099365,-0.15423278510570526,-0.04653077572584152,-0.2262096107006073,0.05301016569137573,0.01810554601252079,-0.24612602591514587,0.218834787607193,-0.5156244039535522,0.2738284468650818,-0.10715329647064209,0.04867127537727356,-0.3547048270702362,-0.02981802262365818,-0.30699625611305237,-0.0670558363199234,-0.11522374302148819,0.0817585289478302,0.02068409137427807,-0.12760072946548462,0.6501085162162781,-0.08454251289367676,-0.08030550926923752,-0.08532126247882843,0.1318398416042328,0.012108659371733665,-0.4608652591705322,0.10154277086257935,0.2412652224302292,-0.11705344915390015,0.24483153223991394,-0.33675751090049744,0.806014358997345,-0.003469462739303708,0.029756193980574608,-0.2651711404323578,0.0004861503839492798,0.1641731560230255,-0.5663476586341858,-0.34581583738327026,0.027193361893296242,0.29637476801872253,0.1711777299642563,0.00830315425992012,-0.5221160650253296,0.21453185379505157,-0.03359982371330261,-0.12964041531085968,-0.22234442830085754,-0.09109638631343842,0.12955379486083984,-0.16429011523723602,0.007183970417827368,-0.5769567489624023,-0.32877156138420105,0.029222849756479263,0.2686009109020233,-0.1577335000038147,0.16563889384269714,-0.1753760427236557
CID000003734,1751,-0.020408891141414642,-0.06926681101322174,-0.08076317608356476,-0.022271806374192238,0.5669783353805542,0.35440465807914734,0.3514832556247711,0.237330824136734,-0.10894761979579926,-0.09792940318584442,-0.2140461951494217,-0.24638405442237854,0.10341354459524155,-0.4551273286342621,0.016707321628928185,-0.043505169451236725,-0.08589445054531097,0.09780732542276382,0.27401936054229736,-0.2574189603328705,0.02595275640487671,-0.10196898132562637,-0.031545691192150116,-0.10419968515634537,0.13257980346679688,-0.051079194992780685,0.19351020455360413,0.054187119007110596,-0.20269164443016052,0.5513012409210205,-0.14086349308490753,0.15344356000423431,0.32963746786117554,-0.014793610200285912,-0.6855058073997498,-0.04449488967657089,-0.3778322637081146,-0.287790447473526,-0.6575590968132019,0.17216867208480835,0.27782317996025085,0.17376947402954102,-0.3566949963569641,0.00911286287009716,0.18229472637176514,0.1758147031068802,-0.09231041371822357,0.11795113235712051,-0.1545378714799881,0.012220407836139202,-0.2459631860256195,-0.2819962501525879,0.01619681715965271,-0.18062260746955872,0.023619620129466057,-0.00018560289754532278,0.10370759665966034,0.5044183731079102,0.47910013794898987,0.02267012558877468,-0.9342079162597656,-0.09857871383428574,-0.139718696475029,0.164719820022583,0.10204961150884628,-0.12978188693523407,-0.40864524245262146,0.10201606899499893,-0.06387808918952942,0.002832521451637149,-0.9274678230285645,0.09047038853168488,0.09718538820743561,0.04560607299208641,0.6148002743721008,-0.22179076075553894,-0.28246235847473145,0.03667912259697914,-0.17719469964504242,-0.15224722027778625,-0.2305680513381958,-0.10102275758981705,0.06506863981485367,0.030103569850325584,-0.14335668087005615,0.04346218705177307,-0.28939858078956604,-0.2206127643585205,0.600840151309967,-0.3364659547805786,0.13866600394248962,0.02535424195230007,-0.3312789499759674,-0.16196724772453308,-1.2151230573654175,-0.23507659137248993,-0.04080253466963768,0.23254883289337158,0.12217088043689728,-0.6343796849250793,0.4697265028953552,-0.021398622542619705,-0.2633723318576813,-0.008700290694832802,-0.0805797204375267,0.00304376776330173,-0.6220207214355469,0.13779394328594208,0.09827037155628204,0.721678614616394,-0.6424990296363831,0.32630473375320435,0.4565114974975586,0.15669040381908417,0.2726028859615326,0.05739093944430351,-0.1240137591958046,-0.30230265855789185,0.012686540372669697,0.0546010360121727,0.07698237150907516,-0.8645175695419312,0.2641682028770447,-0.6235529184341431,-0.4614790081977844,0.2572050094604492,-0.10068242251873016,0.5633050203323364,-0.12670265138149261,0.03734087198972702,-0.12202141433954239,0.0705636516213417,-0.6751806139945984,-0.2678241729736328,0.20871596038341522,-0.48425716161727905,0.7327588796615601,-0.12943574786186218,-0.3156766891479492,0.205246239900589,-0.07705825567245483,0.22038936614990234,-0.3003954291343689,0.032955948263406754,0.037797894328832626,-0.06877116858959198,-0.04767826199531555,-0.2424486130475998,0.020128976553678513,-0.07500399649143219,-0.057493023574352264,-0.024115849286317825,-0.03933100029826164,-0.1782253533601761,0.12702929973602295,-0.24563148617744446,0.19426396489143372,-0.42274409532546997,-0.1747134029865265,0.21981649100780487,-0.01477716863155365,-0.1527130901813507,-1.0753365755081177,0.02922148071229458,0.7721410393714905,0.08211696892976761,-0.7439960837364197,-0.12962622940540314,0.32868778705596924,-0.24948084354400635,-0.2858888506889343,-0.22398683428764343,0.5650851130485535,-0.3647024929523468,-0.10039720684289932,0.11351122707128525,-0.07240518182516098,0.10829396545886993,-0.3026003837585449,0.1962520182132721,0.15505458414554596,0.468336284160614,0.04122690111398697,0.071236252784729,0.07570687681436539,-0.33525532484054565,-0.3200222849845886,-0.08020241558551788,0.837988555431366,-0.08192615956068039,-0.132485032081604,-0.7804577946662903,0.13367095589637756,0.25027602910995483,-0.005454895552247763,0.4933082163333893,0.09691186249256134,-0.08213917911052704,-0.10604915767908096,-0.11154347658157349,0.036315057426691055,-0.13744805753231049,-0.18158522248268127,-0.020448466762900352,-0.2453804761171341,0.3599444031715393,0.11996736377477646,0.049068551510572433,-0.08969807624816895,-0.06779998540878296,0.3342135548591614,-0.05260651186108589,-0.006920364685356617,-0.06257036328315735,0.1275874823331833,0.048677366226911545,0.5394540429115295,-0.1869065761566162,0.13794901967048645,-0.15250034630298615,0.12749965488910675,-0.14561881124973297,-0.34646525979042053,-0.041070837527513504,-0.019969725981354713,-0.18565607070922852,0.230966255068779,-0.10728726536035538,0.7687196731567383,-0.3262183666229248,-0.19492477178573608,-0.2465793639421463,-0.1418989598751068,-0.23964282870292664,-0.4668925404548645,-0.02210826426744461,0.22101345658302307,0.14768913388252258,-0.2836775779724121,0.16723772883415222,-0.7881857752799988,-0.30356600880622864,-0.009570053778588772,0.03223033994436264,-0.10756933689117432,-0.6132732629776001,0.33937132358551025,-0.1741715371608734,-0.303499698638916,-0.8778380155563354,0.311771959066391,-0.12418796122074127,0.3808664381504059,-0.08203674852848053,-0.11386251449584961,-0.22706861793994904
CID000005584,1766,-0.21126334369182587,-0.009696138091385365,0.4025627076625824,-0.15995873510837555,0.48380470275878906,0.2980384826660156,0.04720168560743332,-0.3405556082725525,-0.14034974575042725,-0.10006396472454071,0.20029158890247345,-0.30216437578201294,-0.11704039573669434,-0.2176608145236969,0.07111164927482605,0.1482546031475067,-0.04849274456501007,0.20883174240589142,0.27526363730430603,-0.17395713925361633,-0.09007330238819122,0.036098040640354156,0.026829427108168602,-0.23673805594444275,0.1635628044605255,0.07763244211673737,0.029948318377137184,-0.2955927550792694,-0.09556634724140167,0.6317658424377441,-0.12537625432014465,0.020977074280381203,-0.11078023910522461,-0.008077749982476234,-0.4175947606563568,0.012850901111960411,-0.9436659812927246,-0.3734869360923767,-0.09649273753166199,0.09571566432714462,-0.07301552593708038,-0.0783463716506958,-0.5071966648101807,-0.11089924722909927,0.2951134741306305,0.057103049010038376,-0.0675208643078804,-0.03839230537414551,-0.12494686990976334,0.12876412272453308,-0.32890766859054565,0.13450069725513458,-0.16351498663425446,-0.4143752157688141,0.003971987869590521,0.09473129361867905,0.06441674381494522,0.21051017940044403,0.19236060976982117,-0.26510554552078247,-0.6831587553024292,0.07164929062128067,0.05051753669977188,0.4107658863067627,-0.011824280023574829,0.4083390235900879,-0.1966782510280609,0.08152634650468826,-0.14644771814346313,-0.07754349708557129,-0.01252447534352541,-0.13638070225715637,0.18377766013145447,-0.34693270921707153,-0.00018012821965385228,0.21975800395011902,-0.06555704772472382,0.10674600303173065,-0.015220528468489647,0.08678992092609406,-0.21747048199176788,0.0775037407875061,0.04526049271225929,-0.29894766211509705,0.034004855901002884,0.10263101011514664,-0.1911972463130951,0.05378301814198494,0.8146953582763672,-0.11838245391845703,-0.03093753382563591,-0.077573761343956,0.1716528832912445,-0.06770680099725723,-0.5943257808685303,-0.041080541908741,-0.5157212018966675,0.6705917119979858,0.12972645461559296,-0.15019091963768005,0.6427629590034485,0.10952393710613251,-0.09024634212255478,0.14208626747131348,-0.11151404678821564,0.005882191471755505,-0.24287156760692596,0.17006507515907288,-0.0677470713853836,0.4215220510959625,0.002288037445396185,-0.12578336894512177,0.3094222843647003,-0.2535935044288635,0.05878983065485954,-0.12762850522994995,-0.11631331592798233,-0.23607137799263,0.07741128653287888,0.06476950645446777,0.03243323042988777,-0.7147548198699951,-0.14607210457324982,-0.4864712655544281,-0.4116499423980713,-0.05565397068858147,0.12173686176538467,0.38425561785697937,0.06009013205766678,0.15972812473773956,0.37798649072647095,0.1548420488834381,-0.6721311807632446,-0.21284866333007812,0.15365436673164368,0.4499405026435852,0.6090725660324097,-0.2945433259010315,0.11378564685583115,-0.05690646171569824,0.005416899919509888,0.34231168031692505,-0.19681212306022644,0.11439161002635956,-0.017948156222701073,0.06234287470579147,-0.11842646449804306,-0.07813531160354614,-0.1885790228843689,0.009869426488876343,0.018125219270586967,0.17754122614860535,-0.1263672262430191,-0.2290572226047516,0.038323841989040375,0.23851832747459412,-0.10962523519992828,-0.5845630168914795,-0.0597841739654541,0.052077196538448334,0.2994259297847748,0.08578076213598251,-0.6942380666732788,-0.06817048043012619,0.008395930752158165,0.30115020275115967,-0.0740613341331482,-0.06988129764795303,0.13694807887077332,0.11758281290531158,-0.41145581007003784,-0.2838216722011566,0.5203666687011719,-0.05970219522714615,-0.11980535835027695,-0.15662865340709686,0.11066700518131256,-0.07342018932104111,-0.1755339801311493,-0.07279538363218307,0.10122958570718765,0.36873215436935425,0.07307834923267365,0.13472163677215576,0.03265663981437683,-0.12696197628974915,-0.5871485471725464,0.2003244161605835,0.6301976442337036,0.05279919505119324,-0.07395090162754059,-0.12961265444755554,-0.004571753554046154,-0.261825293302536,-0.11115904152393341,0.6063817739486694,-0.05010894685983658,-0.019521377980709076,-0.8653852343559265,0.07686208188533783,0.06932130455970764,0.2878890633583069,-0.6914202570915222,0.22348570823669434,-0.0757671594619751,0.3078054189682007,-0.10181684792041779,-0.10359708964824677,-0.04719876870512962,0.11688172817230225,0.18526147305965424,0.225438192486763,-0.09023354947566986,-0.14447283744812012,0.4284678101539612,-0.14227288961410522,0.2586800456047058,-0.10986093431711197,0.026862526312470436,-0.22851964831352234,-0.2993747591972351,0.05165312439203262,-0.54835045337677,0.08564493060112,0.5204995274543762,0.28934675455093384,0.025219827890396118,-0.20529870688915253,0.5453185439109802,0.14151868224143982,-0.11258083581924438,-0.4451731741428375,-0.29710060358047485,0.1218651756644249,-0.3451198935508728,-0.3031356632709503,-0.21564188599586487,-0.07801809161901474,0.1160343661904335,0.03145089000463486,-0.247994065284729,0.17634060978889465,0.1690540760755539,-0.15581198036670685,-0.021423429250717163,-0.5888561010360718,0.174009770154953,-0.10144440084695816,-0.037200890481472015,-0.6848497986793518,-0.08500143885612488,-0.0542597770690918,0.30639538168907166,0.006286787800490856,-0.2600927948951721,-0.20511384308338165
CID000002369,1771,-0.16580826044082642,0.1094936951994896,0.36892011761665344,0.3092358410358429,0.6519016027450562,0.34972313046455383,0.35832610726356506,-0.06480000913143158,-0.20674332976341248,-0.3811061978340149,-0.21179938316345215,-0.5332515835762024,0.11848260462284088,-0.3883659541606903,0.21821729838848114,0.032105766236782074,-0.007930189371109009,0.08583395928144455,0.14077787101268768,-0.26074743270874023,-0.161275714635849,-0.16004693508148193,0.010358083061873913,0.09121677279472351,0.16625936329364777,0.025151360780000687,0.051930058747529984,0.0066094426438212395,-0.14455166459083557,0.5266751646995544,-0.12659446895122528,-0.05209282785654068,-0.15000177919864655,-0.006266864947974682,-0.24565620720386505,0.07508393377065659,-0.33024030923843384,-0.3717806041240692,-0.06794751435518265,-0.13039633631706238,0.08858980238437653,0.07906363159418106,-0.027502428740262985,-0.23389315605163574,0.15530994534492493,0.12138237804174423,-0.3586243987083435,-0.023143678903579712,0.16132211685180664,-0.20386919379234314,-0.27263814210891724,-0.18319019675254822,-0.25525134801864624,-0.29940053820610046,0.04938941448926926,-0.18265944719314575,-0.1336379051208496,0.07375483214855194,0.19699044525623322,-0.009345948696136475,-0.8080140948295593,0.14688797295093536,-0.22207972407341003,0.19037777185440063,0.0632452741265297,0.1145000085234642,-0.5913741588592529,0.13023218512535095,-0.018392957746982574,0.4087854325771332,-0.9059964418411255,-0.08267843723297119,0.22256720066070557,0.19023360311985016,0.39204636216163635,0.08763037621974945,0.4162572920322418,0.4816696047782898,0.317973792552948,-0.19633939862251282,-0.6537463068962097,0.0030530772637575865,-0.29014551639556885,-0.10888063907623291,0.1580670028924942,-0.22474589943885803,-0.16007615625858307,0.25161176919937134,0.6312676668167114,0.08957803249359131,-0.34305521845817566,-0.008942559361457825,-0.3076149523258209,0.20234155654907227,-0.6476759910583496,0.07503283768892288,-0.2890447974205017,0.2737569212913513,-0.12493660300970078,-0.36831134557724,0.38933616876602173,0.0530773289501667,0.018711339682340622,0.42707204818725586,-0.12240191549062729,-0.11835590749979019,-0.3773309290409088,0.08806692063808441,-0.20593157410621643,0.15679766237735748,-0.0938798189163208,0.18652760982513428,0.3402717411518097,0.19881266355514526,0.17253117263317108,0.15840420126914978,0.10208404064178467,-0.5650497674942017,0.3117472529411316,-0.055242858827114105,-0.23537075519561768,-0.7160883545875549,-0.2934635877609253,-0.38350605964660645,-0.525411069393158,0.1525052934885025,0.008886891417205334,0.41069135069847107,0.08610864728689194,0.2161460816860199,0.22964373230934143,-0.2110002040863037,-0.5271811485290527,-0.4183216989040375,0.21369555592536926,-0.004295170307159424,0.751396119594574,0.19035093486309052,-0.012105440720915794,-0.1680515706539154,-0.2501925826072693,0.17379243671894073,-0.1771523654460907,-0.07028143107891083,-0.2011592835187912,0.11348550021648407,-0.23682840168476105,-0.05815380811691284,-0.23043020069599152,-0.1568463295698166,-0.08340582996606827,0.054624080657958984,-0.1454395353794098,0.027103623375296593,-0.10979559272527695,-0.08486548066139221,-0.03413761407136917,-0.5561872720718384,-0.04685196280479431,0.35208413004875183,0.11102394759654999,-0.12934701144695282,-1.0289244651794434,0.07836012542247772,0.6290436387062073,0.3147146701812744,0.022466538473963737,0.41559967398643494,0.21313247084617615,-0.06666938215494156,-0.21092037856578827,-0.1335817277431488,0.7643726468086243,-0.020878538489341736,-0.31202515959739685,-0.10519792139530182,0.05928970128297806,0.01817420683801174,-0.32463690638542175,0.23271653056144714,0.13162438571453094,0.3168039619922638,-0.05702044442296028,-0.2435455322265625,-0.021641802042722702,-0.02456042170524597,-0.7277349829673767,-0.21404866874217987,0.39395561814308167,-0.17385712265968323,0.17496494948863983,-0.2091582715511322,0.10419289022684097,-0.2558054029941559,-0.544378936290741,0.5525444746017456,0.16154727339744568,0.14079508185386658,-0.2005784511566162,-0.060820627957582474,0.1460004299879074,-0.11181745678186417,-0.7505149841308594,0.04871569201350212,-0.24613170325756073,0.5409019589424133,-0.27941790223121643,-0.28361618518829346,-0.12500199675559998,-0.06764622032642365,-0.12537766993045807,-0.02436622977256775,-0.00461675226688385,0.3023744225502014,0.2710738480091095,-0.15474624931812286,0.5766355395317078,0.05910371616482735,-0.17313876748085022,-0.2535889744758606,0.1059085875749588,0.0724787712097168,-0.6775415539741516,-0.15440265834331512,0.31340330839157104,0.021486517041921616,-0.029410144314169884,-0.20596131682395935,0.8404173851013184,-0.00463957479223609,-0.01229484286159277,-0.19477000832557678,-0.08484627306461334,0.10615678876638412,-0.5233539342880249,-0.16363397240638733,-0.2488694190979004,0.5383065938949585,0.09247714281082153,0.04377894848585129,-0.3570355176925659,-0.08853179961442947,-0.0029872506856918335,0.2616625726222992,-0.07212402671575546,-0.6290481090545654,0.5801237225532532,0.28189942240715027,0.06537588685750961,-0.838948130607605,-0.20218905806541443,0.08019028604030609,0.25690001249313354,0.08229217678308487,0.055305641144514084,-0.21731606125831604
CID000005525,1785,-0.09434205293655396,-0.08348850905895233,-0.15150658786296844,-0.10268044471740723,0.09758540242910385,0.38247475028038025,0.008491073735058308,0.13755573332309723,-0.17547254264354706,-0.09654790163040161,0.11018736660480499,-0.16589996218681335,0.37025266885757446,-0.2827514708042145,-0.16804245114326477,0.014636442065238953,0.15245120227336884,0.13857434689998627,-0.082087941467762,-0.24605116248130798,0.20726004242897034,-0.12663939595222473,0.025346428155899048,-0.18813259899616241,0.20529159903526306,0.03225518390536308,0.03957551345229149,-0.1811189502477646,-0.10842329263687134,0.5577290654182434,0.12070859968662262,-0.03676534444093704,-0.14533750712871552,-0.016756756231188774,-0.22389554977416992,-0.17024478316307068,-0.17603743076324463,-0.38514024019241333,0.023326922208070755,0.1556646227836609,0.3792946934700012,-0.2389024943113327,-0.2737623155117035,-0.4086972773075104,0.16546979546546936,0.11121346801519394,0.25422725081443787,-0.03605453297495842,0.0841507539153099,0.06842964142560959,-0.3304916024208069,0.24556899070739746,-0.252200186252594,-0.13405226171016693,-0.026158099994063377,-0.04791948199272156,-0.004139942582696676,-0.1592702567577362,-0.007787882350385189,0.17892087996006012,-0.7221407294273376,-0.15481290221214294,-0.21483325958251953,0.25583416223526,0.2217368632555008,-0.010436552576720715,-0.2842589020729065,0.010056408122181892,-0.1265147626399994,-0.024475988000631332,-0.27050071954727173,-0.20481839776039124,0.040839068591594696,-0.3036206364631653,-0.009247968904674053,-0.09769026190042496,-0.06555445492267609,0.4116520285606384,0.12963934242725372,0.14454467594623566,-0.383199006319046,-0.24670711159706116,-0.360275000333786,-0.3222658634185791,0.022721679881215096,0.0950416773557663,-0.3603239357471466,0.1819186806678772,0.4207175672054291,0.12092366069555283,-0.07643041759729385,-0.3346940875053406,0.08277201652526855,0.026745259761810303,-0.3553071618080139,-0.07533968240022659,-0.44718852639198303,0.3368600904941559,0.1005878895521164,-0.293697714805603,0.22632630169391632,0.14727886021137238,-0.017471376806497574,-0.11802349984645844,-0.18596692383289337,-0.05745570734143257,-0.4193055033683777,0.4151841104030609,-0.17596852779388428,0.30866867303848267,0.1299763172864914,-0.08579971641302109,0.480419784784317,0.09866399317979813,-0.04497378319501877,0.1317531019449234,-0.2553406357765198,-0.2885509431362152,0.2831100523471832,0.0719170942902565,-0.09800437837839127,-0.5002602338790894,-0.0067331730388104916,-0.5093809366226196,-0.316573828458786,0.195012167096138,0.046250659972429276,0.5622450113296509,0.2344816029071808,-0.14356902241706848,-0.2500099539756775,-0.07915422320365906,-0.5875328183174133,-0.33853062987327576,-0.11711661517620087,-0.17268450558185577,0.37713655829429626,-0.3339148163795471,0.04671480134129524,0.076594278216362,-0.2593145966529846,0.22060027718544006,0.22692790627479553,0.08538197726011276,0.06383605301380157,0.04660069942474365,0.042956043034791946,0.02520325779914856,0.09653840959072113,-0.13030855357646942,-0.08850801736116409,0.2438252717256546,-0.19388942420482635,-0.17031940817832947,-0.04116670414805412,0.06811629980802536,0.0013716041576117277,-0.3810746669769287,0.16205529868602753,0.1003461703658104,0.15924525260925293,-0.06393714249134064,-0.726725697517395,0.05087544396519661,0.3369133472442627,0.4174095094203949,-0.10561399161815643,-0.04825654253363609,0.33378300070762634,0.17623086273670197,-0.1649007946252823,0.13043025135993958,0.5226652026176453,-0.12646368145942688,0.2810173034667969,-0.1017332673072815,0.0016001940239220858,0.19790682196617126,-0.49188336730003357,-0.2329389750957489,0.3255102336406708,0.4471511244773865,-0.014146627858281136,-0.14605125784873962,-0.14044086635112762,-0.2096240222454071,-0.49099206924438477,-0.2630334794521332,0.2445058375597,-0.25942936539649963,0.035455815494060516,-0.10101494938135147,0.24479417502880096,-0.13107523322105408,-0.09448637813329697,0.4292714595794678,0.023487864062190056,0.1425618827342987,-0.12727336585521698,0.17266182601451874,0.08465589582920074,0.26865124702453613,-0.5292119383811951,-0.1062258705496788,-0.05661202594637871,0.3895781636238098,-0.03012743964791298,-0.25208139419555664,-0.09474210441112518,-0.22352388501167297,-0.25578054785728455,0.3457415997982025,-0.10865680873394012,-0.05344076827168465,0.06441179662942886,0.08852450549602509,0.36327582597732544,0.11834613233804703,-0.030293991789221764,-0.21969199180603027,-0.219371035695076,-0.05200297757983208,-0.3800484538078308,0.13148841261863708,0.3464987874031067,0.18844212591648102,0.3551449775695801,-0.2642800807952881,0.4732681214809418,0.18411043286323547,0.08364420384168625,-0.31620797514915466,-0.054784584790468216,-0.10944721847772598,-0.26443415880203247,-0.3009161055088043,-0.33087337017059326,0.2749595642089844,0.19489136338233948,-0.11199499666690826,0.16052190959453583,0.04576081037521362,0.05978147312998772,0.08997897058725357,0.20377285778522491,-0.3451240658760071,0.1648772656917572,-0.015419055707752705,0.4192682206630707,-0.4758974611759186,-0.147284597158432,-0.2201194018125534,0.14898842573165894,-0.14844420552253723,-0.15525712072849274,-0.2667991816997528
CID000054786,1808,-0.2601873278617859,0.14501726627349854,0.030239006504416466,0.09962885826826096,0.47105732560157776,0.34436970949172974,0.027489710599184036,-0.06261475384235382,-0.32176995277404785,-0.03335362300276756,-0.17977569997310638,-0.4092227816581726,0.25983214378356934,-0.22690172493457794,-0.40663114190101624,-0.02673184871673584,0.10071210563182831,0.33700093626976013,0.24667032063007355,-0.20740263164043427,-0.16253025829792023,0.1429339051246643,0.1340874433517456,-0.053681325167417526,-0.2520124912261963,-0.10567567497491837,0.3143947422504425,-0.029987448826432228,-0.0683523416519165,0.28280168771743774,-0.15233519673347473,-0.1703215390443802,-0.10088898241519928,0.007867681793868542,-0.5596601366996765,-0.14888902008533478,-0.2782003581523895,-0.28195831179618835,0.10452184826135635,-0.23198120296001434,0.12610837817192078,-0.13714036345481873,-0.21921031177043915,-0.37723997235298157,0.35234948992729187,-0.13790301978588104,-0.04873800277709961,0.06065058708190918,-0.19286713004112244,-0.020953800529241562,-0.689727783203125,-0.09749195724725723,-0.10001172870397568,-0.15778407454490662,-0.01820886693894863,-0.026727616786956787,-0.019358986988663673,-0.27494317293167114,0.22756056487560272,-0.004831159021705389,-0.9611436724662781,0.04524342343211174,-0.15717194974422455,0.29832080006599426,-0.17043940722942352,0.264792799949646,-0.2885048985481262,0.29998859763145447,0.16570082306861877,0.2686833143234253,-0.24680671095848083,0.024780506268143654,0.1336156129837036,-0.2171921730041504,0.1505803018808365,0.20550985634326935,0.3185833692550659,0.20905466377735138,-0.061875976622104645,-0.05559847876429558,-0.05589083954691887,0.14368613064289093,-0.08138236403465271,-0.07818105816841125,0.11254415661096573,0.01110699214041233,-0.015252070501446724,0.055124033242464066,0.6936672925949097,0.02064703218638897,-0.30721357464790344,-0.11958777904510498,0.09795886278152466,-0.008289960213005543,-0.5247959494590759,0.08691726624965668,-0.4369935095310211,0.3609115481376648,0.1957801729440689,-0.21899540722370148,0.4002273678779602,0.21679577231407166,0.15088504552841187,0.011143702082335949,-0.03243877738714218,0.15042516589164734,-0.02801668643951416,0.12361377477645874,-0.11966831982135773,0.035370562225580215,-0.2372264564037323,0.2348266839981079,0.5799981355667114,0.10839581489562988,0.013028165325522423,0.028657516464591026,0.056169938296079636,-0.33173736929893494,0.17296132445335388,0.0029548765160143375,0.21825352311134338,-0.7532004714012146,0.0838521271944046,-0.18244248628616333,-0.6453564167022705,-0.2044062614440918,-0.009776982478797436,0.2705520689487457,0.4877716898918152,0.07561665773391724,-0.12996980547904968,-0.1325257122516632,-0.42223072052001953,-0.36802613735198975,0.0933140367269516,-0.16299232840538025,0.21745145320892334,-0.255555123090744,0.03506491705775261,0.011896753683686256,-0.03115401230752468,0.07468079775571823,0.36972877383232117,-0.04964501038193703,0.014099569991230965,0.20898449420928955,-0.21202977001667023,-0.1662287414073944,-0.2096719741821289,0.09642515331506729,0.07967047393321991,0.06652487814426422,0.38744136691093445,0.23512513935565948,0.0037478506565093994,0.024661680683493614,-0.25394922494888306,-0.29148468375205994,-0.007891220971941948,0.09003172814846039,0.19544366002082825,-0.00979454442858696,-0.883417010307312,0.03008311614394188,0.43290582299232483,0.2682451605796814,-0.0798579603433609,0.2608875632286072,0.29292020201683044,0.22711840271949768,-0.08305539190769196,-0.06181610748171806,0.3322090208530426,0.08936604112386703,-0.1731552928686142,0.17835330963134766,-0.02921297587454319,0.16273938119411469,-0.3942875564098358,0.09378184378147125,0.4789394438266754,0.25551488995552063,-0.03405965492129326,-0.07968160510063171,-0.031977564096450806,-0.09880737960338593,-0.5214980840682983,0.07512589544057846,0.49528709053993225,-0.1110694408416748,0.007814931683242321,-0.1157798171043396,-0.16250185668468475,-0.3599333167076111,-0.23270151019096375,0.37672460079193115,0.26988115906715393,-0.028412889689207077,-0.3694700300693512,-0.03644319623708725,0.11227518320083618,0.1602175235748291,-0.4411419928073883,0.305683970451355,-0.17868077754974365,0.14732365310192108,0.12008817493915558,0.187791645526886,-0.33836498856544495,0.1798679381608963,0.041805755347013474,-0.050735075026750565,0.15597441792488098,0.011250531300902367,0.06081182882189751,0.02417556382715702,0.4504733681678772,0.09847533702850342,-0.16126620769500732,-0.29641249775886536,-0.12701734900474548,0.06131516769528389,-0.44343170523643494,0.11994649469852448,0.4268059730529785,-0.0807373970746994,0.15204527974128723,-0.09822434186935425,0.5610953569412231,0.11358518898487091,0.19951733946800232,-0.10150058567523956,0.14992770552635193,-0.1305854618549347,-0.24391333758831024,-0.16481278836727142,-0.32348185777664185,0.15854743123054504,0.264923632144928,0.12562446296215057,0.022008592262864113,0.029485195875167847,0.07439826428890228,-0.08917688578367233,-0.07760507613420486,-0.2746051847934723,0.28046715259552,-0.021424639970064163,-0.06957615166902542,-0.6934066414833069,0.28506994247436523,0.3738439083099365,0.32260483503341675,0.22213546931743622,-0.024460647255182266,-0.18235686421394348
CID000004736,1813,-0.027935322374105453,0.08590319007635117,0.04356708750128746,-0.2748292088508606,0.8719617128372192,0.45480838418006897,-0.27048635482788086,0.1889960616827011,-0.5431442260742188,-0.2926774024963379,0.010379880666732788,-0.6116422414779663,-0.0849209874868393,-0.4128578305244446,0.28360921144485474,0.13383133709430695,0.17798840999603271,-0.32020628452301025,-0.3724150061607361,0.05452403426170349,0.20710501074790955,-0.2552630305290222,0.02380077913403511,0.1843988448381424,-0.08337531983852386,-0.14278629422187805,-0.1769416630268097,-0.1542893946170807,0.1008661538362503,0.5233643054962158,-0.04866082966327667,-0.18695653975009918,0.3072971701622009,-0.02976113185286522,-0.4895375669002533,-0.21043820679187775,-0.4442027509212494,-0.36102885007858276,-0.07356099784374237,-0.023468201979994774,0.1677347719669342,0.3784874677658081,-0.2974403500556946,-0.18552067875862122,0.10613833367824554,0.016706380993127823,-0.2721494734287262,-0.26707929372787476,-0.08260241895914078,0.15766924619674683,0.02030951902270317,-0.03304024785757065,-0.06515002250671387,-0.5205518007278442,0.09527559578418732,-0.21755655109882355,-0.14852753281593323,-0.08379275351762772,0.7006903886795044,0.12195219099521637,-0.9893375635147095,0.26995739340782166,-0.2898535132408142,0.19789662957191467,-0.09927552193403244,0.4068336486816406,-0.39013320207595825,0.1078144907951355,0.12653198838233948,-0.10161443054676056,-0.044148389250040054,0.2102416455745697,0.16009345650672913,0.22371184825897217,0.19806194305419922,-0.217068150639534,-0.33936503529548645,0.07466064393520355,0.20505580306053162,-0.22442905604839325,-0.38473793864250183,-0.013474990613758564,-0.04297493025660515,-0.1488206386566162,0.06777337193489075,-0.00951127428561449,-0.2719840407371521,0.2868809998035431,0.6815348863601685,0.05515902116894722,-0.0886949747800827,-0.03509011119604111,-0.032524023205041885,-0.01623423397541046,-0.8123376965522766,0.1127430647611618,-0.20952537655830383,0.6642982363700867,0.06313904374837875,-0.30977630615234375,0.48744988441467285,0.14123393595218658,0.13078345358371735,0.46943560242652893,-0.0421283058822155,0.030976032838225365,-0.25210675597190857,0.5152326822280884,0.28095728158950806,0.24730591475963593,-0.3013670742511749,-0.12371668964624405,0.6888538002967834,-0.19117432832717896,0.2563626766204834,0.3263329565525055,-0.448405921459198,-0.28549724817276,-0.0545731857419014,-0.1196465715765953,-0.3016353249549866,-0.6326361894607544,0.09647436439990997,-0.4107855260372162,-0.45541197061538696,-0.1408168524503708,0.1284308135509491,0.19613535702228546,0.1869063526391983,0.0009633399313315749,-0.08012138307094574,0.17545577883720398,-0.39823004603385925,-0.3095364570617676,-0.32509464025497437,-0.3109094500541687,0.11953236907720566,-0.27050504088401794,-0.17890194058418274,-0.1398724466562271,0.04336225241422653,0.4195360541343689,-0.33763211965560913,-0.0463198646903038,0.11335291713476181,-0.3705136179924011,0.12348492443561554,0.3231784701347351,0.22024182975292206,-0.25667786598205566,0.0561290867626667,-0.1430908441543579,-0.05011216551065445,-0.33990973234176636,0.02012534812092781,0.0373440757393837,0.016017701476812363,-0.4416255056858063,-0.1372615247964859,-0.199659526348114,0.03358038514852524,-0.049267951399087906,-0.9080954790115356,0.17703408002853394,0.3838934600353241,0.2879441976547241,-0.10205167531967163,0.1568867266178131,0.1376958042383194,-0.30329281091690063,-0.13620440661907196,-0.1259879171848297,0.667750895023346,-0.06673667579889297,-0.202676922082901,-0.3137534558773041,0.12635450065135956,-0.05789491534233093,-0.4798277020454407,0.11577918380498886,0.1223611831665039,0.15403790771961212,0.1367659866809845,-0.20720985531806946,0.20734187960624695,-0.04584391787648201,-0.23857097327709198,0.037515584379434586,0.35672205686569214,0.2312198132276535,0.3815768361091614,-0.2988506853580475,0.06469236314296722,-0.28429922461509705,-0.44468703866004944,0.8200721740722656,0.11169058084487915,-0.007120347116142511,-0.7146543264389038,-0.43121251463890076,0.1074707955121994,-0.2950494885444641,-0.5154182314872742,-0.10535286366939545,0.14940030872821808,0.5764057040214539,-0.026265138760209084,-0.42912572622299194,-0.07999613881111145,-0.03985336795449257,-0.04655245691537857,-0.06319699436426163,0.12341632694005966,-0.06175877898931503,0.37320685386657715,-0.2993958592414856,0.48587512969970703,0.1418280303478241,-0.03626786917448044,-0.12461169809103012,0.040558259934186935,0.011020151898264885,-0.3982120156288147,0.31078407168388367,0.14632515609264374,0.40411368012428284,0.17826154828071594,-0.2897569537162781,0.7122527956962585,-0.031799040734767914,0.15406449139118195,-0.24945445358753204,-0.041359495371580124,0.11530224978923798,-0.28602808713912964,-0.35765641927719116,0.2930780053138733,0.21789710223674774,-0.2240753173828125,-0.18609139323234558,-0.29692989587783813,0.2174043208360672,0.035218432545661926,0.2573249638080597,0.3854307234287262,-0.6809768080711365,0.609396755695343,0.20368853211402893,-0.2537475526332855,-0.5807064771652222,0.24056312441825867,0.1026558056473732,0.25422707200050354,0.22713425755500793,-0.051288921386003494,0.03137052431702614
CID000122316,1863,0.0597405843436718,-0.21328067779541016,0.015760008245706558,-0.05161728709936142,0.4504773020744324,0.3349694311618805,-0.0316004604101181,0.11500462144613266,-0.05384061485528946,-0.1384255290031433,0.17547373473644257,-0.23598380386829376,0.07412677258253098,-0.08365295082330704,-0.14964953064918518,-0.023319026455283165,0.06806858628988266,-0.0739872008562088,-0.17966164648532867,-0.18221017718315125,0.07551831007003784,0.04824620485305786,0.028126100078225136,0.133578822016716,-0.11476930230855942,-0.14433516561985016,0.11246225982904434,0.04495314881205559,-0.03172630816698074,0.28780415654182434,-0.0797332152724266,-0.2078232765197754,-0.035029083490371704,-0.002221837639808655,-0.542669951915741,-0.07956491410732269,-0.19129768013954163,-0.27786165475845337,-0.046113673597574234,-0.001291182590648532,0.20137803256511688,-0.03809237480163574,-0.19659480452537537,-0.17936904728412628,0.27975353598594666,-0.022843390703201294,-0.12899546325206757,0.12909190356731415,0.23620982468128204,0.0560431182384491,-0.5200400352478027,0.17469379305839539,-0.06035277992486954,-0.12277348339557648,0.09781833738088608,0.05470384284853935,0.06949244439601898,-0.1734963357448578,0.23093552887439728,0.12286221981048584,-0.930189311504364,-0.015035177581012249,-0.1809738427400589,0.1761312186717987,0.07520537078380585,0.06668981164693832,-0.06597963720560074,0.05857153981924057,0.11934556066989899,-0.0502888560295105,-0.3135337829589844,-0.0006987482192926109,0.030774977058172226,-0.4778052866458893,0.09575080871582031,-0.2065725326538086,-0.10923512279987335,0.15239104628562927,0.058386147022247314,-0.18316645920276642,-0.19878698885440826,-0.34586742520332336,-0.19954320788383484,-0.09404857456684113,-0.06866373121738434,-0.10678000748157501,-0.0749448835849762,0.025807160884141922,0.4911605417728424,-0.2965177893638611,-0.03231748193502426,-0.04669220745563507,0.01712990365922451,0.10941392183303833,-0.548606276512146,-0.0998382717370987,-0.022049298509955406,0.3380553424358368,0.22176888585090637,-0.13117912411689758,0.4322792589664459,0.18962030112743378,-0.03607042506337166,0.05226757377386093,-0.2059626281261444,0.11727746576070786,-0.4854121804237366,0.26476234197616577,0.151210755109787,0.1358475536108017,-0.08844343572854996,0.13391663134098053,0.2235650271177292,-0.1427662968635559,-0.03889146447181702,0.13064882159233093,0.01794511452317238,-0.29521819949150085,0.22435946762561798,0.10699957609176636,-0.03382759541273117,-0.7065625786781311,0.35032713413238525,-0.3695296347141266,-0.41623061895370483,-0.0836615338921547,-0.10930182039737701,0.5156078934669495,0.018207859247922897,-0.1254487931728363,-0.1954781711101532,-0.1194266527891159,-0.2965109348297119,-0.19286495447158813,-0.1560424119234085,-0.1862870752811432,0.409222275018692,-0.16743747889995575,0.21147501468658447,-0.03805803880095482,0.10423467308282852,0.08788006752729416,-0.06569699198007584,0.10812367498874664,0.14442196488380432,-0.0455574095249176,0.1146072968840599,0.001862189150415361,0.06803040206432343,-0.03948421776294708,-0.12250156700611115,-0.051851898431777954,0.047140318900346756,0.19152478873729706,0.06617666780948639,0.035911113023757935,-0.12805238366127014,-0.31874606013298035,0.21168646216392517,0.22344306111335754,0.0976533442735672,0.021259179338812828,-0.8144307136535645,0.10908385366201401,0.22282032668590546,0.2211284190416336,-0.11533667147159576,-0.13608650863170624,0.2961072325706482,0.13398894667625427,-0.09655723720788956,-0.05297575145959854,0.38274621963500977,0.02679816447198391,-0.1567566841840744,0.1447199136018753,0.22229988873004913,0.09826509654521942,-0.32667404413223267,-0.10097509622573853,0.20000167191028595,0.2439948320388794,0.04944629222154617,-0.06879983842372894,-0.08409982174634933,-0.15113572776317596,-0.28186923265457153,-0.114144466817379,0.6851670742034912,-0.06535400450229645,0.12849748134613037,-0.3878634572029114,0.06990544497966766,0.08184987306594849,-0.11369103193283081,0.5163559913635254,-0.05682479217648506,-0.1367606520652771,-0.09494343400001526,-0.1535993069410324,-0.09490514546632767,0.304435670375824,-0.16765432059764862,0.062036968767642975,0.04499176889657974,0.30795818567276,0.22343456745147705,0.01969502493739128,-0.11076027154922485,-0.39031144976615906,0.25385159254074097,0.038492925465106964,0.10287971794605255,-0.0398271270096302,0.11849717050790787,-0.08502417802810669,0.39093607664108276,-0.0996769443154335,0.05637699365615845,-0.14936891198158264,-0.025593196973204613,-0.12347643077373505,-0.5266327261924744,-0.014566170983016491,0.15873649716377258,-0.10105173289775848,0.30290791392326355,-0.1777602732181549,0.6056801080703735,0.07196290791034698,0.07596175372600555,-0.07923248410224915,-0.004348358605057001,0.19514629244804382,-0.5891048312187195,-0.17922623455524445,0.16387586295604706,0.06400733441114426,0.06886901706457138,0.030768072232604027,-0.3080722391605377,0.09670897573232651,0.08952036499977112,0.16967517137527466,0.02507091499865055,-0.3633984625339508,0.10183583199977875,-0.014781122095882893,0.09256642311811447,-0.5879030823707581,0.23465974628925323,-0.015490280464291573,0.11602579057216644,0.16908974945545197,0.019364818930625916,-0.01951414719223976
CID000003008,1871,-0.04472333937883377,0.27668994665145874,0.04408682882785797,-0.4113689959049225,0.841209888458252,0.49742165207862854,-0.22208304703235626,0.17905572056770325,-0.436940997838974,-0.14479246735572815,-0.005241289734840393,-0.6969417929649353,-0.12914976477622986,-0.44668978452682495,0.41754239797592163,0.12266123294830322,0.22067806124687195,-0.347002774477005,-0.09141393005847931,0.12191231548786163,0.17055054008960724,-0.21015462279319763,-0.062438566237688065,0.13756152987480164,-0.001475066295824945,-0.010168131440877914,-0.11964249610900879,-0.1749417781829834,0.07626096159219742,0.35980263352394104,-0.09219677746295929,-0.3131870627403259,0.1405588984489441,-0.015195092186331749,-0.2871623933315277,-0.09422342479228973,-0.7543119192123413,-0.35373732447624207,0.0404767282307148,-0.018197089433670044,0.27974003553390503,0.32287508249282837,-0.3214191198348999,-0.2830473780632019,0.017315702512860298,0.009762367233633995,-0.2478756159543991,-0.30095145106315613,-0.07059137523174286,0.09842371195554733,-0.05487324669957161,-0.09056375175714493,-0.15794335305690765,-0.4316965937614441,0.09766928851604462,-0.06440772861242294,-0.15554645657539368,-0.22736875712871552,0.5507926940917969,0.14662766456604004,-0.798469066619873,0.25203534960746765,0.006074958946555853,0.2883910834789276,0.0810268446803093,0.6950162649154663,-0.3469538390636444,0.06334240734577179,0.14889395236968994,-0.12138185650110245,-0.22725972533226013,0.2016943246126175,0.1902969479560852,0.1732172816991806,0.12745989859104156,-0.06788746267557144,-0.10767972469329834,0.22878579795360565,0.15518632531166077,-0.4896112382411957,-0.43941792845726013,0.12082014232873917,-0.009573131799697876,-0.24654988944530487,0.17950834333896637,-0.17086711525917053,-0.1584044247865677,0.3438710868358612,0.5723307728767395,0.045085612684488297,-0.057103388011455536,0.004794198088347912,0.19107815623283386,-0.04973370581865311,-0.8518441319465637,-0.038886912167072296,-0.30032017827033997,0.8225256204605103,0.1972925066947937,-0.34000617265701294,0.6385725140571594,0.11329823732376099,0.11572980880737305,0.5982552766799927,-0.0642247200012207,0.025837978348135948,-0.034038446843624115,0.3194523751735687,0.20466208457946777,0.14585833251476288,-0.3618442416191101,-0.15219298005104065,0.7294880151748657,-0.18053241074085236,0.11987632513046265,0.2244221270084381,-0.3803345561027527,-0.26679468154907227,0.12137937545776367,-0.05913320928812027,-0.21158476173877716,-0.6363378763198853,0.06553957611322403,-0.5129848122596741,-0.42885056138038635,-0.2789768576622009,0.08798988163471222,0.19918116927146912,0.1874426305294037,0.14154167473316193,-0.0560493990778923,0.17353761196136475,-0.4657125473022461,-0.3610514998435974,-0.37975838780403137,-0.17502367496490479,0.36557215452194214,-0.2104991376399994,0.010817809030413628,-0.23119008541107178,-0.002315762685611844,0.2975994944572449,-0.3746561110019684,-0.08642373234033585,0.017149562016129494,-0.29443061351776123,0.07757040113210678,0.18784518539905548,0.2264746129512787,-0.24938011169433594,0.12887686491012573,-0.3310021758079529,0.06351485848426819,-0.15589232742786407,0.059730805456638336,0.06684883683919907,-0.018497314304113388,-0.3864041864871979,-0.2670280337333679,-0.22044339776039124,0.06372476369142532,0.14236006140708923,-0.9223958849906921,-0.003853640053421259,0.22642159461975098,0.3929665684700012,0.06896114349365234,0.1002521887421608,0.12893983721733093,-0.29975879192352295,-0.18769383430480957,0.0164999570697546,0.6814247965812683,0.01497664488852024,-0.19630464911460876,-0.22235143184661865,0.15240171551704407,-0.06980948150157928,-0.43263739347457886,0.14450407028198242,0.2534754276275635,0.1765967160463333,0.1397760808467865,-0.29008740186691284,0.13604794442653656,-0.11467254161834717,-0.3697698712348938,0.09324891865253448,0.4485350251197815,0.17478761076927185,0.11629553139209747,-0.1435835212469101,-0.1574152708053589,-0.5728980898857117,-0.509947657585144,0.9348174333572388,0.17190368473529816,0.0787409096956253,-0.6898617744445801,-0.41176915168762207,0.14002451300621033,-0.24500811100006104,-0.7222803235054016,-0.0552859790623188,0.1354808807373047,0.6846186518669128,-0.015257880091667175,-0.19435033202171326,0.031940922141075134,0.09674369543790817,-0.01262035220861435,0.2953212857246399,0.1778748333454132,0.08423673361539841,0.4743356704711914,-0.3484437167644501,0.48303407430648804,0.15699173510074615,-0.05897852033376694,-0.049487434327602386,-0.08568292111158371,-0.06920608878135681,-0.43490666151046753,0.09637956321239471,0.17476576566696167,0.5320529937744141,0.3166314959526062,-0.26700359582901,0.49201831221580505,-0.0743778645992279,0.22361353039741516,-0.2692083716392517,-0.02959452010691166,0.2220618724822998,-0.22366027534008026,-0.3623501658439636,0.1942691206932068,0.22582760453224182,-0.15641525387763977,-0.13240501284599304,-0.11914108693599701,0.1496591418981552,-0.05303395912051201,0.1074012890458107,0.3690856397151947,-1.0057097673416138,0.7402826547622681,0.14785709977149963,-0.18785615265369415,-0.7151410579681396,0.22080674767494202,-0.008171683177351952,0.2715398371219635,0.4411810040473938,-0.14323869347572327,-0.1402646154165268
CID000048175,1880,-0.2024718075990677,-0.08891177177429199,-0.09116119146347046,-0.4093964993953705,0.08365880697965622,0.5091457962989807,-0.08766680955886841,-0.17849643528461456,-0.49983352422714233,-0.21674180030822754,0.033219221979379654,-0.19770869612693787,0.30619463324546814,-0.13101893663406372,0.01496577076613903,-0.05934985727071762,-0.14200277626514435,0.04757387191057205,-0.07140794396400452,-0.01632862351834774,-0.0897822231054306,0.22398848831653595,0.06792660802602768,0.27846255898475647,0.05504052713513374,0.18584999442100525,-0.15979650616645813,-0.2544066607952118,-0.08494142442941666,0.3232867419719696,0.22460000216960907,-0.17759087681770325,-0.34425339102745056,0.13213126361370087,-0.2516629099845886,0.057386092841625214,-0.31342318654060364,-0.24628373980522156,-0.22126293182373047,0.09082640707492828,0.12324504554271698,0.06158842891454697,-0.07254545390605927,0.22020328044891357,0.4643208086490631,0.2078365832567215,-0.01406075805425644,0.20503243803977966,0.00826757401227951,0.08550972491502762,-0.40946316719055176,-0.18242280185222626,-0.2348444163799286,-0.2901886999607086,0.19373533129692078,-0.2598350942134857,-0.012706229463219643,-0.29309800267219543,0.4819672107696533,-0.015608067624270916,-0.9268718957901001,-0.0414467416703701,-0.14631788432598114,0.6658685803413391,0.01777634397149086,-0.395137220621109,-0.10525665432214737,0.11414210498332977,0.5158442854881287,0.05403321981430054,-0.6765128374099731,-0.23624281585216522,-0.010545334778726101,-0.0115278335288167,0.5397282242774963,0.1626671850681305,0.045986346900463104,0.3482028543949127,-0.18730425834655762,0.13257285952568054,0.015774458646774292,0.020531903952360153,0.06958286464214325,-0.013809760101139545,-0.005545272491872311,-0.40182623267173767,-0.4810253083705902,0.04557177424430847,0.5186331272125244,-0.009900753386318684,0.05520111322402954,-0.5071484446525574,-0.035585008561611176,-0.10374709218740463,-0.5224305987358093,-0.06518734246492386,-0.12359409034252167,0.28465625643730164,0.13619141280651093,-0.1612245738506317,0.5159806609153748,0.2016158550977707,0.1236223578453064,-0.02245469018816948,-0.3732485771179199,0.17340593039989471,-0.06605472415685654,0.2420116364955902,-0.10771048069000244,0.2920720875263214,0.29232269525527954,-0.0189780555665493,0.3679167628288269,-0.21395555138587952,0.08394825458526611,-0.023894604295492172,-0.360099732875824,-0.16190390288829803,0.19722817838191986,-0.24922534823417664,0.16818277537822723,-0.5863838791847229,0.048087213188409805,-0.1483023464679718,-0.49941104650497437,0.1751677691936493,-0.2688107192516327,0.48800697922706604,0.3874613642692566,-0.013119643554091454,-0.21735985577106476,0.33457037806510925,-0.8039687871932983,-0.4482210576534271,0.07394318282604218,-0.024994399398565292,0.21355167031288147,-0.4241199493408203,0.06283091753721237,-0.19873708486557007,0.05705399438738823,0.35305628180503845,0.06530894339084625,-0.06425821036100388,-0.17434164881706238,0.011163149029016495,0.14716736972332,0.18461549282073975,-0.07217450439929962,0.19340595602989197,0.040043193846940994,-0.22537608444690704,-0.022280070930719376,-0.011351781897246838,-0.08710651844739914,0.06618423759937286,-0.0624983124434948,-0.306240975856781,0.23900392651557922,0.1275593638420105,0.45759081840515137,-0.16077899932861328,-0.8935044407844543,-0.11165646463632584,0.4162054657936096,0.26560917496681213,-0.253884494304657,0.17747992277145386,0.2808728516101837,0.03303416445851326,-0.19952227175235748,-0.04479553550481796,0.5186299681663513,-0.012382075190544128,0.057487986981868744,0.0015308347065001726,0.20563551783561707,0.14186149835586548,-0.4652155339717865,-0.1574939340353012,0.21215900778770447,0.4791935384273529,0.008664309978485107,-0.3195081353187561,0.09020701795816422,0.10892532020807266,-0.041272230446338654,-0.05680730193853378,0.5291963219642639,-0.023686781525611877,0.15738996863365173,-0.03666413947939873,-0.10892286151647568,0.2516688108444214,-0.18330451846122742,0.32182878255844116,0.29392296075820923,0.05323178693652153,-0.05540553852915764,0.24939170479774475,-0.14266753196716309,-0.01565137319266796,-0.13374099135398865,0.09944719076156616,-0.09180165827274323,0.25195369124412537,0.23670081794261932,-0.10502602159976959,-0.4012075960636139,0.24273326992988586,0.09078329801559448,0.07777698338031769,0.21408650279045105,0.339546263217926,0.027401408180594444,-0.11676599085330963,0.3892868459224701,0.12367665767669678,0.12211054563522339,-0.17775297164916992,0.2934258282184601,-0.16779275238513947,-0.46157917380332947,0.09673348814249039,0.42355862259864807,-0.016644489020109177,0.18053880333900452,-0.5466231107711792,0.5090779662132263,0.05088430643081665,0.023426484316587448,-0.24689896404743195,0.1748405396938324,0.1726761907339096,-0.23418617248535156,-0.24883773922920227,-0.007739433087408543,0.3383350670337677,0.5213161110877991,-0.14023317396640778,-0.0646258220076561,0.3574625253677368,0.006433445028960705,0.06014689803123474,0.3013479709625244,-0.41616982221603394,0.1360594928264618,0.28440770506858826,-0.025177378207445145,-0.5365240573883057,0.09997992217540741,0.2535030245780945,-0.08608438074588776,0.02115095779299736,0.0008521154522895813,-0.2190234214067459
CID000004893,1892,-0.049300018697977066,0.04770766198635101,0.3267946243286133,-0.010071460157632828,0.25109297037124634,0.2905743718147278,-0.21167373657226562,0.029919307678937912,-0.2540033459663391,-0.10875120013952255,-9.526834037387744e-05,-0.23479540646076202,0.48510557413101196,-0.13526397943496704,0.004067706875503063,0.2874027490615845,0.14898857474327087,0.3105335235595703,-0.044139642268419266,0.12836332619190216,0.10824189335107803,-0.027230387553572655,0.00858578085899353,0.08542825281620026,0.18463198840618134,-0.12378434836864471,0.15736140310764313,-0.030542010441422462,-0.16164809465408325,0.4099735617637634,-0.15915319323539734,0.1344996988773346,-0.11653178930282593,-0.056642867624759674,-0.4054228663444519,0.0009396999957971275,-0.15000727772712708,-0.28709930181503296,-0.20708146691322327,-0.04369702190160751,0.17418448626995087,0.07084301859140396,-0.2606349587440491,-0.37227997183799744,0.32153573632240295,0.3594229519367218,-0.0004122376558370888,-0.03686673194169998,-0.257413387298584,0.04052244871854782,-0.547832190990448,0.34670794010162354,-0.1262354552745819,-0.17170210182666779,0.0925588607788086,0.06331147253513336,0.009185470640659332,-0.16366159915924072,-0.01661076582968235,0.0824628621339798,-0.8206793665885925,0.24414145946502686,-0.46107369661331177,0.18303769826889038,0.24613845348358154,0.27849289774894714,-0.10534298419952393,0.21507048606872559,-0.16529951989650726,0.24171510338783264,-0.2908601462841034,0.1392652690410614,0.12230612337589264,-0.3085431158542633,0.2201692759990692,-0.1021704226732254,0.08776139467954636,0.20419862866401672,-0.08571787923574448,0.003786534070968628,-0.23774215579032898,0.22585737705230713,-0.0746198520064354,-0.25131160020828247,0.024830857291817665,0.06965751945972443,-0.33037158846855164,-0.34147900342941284,0.32416412234306335,0.06479792296886444,-0.10892120748758316,-0.18133510649204254,0.033368069678545,0.03187348693609238,-0.4647805690765381,-0.003243946935981512,-0.16361398994922638,0.4184430241584778,0.2702132761478424,-0.3931542932987213,0.26088768243789673,0.06132134050130844,-0.28241777420043945,-0.09934591501951218,-0.08726777881383896,-0.08877494186162949,-0.22453518211841583,0.13939258456230164,-0.1686214804649353,0.38592398166656494,0.020976025611162186,0.3952632546424866,0.658111035823822,0.052752114832401276,-0.004806372337043285,-0.03560126572847366,-0.07970499992370605,-0.3865818977355957,0.07583453506231308,0.07785458862781525,-0.009205013513565063,-0.4648207724094391,0.183591827750206,-0.4124802052974701,-0.579553484916687,0.31551623344421387,0.0528918132185936,0.5076970458030701,0.0931309387087822,0.014233911409974098,0.42155569791793823,0.0659223273396492,-0.48795682191848755,-0.38359755277633667,-0.2575886845588684,-0.1958560049533844,0.2685871422290802,-0.3036879897117615,-0.05702962353825569,-0.02603996731340885,-0.2587372362613678,0.2641022801399231,-0.027464712038636208,0.2424987256526947,0.042328573763370514,0.16625723242759705,0.02975337766110897,0.2042747288942337,0.26761430501937866,-0.04277285188436508,0.02706298604607582,-0.04627242684364319,-0.17859777808189392,0.02790774032473564,0.1003599613904953,-0.028754010796546936,0.04600420594215393,-0.43649858236312866,0.053834088146686554,0.3450777530670166,0.12423136085271835,-0.026727240532636642,-0.5864803791046143,0.024748247116804123,0.5578839182853699,0.3685058653354645,-0.23771056532859802,-0.0704159289598465,0.3724111020565033,-0.031093697994947433,-0.24208755791187286,-0.15118087828159332,0.42805567383766174,-0.38018789887428284,-0.06442494690418243,-0.10077110677957535,-0.19375213980674744,-0.013419151306152344,-0.3863726258277893,-0.4279101490974426,0.20191022753715515,0.44430333375930786,0.01987922191619873,-0.05301913619041443,0.01436140201985836,-0.061127305030822754,-0.7474225759506226,-0.09199165552854538,0.2207714021205902,-0.03578612580895424,0.1949441134929657,-0.31707262992858887,0.17065860331058502,-0.2612186074256897,-0.061894454061985016,0.2646739184856415,-0.09186191856861115,0.11671990156173706,-0.23999595642089844,-0.103335440158844,0.3480207324028015,0.155849888920784,-0.12650154531002045,-0.004916314035654068,-0.2518581449985504,0.1571100354194641,0.17201560735702515,-0.03141171485185623,-0.4016742706298828,0.11760719120502472,-0.030421027913689613,0.43393605947494507,0.2234063446521759,-0.04244415462017059,-0.018849385902285576,0.23271062970161438,0.3547113537788391,0.17574933171272278,-0.16764655709266663,-0.26092126965522766,-0.14519456028938293,-0.09671665728092194,-0.38255542516708374,0.09766243398189545,0.263676255941391,0.10295909643173218,0.38492006063461304,-0.42077237367630005,0.7535861730575562,0.15751764178276062,-0.15199562907218933,-0.2496080845594406,0.016080547124147415,-0.09404151141643524,-0.25446978211402893,-0.20481762290000916,-0.20190927386283875,0.08448028564453125,0.2234874963760376,0.14250551164150238,0.07358922064304352,-0.006408286280930042,0.0455511175096035,-0.0953633189201355,0.16636446118354797,-0.14564096927642822,0.1531100571155548,-0.07705285400152206,0.22366158664226532,-0.6551973223686218,0.16212718188762665,0.137957364320755,0.0511380210518837,-0.15466518700122833,0.09300805628299713,-0.25443193316459656
CID006918453,1902,0.0454024076461792,-0.05932699516415596,-0.22401027381420135,-0.035610295832157135,0.4045073986053467,0.36678144335746765,-0.0644960105419159,0.16575835645198822,-0.35185131430625916,-0.14133158326148987,-0.06980006396770477,-0.2953335642814636,-0.08136613667011261,-0.12897518277168274,-0.3129032552242279,0.04990683123469353,0.009843064472079277,0.1909327208995819,0.20638597011566162,-0.3449832797050476,0.2553367614746094,-0.03701409697532654,0.06825043261051178,0.07919159531593323,-0.06165338307619095,-0.07642466574907303,0.1564856469631195,-0.056644897907972336,-0.041685979813337326,0.10453792661428452,-0.05171147733926773,-0.36759573221206665,-0.0778447836637497,0.03301095589995384,-0.5860686898231506,-0.2437482625246048,-0.17039735615253448,-0.20811839401721954,-0.18978901207447052,-0.016466697677969933,-0.13820838928222656,0.13342516124248505,-0.1941414177417755,-0.24746088683605194,0.18671105802059174,0.11285112053155899,0.029981523752212524,0.1376931518316269,-0.07316890358924866,-0.04867645353078842,-0.1286984384059906,-0.0715322345495224,0.03487548977136612,-0.18502254784107208,0.38460639119148254,0.003779631806537509,-0.055134423077106476,-0.04975750297307968,0.30667147040367126,-0.06465448439121246,-1.0094741582870483,0.03071799874305725,-0.3564116954803467,0.3050253987312317,-0.02575254812836647,0.02822396159172058,-0.14261183142662048,0.33460694551467896,-0.05884357541799545,-0.05808603763580322,-0.37766116857528687,-0.2012452781200409,-0.038724638521671295,-0.11795635521411896,0.3396538197994232,-0.033653974533081055,0.18646399676799774,-0.023622747510671616,0.026415187865495682,-0.27017179131507874,-0.1581590324640274,0.2201981097459793,0.018690552562475204,-0.012855052947998047,-0.17050588130950928,-0.050743065774440765,-0.209171861410141,-0.3162304759025574,0.32640203833580017,0.15725532174110413,-0.1129511147737503,0.036355160176754,0.15662150084972382,0.17522843182086945,-0.6860407590866089,-0.09292571246623993,-0.2656821608543396,0.29101818799972534,0.04076605290174484,-0.16175924241542816,0.2673802673816681,0.23445852100849152,-0.1893317699432373,-0.15732994675636292,-0.05388703942298889,-0.14577725529670715,-0.3737987279891968,0.27260732650756836,0.2894345223903656,0.23303036391735077,-0.3125882148742676,0.04220280796289444,0.20480187237262726,0.09348798543214798,0.08648984134197235,0.25257307291030884,-0.16931352019309998,-0.20952065289020538,0.055933427065610886,0.18048793077468872,-0.019386839121580124,-0.8098297119140625,0.10841552913188934,-0.22817571461200714,-0.4347940981388092,0.06198161095380783,-0.10860798507928848,0.2099277526140213,0.07145267724990845,-0.05011031776666641,-0.3042142689228058,0.1272800862789154,-0.4098735749721527,-0.36980825662612915,-0.1646595448255539,-0.30706652998924255,0.05729665607213974,0.0889308825135231,-0.0715736597776413,0.12609323859214783,0.05657534673810005,0.2845276892185211,0.1472403109073639,-0.03351619094610214,-0.10909976810216904,0.25360485911369324,-0.10024631023406982,-0.2529674768447876,0.15949146449565887,0.08058611303567886,-0.06733676046133041,-0.050778526812791824,0.06761034578084946,-0.16842371225357056,-0.02346973493695259,0.010157069191336632,-0.05856742709875107,-0.21491988003253937,-0.01676192320883274,-0.08611327409744263,0.24956350028514862,-0.08353112637996674,-0.9446597099304199,0.3380010426044464,0.361028790473938,0.1862538754940033,-0.073584645986557,0.049699414521455765,-0.08323846012353897,-0.03227349370718002,-0.163106769323349,-0.16934780776500702,0.24241618812084198,-0.2614195942878723,-0.040534187108278275,0.17752322554588318,-0.03147466480731964,0.09477920085191727,-0.4200190603733063,-0.07464604824781418,0.1823447346687317,0.1760054975748062,0.15315541625022888,-0.07814419269561768,-0.15190161764621735,-0.1349523812532425,-0.028797876089811325,0.12432579696178436,0.619998037815094,-0.04950607568025589,0.24296164512634277,-0.016365641728043556,-0.14117586612701416,0.03128845989704132,-0.03693336993455887,0.33401137590408325,0.006189846899360418,-0.1475677788257599,-0.1880803406238556,0.09723411500453949,0.023876603692770004,-0.039430636912584305,-0.026707667857408524,-0.08491585403680801,-0.2416251003742218,0.14223702251911163,0.02465621568262577,0.028340741991996765,-0.15183915197849274,0.16525711119174957,-0.014251628890633583,-0.07260118424892426,-0.07418061792850494,-0.1460648626089096,0.1791427880525589,0.23914869129657745,0.5872998833656311,0.2373431921005249,-0.1849333941936493,-0.26110637187957764,-0.061086952686309814,-0.061188630759716034,-0.5652034878730774,0.08728037774562836,0.3261723518371582,-0.15855291485786438,0.2178054302930832,-0.5687152743339539,0.7777801752090454,0.0859612375497818,-0.02357788011431694,-0.1118975430727005,-0.18407031893730164,-0.12164971977472305,-0.658736526966095,-0.19382968544960022,0.1415596455335617,0.20601293444633484,-0.010751655325293541,-0.12309273332357407,-0.3254609704017639,-0.12473060935735703,-0.07959197461605072,0.17923620343208313,0.012144273146986961,-0.40463441610336304,0.04826677218079567,-0.1421399563550949,-0.29219335317611694,-0.8134908676147461,0.04340801388025284,0.22513315081596375,0.262633740901947,-0.002220970345661044,0.021204089745879173,0.08641401678323746
CID000003066,1931,-0.020352959632873535,0.10032317787408829,-0.09603562206029892,0.010082932189106941,0.23774001002311707,0.24416518211364746,0.06820692867040634,0.07045397907495499,-0.2979140877723694,-0.2684606909751892,-0.025300556793808937,-0.5805160999298096,0.19767899811267853,-0.1901383250951767,-0.3127271831035614,-0.17489716410636902,0.024885570630431175,-0.15797987580299377,0.14572195708751678,-0.04784289747476578,0.11961378902196884,-0.008529032580554485,-0.18802973628044128,0.07535713911056519,-0.10214002430438995,-0.19521154463291168,0.27946045994758606,0.059311479330062866,-0.04585178941488266,0.3771161437034607,-0.2122342884540558,0.24588720500469208,0.0035645305179059505,0.1322009563446045,-0.6638385653495789,-0.032704081386327744,-0.15671703219413757,-0.2310558259487152,-0.2355235069990158,0.030842352658510208,-0.006894451566040516,0.06410787999629974,-0.3248022496700287,0.16731379926204681,0.413541316986084,0.1476260870695114,0.11293070018291473,-0.0026446888223290443,-0.005148758180439472,-0.21484939754009247,-0.5612933039665222,0.15664531290531158,-0.3253237307071686,-0.24375863373279572,0.1774924248456955,0.012769686058163643,-0.02884317934513092,-0.061315178871154785,0.4381902813911438,0.13472533226013184,-0.8901093602180481,0.16962376236915588,-0.4191212058067322,0.09104181826114655,-0.039510201662778854,0.06294820457696915,-0.12330988794565201,0.4405037462711334,0.09863138198852539,-0.029075313359498978,-0.05661482363939285,-0.19600772857666016,-0.07799859344959259,0.21658973395824432,0.2593427300453186,0.19228559732437134,0.13012494146823883,0.34835511445999146,0.10216889530420303,-0.07511655986309052,-0.09558391571044922,-0.014078741893172264,-0.016174282878637314,-0.11370023339986801,-0.05332840606570244,-0.034125011414289474,-0.3463900089263916,0.21164223551750183,0.3699672818183899,0.0016176507342606783,-0.12175582349300385,-0.16233351826667786,-0.0617794468998909,-0.15565155446529388,-0.41874074935913086,-0.11216634511947632,-0.07196754217147827,0.16507966816425323,0.1656670868396759,-0.2338278591632843,0.1523696333169937,0.19808073341846466,-0.2721850872039795,0.08536458015441895,-0.17496758699417114,-0.07632163912057877,-0.4750348627567291,0.27393943071365356,0.22232958674430847,0.207831472158432,0.1621139943599701,0.23983891308307648,0.05645511671900749,0.14147450029850006,0.22651764750480652,0.12897363305091858,0.04902889207005501,-0.5450724959373474,0.1410614401102066,-0.03521837666630745,0.050178270787000656,-0.819049060344696,-0.28945353627204895,-0.1839827597141266,-0.33294957876205444,0.26877760887145996,0.11547170579433441,0.2910996377468109,0.2057410031557083,0.0957324355840683,-0.008203710429370403,-0.15054643154144287,-0.5363355875015259,-0.27436691522598267,0.022354478016495705,0.011649945750832558,0.2170291393995285,-0.2942493259906769,0.014996198005974293,-0.3073127865791321,-0.038750674575567245,0.16977521777153015,0.21251873672008514,-0.08303868770599365,-0.18642185628414154,-0.07307644188404083,-0.17161425948143005,-0.020630037412047386,0.14387941360473633,-0.012575778178870678,0.006604145281016827,-0.0169382207095623,-0.09613752365112305,0.18379029631614685,0.22946326434612274,-0.04325656220316887,-0.09166772663593292,-0.4462898373603821,-0.06423820555210114,0.11212249845266342,-0.09267926961183548,-0.11141873896121979,-0.9165790677070618,0.06329715996980667,0.5482765436172485,0.11193148046731949,-0.14483913779258728,0.11513455957174301,-0.09315221011638641,0.08533458411693573,-0.2583855986595154,-0.31072288751602173,0.3374614119529724,-0.14630809426307678,-0.06053077429533005,-0.03901458904147148,-0.008407977409660816,-0.05603091046214104,-0.35605093836784363,-0.05914701893925667,0.4008941650390625,0.16051174700260162,0.15830546617507935,-0.012678110972046852,0.028523821383714676,-0.013695170171558857,-0.14299316704273224,-0.2067316323518753,0.5440050959587097,-0.034976668655872345,0.17610159516334534,-0.24410481750965118,-0.024062875658273697,-0.12848398089408875,-0.15186259150505066,0.25784558057785034,0.06682956963777542,-0.21941561996936798,-0.3863213360309601,0.18938502669334412,0.03827245905995369,-0.23312318325042725,-0.18572722375392914,0.05123350769281387,-0.028722157701849937,0.08074025809764862,-0.10108081996440887,-0.0787043571472168,-0.30880826711654663,-0.11620421707630157,0.12601391971111298,0.19359199702739716,-0.06247608736157417,0.08052822202444077,0.20280373096466064,-0.3162563443183899,0.5398256182670593,-0.011983457021415234,-0.03637581691145897,0.009594680741429329,0.019731774926185608,-0.17069657146930695,-0.5620476007461548,-0.07987300306558609,0.300431489944458,-0.08222072571516037,0.15903042256832123,-0.2758520245552063,0.9733535647392273,0.26424485445022583,-0.18260422348976135,-0.1320086121559143,-0.1053343415260315,0.15535631775856018,-0.4921826422214508,-0.2733563780784607,0.05473501607775688,0.09069713205099106,0.34703487157821655,0.2551770806312561,-0.41799241304397583,-0.11925578117370605,-0.025650452822446823,0.19047440588474274,-0.04638734459877014,-0.04768458753824234,0.1428193598985672,0.03128844499588013,0.20210452377796173,-0.8873383402824402,-0.2570720911026001,0.4926021695137024,0.16354569792747498,-0.021129179745912552,0.016314469277858734,-0.01952100731432438
CID000002637,1944,0.20931875705718994,-0.041666023433208466,0.009714514017105103,-0.26700612902641296,0.6967083811759949,0.4598408639431,0.08082398772239685,0.2986963391304016,-0.3831988275051117,-0.16200408339500427,0.11001421511173248,-0.4979568123817444,-0.1320212185382843,-0.012424854561686516,-0.05395697429776192,-0.15911415219306946,0.05226806551218033,-0.12433097511529922,-0.5439475774765015,-0.14629647135734558,0.05937216430902481,-0.26810458302497864,0.06740716844797134,0.05286230519413948,0.1008823961019516,-0.35280856490135193,0.012198650278151035,0.03706393390893936,0.07279863208532333,0.28621774911880493,-0.1555032879114151,0.19742140173912048,-0.24265380203723907,-0.03322070837020874,-0.2805376350879669,0.20417168736457825,-0.5597986578941345,-0.3056481182575226,-0.1314379721879959,-0.3092673718929291,-0.23219409584999084,-0.03880387544631958,-0.29667729139328003,0.2720229923725128,0.1917094588279724,0.3043760657310486,-0.06882241368293762,-0.2300749272108078,-0.13896049559116364,-0.05362208932638168,-0.04149062931537628,0.13519468903541565,-0.021057941019535065,-1.1491196155548096,0.2349727898836136,-0.10341957956552505,0.02950800023972988,0.04047032445669174,1.0001509189605713,-0.23526406288146973,-0.8701157569885254,0.028434868901968002,-0.184920072555542,0.222230464220047,0.09588291496038437,-0.4248812794685364,-0.5528742074966431,-0.08123735338449478,0.1638711392879486,0.006836600601673126,-0.8483047485351562,0.14866206049919128,-0.24177947640419006,-0.23933927714824677,0.5530845522880554,-0.033580437302589417,0.34822386503219604,-0.1856706589460373,0.3052460551261902,0.4314623773097992,-0.04495415836572647,0.1033974438905716,0.12987330555915833,-0.13447511196136475,-0.15857930481433868,0.25498658418655396,0.10124288499355316,0.18500086665153503,0.377372682094574,0.202497199177742,-0.05064777284860611,-0.07228641957044601,-0.31028395891189575,-0.10105850547552109,-0.4448082447052002,-0.03789063170552254,0.030254557728767395,0.25240451097488403,-0.04148394614458084,0.0808802992105484,0.22868874669075012,0.39828237891197205,-0.23509874939918518,0.7055243849754333,-0.21624794602394104,0.22264333069324493,-0.5308107137680054,0.4963277280330658,-0.23899653553962708,0.6990212202072144,-0.21930727362632751,0.014331039972603321,0.1391240656375885,-0.19888126850128174,0.22689194977283478,0.09939505904912949,-0.0674976259469986,-0.30547720193862915,-0.01364296954125166,0.10612956434488297,-0.11532366275787354,-0.8536800146102905,-0.06768576800823212,-0.46901363134384155,-0.4712449014186859,0.2879316210746765,-0.08866553008556366,0.25130409002304077,-0.13027462363243103,-0.011551576666533947,-0.09428555518388748,0.29126378893852234,-0.6510881185531616,-0.39286503195762634,0.03092905879020691,-0.22679691016674042,0.4264628291130066,-0.12756691873073578,0.30694469809532166,-0.4048541486263275,-0.029189925640821457,0.7537380456924438,-0.10987237840890884,0.0941702201962471,-0.15101826190948486,-0.2142510712146759,0.34429028630256653,-0.026172976940870285,-0.026818716898560524,-0.119661346077919,-0.11477111279964447,-0.10588725656270981,-0.23832154273986816,0.1223781555891037,-0.0608227476477623,0.03891248255968094,0.02791624702513218,-0.3638424277305603,-0.2135201245546341,-0.012128284201025963,0.43353813886642456,0.14633283019065857,-0.8930433392524719,-0.06787625700235367,0.4319513440132141,0.3792632222175598,-0.11844237148761749,0.5102071166038513,0.042329005897045135,0.06415460258722305,-0.362793505191803,-0.5337993502616882,0.7238659262657166,-0.043975260108709335,0.020504055544734,-0.3015781044960022,-0.15028569102287292,-0.051501303911209106,-0.26495683193206787,-0.37268131971359253,0.16229113936424255,-0.08431342989206314,-0.08727284520864487,-0.2295970916748047,-0.008896170184016228,-0.11274657398462296,0.017964044585824013,0.004254043102264404,0.3680211901664734,0.013164445757865906,0.4869965612888336,-0.579128623008728,0.06373035162687302,0.2404339611530304,0.07124176621437073,0.7109709978103638,0.1698417365550995,0.047995343804359436,-0.12937253713607788,-0.12389509379863739,-0.12643222510814667,0.11585341393947601,-0.32853105664253235,0.03465447947382927,-0.356204092502594,0.3199225962162018,-0.22007432579994202,-0.6244589686393738,-0.0679548978805542,-0.04522911086678505,0.3776797652244568,-0.19679859280586243,-0.08199804276227951,-0.14350798726081848,1.6045587062835693,0.15955635905265808,0.7520051002502441,0.1402667611837387,-0.09434336423873901,-0.2165880650281906,0.24116241931915283,0.11352097988128662,-0.7720791101455688,0.2863766551017761,0.138327956199646,0.18664345145225525,-0.13333840668201447,-0.7633998990058899,0.8825666308403015,0.4991239011287689,-0.10201269388198853,-0.5297846794128418,-0.14201247692108154,0.1718091368675232,-0.620681643486023,-0.3154705762863159,-0.09048499166965485,-0.08071859180927277,-0.19975441694259644,0.06950683891773224,-0.8366276025772095,-0.018611451610922813,-0.004587420728057623,0.102625273168087,0.0006699800724163651,-0.6312969326972961,0.3743487596511841,0.04862911254167557,-0.010098256170749664,-0.6863172054290771,-0.1482507735490799,-0.15314143896102905,0.29043492674827576,-0.17839838564395905,-0.04301116615533829,0.0848405584692955
CID000042113,1956,0.4847281575202942,0.1899399757385254,0.16008856892585754,-0.07108817994594574,0.5775347352027893,0.6078272461891174,-0.07158243656158447,0.19489292800426483,-0.29363664984703064,-0.18688419461250305,0.21239447593688965,-0.4480675160884857,0.001681554364040494,-0.25320449471473694,-0.09268786013126373,0.2334427386522293,0.09971620887517929,0.0298247579485178,-0.49394598603248596,0.05566304177045822,-0.20474104583263397,-0.22352385520935059,-0.0579858236014843,-0.07485540211200714,0.17658846080303192,-0.039556074887514114,0.13577845692634583,-0.07913792133331299,0.007080534007400274,0.5748127698898315,-0.056432683020830154,-0.10699089616537094,-0.07562236487865448,0.028098493814468384,-0.6292443871498108,0.1655600219964981,-0.3927483558654785,-0.26496902108192444,-0.1495104283094406,0.2580954432487488,0.03651262819766998,-0.2188538759946823,-0.11879992485046387,-0.12679588794708252,0.40434327721595764,-0.11521687358617783,-0.17874160408973694,-0.06544961035251617,0.32427874207496643,0.07865907996892929,-0.38904690742492676,0.06972726434469223,-0.05445920303463936,-0.22468356788158417,0.17232836782932281,0.2923540472984314,0.1480967104434967,0.234034925699234,0.8551326990127563,-0.06453385204076767,-0.7915344834327698,-0.10064209997653961,-0.19284901022911072,0.3977777361869812,0.19415192306041718,0.4152679443359375,-0.28657445311546326,0.005646216683089733,-0.1385120004415512,-0.11745671927928925,-0.6378289461135864,-0.18794453144073486,0.0323103666305542,-0.03988412767648697,0.6171272397041321,-0.13858279585838318,0.05592288449406624,0.5488880276679993,-0.10416834056377411,-0.20627076923847198,-0.28632932901382446,-0.2075297087430954,0.11511118710041046,-0.04721316695213318,0.07479123771190643,0.2956015467643738,-0.01638120785355568,-0.12452159076929092,0.5353203415870667,-0.2923160195350647,-0.05292469263076782,-0.03858412057161331,0.05574362725019455,0.002571647521108389,-0.6570569276809692,-0.003252938389778137,-0.09302501380443573,0.39153048396110535,0.06476886570453644,-0.2617059648036957,0.4479842185974121,-0.03752056881785393,0.1808582842350006,0.6879783868789673,-0.2834952771663666,0.041181646287441254,-0.384086936712265,0.4319588541984558,-0.16035157442092896,0.2603027820587158,-0.44057053327560425,0.308488667011261,0.41605299711227417,-0.15713605284690857,0.21262407302856445,-0.14554950594902039,0.067262202501297,-0.3467233180999756,0.305288702249527,0.35461661219596863,0.025504987686872482,-0.6398329734802246,0.5484808683395386,-0.7028659582138062,-0.527668297290802,-0.21682842075824738,-0.16100145876407623,0.37338995933532715,-0.21735772490501404,0.30114954710006714,0.05842206999659538,0.019736016169190407,-0.48925909399986267,-0.5133780241012573,-0.09500966966152191,-0.27926746010780334,0.9603582620620728,-0.2669410705566406,0.08974473923444748,-0.2531294822692871,-0.03653373569250107,0.1366908848285675,0.02654826082289219,0.006216791458427906,0.016357649117708206,0.07942450046539307,0.3448963761329651,0.3244873285293579,-0.07820708304643631,-0.24167278409004211,0.03922297805547714,-0.14826378226280212,-0.18569976091384888,0.04881523177027702,0.2596212923526764,-0.14525334537029266,0.053873468190431595,-0.5398337244987488,-0.16382238268852234,0.2252463400363922,-0.0903371125459671,-0.0313718318939209,-0.8986767530441284,-0.08447213470935822,0.6507079005241394,0.31032222509384155,-0.1920463740825653,-0.06218136474490166,0.2362089902162552,0.1944248229265213,-0.2796134650707245,-0.05349158123135567,0.7710297703742981,-0.03837813809514046,-0.34189262986183167,-0.17456059157848358,0.21447142958641052,0.014264496974647045,-0.254861056804657,-0.15195854008197784,0.13902480900287628,0.3573332130908966,0.08991663157939911,-0.14066971838474274,-0.04550446942448616,-0.05464481562376022,-0.2806386351585388,-0.11331746727228165,0.653313934803009,0.01793793961405754,-0.10857365280389786,-1.0447605848312378,0.12748993933200836,-0.5966240763664246,-0.5250957608222961,0.7749044895172119,-0.14355187118053436,-0.135719433426857,-0.4242473244667053,0.02286894991993904,-0.2582806646823883,0.075126051902771,-0.5842903852462769,-0.05616511031985283,-0.035027675330638885,0.39085525274276733,-0.046734053641557693,0.07085667550563812,-0.4633186459541321,-0.2324303686618805,0.40649357438087463,-0.1717538684606552,0.26919031143188477,-0.16023321449756622,0.30613499879837036,-0.058633286505937576,0.779072105884552,-0.13915395736694336,-0.13330122828483582,-0.044056229293346405,-0.16826555132865906,0.15183131396770477,-0.7102013826370239,-0.026952087879180908,0.3144407868385315,-0.1568772792816162,-0.33977311849594116,-0.17228475213050842,0.7429576516151428,0.03147156164050102,0.27194973826408386,-0.049295246601104736,-0.05283142253756523,0.18108229339122772,-0.41056308150291443,-0.4181596338748932,-0.07462473958730698,0.6616536974906921,0.1216965913772583,0.357625275850296,-1.1699367761611938,0.07060283422470093,0.011914211325347424,0.30636486411094666,-0.09165088832378387,-1.0531402826309204,0.2984822392463684,-0.3277153968811035,0.08546852320432663,-0.5919889807701111,0.5772860050201416,-0.056541163474321365,0.42075806856155396,0.35552963614463806,0.27867037057876587,-0.0666375532746315
CID000057537,1963,0.11110876500606537,0.2912583351135254,0.14669619500637054,-0.33446693420410156,0.6094650030136108,0.39076685905456543,-0.2678292691707611,0.2349911481142044,-0.48984020948410034,-0.18648101389408112,0.061017535626888275,-0.6337205767631531,-0.029924625530838966,-0.3962874114513397,0.28426820039749146,0.11121542751789093,0.3163970410823822,-0.3786415755748749,-0.26036566495895386,-0.16085346043109894,0.42567554116249084,-0.31309643387794495,0.05211377143859863,0.18356606364250183,-0.31238213181495667,-0.2717525064945221,-0.0424739271402359,-0.19300433993339539,-0.017910495400428772,0.4222182333469391,-0.15889716148376465,-0.28601908683776855,0.2025589942932129,-0.02178577519953251,-0.5765691995620728,-0.26449817419052124,-0.6911197900772095,-0.30622854828834534,-0.011777931824326515,0.1253890097141266,0.08795814216136932,0.3721006512641907,-0.12189941108226776,-0.35061684250831604,0.12186907231807709,0.02420419082045555,-0.2521415054798126,-0.11506123840808868,-0.02932984195649624,0.14997459948062897,-0.38834285736083984,-0.23507466912269592,-0.24277463555335999,-0.2544651925563812,0.1104336753487587,0.03902416303753853,-0.19993065297603607,-0.12452993541955948,0.8297712206840515,0.0663556456565857,-0.9870210886001587,0.38016754388809204,-0.12364645302295685,0.433772474527359,0.10463299602270126,0.36113816499710083,-0.31240591406822205,0.2248910367488861,-0.017739027738571167,-0.1167510375380516,-0.10841912031173706,0.25353726744651794,0.1338544636964798,0.3238166272640228,0.2203597128391266,-0.12188772857189178,-0.23130683600902557,0.22504934668540955,0.09988443553447723,-0.23464365303516388,-0.29816189408302307,-0.15423254668712616,0.04405370354652405,0.0708654522895813,0.12321120500564575,0.011910676956176758,-0.24168673157691956,0.4276345372200012,0.5942875146865845,-0.018122825771570206,-0.16785836219787598,0.04675012081861496,0.06701904535293579,-0.03893892839550972,-0.9203507304191589,-0.07430143654346466,-0.20948998630046844,0.7710758447647095,0.0190286822617054,-0.24465413391590118,0.5968424081802368,0.05357588082551956,0.26323872804641724,0.3155837655067444,-0.1724441796541214,0.0264230128377676,-0.3918297290802002,0.47203388810157776,0.2678432762622833,0.020108167082071304,-0.4934447407722473,-0.16408857703208923,0.5693371891975403,-0.18813449144363403,0.0151333287358284,0.4130759835243225,-0.4882786273956299,-0.14185382425785065,-0.0007444769144058228,-0.06078360229730606,-0.00966724194586277,-0.8338872194290161,0.09650592505931854,-0.5285308957099915,-0.35841867327690125,-0.2601557970046997,0.0973973274230957,0.1997312307357788,-0.09144292771816254,-0.012059187516570091,-0.11315636336803436,0.04098005220293999,-0.5407894849777222,-0.3227246403694153,-0.2589278221130371,-0.21080689132213593,0.517135739326477,-0.15079353749752045,0.03718607872724533,-0.39659973978996277,0.04718600958585739,0.14288823306560516,-0.3329508900642395,-0.12258805334568024,0.11853017657995224,-0.2757530212402344,0.10191140323877335,0.35283374786376953,0.37359777092933655,-0.42196184396743774,0.1987479031085968,-0.23150205612182617,-0.007842039689421654,-0.3056632876396179,0.027172962203621864,0.02562716230750084,-0.06919920444488525,-0.40199071168899536,-0.21072690188884735,-0.029380787163972855,-0.031845103949308395,0.0027462183497846127,-0.8509992361068726,0.06520737707614899,0.41756826639175415,0.37345805764198303,0.15097349882125854,0.1333497315645218,0.20569327473640442,-0.3351338505744934,-0.18835952877998352,0.06189095973968506,0.757217288017273,-0.1267266571521759,-0.20253486931324005,-0.33310967683792114,0.07059720903635025,-0.101435087621212,-0.3970567286014557,0.3238937258720398,0.06677622348070145,0.2770567238330841,0.17015361785888672,-0.09975619614124298,0.013774126768112183,0.010119986720383167,-0.15965695679187775,-0.010456442832946777,0.6732366681098938,0.16186511516571045,-0.16356916725635529,-0.13755112886428833,-0.07474616169929504,-0.41240420937538147,-0.3922330439090729,0.8699709177017212,0.04081656038761139,0.034101586788892746,-0.9131343960762024,-0.3511976897716522,0.10107916593551636,-0.4198722839355469,-0.86711585521698,-0.10271574556827545,0.3181000351905823,0.557942807674408,-0.08849254250526428,-0.07045630365610123,0.012516403570771217,0.02177419140934944,0.13884231448173523,0.011755618266761303,0.11203815788030624,-0.08782999217510223,0.17309705913066864,-0.4733073115348816,0.7554657459259033,0.13841009140014648,-0.048538338392972946,-0.025718551129102707,-0.096110500395298,-0.1302424967288971,-0.49197202920913696,0.0771687775850296,0.08362581580877304,0.21997931599617004,0.15468117594718933,-0.1713959127664566,0.7093368768692017,0.025237465277314186,0.25512227416038513,-0.28490591049194336,0.05088435858488083,0.06161832809448242,-0.34494835138320923,-0.4653751254081726,0.35071122646331787,0.2003917396068573,-0.3574081063270569,-0.02933971956372261,-0.2520325779914856,0.2563549876213074,0.08818688243627548,0.33367300033569336,0.3691290020942688,-1.1349573135375977,0.7650242447853088,0.04825867339968681,-0.19548699259757996,-0.833321213722229,0.05203647539019585,0.047005001455545425,0.4645237922668457,0.444089412689209,-0.1562776416540146,-0.06905203312635422
CID000002019,1969,0.08530418574810028,-0.04351571202278137,0.20842686295509338,-0.08981867134571075,0.18331673741340637,0.2256736010313034,0.06504635512828827,-0.11454181373119354,-0.22587239742279053,-0.17936280369758606,0.23428019881248474,-0.46452856063842773,0.2918800115585327,-0.23331621289253235,-0.27498406171798706,-0.013438734225928783,0.012627216055989265,0.008415153250098228,0.0965622216463089,-0.024841908365488052,0.21732208132743835,-0.046388618648052216,-0.10900270938873291,0.024941440671682358,0.21067985892295837,-0.25718024373054504,0.26201507449150085,0.035502079874277115,0.023285601288080215,0.40974345803260803,-0.19899360835552216,0.2727178931236267,0.22846493124961853,-0.02998567745089531,-0.6462379693984985,0.05687681585550308,-0.2911127209663391,-0.35235944390296936,-0.34709399938583374,-0.23342017829418182,0.05409477278590202,0.22494497895240784,-0.43683165311813354,0.13939037919044495,0.3985077738761902,-0.18245795369148254,0.002330229850485921,0.1796499788761139,0.11591700464487076,-0.16166718304157257,-0.47144070267677307,-0.002801883267238736,-0.13344252109527588,-0.13685429096221924,0.2174319475889206,-0.060663990676403046,0.017372440546751022,0.007467162795364857,0.3324947953224182,0.01664998009800911,-0.861911952495575,0.04640013352036476,-0.3862561881542206,0.06531353294849396,-0.1499883085489273,0.23193152248859406,-0.16597113013267517,0.44689542055130005,0.11457838863134384,-0.13001351058483124,-0.14108458161354065,-0.010915495455265045,-0.018342722207307816,0.07495687901973724,0.26442283391952515,0.045172035694122314,0.07401017844676971,0.30413568019866943,-0.06087358668446541,-0.04786578565835953,-0.13047078251838684,-0.22081896662712097,0.09596524387598038,0.008204680867493153,-0.037093665450811386,0.11783315986394882,-0.41257891058921814,0.0760369598865509,0.37755531072616577,0.015924755483865738,-0.01312545407563448,-0.09710029512643814,0.033195480704307556,-0.07755563408136368,-0.6109888553619385,0.017468472942709923,-0.14607107639312744,0.17913874983787537,0.01309441588819027,-0.2846292555332184,0.3065381348133087,0.08985968679189682,-0.32656556367874146,0.13482066988945007,-0.28960591554641724,-0.06165897846221924,-0.3715322017669678,0.15807828307151794,-0.07592569291591644,0.16947993636131287,0.19245927035808563,0.12524542212486267,0.19600853323936462,0.15842165052890778,0.2941491901874542,0.023734871298074722,0.009630382061004639,-0.47303295135498047,0.2832035422325134,0.01820703037083149,0.0744679719209671,-0.7409874796867371,-0.1920320689678192,-0.18136796355247498,-0.43005838990211487,0.11930499225854874,0.008676707744598389,0.15298059582710266,0.1666961908340454,0.1498587429523468,0.3018152713775635,0.05796048790216446,-0.5129890441894531,-0.28644663095474243,0.05037470534443855,-0.10353539884090424,0.032605551183223724,-0.3030276298522949,0.0038138688541948795,-0.17896921932697296,-0.2074502408504486,0.0605575330555439,0.09353466331958771,-0.09019611775875092,-0.19609320163726807,0.07177465409040451,-0.11033590883016586,-0.09781686216592789,0.22618941962718964,-0.013643333688378334,-0.07124046236276627,0.21035966277122498,-0.1814310997724533,0.2617294192314148,0.15852126479148865,0.008573614060878754,-0.046230532228946686,-0.3715716600418091,-0.1619485318660736,0.05144693702459335,-0.05803563445806503,0.04158436134457588,-0.8447483777999878,-0.06448493897914886,0.4860873222351074,0.2366349995136261,-0.2260575294494629,0.26650482416152954,-0.028871040791273117,-0.08481119573116302,-0.11456003040075302,-0.25870969891548157,0.3245001435279846,0.2294531762599945,0.03114927187561989,0.09505102783441544,0.23426826298236847,-0.13438841700553894,-0.46061867475509644,-0.04180150106549263,0.16679252684116364,0.29272714257240295,0.09184230118989944,-0.015870843082666397,0.0039949798956513405,-0.12377719581127167,-0.1749197095632553,0.007713380269706249,0.6963078379631042,-0.07211192697286606,0.1015281081199646,-0.4233914911746979,0.05175225809216499,0.024231480434536934,-0.11840835958719254,0.2990871071815491,-0.0014061570400372148,-0.006387941539287567,-0.39349761605262756,0.08714012801647186,-0.052447445690631866,-0.038567446172237396,-0.3388358950614929,-0.01600257121026516,-0.013052782043814659,0.18264788389205933,-0.12429554760456085,-0.24402613937854767,-0.37353187799453735,-0.23529763519763947,0.2594008445739746,-0.13502351939678192,0.043851375579833984,-0.046779800206422806,-0.03873028606176376,-0.10787341743707657,0.5157454013824463,0.1160745844244957,-0.02983260527253151,-0.02801249362528324,0.025620196014642715,-0.0760636106133461,-0.5605243444442749,-0.11193307489156723,0.17602887749671936,0.032230425626039505,0.19208642840385437,-0.18517346680164337,0.9649815559387207,0.3719196915626526,-0.26263055205345154,-0.1159706860780716,0.06795971840620041,0.009390090592205524,-0.544060230255127,-0.24334755539894104,-0.061505723744630814,0.1601632833480835,0.32479241490364075,0.10260174423456192,-0.3909010589122772,-0.14695248007774353,0.03919399902224541,0.009258463978767395,-0.015822624787688255,-0.11176788806915283,0.21399927139282227,0.21366970241069794,0.2683422267436981,-0.9333300590515137,-0.1383856236934662,0.3942689895629883,0.21019577980041504,0.09973519295454025,-0.043096400797367096,-0.12942685186862946
CID000444013,2003,0.08962705731391907,-0.06389909982681274,-0.22950971126556396,-0.004549881909042597,0.8281469345092773,0.24304017424583435,-0.43732699751853943,0.0633673295378685,0.023676615208387375,0.12803885340690613,0.08475001156330109,-0.28949829936027527,-0.2340964525938034,-0.026418324559926987,-0.43675675988197327,-0.034653980284929276,0.018455849960446358,-0.040622252970933914,0.2184223234653473,-0.21984907984733582,-0.38438719511032104,-0.08573389053344727,0.11047863960266113,0.02967820130288601,-0.11572970449924469,0.01978938654065132,-0.07066352665424347,-0.13888755440711975,-0.025762880221009254,0.44701823592185974,-0.07837150990962982,-0.3283424973487854,0.18009260296821594,0.003050005529075861,-1.0166666507720947,0.14425410330295563,-0.36923012137413025,-0.06111942604184151,-0.16579221189022064,0.12167583405971527,0.15412509441375732,-0.1715291440486908,-0.02828126586973667,-0.15302269160747528,0.43972739577293396,0.11526963859796524,0.2468262016773224,-0.2713765501976013,0.18891587853431702,-0.0960850790143013,-0.3294171988964081,0.005791968200355768,-0.16329573094844818,-0.16018395125865936,0.04053976386785507,0.09938306361436844,-0.12510612607002258,0.012358038686215878,0.5371513366699219,0.32527485489845276,-0.8230170011520386,0.19973866641521454,-0.2620639204978943,0.16463133692741394,0.21113057434558868,-0.2582065463066101,-0.03473467752337456,0.33456531167030334,-0.014028087258338928,0.058433182537555695,-0.4302913546562195,0.046032704412937164,-0.010323265567421913,-0.06840218603610992,0.6001030206680298,0.007751101162284613,0.04940930753946304,0.2991001307964325,0.012455916032195091,-0.4699926972389221,-0.03062031790614128,-0.1617773175239563,-0.17152588069438934,-7.66992598073557e-05,0.021903013810515404,0.17202624678611755,-0.1238347515463829,-0.1432570219039917,0.5385353565216064,0.23221735656261444,-0.09252669662237167,0.09335345029830933,-0.0966186597943306,-0.06494718044996262,-0.7932900786399841,-0.022903230041265488,-0.07451165467500687,0.3735339939594269,0.03033285401761532,-0.030173325911164284,0.41453105211257935,-0.0475262813270092,-0.21019069850444794,-0.01215752400457859,0.07186682522296906,0.06328966468572617,-0.6202048063278198,0.021453451365232468,0.13657724857330322,-0.02258310467004776,-0.22900429368019104,-0.056053318083286285,0.01998438872396946,0.14230282604694366,0.05304691940546036,0.10554923862218857,-0.15308474004268646,-0.6693292856216431,0.0770154818892479,0.1983567625284195,-0.16469745337963104,-1.0220601558685303,0.26102668046951294,-0.1954720914363861,-0.35767748951911926,-0.05567537993192673,-0.15554465353488922,0.28859207034111023,-0.2499769926071167,0.010768902488052845,-0.38994255661964417,-0.04044278711080551,-0.42828163504600525,-0.35534796118736267,-0.47530966997146606,-0.25775134563446045,0.8679671287536621,-0.4069554805755615,0.07239031791687012,0.18676312267780304,-0.05033714696764946,0.2683105766773224,0.19174674153327942,0.1612115502357483,-0.08112896978855133,-0.06529730558395386,-0.11061649024486542,-0.035306017845869064,-0.28200003504753113,-0.17139007151126862,-0.07487712055444717,-0.06148121505975723,-0.024478096514940262,-0.06953348964452744,-0.1680866926908493,0.23071305453777313,0.23085784912109375,-0.36778944730758667,-0.13270214200019836,0.09725081920623779,0.1111391931772232,-0.09791682660579681,-0.9232807159423828,0.01757783815264702,0.49329400062561035,0.28872644901275635,-0.05988224595785141,-0.06803391873836517,0.03954542800784111,0.030755866318941116,-0.059274207800626755,-0.21015968918800354,0.30082494020462036,-0.06831274926662445,0.05792326480150223,-0.17648647725582123,0.2539248764514923,0.06057802587747574,-0.36286237835884094,-0.014767596498131752,0.23696310818195343,0.2254151999950409,-0.23771408200263977,-0.11111275851726532,0.03468924015760422,-0.3420502245426178,-0.2434237003326416,-0.37048041820526123,1.0527318716049194,0.06569645553827286,0.24657025933265686,-0.6988070607185364,0.19399815797805786,0.23347100615501404,-0.16978923976421356,0.5721262693405151,0.02192574366927147,0.04472830891609192,-0.13183605670928955,-0.2520352602005005,-0.3560214042663574,-0.24102120101451874,-0.2608322203159332,-0.04322154074907303,-0.09776134788990021,0.14604255557060242,0.13328976929187775,0.20899029076099396,-0.36076852679252625,-0.029231321066617966,0.20373301208019257,0.01707237958908081,-0.1366076022386551,-0.23301324248313904,0.12614427506923676,-0.057213664054870605,0.8495573997497559,0.09388794004917145,-0.06356580555438995,-0.2623429298400879,0.1566673368215561,-0.09092296659946442,-0.8568226099014282,0.25448521971702576,0.15018698573112488,-0.23099204897880554,0.14926087856292725,-0.27996641397476196,1.0647932291030884,-0.20147249102592468,-0.06438364833593369,0.03866465017199516,-0.04773465916514397,-0.07796783000230789,-0.644781231880188,-0.12136461585760117,-0.09316188842058182,0.03317765146493912,-0.36513370275497437,0.014370453543961048,-0.784757137298584,-0.07845301926136017,0.10216264426708221,0.14740817248821259,0.12002575397491455,-0.2218671590089798,0.18282723426818848,0.052889786660671234,-0.09907115250825882,-0.8893920183181763,0.2264002561569214,0.3928355276584625,0.39984065294265747,-0.0613703615963459,0.015826113522052765,0.15125608444213867
CID000060787,2014,-0.19929362833499908,0.05582258850336075,0.10376694053411484,0.08601752668619156,0.2298358976840973,0.2419755905866623,-0.03630662336945534,-0.3247993588447571,-0.35027337074279785,-0.18206679821014404,0.148488849401474,-0.6678643822669983,0.35619670152664185,-0.4521932601928711,-0.17647959291934967,0.0150357186794281,0.26017966866493225,0.343514084815979,0.25116249918937683,0.2709127366542816,0.13937845826148987,0.26897478103637695,-0.0598655641078949,0.06847908347845078,-0.047052424401044846,-0.11459795385599136,0.07379969954490662,-0.18268445134162903,0.11952588707208633,0.32299262285232544,-0.31574589014053345,0.16984443366527557,0.198433980345726,-0.027868229895830154,-0.7035806179046631,-0.043114073574543,-0.22723355889320374,-0.2334783375263214,-0.193729430437088,0.05564147233963013,0.0232890322804451,0.07330585271120071,-0.36191678047180176,0.03441357985138893,0.5391630530357361,-0.07305987924337387,-0.08849503099918365,-0.2523193955421448,-0.17107638716697693,-0.08136468380689621,-0.4534710943698883,-0.023860536515712738,-0.42295780777931213,-0.17166326940059662,0.1897098571062088,-0.08950842916965485,0.0012036263942718506,-0.03897349536418915,0.47115764021873474,0.24211478233337402,-0.9109790921211243,0.04034903645515442,-0.3612402379512787,0.2216319590806961,0.021189803257584572,0.13407155871391296,-0.16665767133235931,0.6517171263694763,-0.04950202628970146,0.16014714539051056,0.16663365066051483,0.010524982586503029,0.01976175047457218,0.09455303847789764,0.48219841718673706,0.204865500330925,-0.09129907935857773,0.36791419982910156,-0.08267849683761597,-0.2429455816745758,-0.19114108383655548,0.33312779664993286,0.09062735736370087,-0.4399212896823883,0.057666003704071045,-0.048274196684360504,-0.292903870344162,0.01065418403595686,0.41736388206481934,-0.13783907890319824,0.06355319917201996,-0.12125416845083237,-0.037496864795684814,0.12472512573003769,-0.6735734939575195,-0.026336003094911575,-0.24187998473644257,0.19980813562870026,-0.05916733294725418,-0.41606688499450684,0.2640179395675659,-0.16771861910820007,-0.14553585648536682,0.3150932788848877,-0.26056644320487976,0.1606414020061493,-0.27938517928123474,0.28073933720588684,-0.07411636412143707,0.1648695170879364,0.07316111773252487,0.11645712703466415,0.35920053720474243,0.0030593187548220158,0.20659074187278748,0.4686851501464844,-0.001071400591172278,-1.1052405834197998,0.48647555708885193,0.09966777265071869,0.04306889697909355,-0.8243423700332642,-0.4866839051246643,-0.06704866886138916,-0.3127710819244385,0.13585373759269714,0.05501066520810127,0.24548032879829407,0.20861753821372986,0.20016208291053772,-0.010177969932556152,-0.004666413180530071,-0.538899302482605,-0.32345202565193176,-0.13915935158729553,0.17440514266490936,0.09354300796985626,-0.4941742420196533,0.16693100333213806,-0.39461925625801086,-0.24795302748680115,-0.03348193317651749,0.09942533820867538,0.1197441965341568,-0.11593472957611084,0.3589167296886444,-0.1939147412776947,0.31277385354042053,0.21408958733081818,0.1396106630563736,-0.08463495969772339,-0.0540478453040123,0.2695259153842926,0.22690877318382263,0.08318633586168289,0.036662377417087555,-0.007384029217064381,-0.4388976991176605,-0.0887463316321373,-0.016980599611997604,-0.11830899864435196,-0.07879728078842163,-0.9074590802192688,-0.01989094913005829,0.7743512392044067,0.2407159060239792,-0.14660705626010895,-0.04125230014324188,-0.056446373462677,-0.05444912239909172,-0.32115405797958374,-0.08690815418958664,0.4094564914703369,0.022884737700223923,-0.14560410380363464,-0.27625522017478943,-0.22263118624687195,0.06878748536109924,-0.34818407893180847,0.05291299149394035,0.33959493041038513,0.23248115181922913,-0.013692652806639671,-0.10506822168827057,0.1805669218301773,-0.1124684065580368,-0.27037757635116577,-0.4253973066806793,0.6215382218360901,-0.018618788570165634,0.13134177029132843,-0.3232438266277313,-0.16588523983955383,-0.03109915927052498,-0.17371714115142822,0.09240945428609848,-0.21206513047218323,0.01874415948987007,-0.7190461754798889,-0.06577054411172867,0.11022122949361801,-0.11260826885700226,-0.1261732578277588,-0.08100786060094833,0.11057410389184952,0.1511850208044052,-0.07621680200099945,0.011118876747786999,-0.3817809224128723,0.05954981967806816,0.06356079876422882,0.20705056190490723,0.04385633021593094,0.04125162959098816,0.06417529284954071,0.03981516510248184,0.6711797118186951,-0.20547035336494446,-0.09360392391681671,-0.1764250099658966,0.04047490283846855,-0.06859062612056732,-0.5372434854507446,0.07351326197385788,0.2836097776889801,0.016776282340288162,0.18562926352024078,0.021414661779999733,0.9009414911270142,-0.1496642529964447,-0.13329868018627167,0.08232431858778,-0.12620441615581512,0.2289113700389862,-0.18978595733642578,-0.2475346326828003,-0.07347024232149124,0.33205848932266235,0.1538810282945633,-0.0483115017414093,-0.48055514693260193,-0.15110498666763306,0.13652047514915466,0.4584760069847107,0.09946923702955246,0.03300505131483078,0.194314107298851,0.2168220728635788,0.01790490187704563,-0.9788348078727722,-0.3330613076686859,0.4496997892856598,0.29323092103004456,-0.050486523658037186,0.14803965389728546,-0.22406545281410217
CID000002719,2018,-0.12255044281482697,-0.15276899933815002,-0.052340317517519,-0.14071428775787354,0.34077468514442444,0.2881806492805481,-0.14404408633708954,-0.02312028966844082,-0.2618861794471741,-0.20903530716896057,0.030882101505994797,-0.368580162525177,0.0508764274418354,-0.11560773849487305,-0.07502929866313934,0.021623408421874046,0.013898329809308052,-0.03605075180530548,-0.1280152052640915,0.011451387777924538,0.0494706928730011,0.08860604465007782,0.06802825629711151,0.05103928968310356,0.06784778088331223,0.028570298105478287,-0.10792697966098785,0.029619257897138596,-0.1342776119709015,0.25798124074935913,0.024444222450256348,-0.27493008971214294,-0.10519750416278839,-0.05028674006462097,-0.4555146098136902,-0.0007422134513035417,-0.2578771114349365,-0.22753696143627167,-0.11372995376586914,-0.10424257814884186,0.075798898935318,-0.028940850868821144,-0.22921332716941833,-0.16331042349338531,0.12449320405721664,0.09597110748291016,0.02913307026028633,0.12652191519737244,-0.15131449699401855,-0.07070360332727432,-0.219930961728096,0.20594379305839539,-0.01820141077041626,-0.05464792251586914,0.12989062070846558,0.01526063121855259,-0.14128898084163666,-0.07033360004425049,0.040695562958717346,-0.022205010056495667,-0.8392674326896667,-0.06484836339950562,-0.2980775535106659,0.3179853558540344,0.10572860389947891,0.1981440633535385,-0.15567158162593842,0.13311609625816345,-0.12341377884149551,0.08708224445581436,-0.13964080810546875,0.15209491550922394,-0.044276561588048935,-0.21128065884113312,-0.014940554276108742,-0.016987835988402367,-0.10472819954156876,-0.05122848227620125,0.15336047112941742,-0.07070064544677734,-0.18612977862358093,-0.0008204698679037392,-0.22367313504219055,-0.040646977722644806,-0.04262866824865341,-0.022287525236606598,-0.21992334723472595,-0.3779931366443634,0.26384156942367554,-0.08123824745416641,-0.041198063641786575,-0.08007185161113739,0.03330503776669502,-0.02968088909983635,-0.433336079120636,0.006519487593322992,-0.07764241844415665,0.273032009601593,0.1481013000011444,-0.3494463860988617,0.06717181205749512,0.228397935628891,-0.34039562940597534,-0.10444798320531845,-0.1340256631374359,0.007858227007091045,-0.495687872171402,0.13370278477668762,-0.14980995655059814,0.2548983097076416,0.19558358192443848,-0.019888952374458313,0.1875389814376831,-0.004010246600955725,-0.023765239864587784,0.2149367779493332,-0.2219434231519699,-0.11142726242542267,0.06509246677160263,0.11139613389968872,-0.1744236946105957,-0.5986772775650024,-0.012796235270798206,-0.09117086976766586,-0.31011319160461426,0.019800204783678055,-0.029019808396697044,0.34000569581985474,0.0755026787519455,-0.20191843807697296,-0.08857464045286179,0.11215237528085709,-0.49239978194236755,-0.3444688022136688,-0.1747436821460724,-0.14340344071388245,0.048851653933525085,-0.1085333377122879,-0.07113666087388992,-0.08643631637096405,-0.004166313912719488,0.2374180108308792,-0.08051922172307968,-0.07130152732133865,0.006758550647646189,-0.19283731281757355,0.11364033073186874,0.0020855367183685303,0.03584028407931328,0.13673463463783264,-0.09242948144674301,0.028426658362150192,-0.0022838949225842953,0.041325390338897705,0.006954488344490528,-0.09796666353940964,0.010701591148972511,-0.32893913984298706,0.10095436871051788,0.14804771542549133,0.11897208541631699,-0.07069405168294907,-0.8497088551521301,0.08350428193807602,0.1428826004266739,0.27557605504989624,-0.17239788174629211,-0.09527382999658585,0.10469243675470352,0.0714954137802124,-0.1577814817428589,-0.007556510157883167,0.24413351714611053,-0.12212586402893066,-0.008768105879426003,-0.025008946657180786,-0.14753319323062897,0.10188255459070206,-0.44631099700927734,-0.18720336258411407,0.23957911133766174,0.3110281527042389,0.08787622302770615,-0.02063998021185398,-0.06993448734283447,0.07539664208889008,-0.13611266016960144,0.08070187270641327,0.4015350937843323,-0.1949588507413864,0.1591702699661255,-0.06655365228652954,-0.009104048833251,-0.22323763370513916,-0.02980628050863743,0.35292404890060425,-0.03690057247877121,0.013448864221572876,-0.11524591594934464,-0.061907101422548294,-0.10723362863063812,-0.0001371383696096018,-0.14860332012176514,0.2152601182460785,-0.13656747341156006,0.22178153693675995,-0.06368647515773773,-0.09377310425043106,-0.05045623332262039,0.07890157401561737,-0.07516824454069138,0.14023345708847046,0.036363691091537476,-0.05007696896791458,0.09944825619459152,0.29711413383483887,0.21089395880699158,0.09090016037225723,-0.23742294311523438,-0.38968926668167114,-0.015212714672088623,-0.11731244623661041,-0.359459787607193,0.01361006498336792,0.14981713891029358,-0.11437706649303436,0.12928099930286407,-0.250339537858963,0.7907412648200989,0.06502765417098999,-0.27281588315963745,-0.12015721946954727,-0.17568421363830566,-0.11849715560674667,-0.5013635754585266,-0.16417749226093292,-0.0722460150718689,0.14722611010074615,0.3629407286643982,-0.15586234629154205,-0.11146010458469391,2.562701774877496e-05,0.030015159398317337,0.18248942494392395,0.24078965187072754,-0.2010766565799713,0.18031719326972961,-0.12100625038146973,0.08306796848773956,-0.5716512799263,-0.09026894718408585,0.1600254476070404,0.09247486293315887,-0.0023357272148132324,0.04182681813836098,0.03967776149511337
CID000009052,2034,-0.0898396298289299,-0.017967725172638893,-0.0007402956252917647,-0.13861563801765442,0.20390057563781738,0.27426180243492126,0.041601065546274185,0.023006385192275047,-0.22737932205200195,-0.23083512485027313,-0.07958318293094635,-0.3537665605545044,0.08750973641872406,-0.2108461558818817,0.05447540432214737,0.0403129868209362,-0.006442725658416748,0.24430091679096222,0.23704548180103302,0.10594169050455093,0.0015953481197357178,0.09607133269309998,0.04078886657953262,-0.0868612676858902,-0.0422922745347023,-0.056690365076065063,0.0007610783213749528,-0.014342946000397205,-0.08131938427686691,0.19779175519943237,-0.01978515274822712,-0.1061176285147667,-0.1563398689031601,0.008747093379497528,-0.47314852476119995,0.024567848071455956,-0.15146268904209137,-0.26956886053085327,-0.1226191371679306,-0.04935434088110924,0.17019714415073395,0.21450865268707275,-0.11104921996593475,-0.11971545219421387,0.23185031116008759,0.01594325341284275,0.03829998895525932,0.14143088459968567,-0.21204933524131775,-0.164025217294693,-0.3119969964027405,0.023542623966932297,-0.06488247215747833,-0.03140127658843994,0.07940153777599335,-0.030601823702454567,-0.027007680386304855,-0.025464016944169998,0.018438709899783134,-0.059680867940187454,-0.9315524101257324,0.07636608183383942,-0.36015066504478455,0.1991535723209381,-0.01692171022295952,0.11125421524047852,0.025077437981963158,0.3331843316555023,0.016348671168088913,0.12971298396587372,0.008559751324355602,0.0382438525557518,-0.06531324982643127,-0.03045891597867012,0.10910886526107788,-0.010736632160842419,0.0036162615288048983,0.1410738229751587,0.12730424106121063,-0.010696831159293652,-0.13086926937103271,0.07045878469944,-0.2606135904788971,-0.12200461328029633,-0.11985647678375244,0.0034234703052788973,-0.18872566521167755,-0.28335636854171753,0.20288348197937012,-0.04141891002655029,0.08920685946941376,-0.13771334290504456,-0.22569580376148224,0.022493790835142136,-0.4024280607700348,-0.022782618179917336,-0.30395781993865967,0.2749995291233063,0.15095266699790955,-0.3273768424987793,0.21422991156578064,0.17241798341274261,-0.02798023819923401,-0.09570841491222382,-0.14892184734344482,0.10549034178256989,-0.3283231556415558,0.2628071904182434,-0.09362195432186127,0.07264916598796844,0.08786996454000473,0.04411701112985611,0.28498369455337524,-0.04548611491918564,-0.07689481228590012,0.12706127762794495,0.0020610452629625797,-0.057402271777391434,0.15505163371562958,0.0950787216424942,-0.0928565040230751,-0.6452478170394897,-0.2203661948442459,-0.27712011337280273,-0.347836971282959,0.09848795086145401,-0.06165698915719986,0.2687104344367981,0.1762184351682663,-0.015303093008697033,-0.00023670792870689183,-0.008242851123213768,-0.5561023950576782,-0.26662853360176086,0.04469383507966995,-0.14811666309833527,0.10418657213449478,-0.09068036079406738,-0.08659865707159042,0.12256006896495819,-0.06280546635389328,0.054872654378414154,-0.025066565722227097,-0.016357097774744034,-0.01837335154414177,-0.07594195753335953,-0.15893323719501495,0.003162536071613431,-0.06091951206326485,0.07092630863189697,-0.006672736257314682,0.12622776627540588,0.0599699392914772,0.06904825568199158,-0.050490252673625946,0.04489767178893089,-0.2143971472978592,-0.3047756254673004,0.14227792620658875,-0.006299793720245361,0.24428626894950867,-0.03622348979115486,-0.8779815435409546,-0.012161660939455032,0.07956473529338837,0.2268543541431427,-0.09033339470624924,-0.14262518286705017,0.19399864971637726,-0.14421100914478302,0.014562356285750866,-0.04567396640777588,0.2592199444770813,-0.15901561081409454,-0.08086852729320526,0.03155156970024109,-0.05974531173706055,0.10393922030925751,-0.5176481008529663,-0.028314262628555298,0.27155736088752747,0.293936163187027,0.06554548442363739,-0.028067488223314285,-0.04042597487568855,-0.021148482337594032,-0.2397926300764084,0.03638457506895065,0.41861075162887573,-0.022654179483652115,0.08257701247930527,0.048372767865657806,-0.3132363259792328,-0.07088565081357956,-0.17831745743751526,0.20202307403087616,0.0351003035902977,0.08962512016296387,-0.02853117324411869,0.11189279705286026,0.014405342750251293,-0.15589730441570282,-0.07652165740728378,0.20559468865394592,-0.12080685794353485,0.16910389065742493,0.027596494182944298,-0.09987784922122955,-0.030990418046712875,0.1286647766828537,0.04085423797369003,0.13508811593055725,-0.08954550325870514,0.011477252468466759,0.12041209638118744,0.25590676069259644,0.3136557638645172,0.2246776819229126,0.028931116685271263,-0.2830422520637512,0.02005060948431492,-0.08828431367874146,-0.368651807308197,0.04905947297811508,0.29859933257102966,-0.0786551833152771,0.1752152442932129,-0.21846404671669006,0.6153659820556641,0.06549455225467682,-0.10566005855798721,-0.18030227720737457,-0.13490721583366394,-0.08250033110380173,-0.4845423698425293,-0.22226309776306152,-0.1778363138437271,0.11437535285949707,0.18612748384475708,-0.10978992283344269,-0.015503202565014362,-0.0359790213406086,0.07802900671958923,0.1688840240240097,-0.04822557047009468,-0.023622985929250717,0.10878515243530273,-0.17036661505699158,0.011272309347987175,-0.6424605250358582,-0.08589813858270645,-0.007864889688789845,0.2062855213880539,-0.06469246745109558,-0.021662410348653793,-0.044728703796863556
CID000004419,2047,0.014272978529334068,0.1648605912923813,0.06353666633367538,-0.2811836302280426,0.5066410303115845,0.35588154196739197,-0.07386758178472519,0.12277300655841827,-0.3757525086402893,-0.30337128043174744,0.1557110995054245,-0.7579923272132874,-0.03774797171354294,-0.42919284105300903,-0.06303708255290985,0.09896360337734222,0.37474730610847473,-0.20924368500709534,0.020816026255488396,-0.08711336553096771,0.2061709463596344,-0.05047861859202385,0.018770594149827957,0.19406937062740326,0.030734246596693993,-0.18014715611934662,-0.05238854140043259,-0.038428910076618195,-0.03691062703728676,0.48088353872299194,-0.15947803854942322,-0.02806376852095127,0.34656405448913574,-0.013958299532532692,-0.4477134644985199,-0.05257999897003174,-0.33799514174461365,-0.21871426701545715,-0.0880599394440651,0.041279979050159454,0.16324929893016815,0.3441789746284485,-0.26908978819847107,-0.20599865913391113,0.11065492779016495,0.12839078903198242,-0.18710240721702576,0.010330714285373688,0.14801077544689178,-0.04923080652952194,-0.1685653030872345,-0.1310909241437912,-0.19335666298866272,-0.1515834629535675,0.0352109894156456,0.0699603334069252,-0.043292172253131866,-0.04666201025247574,0.507181704044342,0.024766987189650536,-0.7638498544692993,0.21558153629302979,-0.3951154351234436,0.06290589272975922,0.04612055793404579,0.45794862508773804,-0.2933855354785919,-0.011492681689560413,0.061132341623306274,0.06199211999773979,-0.024957221001386642,0.1595999002456665,0.05519729107618332,0.27791523933410645,0.1250089704990387,0.14288228750228882,-0.07484708726406097,0.11912693828344345,0.1738881766796112,-0.19806182384490967,-0.44305047392845154,-0.1399708241224289,-0.0500604622066021,-0.09667892754077911,-0.07245371490716934,-0.06420833617448807,-0.2630874812602997,0.13974253833293915,0.3696938753128052,0.0841914489865303,0.06987873464822769,-0.2433866560459137,0.10752037912607193,-0.05121282488107681,-0.5435649156570435,-0.06450937688350677,-0.09849260002374649,0.4053446352481842,0.05419325828552246,-0.48263317346572876,0.29009905457496643,0.1166510358452797,-0.06922919303178787,0.16725967824459076,-0.25180870294570923,0.11736463010311127,-0.3398194909095764,0.38865894079208374,0.10709526389837265,0.02814043127000332,-0.09212850034236908,0.10697333514690399,0.1689000278711319,-0.1361435353755951,0.22072473168373108,0.11706690490245819,-0.1548696756362915,-0.35806989669799805,0.11058696359395981,0.1064407080411911,-0.1832914650440216,-0.6572200655937195,-0.21498167514801025,-0.11138566583395004,-0.25792184472084045,-0.1606077253818512,0.18135201930999756,0.195359006524086,0.1761351376771927,0.10511498153209686,-0.0937451422214508,0.1972527951002121,-0.5043631792068481,-0.37983086705207825,-0.15597809851169586,-0.22913861274719238,0.10744990408420563,-0.152352973818779,-0.09547915309667587,-0.41721111536026,0.20543745160102844,0.03958161920309067,0.014305097050964832,-0.058398324996232986,0.22134575247764587,-0.12520399689674377,-0.06749948114156723,0.11110995709896088,0.2131669968366623,-0.04393506795167923,0.03113146498799324,-0.22648577392101288,-0.09087331593036652,-0.025284534320235252,0.06338818371295929,0.0009273141622543335,0.0019474237924441695,-0.38759034872055054,-0.0616195984184742,-0.14814472198486328,-0.13035240769386292,0.05130497366189957,-0.7823895812034607,-0.14044032990932465,0.23858638107776642,0.18508508801460266,-0.05523034185171127,0.03148695081472397,-0.047058217227458954,-0.30245503783226013,-0.02265940047800541,0.03964940086007118,0.6708939075469971,-0.10141358524560928,-0.2615993916988373,-0.1730470508337021,0.17713460326194763,0.009075021371245384,-0.4352916181087494,0.251078724861145,0.14174124598503113,0.24846656620502472,0.06320057064294815,0.0839022547006607,0.07621531188488007,0.08602006733417511,-0.12857870757579803,-0.015569138340651989,0.48651546239852905,0.15628781914710999,0.31227296590805054,-0.2725442349910736,-0.0391128733754158,-0.2801310420036316,-0.45264917612075806,0.7839694023132324,-0.02023129351437092,0.06644885241985321,-0.6362297534942627,-0.20639066398143768,0.2079896479845047,-0.37144336104393005,-0.49239277839660645,0.1095159500837326,0.14361995458602905,0.6036866307258606,-0.17875182628631592,-0.30742010474205017,-0.06648208945989609,-0.1507248878479004,0.07483161240816116,0.041267674416303635,-0.05255484580993652,0.14976923167705536,0.09890055656433105,-0.20590345561504364,0.5099367499351501,0.23343579471111298,-0.006491745822131634,-0.16616544127464294,-0.08831743150949478,-0.016690243035554886,-0.4024674892425537,0.17094525694847107,0.1176934614777565,0.2640177309513092,0.1828174889087677,-0.11949813365936279,0.6872630715370178,-0.12000735104084015,-0.08170090615749359,-0.2290993481874466,-0.2366936206817627,0.08287104219198227,-0.4293231964111328,-0.3311057686805725,0.10518020391464233,0.26560938358306885,-0.11675349622964859,0.15402677655220032,-0.24713833630084991,0.07703473418951035,0.016029059886932373,0.08732713758945465,0.2085781991481781,-0.2723451554775238,0.8110777139663696,-0.0009852141374722123,0.06732261180877686,-0.7286581993103027,-0.022284910082817078,0.1124824658036232,0.3133705258369446,0.05957659333944321,-0.0331086739897728,-0.06229131296277046
CID000036811,2082,0.01477939635515213,0.002440518233925104,0.44755277037620544,0.2480994164943695,0.87016761302948,0.5115782618522644,0.3643547296524048,0.17496474087238312,-0.22247309982776642,-0.20109280943870544,0.2869783937931061,-0.29043930768966675,0.1589825302362442,-0.3157406151294708,-0.1436345875263214,0.24281051754951477,0.024604689329862595,0.030181357637047768,-0.2482035905122757,-0.07876336574554443,0.31764450669288635,-0.0788058489561081,-0.01013406552374363,0.21474477648735046,0.08147971332073212,0.13282844424247742,-0.24806499481201172,-0.027686934918165207,-0.04918850213289261,0.36090391874313354,-0.20440396666526794,-0.23135297000408173,0.0015279545914381742,-0.12105734646320343,-0.5126285552978516,0.04149932786822319,-0.31551843881607056,-0.5086369514465332,-0.1845940798521042,-0.049259208142757416,0.21089725196361542,-0.03429108113050461,-0.4170824885368347,-0.2737067937850952,0.07091151922941208,-0.17289917171001434,0.19398844242095947,-0.18118366599082947,-0.15041758120059967,0.06227241829037666,-0.07290829718112946,-0.00018090009689331055,-0.16776680946350098,-0.5104774236679077,0.08558275550603867,-0.11999215185642242,-0.11847923696041107,-0.037077367305755615,0.28606390953063965,-0.024900436401367188,-0.7891173958778381,0.15252408385276794,-0.28390175104141235,0.13843019306659698,-0.1639595329761505,0.16655074059963226,-0.5769233703613281,0.23363260924816132,-0.12441077083349228,-0.17790332436561584,-0.8189345598220825,0.07486964017152786,0.17570075392723083,0.020628679543733597,0.4081173539161682,-0.07715827226638794,-0.033279500901699066,0.33397528529167175,-0.028942730277776718,-0.3647773563861847,-0.3843446671962738,-0.0887233093380928,0.0712018832564354,-0.19829061627388,0.09092627465724945,0.024304106831550598,-0.05852996185421944,0.13045234978199005,0.6675023436546326,0.05252844840288162,0.02454240620136261,-0.23970992863178253,-0.0683857649564743,0.11923110485076904,-0.7092552781105042,-0.11630626767873764,-0.280691921710968,0.4101089537143707,0.19211186468601227,-0.24058207869529724,0.5547434687614441,-0.05811483785510063,0.2516307532787323,0.40133124589920044,-0.032920341938734055,0.00016999096260406077,-0.14069470763206482,0.2265929877758026,0.19694426655769348,0.3666101098060608,-0.4220634400844574,0.2834712862968445,0.615341305732727,-0.1301562488079071,0.38902464509010315,0.17641353607177734,-0.12160877883434296,-0.5278574824333191,0.01378605980426073,-0.3219205439090729,-0.10761580616235733,-0.6774688959121704,0.40311193466186523,-0.5795594453811646,-0.7112458944320679,-0.12292753159999847,-0.07699073851108551,0.40784525871276855,0.1069629043340683,-0.1804552674293518,0.591846227645874,-0.1725378781557083,-0.38006341457366943,-0.37944644689559937,0.1281157284975052,-0.2879349887371063,0.651049017906189,-0.315523624420166,0.0689537525177002,0.1058523878455162,-0.11085466295480728,0.4144200384616852,0.12372882664203644,0.0748138278722763,-0.06992978602647781,-0.050063617527484894,0.2683926522731781,-0.17156744003295898,0.30212005972862244,-0.20621028542518616,-0.19556178152561188,-0.05854959413409233,-0.14061659574508667,0.055196959525346756,-0.0337594673037529,0.12731996178627014,0.25515037775039673,-0.4353399872779846,-0.2380226105451584,0.16701506078243256,0.10721440613269806,0.06312842667102814,-0.788386344909668,0.07029585540294647,0.4705463945865631,0.3512504994869232,-0.3013416826725006,0.10675208270549774,0.33009153604507446,0.09969644248485565,-0.35278433561325073,-0.28048262000083923,0.6017500758171082,0.2941915690898895,0.19174544513225555,-0.19163522124290466,-0.02185702882707119,-0.14134660363197327,-0.26142579317092896,0.006755799055099487,0.16152189671993256,0.09489084035158157,-0.1433468610048294,-0.04244103282690048,-0.024656370282173157,-0.17796292901039124,-0.44334274530410767,0.11311104148626328,0.4767124056816101,0.144221693277359,0.2135840356349945,-0.5085354447364807,0.003263020422309637,-0.13585297763347626,-0.31618985533714294,0.5073937773704529,-0.1365460306406021,-0.05311746522784233,0.005480682943016291,-0.3436843752861023,0.03727911040186882,0.1499316692352295,-0.4420403838157654,-0.03128887340426445,-0.12220485508441925,0.5176724791526794,0.12531188130378723,-0.16532248258590698,-0.11063288152217865,-0.0193858090788126,0.09618102014064789,-0.07945796102285385,-0.1414596140384674,-0.1734527349472046,0.38351598381996155,-0.40637001395225525,0.47868284583091736,0.07808376848697662,0.3148551881313324,-0.23718321323394775,-0.056639306247234344,-0.025922399014234543,-0.6312487721443176,-0.04534450173377991,0.39699655771255493,0.22130830585956573,0.19010667502880096,-0.3650064170360565,0.5424066185951233,-0.1203511506319046,0.28514546155929565,-0.012186693958938122,0.08717832714319229,0.048665910959243774,-0.4244714677333832,-0.23010411858558655,0.15957026183605194,0.1797933280467987,-0.13783487677574158,0.2450449913740158,-0.1839432716369629,0.047748249024152756,-0.09319131076335907,0.33086562156677246,0.038465630263090134,-0.519573986530304,0.32694968581199646,0.28437095880508423,0.07354924827814102,-0.7149553298950195,0.46396535634994507,-0.05402864143252373,0.2546611428260803,0.22966508567333221,0.03993229195475578,-0.12026546150445938
CID000003040,2092,0.3955509662628174,-0.0367758683860302,0.18177853524684906,0.12833726406097412,0.5695024728775024,0.33757859468460083,0.14629806578159332,-0.17802640795707703,-0.3879525065422058,-0.16709457337856293,0.17747141420841217,-0.8200588226318359,-0.061113763600587845,-0.39197465777397156,-0.1389789879322052,-0.01100687775760889,0.09670466184616089,-0.2338240146636963,-0.09286469966173172,0.2755052149295807,0.1361151933670044,0.18398326635360718,-0.020762745290994644,0.048137303441762924,0.14858175814151764,-0.037483952939510345,-0.20121309161186218,-0.020487552508711815,0.21187882125377655,0.3147088587284088,-0.09756433218717575,0.2708410620689392,0.1360093653202057,-0.018330588936805725,-0.7883725762367249,-0.4969329237937927,-0.3194332718849182,-0.21995297074317932,-0.4136189818382263,-0.22158923745155334,-0.3536369800567627,0.41956621408462524,-0.15596966445446014,0.4153042733669281,0.3459029793739319,0.4468711018562317,0.16226068139076233,0.07420198619365692,0.008105183951556683,-0.16248294711112976,-0.6930514574050903,-0.0406750850379467,-0.11149932444095612,-0.3891843259334564,0.2509664297103882,0.10496406257152557,-0.029078062623739243,-0.22655101120471954,1.1059539318084717,-0.32218843698501587,-0.9685341119766235,0.30074793100357056,-0.3863825500011444,0.2635140120983124,-0.2642153799533844,-0.5726709961891174,-0.31482747197151184,0.29366162419319153,-0.3152100741863251,0.1308964192867279,-0.6221681237220764,-0.13243643939495087,-0.08543135225772858,-0.1346338540315628,0.8351602554321289,0.30186396837234497,0.19878511130809784,0.17161066830158234,-0.12383024394512177,-0.3598194718360901,-0.47718191146850586,-0.056894563138484955,0.06378654390573502,-0.1719607710838318,0.05930883809924126,0.10619574785232544,0.024079810827970505,-0.19416722655296326,0.2992043197154999,-0.15731558203697205,-0.11969967931509018,-0.24766096472740173,0.12246161699295044,0.0730004757642746,-0.5629907846450806,-0.03813362121582031,-0.25767213106155396,-0.03319995850324631,-0.10578367859125137,-0.1888885796070099,0.08283907175064087,-0.20345363020896912,-0.23149769008159637,0.8869068026542664,0.029896890744566917,0.050575077533721924,-0.578734278678894,0.37284761667251587,0.2899027466773987,0.2601782977581024,0.19072780013084412,0.06006856635212898,-0.03743956238031387,0.14738495647907257,0.32947176694869995,-0.043941885232925415,-0.30265554785728455,-0.36662757396698,0.4302377700805664,-0.01846822164952755,0.11699698865413666,-0.8504160046577454,-0.46647319197654724,-0.13215523958206177,-0.12994515895843506,0.08659159392118454,-0.23876814544200897,0.21020381152629852,-0.1200905591249466,-0.14574947953224182,0.12570412456989288,-0.08540626615285873,-0.5929097533226013,-0.4410626292228699,-0.07856114208698273,0.09575054794549942,0.2574942409992218,-0.4689249098300934,-0.008516928181052208,-0.34819498658180237,0.14678630232810974,0.11085669696331024,0.22280068695545197,0.20477044582366943,0.3044786751270294,-0.17435917258262634,0.07153245061635971,0.26015350222587585,-0.05020701885223389,0.12819845974445343,-0.13345864415168762,-0.14947767555713654,-0.0988205224275589,0.1063840240240097,-0.23844340443611145,-0.2114619016647339,-0.09363491833209991,-0.31280517578125,0.014561669901013374,0.14622372388839722,0.17139311134815216,0.11130547523498535,-0.9539840817451477,0.5030637383460999,0.6984738111495972,0.08212025463581085,-0.35029131174087524,0.17709609866142273,-0.16966024041175842,-0.4573684632778168,-0.013325357809662819,-0.7054586410522461,0.6704530715942383,-0.1822163611650467,0.07557090371847153,0.17658273875713348,-0.0056383549235761166,0.30583277344703674,-0.4516662657260895,0.27448195219039917,0.4065236449241638,0.04091927409172058,0.34032613039016724,-0.057088255882263184,-0.0015276968479156494,-0.3586563467979431,0.022744979709386826,0.04078320786356926,0.5515689849853516,0.03751436993479729,0.33398133516311646,-0.6569902896881104,-0.22545941174030304,0.4119586944580078,-0.22524404525756836,0.47425827383995056,-0.35262739658355713,0.16048762202262878,-0.17548681795597076,0.17340628802776337,-0.22245530784130096,-0.1143408790230751,-0.277845174074173,0.3332667350769043,-0.0028165876865386963,0.41566067934036255,-0.08403781801462173,-0.43472856283187866,-0.2573336660861969,-0.21732807159423828,0.33725401759147644,0.15537655353546143,-0.17179706692695618,-0.03427840396761894,0.5428100228309631,0.12782759964466095,0.9596366882324219,-0.03368489444255829,-0.10660634934902191,-0.0889803022146225,-0.12954261898994446,0.024895668029785156,-0.8615974187850952,-0.06727132201194763,0.08300173282623291,-0.3053978383541107,-0.07076866924762726,-0.22400622069835663,1.1874217987060547,-0.28712543845176697,-0.3216933608055115,0.24473170936107635,0.06199810653924942,-0.002859610365703702,-0.6327856779098511,-0.29009631276130676,0.17968419194221497,0.10754185914993286,0.09360566735267639,0.17037442326545715,-1.4052417278289795,-0.02614622749388218,-0.16263945400714874,-0.08605849742889404,0.29733389616012573,-0.4386398196220398,0.30842289328575134,-0.0152377188205719,0.14563722908496857,-1.0602751970291138,-0.3284608721733093,0.4302240312099457,0.3102151155471802,-0.15101228654384613,-0.06879514455795288,0.060125209391117096
CID000003372,2108,-0.15349489450454712,-0.1317467987537384,0.16632050275802612,-0.25588637590408325,0.27679580450057983,0.3144395053386688,-0.11130185425281525,0.06939543783664703,-0.3329218327999115,-0.1990964263677597,0.001711726188659668,-0.3739481270313263,-0.0624050609767437,-0.30222946405410767,0.1483096033334732,0.13602828979492188,-0.08643278479576111,0.03539341688156128,0.14796718955039978,0.02777194418013096,0.1820264756679535,-0.00504413852468133,0.039683274924755096,0.1810178905725479,0.15368691086769104,0.10405943542718887,-0.30775541067123413,-0.04420918971300125,-0.3177544176578522,0.39169496297836304,-0.1135425791144371,-0.10578324645757675,0.012651202268898487,0.034805335104465485,-0.3766006827354431,0.1650000810623169,-0.3603696823120117,-0.28487399220466614,-0.13976265490055084,0.07413748651742935,-0.03065761923789978,0.038381773978471756,-0.1917036473751068,-0.10590235888957977,0.07138936221599579,0.18850092589855194,-0.019368398934602737,0.0873623639345169,-0.09027811139822006,-0.06858321279287338,-0.09833920001983643,0.09321267157793045,-0.03400697559118271,-0.10117453336715698,0.028500383719801903,0.0005346953985281289,-0.06959347426891327,-0.03061359003186226,0.14693975448608398,-0.07708673179149628,-0.8577307462692261,-0.11152367293834686,-0.396368145942688,0.32772496342658997,0.06745050847530365,0.239644855260849,0.012360555119812489,0.0548408143222332,-0.001872116350568831,0.06024813652038574,0.07105916738510132,-0.06935403496026993,-0.13404305279254913,-0.36808091402053833,0.0571930892765522,0.08271279186010361,-0.11583475023508072,0.18016332387924194,0.25238388776779175,0.08270345628261566,-0.4960429072380066,-0.2311256378889084,-0.12371482700109482,-0.16296716034412384,-0.008649921044707298,-0.1179114431142807,-0.3114372193813324,-0.2711126208305359,0.36205345392227173,0.05722885578870773,-0.13435404002666473,-0.16617164015769958,-0.09697891771793365,-0.02711426094174385,-0.3724440932273865,-0.00788087211549282,-0.2762536406517029,0.4841316342353821,0.16925287246704102,-0.4008757174015045,0.29794082045555115,0.21098072826862335,-0.10587241500616074,-0.08512143045663834,-0.17899426817893982,-0.039938945323228836,-0.45274561643600464,0.4595220983028412,-0.18803903460502625,-0.005506336688995361,-0.14836645126342773,-0.01969256065785885,0.3136410713195801,0.09476376324892044,-0.06111247465014458,0.11637310683727264,-0.27151021361351013,-0.07711219787597656,0.5478404760360718,-0.015904154628515244,-0.19916526973247528,-0.5426479578018188,0.18973100185394287,-0.3039587140083313,-0.23278550803661346,0.02188551425933838,-0.07544455677270889,0.2780601382255554,0.03520979732275009,-0.022924993187189102,0.16670803725719452,0.212278813123703,-0.5278409719467163,-0.31240224838256836,-0.1427108496427536,-0.2577139139175415,0.05046985298395157,0.04134393110871315,-0.10559768974781036,-0.046118639409542084,0.05545179918408394,0.0757780522108078,-0.10979513078927994,0.024847527965903282,0.014366966672241688,-0.002642464591190219,-0.11841192096471786,-0.008677738718688488,0.19557538628578186,0.045832425355911255,0.036927230656147,-0.08700253069400787,-0.1523081511259079,-0.07644711434841156,-0.04194151610136032,0.06939786672592163,0.04144296422600746,-0.4002315402030945,0.016648631542921066,0.20180925726890564,0.13347384333610535,-0.07260741293430328,-0.7461652755737305,-0.11271719634532928,0.07783454656600952,0.1928291767835617,-0.19708973169326782,-0.039117079228162766,0.04696769639849663,-0.08220402896404266,-0.2446654736995697,-0.11940748989582062,0.46513766050338745,-0.3167014718055725,-0.11122171580791473,-0.06186112016439438,-0.06353870779275894,0.09242945164442062,-0.42310699820518494,-0.07666266709566116,0.17144323885440826,0.24820458889007568,0.01845414564013481,0.020295221358537674,-0.0368051752448082,0.002876031445339322,-0.32322895526885986,-0.06928788870573044,0.2696529030799866,-0.09279783070087433,0.08040545880794525,-0.05957331508398056,0.0076694609597325325,-0.22574357688426971,-0.47341400384902954,0.47316139936447144,0.11149102449417114,-0.0843924954533577,-0.6110184192657471,0.02431972697377205,-0.0838073343038559,0.19417884945869446,-0.359409898519516,0.20522625744342804,-0.14495471119880676,0.5411820411682129,-0.12790356576442719,-0.19525626301765442,0.09979160130023956,-0.13391706347465515,0.17389732599258423,0.08011592924594879,-0.12354199588298798,0.13512524962425232,0.1827116459608078,0.20067031681537628,0.31980007886886597,0.187435120344162,-0.17900854349136353,-0.24996590614318848,0.02244851365685463,-0.09545933455228806,-0.4597974717617035,0.05373722314834595,0.09757723659276962,0.031319718807935715,0.31366923451423645,-0.13558152318000793,0.5844727754592896,-0.02006969414651394,-0.21825261414051056,-0.2769905924797058,-0.12769930064678192,-0.10332657396793365,-0.47773298621177673,-0.38307350873947144,-0.1126042827963829,0.29947081208229065,0.012499718926846981,-0.1422732174396515,-0.2926165461540222,-0.04357496649026871,0.19552123546600342,0.15563109517097473,0.024757107719779015,-0.32345670461654663,-0.015632495284080505,-0.05572465807199478,0.0915277749300003,-0.608583927154541,0.2051791250705719,-0.052908577024936676,0.17755934596061707,-0.02405235730111599,-0.004791385494172573,-0.048016585409641266
CID000002283,2135,0.02401048317551613,0.07498623430728912,0.1468747854232788,-0.0950084924697876,0.1474885642528534,0.19669438898563385,0.16981084644794464,0.1702694594860077,-0.21516534686088562,-0.38315504789352417,0.03918498009443283,-0.7948281764984131,0.29460054636001587,-0.3533655107021332,-0.0577564612030983,0.13334757089614868,0.10982271283864975,-0.09313169121742249,0.23120227456092834,-0.1827487051486969,0.20713476836681366,-0.0022913396824151278,0.0689133033156395,-0.16300077736377716,0.1603817343711853,0.11457157135009766,-0.03858209773898125,-0.051965512335300446,0.004761201329529285,0.5646781921386719,-0.21825489401817322,0.0849350169301033,0.3310477137565613,0.15386764705181122,-0.5039486289024353,-0.10132715851068497,-0.08202572911977768,-0.3635185658931732,-0.37168192863464355,-0.02751334384083748,-0.0877726748585701,-0.19152435660362244,-0.4292517602443695,0.129142165184021,0.8866594433784485,-0.13246896862983704,0.0787619799375534,-0.11178004741668701,-0.07561282068490982,-0.04900776594877243,-0.6337500214576721,0.001812645816244185,-0.1461237370967865,0.0071898759342730045,0.1716800183057785,0.019057977944612503,0.01382377464324236,0.363838255405426,0.4675309658050537,-0.28009161353111267,-0.6852872967720032,0.3510461151599884,-0.43105024099349976,-0.26569247245788574,-0.06881769001483917,0.3169006407260895,-0.045051220804452896,0.29108691215515137,0.06477830559015274,0.09582241624593735,-0.1050238162279129,0.2352076768875122,0.03867292404174805,-0.153215229511261,0.3704777657985687,0.22659316658973694,-0.15827733278274536,0.6601035594940186,0.12213137000799179,-0.016202136874198914,-0.13855555653572083,0.25550156831741333,0.1665445864200592,-0.2291831076145172,-0.018821243196725845,0.03553443029522896,-0.0897308737039566,0.06479348242282867,0.48859795928001404,-0.017777979373931885,0.1458696871995926,-0.29068368673324585,0.03629174828529358,0.22819633781909943,-0.6652418375015259,-0.2463882863521576,0.0384819321334362,0.03449568152427673,0.01745649054646492,-0.4074280261993408,0.37649059295654297,-0.09459283202886581,-0.01792631484568119,0.153903529047966,-0.38359004259109497,0.008732380345463753,-0.5525771379470825,0.3878525197505951,0.4012872278690338,-0.04404431954026222,0.027996528893709183,0.019513845443725586,0.3960442841053009,0.14008215069770813,0.18769288063049316,-0.44794201850891113,0.046820007264614105,-0.773886501789093,0.4536992013454437,-0.05827564001083374,0.07187528908252716,-0.6947011947631836,-0.1260714828968048,-0.11728958040475845,-0.5068352818489075,0.07178149372339249,0.22878392040729523,0.37462183833122253,0.03769228979945183,0.03410028666257858,0.048415105789899826,0.05877510458230972,-0.6589613556861877,-0.34969180822372437,-0.09180405735969543,-0.14460326731204987,0.2547209858894348,-0.4548352360725403,-0.09257002919912338,-0.35182899236679077,-0.18912570178508759,-0.13609768450260162,0.052834831178188324,0.10339369624853134,-0.18037675321102142,-0.16874031722545624,-0.0744163766503334,-0.24790577590465546,0.2877689003944397,-0.00602682214230299,0.00815196055918932,0.11122055351734161,-0.1616199016571045,-0.14842264354228973,0.012464785948395729,-0.00894993543624878,0.12249185889959335,-0.5302241444587708,-0.10828135907649994,-0.21583297848701477,-0.12089051306247711,0.21588563919067383,-1.001185417175293,-0.022023405879735947,0.6846279501914978,0.17970626056194305,-0.42694491147994995,0.0039018511306494474,-0.075890451669693,0.11233633756637573,-0.34272879362106323,-0.2234504669904709,0.3171691596508026,-0.042730383574962616,0.01990498974919319,-0.19040901958942413,-0.2352931797504425,-0.017039533704519272,-0.570488452911377,0.08364774286746979,0.36945003271102905,0.20939555764198303,0.09215895086526871,0.1426936835050583,-0.04419759660959244,-0.24521808326244354,-0.19102346897125244,0.1733735203742981,0.7586413621902466,0.28184765577316284,0.23207268118858337,-1.0695286989212036,-0.13261662423610687,-0.29456987977027893,-0.30243515968322754,0.25984638929367065,-0.08980004489421844,0.009819930419325829,-0.5728992223739624,-0.20448097586631775,0.08529911935329437,0.02410290762782097,-0.3087898790836334,-0.09396085888147354,-0.030708005651831627,0.09364347904920578,-0.1720573455095291,-0.06644617766141891,-0.6363078355789185,0.24242925643920898,0.26762500405311584,0.04643256589770317,0.09277787059545517,0.025998588651418686,-0.12661489844322205,0.011234110221266747,0.6034029722213745,-0.0032084346748888493,0.2213403731584549,-0.04708828777074814,-0.16782411932945251,-0.05612080171704292,-0.6156752109527588,0.018587937578558922,0.08986113965511322,-0.212311789393425,0.1405794322490692,-0.12040617316961288,0.7756919264793396,-0.005626034922897816,-0.09207932651042938,0.016426024958491325,-0.3195893466472626,0.023411186411976814,-0.4498538374900818,-0.29019075632095337,0.3382350504398346,0.4010452628135681,0.1977577954530716,-0.0507473424077034,-0.5639787912368774,-0.049239858984947205,-0.059873927384614944,-0.2396022379398346,0.18147584795951843,-0.39332547783851624,0.09760791063308716,0.2449398934841156,0.4099576473236084,-0.8761123418807983,0.05568958446383476,0.20366497337818146,0.10716483741998672,-0.02102256752550602,-0.03766165301203728,-0.2797561287879944
CID000123606,2210,-0.0932345986366272,-0.09144947677850723,0.2537783980369568,-0.06192229315638542,0.20672397315502167,0.34022602438926697,-0.04813804104924202,-0.33128732442855835,-0.7780948877334595,-0.3308244049549103,0.0582544207572937,-0.48271068930625916,-0.16004976630210876,-0.3947431445121765,0.27857571840286255,0.16466760635375977,0.08458343893289566,0.15251705050468445,-0.24668698012828827,-0.15145152807235718,0.041480183601379395,0.059306491166353226,-0.08592519909143448,0.09633176028728485,-0.37463346123695374,0.08834069967269897,0.10517603158950806,0.024060841649770737,-0.2158544808626175,0.21025148034095764,-0.05017807334661484,0.0794239491224289,-0.012792090885341167,0.1493544578552246,-0.24315452575683594,0.0979384183883667,-0.5435519814491272,-0.2860310673713684,-0.10826919972896576,-0.11265561729669571,0.29765018820762634,0.42190083861351013,-0.28211742639541626,-0.6429710388183594,0.4460816979408264,0.05529860407114029,-0.06255747377872467,0.1279401183128357,-0.1521911919116974,-0.20041969418525696,-0.521391749382019,0.18214137852191925,-0.387718141078949,-0.002690586494281888,0.3727176785469055,-0.2528289258480072,0.11062188446521759,0.09230370819568634,0.5413151383399963,0.36598700284957886,-0.8386392593383789,-0.05799387767910957,-0.018614983186125755,0.8223587870597839,0.1628541201353073,0.3678394854068756,0.11486561596393585,0.10533201694488525,-0.0250796340405941,-0.15425004065036774,-0.11647427082061768,-0.047965407371520996,0.010005074553191662,0.04475068673491478,0.37553057074546814,0.09629468619823456,-0.20189805328845978,0.6949294209480286,-0.09773425757884979,-0.15481048822402954,-0.17683693766593933,0.04290841892361641,-0.2217141091823578,-0.08631613105535507,0.010233668610453606,0.047365762293338776,-0.21514201164245605,-0.07524899393320084,0.7430219054222107,0.10478925704956055,-0.342511922121048,-0.10978932678699493,0.027384603396058083,0.04100184887647629,-0.624180257320404,-0.08078442513942719,-0.37283504009246826,0.725724995136261,0.3530411124229431,-0.34618526697158813,0.7310726642608643,0.12884649634361267,0.03926458582282066,-0.13994100689888,-0.0321010947227478,0.1859683245420456,-0.20387892425060272,0.42839670181274414,-0.08763813972473145,-0.04222875088453293,-0.054184265434741974,0.18138614296913147,0.6117140650749207,0.1305258721113205,0.20330822467803955,0.05249937251210213,0.06100992113351822,0.08136755228042603,0.6109803915023804,0.23587250709533691,0.2034396231174469,-0.6273060441017151,0.1909959763288498,0.0350797176361084,-0.4675471782684326,-0.0467698872089386,0.05096622556447983,0.1264266073703766,0.13785305619239807,0.07464657723903656,0.17330093681812286,0.046209778636693954,-0.6600915789604187,-0.2802615463733673,-0.1916743516921997,0.2349027842283249,-0.13487978279590607,-0.25980067253112793,0.06590881198644638,-0.002115190029144287,0.17083832621574402,-0.08424423635005951,-0.19676026701927185,0.12899653613567352,0.2268136739730835,0.06652195751667023,0.2517325282096863,0.02465524710714817,-0.06481365114450455,0.012838507071137428,-0.06002514436841011,-0.2420237958431244,0.3319084942340851,-0.005017129238694906,-0.004366166889667511,-0.031703997403383255,0.08267903327941895,-0.2707905173301697,-0.09740051627159119,0.2337946891784668,0.15525028109550476,-0.050186146050691605,-0.9754976034164429,-0.2703762352466583,0.13290829956531525,0.12661795318126678,-0.3552899956703186,0.42204657196998596,0.3596614599227905,-0.22952190041542053,-0.2930562198162079,0.16043196618556976,0.3850674033164978,-0.050763942301273346,0.04802384227514267,-0.0029301741160452366,-0.0047538490034639835,0.3983437418937683,-0.4678475856781006,-0.17330239713191986,0.2760120630264282,0.1925705522298813,0.4781560003757477,-0.23603835701942444,-0.11636586487293243,-0.19420388340950012,-0.20578834414482117,-0.49799853563308716,0.38038742542266846,0.04101269692182541,-0.1867707371711731,0.03877588361501694,0.2045862376689911,-0.45470157265663147,-0.4872497022151947,0.5812435150146484,-0.0642702654004097,-0.4490368962287903,-0.6735583543777466,-0.021188456565141678,0.07882029563188553,0.034841325134038925,-0.12017624080181122,-0.0010288804769515991,0.014951911754906178,0.012198450975120068,0.3271175026893616,0.0478561706840992,-0.7759612798690796,0.04635431617498398,0.09232835471630096,-0.11987785995006561,-0.0017278253799304366,-0.09066681563854218,0.013918225653469563,0.021219681948423386,0.4323671758174896,0.11178678274154663,-0.42052850127220154,0.013488988392055035,-0.009731149300932884,0.04608982056379318,-0.503410816192627,0.07436447590589523,0.4310656189918518,0.445610910654068,0.40210819244384766,0.012476764619350433,0.46826329827308655,0.09210378676652908,-0.040782630443573,-0.2833273112773895,0.14285777509212494,-0.11818920075893402,-0.345512330532074,-0.32316747307777405,-0.04043347388505936,0.31633642315864563,0.083488330245018,0.03430593013763428,-0.02969479188323021,-0.09162820875644684,0.033751148730516434,0.1955258995294571,0.006126960273832083,-1.1829450130462646,0.06512249261140823,-0.19989103078842163,0.013026195578277111,-0.8590253591537476,0.25663337111473083,0.44968923926353455,0.14076761901378632,0.2890547513961792,0.1133468896150589,0.029522722586989403
CID005281007,2236,-0.07364918291568756,-0.08740468323230743,-0.2094394862651825,-0.16816702485084534,0.5174064040184021,0.12373615801334381,-0.10941002517938614,-0.015757383778691292,-0.1129957064986229,-0.03199651092290878,0.13492301106452942,-0.47485607862472534,-0.0405825637280941,-0.1264401227235794,0.12957963347434998,-0.11369538307189941,0.0621982105076313,-0.06870290637016296,0.051965780556201935,0.022429149597883224,0.04727153480052948,-0.011138180270791054,0.11564347892999649,0.23990973830223083,0.01741008274257183,-0.00831186305731535,-0.02360120415687561,-0.008752396330237389,-0.003517060074955225,0.2418685406446457,-0.00949084758758545,-0.35431769490242004,-0.10835208743810654,-0.026536237448453903,-0.6312070488929749,0.06346584856510162,-0.19486799836158752,-0.21018555760383606,-0.0901871770620346,-0.03372550755739212,0.031011516228318214,-0.21462030708789825,0.026233011856675148,-0.16862040758132935,0.12486477196216583,0.026252686977386475,0.11085005104541779,0.15788069367408752,-0.0850144624710083,-0.09636682271957397,-0.09159843623638153,-0.05846027657389641,0.01984269730746746,-0.17918093502521515,0.16373001039028168,-0.04618325084447861,-0.1820187121629715,0.07844354212284088,0.26649269461631775,0.14451344311237335,-0.878279983997345,0.16341903805732727,-0.204576775431633,0.2662537693977356,0.1699952483177185,0.15653303265571594,-0.08614315092563629,0.25183624029159546,-0.1483277827501297,0.05534061789512634,-0.05109866335988045,0.16507840156555176,-0.038938358426094055,-0.2025296986103058,0.15565259754657745,0.009060084819793701,-0.062118470668792725,0.05085279420018196,0.12442646920681,-0.22396795451641083,-0.20345091819763184,0.0059800706803798676,-0.11910126358270645,-0.06357340514659882,-0.15558210015296936,0.05808546021580696,-0.08552540838718414,-0.018273767083883286,0.3854683041572571,-0.11090966314077377,0.02886151149868965,0.06846056133508682,0.017529398202896118,0.02289484441280365,-0.4617854654788971,-0.035711001604795456,-0.14353835582733154,0.2999287247657776,-0.00911037903279066,-0.11415185779333115,0.2259370982646942,0.2393096685409546,-0.2859438955783844,0.12336727231740952,-0.0412987545132637,0.13676252961158752,-0.6375309824943542,0.14855441451072693,-0.052972227334976196,0.06614700704813004,0.06928472220897675,0.11672501266002655,0.09676160663366318,0.13101842999458313,-0.017568189650774002,0.07682016491889954,-0.03425092250108719,-0.18401950597763062,0.01765638031065464,0.1517067849636078,-0.3295736610889435,-0.6845672726631165,0.1863880455493927,-0.011603698134422302,-0.35077130794525146,-0.031323619186878204,0.013361349701881409,0.28699326515197754,-0.038401201367378235,-0.028694694861769676,-0.3527677655220032,0.16343463957309723,-0.38975900411605835,-0.2590174376964569,-0.13308951258659363,-0.1671011596918106,0.2413444072008133,-0.0767483189702034,-0.1136937290430069,0.006512248422950506,0.004749333951622248,0.22167208790779114,-0.3460826277732849,-0.06906885653734207,0.1116088479757309,-0.28828755021095276,0.11099714040756226,0.08681876957416534,0.1491846740245819,-0.05884821340441704,-0.0807173103094101,-0.1555238515138626,0.04416249319911003,-0.0024827427696436644,0.08985362946987152,-0.04156794026494026,-0.056195925921201706,-0.24895867705345154,0.02021540328860283,0.09577695280313492,0.13526871800422668,0.0541720986366272,-0.9927177429199219,0.059192560613155365,0.22533361613750458,0.2440972775220871,-0.0697530061006546,-0.16509047150611877,0.039898473769426346,0.07987575232982635,-0.005994302220642567,-0.010146301239728928,0.24420423805713654,-0.05022500827908516,0.03774688392877579,0.143673375248909,0.09305902570486069,0.07343141734600067,-0.48858433961868286,-0.043549586087465286,0.2876720428466797,0.16306579113006592,-0.016828540712594986,0.027081232517957687,-0.15613090991973877,-0.09561304748058319,-0.020172925665974617,-0.13486070930957794,0.5922686457633972,0.022029655054211617,0.21471884846687317,-0.17731469869613647,-0.08228617161512375,-0.06335214525461197,-0.11818347871303558,0.42631953954696655,-0.11536264419555664,-0.01868385262787342,-0.08305924385786057,-0.29985010623931885,-0.13484232127666473,-0.13606387376785278,-0.10560242831707001,0.2559657692909241,-0.3197483420372009,0.20998156070709229,0.14347310364246368,-0.03032514452934265,-0.07481100410223007,0.011800138279795647,0.13518500328063965,0.08209393918514252,0.011008559726178646,-0.14075155556201935,0.2631736397743225,0.020876597613096237,0.4025976061820984,-0.04467563331127167,-0.07097773998975754,-0.41510170698165894,-0.06446468830108643,-0.08721216022968292,-0.49152737855911255,0.04391491413116455,0.32506802678108215,-0.14449501037597656,0.14123313128948212,-0.31151214241981506,0.8310075998306274,0.10324282944202423,-0.23867282271385193,-0.07469534873962402,-0.024129170924425125,-0.1515154093503952,-0.6320580244064331,-0.20509596168994904,-0.13194721937179565,0.16374936699867249,0.00925169326364994,-0.07573486119508743,-0.12825660407543182,-0.04896657168865204,0.10272028297185898,0.11839120090007782,0.05506236106157303,-0.11580264568328857,0.1917441189289093,-0.10694662481546402,-0.15754170715808868,-0.6784793138504028,0.0957498699426651,0.05384942144155502,0.21403637528419495,-0.11523307859897614,-0.0050162761472165585,0.13425220549106598
CID000150610,2245,-0.023217204958200455,0.192834734916687,-0.07999243587255478,0.19616210460662842,0.38090866804122925,0.3473730683326721,0.17545652389526367,-0.21025356650352478,-0.23733873665332794,-0.05575656145811081,-0.0990336537361145,-0.611545205116272,0.18168985843658447,-0.0862811952829361,-0.2708946466445923,-0.14849522709846497,0.09084025770425797,-0.23216888308525085,0.21178659796714783,0.03179909661412239,0.21027660369873047,-0.23028969764709473,-0.25931718945503235,-0.07802297919988632,-0.129847913980484,-0.10911677032709122,0.13124588131904602,0.07740413397550583,-0.03631579875946045,0.40993767976760864,-0.2353222370147705,0.4079625606536865,0.14692597091197968,0.06107938289642334,-0.7381394505500793,-0.006400668527930975,-0.19595558941364288,-0.2325698584318161,-0.19782891869544983,-0.08613242208957672,0.023042386397719383,0.12483163923025131,-0.3060530126094818,0.15613965690135956,0.31459182500839233,0.030111869797110558,-0.04849739745259285,-0.027511203661561012,0.003941762261092663,-0.3363134264945984,-0.7506628036499023,0.025703053921461105,-0.33032482862472534,-0.45419907569885254,0.14400403201580048,-0.001120924949645996,0.017221873626112938,-0.2558043301105499,0.44649893045425415,0.032915420830249786,-0.9615809321403503,0.1319599449634552,-0.2538493573665619,0.12463875114917755,-0.22525927424430847,-0.019000321626663208,-0.16857363283634186,0.4730611741542816,0.029503822326660156,-0.04893384501338005,-0.3212835490703583,-0.11878415197134018,-0.20386703312397003,0.12998369336128235,0.2911699414253235,0.2774922847747803,0.16748091578483582,0.2583809494972229,-0.09900839626789093,-0.005147981457412243,-0.15886442363262177,-0.2304159700870514,-0.037703413516283035,-0.007988637313246727,-0.10659284889698029,-0.030642688274383545,-0.28863078355789185,-0.009062433615326881,0.3970600962638855,-0.02094104327261448,-0.04242006316781044,-0.09329718351364136,-0.0905354842543602,-0.1520184874534607,-0.5642815232276917,-0.022349143400788307,-0.2229251116514206,0.18065103888511658,0.20526865124702454,-0.13771091401576996,0.264843612909317,0.24294081330299377,-0.16223372519016266,0.3314601480960846,-0.17122267186641693,-0.18809375166893005,-0.373994380235672,0.20288512110710144,0.09725801646709442,0.21758723258972168,0.08972889184951782,0.06255795061588287,0.14306320250034332,0.1391349732875824,0.3008871078491211,0.12429440021514893,0.04923215135931969,-0.510296642780304,-0.0042321025393903255,-0.048548050224781036,0.21157725155353546,-0.9435440897941589,-0.2685844898223877,-0.16121210157871246,-0.367539644241333,0.16076955199241638,0.19907571375370026,0.25005584955215454,0.1476799100637436,0.27521395683288574,-0.09155674278736115,-0.2321987897157669,-0.5776447057723999,-0.35083356499671936,0.19076456129550934,0.03668307140469551,0.34320059418678284,-0.3133499026298523,-0.1502261459827423,-0.20896562933921814,-0.18446210026741028,0.15820850431919098,0.2427223175764084,0.05078062415122986,-0.17689654231071472,-0.14832918345928192,-0.18562474846839905,0.07795079052448273,0.19602909684181213,-0.1523459255695343,0.02862270176410675,0.16060012578964233,-0.07606018334627151,0.22241878509521484,0.043197859078645706,-0.04685300588607788,-0.0982566624879837,-0.49398669600486755,-0.18112783133983612,0.1449357271194458,0.009052207693457603,-0.12044830620288849,-0.9822797775268555,0.05525488778948784,0.611209511756897,0.1655726432800293,-0.13304808735847473,0.09671137481927872,0.05661676451563835,0.06604541838169098,-0.1801619827747345,-0.27845826745033264,0.3733489513397217,-0.03340115025639534,-0.1800343245267868,-0.04883845895528793,0.10352180153131485,0.08872082084417343,-0.3604122996330261,0.032779760658741,0.4486926198005676,0.15766368806362152,0.042277611792087555,-0.1386646032333374,0.06168707460165024,-0.13307443261146545,-0.22259609401226044,-0.037002284079790115,0.7260254621505737,-0.04124762862920761,0.09450466930866241,-0.3545929491519928,-0.11044025421142578,0.048880260437726974,-0.05482592433691025,0.22647158801555634,-0.01002257876098156,-0.2231942117214203,-0.2534410357475281,0.05713003873825073,-0.01032604556530714,-0.15553197264671326,-0.3119683861732483,0.14094272255897522,-0.1041722521185875,0.10024438798427582,0.10540063679218292,-0.25125348567962646,-0.19923268258571625,-0.34968170523643494,0.13545504212379456,-0.09744872897863388,-0.12076928466558456,0.020929252728819847,0.3990620970726013,-0.07064313441514969,0.5646752119064331,-0.006569313816726208,0.06999636441469193,0.07806117832660675,0.03841237351298332,-0.2581368386745453,-0.5284408330917358,-0.11847436428070068,0.3596765995025635,-0.054322194308042526,0.13923676311969757,-0.39002424478530884,0.9717947244644165,0.30088141560554504,-0.05078040808439255,-0.10953718423843384,-0.016450028866529465,0.21299263834953308,-0.4469143748283386,-0.1769094169139862,-0.09033586084842682,-0.03370620682835579,0.2904297709465027,0.1418333351612091,-0.29496467113494873,-0.1523732841014862,0.0012815833324566483,0.0945093184709549,-0.032746970653533936,-0.10150738805532455,0.13918673992156982,0.05419106036424637,0.22756557166576385,-1.0063551664352417,-0.2009524405002594,0.43812376260757446,0.25329747796058655,0.0693965032696724,0.05698322132229805,0.05106576532125473
CID000003291,2279,-0.09742231667041779,-0.0953260064125061,-0.11236806958913803,-0.10688017308712006,0.19053047895431519,0.374294251203537,-0.20337024331092834,-0.13948266208171844,-0.1728750765323639,-0.06073474884033203,0.08041508495807648,-0.27917051315307617,0.25668811798095703,-0.17244505882263184,-0.2753656804561615,-0.19158340990543365,-0.1333695948123932,0.28671592473983765,-0.010046559385955334,-0.21620778739452362,-0.3593676686286926,0.1479380875825882,0.05435962602496147,0.0645202174782753,0.07374252378940582,-0.17866818606853485,0.08469422161579132,-0.17436619102954865,0.11241564899682999,0.43841037154197693,0.04721631482243538,-0.013331523165106773,0.08695675432682037,-0.008412415161728859,-0.45943617820739746,0.11401598155498505,-0.09916780889034271,-0.35185348987579346,-0.09928370267152786,-0.24118594825267792,0.2217329442501068,0.2851473093032837,-0.24220891296863556,-0.24532505869865417,0.43334707617759705,-0.037975531071424484,0.13650424778461456,0.10454793274402618,-0.008899599313735962,-0.020605474710464478,-0.50383061170578,0.2646525800228119,0.03144069388508797,0.0736902728676796,0.08166082203388214,-0.17841596901416779,-0.07262624055147171,-0.16597378253936768,-0.007584939710795879,0.14013409614562988,-0.8673736453056335,-0.21487808227539062,-0.28388771414756775,0.07349217683076859,0.06711883097887039,0.25224804878234863,-0.08807312697172165,0.04504646360874176,0.004801095463335514,-0.11898554861545563,-0.2740297019481659,0.06737450510263443,-0.002855706261470914,-0.1551634967327118,0.12689043581485748,0.044765740633010864,-0.007364815566688776,0.05331309884786606,-0.029704570770263672,0.24980643391609192,-0.0955035537481308,-0.06536567211151123,-0.23790299892425537,0.015904974192380905,-0.01582176610827446,-0.11693640798330307,-0.1776980757713318,-0.3456890285015106,0.30446144938468933,-0.03429748862981796,-0.004238736815750599,-0.14819888770580292,-0.028021275997161865,-0.000436675560194999,-0.4870230555534363,-0.037155959755182266,-0.2250821888446808,0.3444984555244446,0.4727576673030853,-0.21409812569618225,0.21897296607494354,0.19433756172657013,-0.022035891190171242,-0.029473815113306046,-0.0901692658662796,0.012322962284088135,-0.41836017370224,0.2546458840370178,0.12847904860973358,0.23189561069011688,0.2879558801651001,-0.08432360738515854,0.5371594429016113,-0.18123483657836914,-0.049601949751377106,0.05526026338338852,0.09222856163978577,-0.31588196754455566,0.2284104824066162,-0.03171522542834282,-0.08719754219055176,-0.5403567552566528,0.39928555488586426,-0.32904553413391113,-0.46718502044677734,0.31606125831604004,-0.03190728276968002,0.3584452271461487,0.23353926837444305,-0.15733931958675385,-0.19580402970314026,0.1099744662642479,-0.4916514456272125,-0.32612600922584534,-0.25883835554122925,0.011824575252830982,0.24037165939807892,-0.3408796489238739,-0.11428339779376984,0.08939135819673538,-0.15137064456939697,0.159611776471138,0.21205461025238037,-0.02789110504090786,0.025156253948807716,0.33396458625793457,0.04907944053411484,0.015265872702002525,-0.3695623278617859,0.18249927461147308,-0.010664950124919415,0.08620785176753998,-0.06671452522277832,0.12030917406082153,0.012707889080047607,0.013060766272246838,-0.10073242336511612,-0.40400901436805725,0.21165180206298828,-0.16466446220874786,0.16698907315731049,-0.10297341644763947,-0.8377020955085754,-0.012510132975876331,0.28858229517936707,0.21057340502738953,-0.20204417407512665,0.04192126914858818,0.19925624132156372,-0.16014184057712555,-0.08975879102945328,0.026742827147245407,0.23182284832000732,-0.03603198379278183,-0.04671407490968704,0.14522023499011993,-0.17453539371490479,0.10927660763263702,-0.4258252680301666,-0.3760632574558258,0.036815058439970016,0.41768139600753784,0.004567466676235199,-0.1553502231836319,-0.058436304330825806,-0.18582208454608917,-0.48044854402542114,-0.17590542137622833,0.41164860129356384,-0.35662323236465454,0.15358710289001465,-0.3105958104133606,0.16582396626472473,-0.2782222628593445,-0.13962383568286896,0.33091121912002563,-0.03923814371228218,-0.15867841243743896,-0.17085833847522736,-0.1948748379945755,-0.0386996753513813,0.1080704778432846,-0.22809942066669464,0.1442447155714035,-0.013587355613708496,0.16022291779518127,0.1871986985206604,-0.1771627962589264,-0.19732622802257538,-0.08148344606161118,-0.07292933762073517,0.1805652678012848,-0.02171245962381363,0.09190051257610321,0.03223443031311035,0.2912043035030365,0.3574095368385315,0.0012342066038399935,-0.08794641494750977,-0.04784068465232849,-0.03926396369934082,0.06871001422405243,-0.3811163008213043,0.10216441005468369,0.41888436675071716,-0.039193082600831985,0.2402816265821457,-0.33874744176864624,0.4580662250518799,0.1334703415632248,-0.05122863128781319,-0.1702989786863327,0.004499983973801136,-0.018350452184677124,-0.3987902104854584,-0.17212294042110443,0.195455402135849,0.09311314672231674,0.3275906443595886,-0.09429927170276642,0.05360497906804085,0.05897030234336853,0.2259286344051361,-0.1271856725215912,-0.12115772068500519,-0.16981706023216248,0.22818955779075623,-0.012615025043487549,0.2772311568260193,-0.5303551554679871,0.2629985809326172,0.1285606026649475,0.06646649539470673,-0.12099945545196533,-0.05897948890924454,-0.15615516901016235
CID000003384,2316,-0.29625123739242554,-0.1056039109826088,-0.08423858135938644,-0.17475461959838867,0.05196058750152588,0.45308274030685425,0.1255054771900177,0.0020646334160119295,-0.5644848346710205,-0.30221226811408997,0.08623819053173065,-0.436786025762558,0.3102290630340576,-0.3019048869609833,-0.032359104603528976,0.002663052175194025,-0.07117792218923569,0.035700276494026184,-0.2849408984184265,-0.14868837594985962,-0.17251263558864594,-0.10525576025247574,0.12226102501153946,0.15292897820472717,0.2423209249973297,0.13593101501464844,-0.11057873070240021,-0.10361983627080917,-0.020499181002378464,0.24924275279045105,0.17561137676239014,-0.04535285383462906,-0.42180925607681274,-0.07900474220514297,-0.16206037998199463,0.16416144371032715,-0.09994016587734222,-0.37844574451446533,-0.11458617448806763,-0.06494812667369843,0.13425882160663605,0.1869264543056488,-0.32814866304397583,0.11283417046070099,0.5202559232711792,0.28377747535705566,-0.16381649672985077,0.06882116198539734,-0.08516596257686615,-0.08743910491466522,-0.19167819619178772,0.13416464626789093,-0.13913306593894958,-0.2798295021057129,-0.028531622141599655,-0.3459911346435547,-0.07161308825016022,-0.13618753850460052,0.5326584577560425,-0.012935412116348743,-0.7569373250007629,-0.019322490319609642,-0.20154309272766113,0.4246252179145813,-0.09354203939437866,-0.038036808371543884,-0.08244173228740692,-0.04335228353738785,0.5151433348655701,0.013792621903121471,-0.2968011796474457,-0.17584896087646484,-0.03231300786137581,-0.3427939713001251,0.38763800263404846,0.19655072689056396,0.10683746635913849,0.444619357585907,0.09674055874347687,0.18169543147087097,-0.12860874831676483,0.009200692176818848,-0.13009919226169586,-0.10176439583301544,0.07479782402515411,-0.16703186929225922,-0.5867456793785095,-0.06036556884646416,0.310793399810791,0.11357297748327255,-0.056391000747680664,-0.4262428879737854,-0.1570196896791458,-0.05379398912191391,-0.41195350885391235,0.019962403923273087,-0.10597369819879532,0.42163777351379395,0.128472700715065,-0.3481844365596771,0.30069097876548767,0.22815024852752686,0.020954836159944534,-0.10332939773797989,-0.5368400812149048,0.009797381237149239,-0.14835217595100403,0.25575166940689087,-0.04709948971867561,0.22649216651916504,0.15727528929710388,-0.1146916002035141,0.17712074518203735,-0.08477572351694107,0.06131473928689957,-0.06775367259979248,-0.2763431966304779,-0.16137121617794037,0.42892584204673767,-0.2163219451904297,-0.11692140251398087,-0.4697536826133728,-0.025566929951310158,-0.0579371377825737,-0.3997676372528076,0.24958567321300507,-0.07193369418382645,0.48282942175865173,0.34255096316337585,-0.016930153593420982,-0.12615729868412018,0.29861482977867126,-0.6018861532211304,-0.40917497873306274,-0.013461509719491005,0.02345282956957817,0.02779378928244114,-0.494928777217865,0.09713457524776459,-0.25665485858917236,-0.19158220291137695,0.23420123755931854,-0.03175251930952072,-0.13219650089740753,-0.20066101849079132,0.08525152504444122,0.22256751358509064,0.00024900733842514455,-0.14210839569568634,0.019082820042967796,-0.09132596105337143,-0.12327589839696884,-0.20813488960266113,-0.08889222145080566,-0.03910893201828003,0.04885739088058472,-0.17184212803840637,-0.3355712294578552,0.29923534393310547,-0.06580860167741776,0.4665880799293518,-0.18875503540039062,-0.8636733889579773,-0.18448607623577118,0.3756561279296875,0.33321455121040344,-0.10824193805456161,0.13483980298042297,0.14544318616390228,-0.13718275725841522,-0.16209807991981506,-0.05200835317373276,0.43223053216934204,-0.1989298164844513,-0.06056392192840576,0.1537160873413086,0.06947571784257889,0.09664806723594666,-0.5223144888877869,0.015647565945982933,0.1736866533756256,0.404670387506485,-0.036656320095062256,-0.28071123361587524,0.23752661049365997,0.1134144514799118,0.037533484399318695,-0.1990727186203003,0.2818809449672699,-0.08110679686069489,0.165628120303154,0.04394135996699333,0.06687469780445099,0.2653105556964874,-0.1388358324766159,0.5073237419128418,0.2304353415966034,-0.020855160430073738,-0.041084013879299164,0.07113990932703018,-0.12332078069448471,0.11146392673254013,-0.1019044890999794,0.3051057755947113,-0.05673834681510925,0.34946879744529724,-0.007935801520943642,-0.15518252551555634,-0.5238364338874817,0.17127397656440735,0.010209870524704456,0.055167365819215775,-0.002702778670936823,0.24179430305957794,0.09656446427106857,0.0025444687344133854,0.37244653701782227,0.09041982889175415,0.05356321483850479,-0.23926734924316406,0.29525837302207947,-0.21261711418628693,-0.42353329062461853,0.03894513472914696,0.24574001133441925,0.05128879472613335,0.21589355170726776,-0.19491100311279297,0.37567436695098877,0.14095821976661682,-0.1245514377951622,-0.24807167053222656,0.03416048362851143,0.015770291909575462,-0.3071741461753845,-0.2968502342700958,-0.03229015693068504,0.45293813943862915,0.39115771651268005,-0.12956449389457703,-0.042236361652612686,0.23356370627880096,-0.015121829695999622,0.021079545840620995,0.2640271484851837,-0.19970965385437012,0.17089009284973145,0.16436609625816345,0.2430846393108368,-0.34841907024383545,0.09061477333307266,0.31492841243743896,0.02889741025865078,-0.17400029301643372,0.031607188284397125,-0.29140347242355347
CID000005070,2433,-0.14649036526679993,-0.194911390542984,-0.14312204718589783,-0.19481559097766876,0.4354313015937805,0.26222530007362366,-0.17642851173877716,0.09726885706186295,-0.23655232787132263,-0.15927818417549133,0.174818754196167,-0.3614822030067444,-0.030456727370619774,-0.10452167689800262,0.2640809714794159,-0.0068458328023552895,0.012962117791175842,0.16625967621803284,-0.08120111376047134,-0.018016954883933067,0.08397810161113739,0.13994024693965912,0.12423457950353622,0.03316464647650719,-0.02617698349058628,-0.11717462539672852,0.010539603419601917,0.026922771707177162,-0.04248007386922836,0.23187574744224548,0.027872228994965553,-0.37644606828689575,-0.1128939539194107,-0.022294044494628906,-0.4689974784851074,-0.06924974173307419,-0.21674934029579163,-0.2138994187116623,-0.040786124765872955,-0.0805739089846611,0.10378068685531616,-0.019462447613477707,-0.11236123740673065,-0.1745775192975998,0.03896000236272812,-0.0073784650303423405,0.08566050231456757,0.11246796697378159,0.0029658349230885506,-0.07845642417669296,-0.0017938017845153809,0.09223796427249908,0.05125715211033821,-0.16090211272239685,0.10202763229608536,-0.021684739738702774,-0.12174341827630997,-0.10821866989135742,0.14742329716682434,0.03240819275379181,-0.9759618639945984,0.006505751516669989,-0.25080427527427673,0.2476847618818283,0.15958024561405182,0.06680159270763397,-0.153023824095726,0.07465017586946487,-0.07242034375667572,0.09245333820581436,-0.07743215560913086,0.1851649433374405,0.031531158834695816,-0.19518324732780457,0.044185493141412735,-0.12030037492513657,-0.0786391943693161,-0.09169145673513412,0.17710088193416595,-0.16209737956523895,-0.21849898993968964,-0.0009569987887516618,-0.1843184530735016,-0.04177666828036308,-0.11867551505565643,-0.1748611032962799,-0.1792261302471161,-0.11590548604726791,0.26522764563560486,-0.10863989591598511,-0.03192678838968277,-0.005899266805499792,0.014908308163285255,0.014690594747662544,-0.4446565508842468,-0.0013711736537516117,-0.13891386985778809,0.25927597284317017,0.1334911286830902,-0.2755221128463745,0.1963481605052948,0.200333833694458,-0.25900429487228394,0.0017074227798730135,-0.1263338029384613,0.066716268658638,-0.5092287659645081,0.2843703627586365,0.06751749664545059,0.14971238374710083,0.09326008707284927,0.17899402976036072,0.18119284510612488,0.011780070140957832,0.0007312580710276961,0.21953220665454865,-0.08180888742208481,-0.05864693969488144,0.005868293344974518,0.08479700982570648,-0.2425534725189209,-0.606133759021759,0.03617764636874199,-0.18593399226665497,-0.37879785895347595,0.03767579048871994,-0.07312951982021332,0.3724866211414337,0.13418659567832947,-0.08488190174102783,-0.2320898324251175,0.07681631296873093,-0.3940461575984955,-0.29966363310813904,-0.1865626722574234,-0.23468665778636932,0.07148253917694092,0.07846952974796295,0.012185974046587944,0.034911055117845535,0.037382129579782486,0.19036829471588135,-0.38857167959213257,-0.02852557972073555,0.030386347323656082,-0.12383519113063812,0.1363983154296875,-0.06650074571371078,0.15531817078590393,0.15170234441757202,-0.07711771875619888,0.006384958513081074,0.04615538567304611,0.1544758379459381,0.07480014860630035,-0.08122310042381287,-0.17198693752288818,-0.2561282813549042,0.10775180160999298,0.028861915692687035,0.09761574119329453,0.007122954819351435,-0.9242585897445679,0.09551237523555756,0.12272980064153671,0.2905118763446808,-0.10609032958745956,-0.1379304677248001,0.17011812329292297,0.06195928528904915,-0.1093316301703453,-0.14921298623085022,0.28157544136047363,0.009727959521114826,0.01809314452111721,0.07185289263725281,0.15467165410518646,0.17674721777439117,-0.5027521848678589,-0.1841771900653839,0.23056821525096893,0.2788352072238922,0.057729434221982956,-0.006598650477826595,-0.10805940628051758,0.034211210906505585,-0.18865157663822174,0.04480363801121712,0.4422551989555359,-0.12399104982614517,0.23002763092517853,-0.07674319297075272,-0.12245714664459229,-0.061180729418992996,-0.03581544756889343,0.33452528715133667,-0.025875192135572433,-0.03984751179814339,-0.0469425693154335,-0.18489381670951843,0.018838267773389816,-0.034844983369112015,-0.07037124782800674,0.13524481654167175,-0.20877902209758759,0.21188414096832275,0.05113356560468674,-0.057036615908145905,0.08348260819911957,-0.059716034680604935,0.011196422390639782,0.08590158820152283,0.06674113124608994,0.06516736000776291,0.15613950788974762,0.1667937934398651,0.3034660220146179,0.0013864136999472976,-0.06928472965955734,-0.36911454796791077,-0.027272755280137062,-0.14773689210414886,-0.4276045858860016,0.04413747042417526,0.23413339257240295,-0.13606801629066467,0.19451205432415009,-0.3057810366153717,0.6425184011459351,0.0650976151227951,-0.1988687962293625,-0.11847566068172455,-0.1487703174352646,-0.0721258670091629,-0.6328198909759521,-0.17060908675193787,0.04006173461675644,0.08606300503015518,0.20047879219055176,-0.05519748479127884,-0.20789441466331482,-0.02498394250869751,0.019286934286355972,0.21608169376850128,0.08768363296985626,-0.12513594329357147,0.15083959698677063,-0.04245295003056526,-0.0865408331155777,-0.5896213054656982,-0.057081688195466995,-0.04816913604736328,0.14410939812660217,-0.09450367838144302,0.0903102308511734,0.014881908893585205
CID000002708,2444,-0.05579989030957222,0.2438340187072754,-0.012861537747085094,0.007283342070877552,0.45016032457351685,0.41852134466171265,0.5060018301010132,-0.14407774806022644,-0.20916946232318878,-0.05309265851974487,0.1894620805978775,-0.3136025071144104,0.1444416344165802,-0.14749957621097565,-0.391470342874527,0.1693420708179474,-0.04930191859602928,0.19438211619853973,-0.004004958085715771,-0.1474309265613556,-0.038453854620456696,0.1586347073316574,-0.06266044080257416,0.006416135933250189,-0.31397122144699097,-0.04345620423555374,0.06621108204126358,-0.0795154869556427,0.034800298511981964,0.4659009575843811,-0.1244298592209816,0.1663673371076584,0.25336742401123047,0.11834919452667236,-0.45300254225730896,0.21418771147727966,-0.3456559181213379,-0.3198327422142029,0.2469692975282669,-0.24015071988105774,0.24639944732189178,-0.10723032057285309,-0.31394264101982117,-0.24120697379112244,0.14598187804222107,0.12088604271411896,0.1654777228832245,-0.30808624625205994,0.2786833345890045,0.047403447329998016,-0.3928767740726471,-0.08608005195856094,-0.11150605976581573,-0.4220189154148102,-0.11075888574123383,0.042528413236141205,0.060384683310985565,-0.09646450728178024,0.30997297167778015,0.0424235574901104,-0.8081809282302856,-0.23355357348918915,-0.2525253891944885,0.2509080469608307,-0.011511778458952904,0.0069940537214279175,-0.24062518775463104,0.05139726400375366,0.0536683090031147,0.29512813687324524,-0.3982216715812683,0.20363828539848328,-0.12903514504432678,-0.2372768223285675,0.3016132712364197,0.002421280834823847,-0.1543385088443756,-0.12430079281330109,-0.22406212985515594,-0.25535255670547485,-0.19442160427570343,0.18768754601478577,-0.25193846225738525,-0.26607128977775574,-0.08192578703165054,-0.2970779836177826,-0.19337841868400574,-0.3329889178276062,0.5016380548477173,0.2075340747833252,0.1024153009057045,-0.17900922894477844,-0.07740180939435959,-0.056528735905885696,-0.44926220178604126,-0.10965506732463837,-0.380857914686203,0.6060588359832764,0.220496267080307,-0.05953316017985344,0.43189507722854614,-0.03157320246100426,0.07836413383483887,0.04048234224319458,-0.14292430877685547,0.020192984491586685,-0.4569816589355469,0.3649749159812927,-0.00867850799113512,0.40611761808395386,-0.12892037630081177,0.08325563371181488,0.3490706980228424,-0.34617453813552856,0.1766471415758133,-0.2517973482608795,0.2444046437740326,-0.5906354188919067,0.039633773267269135,-0.30669736862182617,0.10800381004810333,-0.691494345664978,0.2520793378353119,-0.4542177617549896,-0.4323936998844147,0.15640485286712646,-0.08795858919620514,0.3657611310482025,0.2218833863735199,-0.19977323710918427,-0.05051463097333908,0.01429319940507412,-0.4445883631706238,-0.248121976852417,0.2369147092103958,0.16746465861797333,0.2918073236942291,-0.1561141461133957,0.10923917591571808,-0.014153135009109974,-0.04350727051496506,0.4002566337585449,0.34402650594711304,0.14573317766189575,0.09527666866779327,0.16823625564575195,-0.05796147510409355,-0.1488136351108551,-0.1094328761100769,0.23205330967903137,-0.16740861535072327,0.12521688640117645,0.14159956574440002,0.09683679044246674,0.16244933009147644,-0.05242307111620903,0.20586657524108887,-0.4752936363220215,0.10730723291635513,0.019703954458236694,-0.05121415853500366,-0.007655313704162836,-0.8666706085205078,-0.19180431962013245,0.29628998041152954,0.34234338998794556,-0.0025521605275571346,0.06532932072877884,0.3465670049190521,0.055951811373233795,-0.13476988673210144,0.03410603851079941,0.5503634810447693,-0.033036306500434875,0.08581380546092987,-0.1779446005821228,0.2786135971546173,-0.16845354437828064,-0.2579290568828583,0.19742634892463684,0.014873286709189415,0.37052708864212036,-0.05642294883728027,0.009692763909697533,-0.027890289202332497,-0.2708616256713867,-0.3836771547794342,0.11884589493274689,0.5272195935249329,-0.3185271620750427,-0.004943391773849726,-0.42504701018333435,0.13769595324993134,-0.07099505513906479,-0.016502704471349716,0.5296127796173096,-0.04352046176791191,0.07901504635810852,-0.261740505695343,-0.27518707513809204,-0.09303111582994461,0.26901131868362427,-0.17045608162879944,0.061775751411914825,-0.04108981043100357,0.43622374534606934,0.4171701967716217,-0.1195489764213562,-0.0011534541845321655,0.00043553710565902293,-0.02091234363615513,0.1412217915058136,-0.09812940657138824,0.19318324327468872,0.2553827464580536,0.25633567571640015,0.41734233498573303,0.18937237560749054,0.14519280195236206,-0.18721754848957062,-0.12799473106861115,0.03594398498535156,-0.6232997179031372,0.03582116216421127,0.3846038281917572,0.12437091022729874,0.19652459025382996,-0.6962507963180542,0.6205013990402222,-0.05423586443066597,0.09130333364009857,-0.09070448577404022,0.16856065392494202,-0.14653822779655457,-0.4554850459098816,-0.04764774441719055,-0.046553462743759155,-0.03469494730234146,0.08771705627441406,-0.003956729080528021,-0.051162779331207275,-0.04129195213317871,-0.035364072769880295,-0.4204103946685791,-0.3074440360069275,-0.4109368920326233,0.3369370400905609,0.08995767682790756,0.26530951261520386,-0.7631900906562805,0.15669600665569305,0.276503324508667,0.2072601020336151,0.06346320360898972,-0.12359941005706787,-0.018137376755475998
CID005282044,2445,-0.09182095527648926,0.01944880746304989,-0.21002110838890076,-0.19548913836479187,0.2595660090446472,0.28365829586982727,-0.13100501894950867,-0.17912892997264862,-0.6426295042037964,-0.16497480869293213,0.12028740346431732,-0.580672025680542,0.20657284557819366,-0.23313960433006287,0.06431441009044647,-0.16938714683055878,0.2073959857225418,-0.14739453792572021,0.2442738264799118,0.04006835073232651,0.2809782922267914,-0.06656040251255035,-0.24490313231945038,-0.32695621252059937,0.09802015125751495,-0.08349592983722687,0.05224312096834183,0.035296883434057236,-0.02987026609480381,0.16114512085914612,-0.23867067694664001,0.374382883310318,-0.2001209259033203,0.18362081050872803,-0.7104654908180237,0.03755240514874458,-0.5158537030220032,-0.20689401030540466,-0.13470831513404846,-0.07976166158914566,0.02908552624285221,0.009049870073795319,-0.5035589337348938,0.29748964309692383,0.39455050230026245,0.3584519922733307,0.10637661069631577,-0.026232261210680008,0.11478127539157867,-0.07569736242294312,-0.5252540707588196,0.06416083872318268,-0.34975746273994446,-0.3527240753173828,0.5419080257415771,-0.13623952865600586,-0.08266617357730865,-0.054111920297145844,0.8554109334945679,-0.006727003958076239,-0.9026557803153992,0.16601915657520294,-0.15268124639987946,0.4242545962333679,-0.21256914734840393,-0.21452951431274414,-0.15334150195121765,0.395552396774292,0.21169491112232208,0.2836082875728607,-0.19056865572929382,0.04097820073366165,-0.06743874400854111,-0.2300075739622116,0.6186020970344543,0.2706414461135864,0.008168327622115612,0.4143710136413574,0.16777321696281433,-0.2848365902900696,-0.17293907701969147,-0.061447907239198685,-0.11353504657745361,-0.20041775703430176,0.03172774240374565,-0.08353279531002045,-0.45093077421188354,-0.02867971919476986,0.22244100272655487,-0.05634528398513794,-0.002941797487437725,-0.09080890566110611,0.10396091639995575,0.046070218086242676,-0.6889593601226807,0.09679056704044342,-0.24768094718456268,0.32276803255081177,-0.011791097931563854,-0.24851830303668976,0.28330111503601074,-0.13432787358760834,-0.05990598350763321,0.03955889865756035,-0.04363930970430374,0.0475514754652977,-0.49109554290771484,0.34743431210517883,0.07454164326190948,0.17151319980621338,0.12063757330179214,0.16289739310741425,0.0708928257226944,0.1185983270406723,0.21526217460632324,-0.09412361681461334,0.07785560935735703,-0.2761553227901459,0.30418118834495544,0.09764181822538376,0.1581152230501175,-0.8564813733100891,-0.10103216022253036,-0.16724158823490143,-0.29524320363998413,0.4606892168521881,0.0015308440197259188,0.22411108016967773,0.425088107585907,0.10584704577922821,-0.2915951609611511,0.17692260444164276,-0.7103045582771301,-0.42348712682724,-0.2639169692993164,0.113636814057827,0.044700779020786285,-0.1307852566242218,0.07327885925769806,-0.40263015031814575,0.0975029245018959,0.1624017059803009,-0.1805269420146942,-0.05031263828277588,-0.0929136872291565,0.008368207141757011,-0.2698044776916504,0.2814792990684509,0.39242762327194214,-0.19831307232379913,-0.04891812801361084,0.1915172040462494,-0.04918639734387398,0.0733351781964302,-0.13049715757369995,0.00620657205581665,-0.2311462163925171,-0.4020884931087494,0.04847715049982071,-0.1230478286743164,0.12803342938423157,-0.05859120935201645,-1.0540316104888916,-0.012004541233181953,0.4719369411468506,0.09262719005346298,0.02289755269885063,0.15239450335502625,-0.17955532670021057,0.07161619514226913,-0.3859288692474365,-0.35656607151031494,0.4577571451663971,-0.171474888920784,-0.11695017665624619,-0.14994564652442932,0.08851796388626099,-0.20093807578086853,-0.28842729330062866,0.051017653197050095,0.3425229489803314,0.3303648829460144,0.2940550744533539,-0.2726335823535919,0.11405380070209503,-0.20686344802379608,0.04199264198541641,0.05763164907693863,0.632382333278656,-0.07542749494314194,-0.18076856434345245,-0.24428215622901917,0.04610610753297806,0.10425245761871338,-0.2288099229335785,0.320753276348114,0.042086221277713776,0.0660683661699295,-0.3029056787490845,0.008084019646048546,0.12390802800655365,0.2579140067100525,-0.04435247555375099,0.12047698348760605,0.07270295917987823,0.18020768463611603,-0.20027676224708557,-0.06193000078201294,-0.419985830783844,-0.004803156945854425,0.03738781064748764,0.29107406735420227,0.012330027297139168,0.23365716636180878,-0.021490801125764847,-0.03143071383237839,0.7071784734725952,0.00047538281069137156,-0.00551269669085741,-0.08973244577646255,-0.06855428963899612,-0.019086534157395363,-0.5469986200332642,-0.07246579229831696,0.24199631810188293,-0.026622718200087547,0.10859815776348114,-0.2493634670972824,1.0869792699813843,-0.14552976191043854,-0.02096259593963623,-0.10618460178375244,-0.017957130447030067,0.15239012241363525,-0.5182536244392395,-0.19709275662899017,0.018554771319031715,0.24948737025260925,0.04960904270410538,0.15661592781543732,-0.518714427947998,0.046078264713287354,-0.051519013941287994,0.17098477482795715,0.09681890904903412,-0.555048406124115,0.2306329756975174,-0.03768237307667732,-0.13701869547367096,-0.9034258127212524,-0.09124966710805893,0.5562399625778198,0.3823623061180115,-0.1466410607099533,0.08022814989089966,0.06072693318128586
CID000014888,2521,-0.10531526803970337,0.0707937702536583,-0.04834609106183052,0.04460221529006958,0.265299916267395,0.4539640545845032,0.01974247582256794,0.39848485589027405,-0.38966110348701477,-0.5287721157073975,0.04408751428127289,-0.4517134726047516,0.13846468925476074,-0.6494752168655396,-0.1426963061094284,0.05516376346349716,0.02752971090376377,-0.4120854437351227,-0.08063987642526627,0.23148028552532196,-0.15457913279533386,-0.20725974440574646,-0.10517378896474838,0.10837894678115845,0.24054959416389465,0.03928612917661667,-0.043094925582408905,-0.052681613713502884,0.05149031803011894,0.6725439429283142,0.0513659343123436,-0.16046670079231262,-0.13157442212104797,0.10046722739934921,-0.1779457926750183,-0.1476258635520935,-0.3618658185005188,-0.4992358684539795,-0.12869276106357574,0.09993546456098557,0.365675151348114,0.05776854604482651,-0.1657719612121582,-0.022618141025304794,0.6866226196289062,0.04657192528247833,0.16545860469341278,-0.012743309140205383,-0.14225372672080994,0.12627869844436646,-0.09471464157104492,0.3378736078739166,0.003934270236641169,-0.02407665178179741,-0.01703343726694584,0.14597684144973755,-0.052344221621751785,0.03957231715321541,0.3173600733280182,0.2993120551109314,-0.5805054306983948,0.09031298756599426,-0.3365741968154907,0.16933901607990265,-0.11187472194433212,0.08324656635522842,-0.22811980545520782,-0.2038283795118332,-0.04152318090200424,-0.015565288253128529,-0.3563429117202759,0.23849162459373474,0.08625125139951706,-0.19011053442955017,0.1718461811542511,0.11805568635463715,-0.030051331967115402,0.4551752209663391,0.37804871797561646,-0.06678492575883865,-0.2500414252281189,0.12994658946990967,-0.17948412895202637,-0.2075318992137909,0.159894660115242,0.23563158512115479,-0.36599427461624146,0.3500450551509857,0.29242435097694397,0.03271453082561493,-0.10039617121219635,-0.3674702048301697,-0.16777704656124115,-0.0016248055035248399,-0.2107011377811432,0.03947896510362625,-0.27529335021972656,0.34730759263038635,0.48448777198791504,-0.5149121284484863,0.2240900993347168,0.17577289044857025,0.037931494414806366,0.03879023343324661,-0.5626190900802612,0.108110710978508,-0.35645490884780884,0.28991788625717163,0.038335464894771576,0.3450557291507721,0.03331516683101654,-0.20163960754871368,0.36378106474876404,-0.23601707816123962,-0.031337760388851166,-0.07496374845504761,0.0030439049005508423,-0.5062853693962097,0.5849555730819702,0.16792747378349304,-0.14667858183383942,-0.41100016236305237,-0.03272306174039841,-0.4607338011264801,-0.5359484553337097,0.3801316022872925,0.20058834552764893,0.399655282497406,0.15659601986408234,-0.001971673918887973,-0.13334020972251892,-0.012812037952244282,-0.5220040082931519,-0.47407180070877075,0.10435910522937775,-0.4907298982143402,0.2708858549594879,-0.44123339653015137,0.0434652715921402,-0.3315519094467163,-0.1736638993024826,0.33933383226394653,0.17404861748218536,0.046867918223142624,0.05512235686182976,-0.3510884642601013,0.11659388244152069,0.43372926115989685,-0.08824660629034042,-0.03949328139424324,-0.11732828617095947,-0.03387941047549248,-0.19650554656982422,-0.08736424893140793,-0.037049300968647,0.03187102824449539,0.03246365115046501,-0.4737052023410797,0.08393146842718124,0.12193937599658966,0.15453210473060608,0.09037373960018158,-0.5604056119918823,0.03887466341257095,0.29851606488227844,0.4808380603790283,-0.1101120263338089,0.2165740728378296,0.3521689772605896,-0.0992736965417862,-0.2625017762184143,-0.31667232513427734,0.37617501616477966,0.1017770990729332,0.19418179988861084,0.09140955656766891,0.13538935780525208,0.044544972479343414,-0.4657541811466217,-0.266103595495224,0.07265759259462357,0.48662298917770386,0.12442328780889511,0.04572863504290581,0.23076680302619934,0.050828635692596436,-0.3511246144771576,-0.3474368751049042,0.04620650038123131,-0.06013428047299385,0.3150179982185364,-0.3874173164367676,-0.017418071627616882,-0.22651183605194092,-0.468761682510376,0.5598268508911133,0.060269296169281006,-0.045529432594776154,-0.4512849450111389,-0.27894291281700134,0.0918341875076294,0.28357791900634766,-0.6523789167404175,0.06729616969823837,0.07699975371360779,0.21929307281970978,-0.23409795761108398,-0.07159778475761414,-0.6213892698287964,0.3229060769081116,-0.31375014781951904,0.32256680727005005,-0.04490683227777481,-0.27458876371383667,-0.12242083251476288,-0.16316726803779602,0.4553116261959076,0.10742291063070297,-0.08193005621433258,-0.22139421105384827,0.129935160279274,-0.09691514074802399,-0.3852100074291229,-0.11733590066432953,0.3179585337638855,-0.017397472634911537,0.45964545011520386,-0.07999034225940704,0.6273060441017151,0.0806775838136673,-0.05002812296152115,-0.20646098256111145,-0.25215989351272583,-0.1015717014670372,-0.26913776993751526,-0.21807801723480225,-0.128644198179245,0.4008774757385254,0.16947054862976074,-0.10297839343547821,-0.24278931319713593,0.19964352250099182,0.13386563956737518,0.04173656925559044,0.11331143230199814,-0.3343392312526703,0.09967517852783203,-0.1536877453327179,0.2247656285762787,-0.4977937638759613,-0.08380412310361862,-0.03452775627374649,0.09433142840862274,-0.21107900142669678,-0.026170402765274048,-0.22859208285808563
CID000002476,2537,0.14322997629642487,0.12804833054542542,-0.009214024059474468,-0.1557556688785553,0.20093806087970734,0.32165783643722534,-0.17998537421226501,0.13220298290252686,-0.39051908254623413,-0.27680307626724243,0.16337986290454865,-0.7590405941009521,-0.0838843435049057,-0.6122353076934814,-0.23420116305351257,0.16262149810791016,0.4486505389213562,-0.20374774932861328,0.23786446452140808,0.03774489089846611,0.11016354709863663,-0.07836190611124039,0.12621016800403595,0.16660639643669128,0.018347173929214478,-0.11142598092556,-0.16117015480995178,0.005621187388896942,-0.024515783414244652,0.477175772190094,-0.08638057112693787,-0.10678651183843613,0.21087650954723358,0.03524603322148323,-0.4331892132759094,-0.03132917359471321,-0.3044455051422119,-0.24785932898521423,-0.22099275887012482,0.06278304010629654,0.13097819685935974,0.21094553172588348,-0.2669932246208191,-0.0028450489044189453,0.17700618505477905,0.14194048941135406,-0.26322871446609497,-0.12704989314079285,0.16535507142543793,-0.09552101045846939,-0.3351334035396576,-0.11142656952142715,-0.15848366916179657,-0.02092604711651802,0.09716133028268814,0.08760567754507065,0.019257495179772377,-0.06286653876304626,0.5581921339035034,-0.03462425619363785,-0.7248790264129639,0.1110575944185257,-0.42513757944107056,0.003197589423507452,0.004540509078651667,0.48707276582717896,-0.30890312790870667,-0.0545438751578331,0.03808736056089401,0.14835865795612335,-0.11926301568746567,0.22557811439037323,0.10671913623809814,0.2502995431423187,0.12701155245304108,0.17265263199806213,-0.06067163497209549,0.16006648540496826,0.17895080149173737,-0.16039340198040009,-0.538174569606781,-0.05566127225756645,0.10819633305072784,-0.16076061129570007,-0.08719025552272797,-0.1366414576768875,-0.38154706358909607,0.09370844066143036,0.3322226405143738,0.17552056908607483,-0.015068868175148964,-0.26397693157196045,0.20992586016654968,0.07495565712451935,-0.4714081287384033,-0.029162723571062088,-0.18227919936180115,0.3455989360809326,0.2180388867855072,-0.5423546433448792,0.29976028203964233,0.06447291374206543,0.05305778235197067,-0.09006240218877792,-0.305806428194046,0.0489937961101532,-0.42543554306030273,0.3929624855518341,0.20064306259155273,0.07000263035297394,-0.1310584843158722,0.13429543375968933,0.22624409198760986,-0.040005993098020554,0.09404592216014862,0.2534556984901428,-0.10869190841913223,-0.29098331928253174,0.12797245383262634,0.09576208889484406,-0.21950581669807434,-0.623670756816864,-0.2573663294315338,-0.11094007641077042,-0.2803625762462616,-0.03151169791817665,0.14496204257011414,0.17827172577381134,0.01972067356109619,0.07153326272964478,-0.17103354632854462,0.15952669084072113,-0.5338033437728882,-0.37836283445358276,-0.24147865176200867,-0.2642856538295746,0.1309278905391693,-0.16737639904022217,-0.05901588127017021,-0.29214632511138916,0.12592414021492004,0.0849304348230362,0.09432868659496307,-0.10801682621240616,0.36667418479919434,-0.1782774031162262,-0.052198778837919235,0.03786541149020195,0.11300934851169586,0.0018598109018057585,0.03436851501464844,-0.3150712549686432,-0.18428409099578857,-0.04033539444208145,-0.03561193123459816,0.03593248873949051,-0.0002640884486027062,-0.33919447660446167,-0.09529650211334229,-0.1531262844800949,-0.015359947457909584,0.13819701969623566,-0.7656572461128235,-0.02059732750058174,0.318869948387146,0.256232351064682,-0.2032158374786377,0.10263326019048691,0.011394505389034748,-0.2215317040681839,-0.13064393401145935,0.04219827800989151,0.6254130601882935,-0.14075686037540436,-0.2755237817764282,-0.23781290650367737,0.07799512892961502,-0.04825616255402565,-0.4334871768951416,0.28885477781295776,0.16641727089881897,0.3084195852279663,0.14104938507080078,0.04967251420021057,0.09209239482879639,-0.1796211302280426,-0.2070167511701584,0.11461007595062256,0.4643558859825134,0.14780233800411224,0.41572198271751404,-0.5420317649841309,-0.09945879876613617,-0.2984451651573181,-0.6102562546730042,0.7150765657424927,0.07510210573673248,0.16769954562187195,-0.4501373767852783,-0.29344767332077026,0.23408761620521545,-0.323904812335968,-0.39311546087265015,0.13020186126232147,0.14792494475841522,0.6438568234443665,-0.22552935779094696,-0.12475492805242538,-0.09323663264513016,-0.009753549471497536,0.14745275676250458,0.0846719890832901,-0.059803493320941925,0.19997501373291016,-0.16055266559123993,-0.13821597397327423,0.6203418970108032,0.2836974263191223,-0.025809701532125473,-0.19938358664512634,-0.20277416706085205,0.05795745179057121,-0.44678521156311035,0.09216948598623276,0.08850929886102676,0.11872605979442596,0.10923121869564056,0.023919880390167236,0.6437821388244629,-0.082021564245224,-0.06573449075222015,-0.29221802949905396,-0.26314032077789307,0.06286665052175522,-0.4040585160255432,-0.3746097683906555,0.24002650380134583,0.34667566418647766,-0.003178862389177084,0.18935061991214752,-0.24303296208381653,-0.056611545383930206,0.07278698682785034,0.2835041582584381,0.16439560055732727,-0.25254952907562256,0.9307206869125366,-0.017049776390194893,0.1424589455127716,-0.7706106901168823,-0.05368337780237198,0.17537298798561096,0.2802984118461609,0.06635696440935135,0.10624919086694717,-0.05459229275584221
CID000002551,2611,-0.016743270680308342,0.30003175139427185,-0.0006301224348135293,0.22721514105796814,0.5902144312858582,0.36940819025039673,0.041417814791202545,0.09804316610097885,-0.13178664445877075,-0.12909403443336487,-0.0713152140378952,-0.43953651189804077,0.024037310853600502,-0.06063122674822807,-0.3878955543041229,-0.30240973830223083,-0.11094582080841064,0.250122606754303,0.08574052155017853,0.1552252471446991,-0.37974652647972107,-0.03379523754119873,0.18886211514472961,0.02506282925605774,-0.3503913879394531,0.042261671274900436,-0.5257187485694885,-0.1649988740682602,0.41531848907470703,0.4089297354221344,-0.10901375114917755,-0.15138375759124756,0.09342406690120697,-0.09099400043487549,-0.36124569177627563,0.1362343728542328,-0.5091942548751831,-0.19028082489967346,-0.4609372019767761,-0.04296337440609932,0.4888893961906433,-0.13398073613643646,-0.4159509539604187,-0.08519037812948227,0.7829038500785828,0.00940936803817749,-0.27149128913879395,0.3535575270652771,-0.0013716996181756258,0.07123760879039764,-0.8516011238098145,0.12153370678424835,0.030072282999753952,-0.26468151807785034,-0.09138177335262299,0.2280488908290863,0.039132047444581985,0.010852843523025513,0.41145357489585876,0.43727269768714905,-0.8930040597915649,0.1467287689447403,0.034040529280900955,0.23165476322174072,-0.122853122651577,-0.0774347335100174,-0.199579119682312,0.1454354226589203,0.11720992624759674,-0.09709163755178452,-0.7932978868484497,-0.16973190009593964,-0.09553421288728714,0.10287231206893921,0.4685414731502533,0.09890611469745636,0.1427275687456131,0.18634480237960815,-0.16351932287216187,-0.24633267521858215,0.01681024394929409,0.04957052320241928,-0.14027714729309082,0.13258633017539978,-0.1472318023443222,-0.2454613894224167,-0.06736913323402405,-0.14623969793319702,0.7220382690429688,-0.12570536136627197,-0.33415675163269043,0.11116568744182587,0.04500787705183029,0.015627950429916382,-0.9580337405204773,0.15897265076637268,-0.17305344343185425,0.30838462710380554,0.17370256781578064,-0.04113556444644928,0.5064923167228699,0.024471784010529518,-0.24451680481433868,-0.01948508620262146,-0.08841321617364883,-0.01742779277265072,-0.25633978843688965,-0.017516806721687317,0.029801402240991592,0.1602066308259964,-0.027948671951889992,-0.3916810154914856,0.4930034279823303,-0.0586899034678936,0.13227415084838867,-0.21347522735595703,0.043022312223911285,-0.8234670758247375,0.20175635814666748,-0.29290685057640076,-0.026805344969034195,-0.9706069827079773,-0.23639750480651855,-0.42206406593322754,-0.6129143238067627,0.31046262383461,-0.0508681945502758,0.49835872650146484,0.02984067238867283,0.3186958134174347,-0.1621260643005371,-0.2008698284626007,-0.6421661972999573,-0.42619413137435913,-0.06701114028692245,-0.20769867300987244,1.0514408349990845,-0.6418190002441406,-0.02505282685160637,-0.05084705352783203,0.07822026312351227,0.17846903204917908,0.5109355449676514,-0.25130802392959595,-0.32499685883522034,0.23772382736206055,-0.4225141406059265,0.3308825194835663,-0.33435964584350586,0.1682245433330536,0.14941897988319397,-0.054688215255737305,0.4670381546020508,-0.21962261199951172,-0.44325727224349976,0.07838275283575058,-0.4302523136138916,-0.40914207696914673,-0.022608209401369095,0.02467779815196991,0.1205982193350792,-0.003008675528690219,-0.830281138420105,-0.056557320058345795,0.5745969414710999,0.26352542638778687,-0.6485732197761536,0.19437073171138763,0.3623316287994385,0.03013678826391697,-0.30983275175094604,-0.3609701693058014,0.2613222301006317,-0.2528887987136841,-0.15402230620384216,0.06829144805669785,-0.026581216603517532,-0.1995650827884674,-0.0888175517320633,-0.06776534020900726,0.14658038318157196,0.3020136058330536,-0.039997443556785583,0.02044720947742462,0.0019459720933809876,-0.40462881326675415,-0.4721391797065735,-0.32125258445739746,0.8997341394424438,0.06341837346553802,-0.16117100417613983,-0.6017724871635437,-0.13988353312015533,-0.05432950705289841,-0.1841108500957489,0.5350612998008728,0.18673084676265717,0.005290014203637838,0.032380882650613785,0.3830319046974182,-0.5743868947029114,0.011410469189286232,-0.47330474853515625,0.00556641211733222,0.037646178156137466,0.17647422850131989,0.1510627567768097,-0.18389688432216644,-0.42586618661880493,0.022375812754034996,-0.008390361443161964,0.16467663645744324,-0.148712620139122,0.18997903168201447,0.5470554232597351,-0.16615237295627594,0.7120532989501953,-0.09380602091550827,-0.3056661784648895,-0.28393128514289856,-0.24475762248039246,-0.01628917083144188,-0.622066855430603,0.17200830578804016,0.36832812428474426,-0.13039270043373108,0.29181498289108276,-0.36100274324417114,0.9078885912895203,-0.011620873585343361,-0.11151136457920074,-0.24230246245861053,-0.14355608820915222,-0.058238159865140915,-0.4692438244819641,-0.03865344449877739,-0.00992976687848568,0.23104476928710938,-0.07573379576206207,-0.4891723096370697,-0.4858856201171875,0.08073003590106964,0.17375554144382477,-0.06035260111093521,0.16925780475139618,-0.42964857816696167,0.07120122760534286,0.24621105194091797,0.02696341834962368,-0.7321211099624634,-0.24887168407440186,0.2143368422985077,0.3022367060184479,-0.2650251090526581,-0.048662591725587845,-0.2155870497226715
CID000003724,2686,-0.12748998403549194,0.020229563117027283,0.04451910778880119,-0.10512785613536835,0.41530275344848633,0.35073158144950867,0.3234530985355377,0.1845122128725052,-0.107576385140419,-0.018779322504997253,-0.2900162935256958,-0.20880599319934845,0.19060418009757996,-0.6371736526489258,0.125413179397583,0.034220386296510696,-0.06874128431081772,0.23560361564159393,0.04935605451464653,-0.2212764322757721,-0.034808360040187836,-0.19435113668441772,-0.10530859231948853,-0.1274568736553192,0.20883595943450928,-0.16453860700130463,0.27231502532958984,-0.13516773283481598,-0.11765539646148682,0.4685843586921692,-0.1376063972711563,0.18385499715805054,0.2162303924560547,-0.15247182548046112,-0.5401490926742554,-0.09046237170696259,-0.3473234474658966,-0.20854493975639343,-0.5845707654953003,0.09740638732910156,0.3482455015182495,0.11491398513317108,-0.2070942372083664,-0.1425318419933319,0.12386734783649445,0.2756359279155731,-0.04737771302461624,-0.11413770914077759,-0.15314412117004395,0.11578778922557831,-0.22797667980194092,-0.08694276213645935,0.004000178072601557,-0.06739870458841324,0.03944156691431999,0.025348180904984474,0.23653081059455872,0.4680422842502594,0.453122079372406,0.025181416422128677,-0.9706095457077026,0.08072048425674438,-0.022492989897727966,0.19641044735908508,0.16755381226539612,-0.008419731631875038,-0.5641939043998718,0.011214395053684711,-0.18383876979351044,0.05870457738637924,-0.8155595064163208,0.16723087430000305,0.0951276645064354,0.09643879532814026,0.6734001636505127,-0.24136047065258026,-0.13206924498081207,-0.02305920608341694,-0.24805760383605957,-0.18328790366649628,-0.1878689080476761,-0.07140862196683884,-0.1091156154870987,0.03155232220888138,-0.003357174340635538,0.08894491195678711,-0.31260502338409424,-0.16645440459251404,0.5971400737762451,-0.39639943838119507,0.06568959355354309,-0.1780736744403839,-0.20625050365924835,-0.22813180088996887,-1.2204341888427734,-0.21832935512065887,-0.09928198158740997,0.19807319343090057,0.36640921235084534,-0.7587893009185791,0.41925010085105896,-0.2639627158641815,-0.35304832458496094,-0.054279375821352005,0.06845800578594208,-0.05199871584773064,-0.36678653955459595,0.14663143455982208,0.07172365486621857,0.9256628751754761,-0.5981094241142273,0.28145450353622437,0.5029343366622925,0.12962333858013153,0.23824766278266907,-0.08568514883518219,0.07788603007793427,-0.157974511384964,-0.10575775057077408,0.044603779911994934,0.0914943665266037,-0.8888131380081177,0.26916688680648804,-0.7669627666473389,-0.5505431890487671,0.1626066118478775,0.10459458827972412,0.5166243314743042,-0.0726320892572403,0.03080666996538639,-0.03404988721013069,0.08684766292572021,-0.6557708978652954,-0.262532502412796,0.17428089678287506,-0.4085542559623718,0.7095068097114563,-0.15744931995868683,-0.38980430364608765,0.06045518070459366,-0.1201820969581604,0.5426320433616638,-0.35890763998031616,0.15525507926940918,-0.008241437375545502,0.04115840792655945,0.093314029276371,-0.17112447321414948,0.06673480570316315,-0.09172569960355759,-0.02865779958665371,0.11646457761526108,-0.08791644871234894,-0.025527644902467728,0.07471862435340881,-0.11538362503051758,0.2002944052219391,-0.3445762097835541,-0.1379549652338028,0.14965203404426575,-0.04389137029647827,-0.13336466252803802,-0.8808703422546387,-0.13294897973537445,0.7645993828773499,0.09508273005485535,-0.7212185263633728,-0.10890370607376099,0.4555387496948242,-0.10187212377786636,-0.1741979867219925,-0.20125997066497803,0.5472747087478638,-0.4095838963985443,-0.10422712564468384,0.010576194152235985,-0.023225944489240646,0.033565618097782135,-0.3001441955566406,0.05335099622607231,0.23508362472057343,0.6598954796791077,-0.01822350174188614,-0.07055772095918655,0.04781284183263779,-0.3521406650543213,-0.34767937660217285,-0.015457598492503166,0.776222288608551,-0.08977825939655304,-0.16701091825962067,-0.6861585378646851,0.21079790592193604,0.18132653832435608,-0.007012730930000544,0.4640532433986664,0.08620814234018326,0.05161401629447937,-0.02239711955189705,-0.15909577906131744,0.05953405052423477,-0.17738470435142517,-0.12161491811275482,-0.0896608829498291,-0.1744372546672821,0.3929038941860199,0.25404807925224304,0.1085028201341629,-0.11709947884082794,0.01794486865401268,0.19347113370895386,0.04522482678294182,0.18673686683177948,-0.02797306701540947,-0.020591264590620995,0.08995743095874786,0.6087043881416321,-0.2557293772697449,0.05088871717453003,-0.2718169093132019,-0.030280103906989098,-0.16725917160511017,-0.24835750460624695,-0.011249554343521595,0.18226714432239532,-0.1541246622800827,0.4987126290798187,-0.21597042679786682,0.6901469230651855,-0.3085562288761139,-0.2865425944328308,-0.3056320548057556,0.04443798214197159,-0.0815371423959732,-0.3812176585197449,-0.024524565786123276,0.20378994941711426,0.04778406769037247,-0.21390990912914276,0.2074413001537323,-0.6296850442886353,-0.21105250716209412,0.12475206702947617,-0.16323792934417725,-0.014985555782914162,-0.6808892488479614,0.37907955050468445,-0.1124359592795372,-0.2711185812950134,-0.7929357290267944,0.24716734886169434,-0.23898382484912872,0.21310977637767792,-0.016791963949799538,0.02855381742119789,-0.27160459756851196
CID000002177,2708,-0.1967499554157257,-0.0013608511071652174,0.17811132967472076,-0.04407874494791031,0.19533047080039978,0.34684085845947266,0.23472943902015686,-0.06143806129693985,-0.5712420344352722,-0.0420205295085907,-0.015248039737343788,-0.39650243520736694,0.05934908241033554,-0.26199454069137573,0.16370855271816254,0.06887920200824738,8.284300565719604e-05,0.3526163101196289,0.16123463213443756,-0.3269597291946411,-0.2489481270313263,-0.25694751739501953,0.004572525154799223,0.03095218911767006,-0.17133580148220062,0.026872625574469566,0.12917709350585938,-0.15032616257667542,-0.1072121113538742,0.23220212757587433,-0.3004783093929291,-0.16685350239276886,0.01912437006831169,0.03165178745985031,-0.5624204874038696,-0.021892588585615158,-0.3777540624141693,-0.34568342566490173,-0.26894140243530273,-0.019653499126434326,-0.13718383014202118,-0.05965029075741768,-0.15483368933200836,-0.27570202946662903,0.6054807901382446,0.04940088465809822,0.004534675274044275,0.16387560963630676,-0.19974501430988312,-0.13594743609428406,-0.7224853038787842,-0.12863081693649292,0.04318736121058464,-0.11565156280994415,-0.029042279347777367,0.11005973815917969,-0.04131343215703964,-0.14263878762722015,0.2325705587863922,0.010186588391661644,-1.1220118999481201,0.2140815258026123,-0.16775153577327728,0.584669291973114,0.022823762148618698,0.03099941276013851,0.01904086396098137,0.39388352632522583,-0.08543457090854645,0.11965185403823853,-0.02855904959142208,0.2968538999557495,0.029961630702018738,0.07311123609542847,0.3917694687843323,0.05504050850868225,0.03751560300588608,0.3214002549648285,0.12247408926486969,0.028028830885887146,-0.02471843734383583,0.06259668618440628,-0.2213485687971115,-0.08278272300958633,-0.09375211596488953,0.1620776206254959,-0.05022085830569267,0.01401430368423462,0.3596500754356384,-0.004950590431690216,-0.02163136936724186,-0.10587916523218155,-0.05992215871810913,0.03774125874042511,-0.6289933919906616,0.20894630253314972,-0.0384836420416832,0.3013971447944641,0.11609003692865372,-0.3141397535800934,0.3345516324043274,0.015749946236610413,-0.048582203686237335,-0.10596568882465363,-0.14867740869522095,0.025113070383667946,-0.26618677377700806,0.3429836630821228,-0.2747749984264374,0.14146676659584045,-0.26434341073036194,0.18593060970306396,0.43444785475730896,-0.04120255634188652,0.12269921600818634,0.10716154426336288,-0.02325214073061943,-0.4590868055820465,0.13864478468894958,0.14255574345588684,-0.05321428179740906,-0.7081331014633179,-0.1010286957025528,-0.44441723823547363,-0.3238624036312103,0.3816254734992981,0.022125642746686935,0.24051077663898468,0.3862609565258026,0.07840181887149811,0.11987195163965225,0.05011321231722832,-0.5110546350479126,-0.35532549023628235,0.24715328216552734,-0.10503663867712021,0.03252805396914482,-0.47703129053115845,-0.009663134813308716,0.0008822977542877197,0.02028489112854004,0.0755702555179596,-0.12113992869853973,-0.10280726850032806,0.10466991364955902,-0.0259264949709177,-0.08671320229768753,-0.16261109709739685,-0.2807169556617737,-0.2776470184326172,-0.07145808637142181,0.02576182223856449,0.21490061283111572,0.010771108791232109,0.1026567667722702,0.09877465665340424,-0.19969582557678223,-0.30143651366233826,0.03512866422533989,-0.07383282482624054,0.1368064135313034,-0.016066232696175575,-0.8198021054267883,-0.07537349313497543,0.2189999520778656,0.36015066504478455,-0.2736864686012268,-0.17828962206840515,0.30642908811569214,0.11453817039728165,-0.12618131935596466,-0.08897314965724945,0.1614842563867569,-0.12723150849342346,-0.03902634233236313,0.07685559242963791,-0.041414327919483185,0.15628556907176971,-0.3822666108608246,0.10996401309967041,0.2189188301563263,0.3093961179256439,-0.05973540619015694,0.09081415832042694,-0.04331427440047264,0.050461553037166595,-0.3472840487957001,0.10200538486242294,0.2780161499977112,-0.0636129304766655,-0.0038733049295842648,0.14391562342643738,-0.08820000290870667,-0.04822389408946037,-0.2481061965227127,0.2399253100156784,-0.020921166986227036,-0.06947566568851471,-0.7201361656188965,0.020899221301078796,0.017877016216516495,-0.20220276713371277,-0.13707232475280762,0.22421839833259583,-0.12288905680179596,0.06168743222951889,0.08882476389408112,-0.05297893285751343,-0.3256077170372009,0.2875595688819885,0.06101600080728531,0.14526179432868958,-0.0026150518096983433,-0.11799156665802002,0.1968052238225937,-0.019953470677137375,0.6105027794837952,0.15373751521110535,-0.0971277728676796,-0.2649102807044983,-0.07705725729465485,-0.05655127763748169,-0.26759278774261475,0.1390209197998047,0.2886589467525482,-0.09267280250787735,0.08479923009872437,-0.16431622207164764,0.6309691071510315,-0.08666839450597763,-0.1252594292163849,-0.1620153933763504,0.15788739919662476,-0.1514369249343872,-0.41189417243003845,-0.3031252920627594,-0.25264841318130493,0.2616655230522156,0.04093754664063454,0.20556318759918213,-0.2772172689437866,0.06711480766534805,0.10198462009429932,0.16626383364200592,-0.08738457411527634,-0.12875205278396606,-0.07767429202795029,-0.3826506733894348,-0.05249650031328201,-0.7892225384712219,-0.0719321146607399,-0.03854987397789955,0.47005724906921387,-0.2768787443637848,0.05011012405157089,0.1070333868265152
CID000004046,2726,-0.20425942540168762,-0.17655602097511292,0.011192476376891136,-0.2978683114051819,0.5609636902809143,0.36986833810806274,-0.016580432653427124,-0.030116209760308266,-0.310762882232666,-0.20427504181861877,0.09875620156526566,-0.40751391649246216,0.10461926460266113,-0.23002679646015167,0.34736740589141846,0.09917502850294113,0.11481837928295135,0.41367679834365845,-0.21579936146736145,-0.09436636418104172,-0.008990335278213024,0.029329370707273483,0.1298111379146576,0.07459355145692825,0.03823843598365784,-0.0052290200255811214,0.17119050025939941,-0.0425228551030159,-0.2323085367679596,0.2967011630535126,-0.0637417659163475,-0.014685273170471191,-0.10148857533931732,-0.03201083093881607,-0.25729674100875854,-0.064934141933918,-0.5119563937187195,-0.3266623914241791,-0.04433901980519295,0.04289190098643303,0.27839356660842896,0.3247385025024414,-0.2382393330335617,-0.2193167507648468,0.031556807458400726,-0.09900154918432236,0.24155354499816895,0.1093364730477333,-0.2662566900253296,-0.011818381026387215,-0.06455729901790619,0.19020716845989227,-0.01309862732887268,-0.2908264994621277,-0.08764141798019409,-0.104829803109169,-0.07340173423290253,-0.19108018279075623,0.055369794368743896,0.0612599141895771,-0.8896357417106628,0.0009161531925201416,-0.1923578977584839,0.43782860040664673,0.2526807188987732,0.14996430277824402,-0.1514815092086792,0.07285331189632416,-0.18857812881469727,-0.04375472292304039,-0.12561477720737457,0.23192425072193146,0.09343323111534119,-0.1789749413728714,0.1641843616962433,-0.11406592279672623,-0.07047988474369049,0.13438136875629425,-0.06654582917690277,-0.2889178693294525,-0.28680619597435,0.11590739339590073,-0.23626801371574402,-0.28475016355514526,-0.2141638696193695,0.059932123869657516,-0.17035281658172607,0.03935556858778,0.48046302795410156,0.11266493797302246,0.014806663617491722,-0.2690230906009674,-0.0050782025791704655,0.009353846311569214,-0.4307575225830078,-0.0028665587306022644,-0.4116925299167633,0.41493892669677734,0.13715319335460663,-0.34926995635032654,0.2754655182361603,0.3981851637363434,-0.24820899963378906,0.0886407271027565,-0.2985610365867615,0.05244481563568115,-0.28811779618263245,0.2775145471096039,-0.2316146194934845,0.2823554575443268,-0.10362504422664642,0.09379292279481888,0.5528363585472107,0.21224649250507355,0.04545211046934128,0.0361446887254715,-0.27284055948257446,-0.05441104620695114,0.15548288822174072,0.05863536521792412,-0.07162018120288849,-0.5434286594390869,-0.10653628408908844,-0.2950426936149597,-0.2759914696216583,0.03211872652173042,-0.04699113965034485,0.34709495306015015,0.039018191397190094,-0.1346970498561859,0.01589798927307129,0.13860073685646057,-0.4220733642578125,-0.39763736724853516,-0.05223450809717178,-0.14979974925518036,0.11802923679351807,0.16423216462135315,-0.011596533469855785,-0.05004200339317322,-0.14529775083065033,0.1489279419183731,-0.3570111393928528,-0.07458557188510895,0.13885100185871124,0.15535256266593933,0.19562751054763794,-0.1282942295074463,0.08486025780439377,0.07886902987957001,0.023747364059090614,0.008382922038435936,0.04988907277584076,0.018458615988492966,0.25920185446739197,-0.09295654296875,-0.05770323798060417,-0.29024484753608704,0.06003687530755997,0.18413414061069489,0.22582018375396729,-0.12003286927938461,-0.8165844678878784,0.05299784988164902,-0.03335128352046013,0.3443041443824768,-0.09455955028533936,-0.20649564266204834,0.36271315813064575,-0.1994592249393463,-0.10705627501010895,-0.043935395777225494,0.4223356246948242,-0.13551941514015198,0.1815836876630783,0.014887915924191475,-0.1420137733221054,0.2033093273639679,-0.3809470534324646,-0.21017642319202423,0.22101354598999023,0.3330415189266205,-0.015995807945728302,-0.1052834764122963,-0.001452596508897841,-0.03587145730853081,-0.39316752552986145,-0.26411062479019165,0.2663050591945648,-0.1443854123353958,-0.1092519536614418,0.10293493419885635,0.11267459392547607,-0.017453718930482864,-0.1982378363609314,0.3847370147705078,-0.007726611103862524,-0.07588855922222137,-0.2690974175930023,-0.07505842298269272,0.042469896376132965,-0.010885047726333141,-0.1583770513534546,0.002482447074726224,-0.15018680691719055,0.2158927023410797,0.24497632682323456,-0.0073934197425842285,-0.12310770899057388,-0.03291495889425278,-0.1088675707578659,0.27363961935043335,0.09521447867155075,0.11274665594100952,0.23758864402770996,-0.06678938120603561,0.3018637001514435,0.24813421070575714,-0.05094568058848381,-0.35575544834136963,-0.15164504945278168,-0.10241719335317612,-0.30260810256004333,0.01717131957411766,0.2769182324409485,-0.009462910704314709,0.328660249710083,-0.3424437642097473,0.622608482837677,0.1573771834373474,-0.2690861225128174,-0.17279145121574402,-0.13145527243614197,-0.11327173560857773,-0.264316201210022,-0.23241499066352844,-0.08055168390274048,0.12396013736724854,0.01939600706100464,0.027013186365365982,-0.050827037543058395,-0.2512555718421936,-0.015608382411301136,0.13509124517440796,0.24087472259998322,-0.4102836549282074,0.17572344839572906,-0.11343465745449066,0.05084048956632614,-0.5362715125083923,-0.15233896672725677,-0.04643433541059494,0.2256649285554886,-0.09541548788547516,0.09596554189920425,-0.0880662351846695
CID000002673,2938,-0.05440371111035347,-0.2620047926902771,0.06285866349935532,-0.5522352457046509,0.650122344493866,0.46353715658187866,0.22007910907268524,0.04891645163297653,-0.4560999870300293,-0.10704860836267471,0.3014894127845764,-0.4408499598503113,0.011107688769698143,0.06459347903728485,-0.05894101783633232,-0.19124062359333038,0.052978772670030594,0.22930005192756653,-0.4541086256504059,-0.3453981280326843,0.16780948638916016,-0.21543070673942566,0.04074938967823982,-0.19275812804698944,0.15502090752124786,-0.1293935328722,-0.07901223748922348,-0.18583765625953674,-0.08272112905979156,0.24247977137565613,-0.2650240957736969,0.09717155247926712,-0.4767957329750061,0.14478027820587158,-0.11297732591629028,0.3087150454521179,-0.5443809032440186,-0.5150713324546814,-0.22813796997070312,-0.339578241109848,0.03570137172937393,-0.1122855544090271,-0.3740479052066803,0.08303967863321304,0.2573779821395874,0.21478362381458282,-0.10697214305400848,-0.02931278385221958,0.040738753974437714,-0.07473675161600113,-0.36352112889289856,0.03286435455083847,-0.050090957432985306,-1.1140316724777222,-0.013940984383225441,-0.20631439983844757,0.0824432522058487,0.021925410255789757,0.9853155016899109,-0.10348266363143921,-0.9848848581314087,0.08547457307577133,-0.1906890720129013,0.34185561537742615,0.17022420465946198,-0.44742831587791443,-0.4930002689361572,0.11265230178833008,0.5167317390441895,-0.07316349446773529,-0.7117108106613159,0.3344748616218567,-0.11766117811203003,-0.1117972582578659,0.45568615198135376,0.16356027126312256,0.345865398645401,-0.028524249792099,0.16944731771945953,0.4979359209537506,-0.14097900688648224,0.03540500998497009,0.100022092461586,-0.05830498784780502,-0.08548768609762192,0.2250780612230301,0.19061680138111115,-0.01775376871228218,0.5072046518325806,0.3213788568973541,-0.14367465674877167,-0.055079735815525055,-0.20868253707885742,-0.24076560139656067,-0.6244416236877441,0.02533712424337864,-0.06413693726062775,0.3566269278526306,-0.18560247123241425,0.04718160256743431,0.13082373142242432,0.6594992280006409,-0.01559178065508604,0.5303019285202026,-0.06899265199899673,0.12177389860153198,-0.3639736473560333,0.34659290313720703,-0.14556355774402618,0.5486768484115601,-0.22208595275878906,0.07697071135044098,0.444955974817276,-0.22397978603839874,0.0362207293510437,0.10195691883563995,-0.3138199746608734,-0.19437560439109802,-0.08459571748971939,0.13804899156093597,-0.0083529744297266,-0.7714625597000122,0.055329471826553345,-0.3987801969051361,-0.5553630590438843,0.4052657186985016,-0.049014389514923096,0.3708781599998474,0.07709871232509613,-0.20026130974292755,0.1623692363500595,0.5226216316223145,-0.6931406259536743,-0.43822821974754333,0.22985593974590302,-0.09084536135196686,0.3008800148963928,-0.2208128422498703,0.3238492012023926,-0.2156224250793457,0.012581432238221169,0.6348020434379578,-0.010306177660822868,-0.05523787811398506,-0.044963277876377106,0.18436601758003235,0.41413721442222595,-0.19860555231571198,0.12828567624092102,-0.10579489171504974,-0.0031556300818920135,0.07138614356517792,-0.26594239473342896,0.0817343220114708,-0.0526505783200264,0.14069196581840515,-0.08897963911294937,-0.2298016995191574,-0.24023906886577606,-0.10966832935810089,0.7286142706871033,0.19315417110919952,-0.994306743144989,-0.10319684445858002,0.39754369854927063,0.46145305037498474,-0.1478642374277115,0.6020938754081726,0.14794959127902985,-0.08596239984035492,-0.4678242802619934,-0.31379809975624084,0.6281105279922485,-0.21060939133167267,-0.0590314157307148,-0.07839373499155045,0.03461245819926262,0.03774559125304222,-0.09359283745288849,-0.17405550181865692,-0.012720215134322643,0.018727734684944153,-0.08959255367517471,-0.21322062611579895,0.014254450798034668,-0.02925986424088478,-0.03168400377035141,0.10288269817829132,0.3182096481323242,-0.13281241059303284,0.25853782892227173,-0.39414408802986145,0.14627201855182648,0.18822318315505981,-0.029369035735726357,0.604803740978241,0.4787224233150482,-0.004509720019996166,-0.28310996294021606,-0.5063248872756958,-0.2115168571472168,-0.005413399077951908,-0.3313266634941101,0.11934765428304672,-0.35174065828323364,0.22460171580314636,-0.22586163878440857,-0.4781416952610016,-0.07074500620365143,-0.15674015879631042,0.22668643295764923,0.18431726098060608,0.028467301279306412,-0.15737178921699524,1.5667378902435303,0.04539167881011963,0.6357775330543518,0.3716593384742737,-0.17251910269260406,-0.12702623009681702,0.32918602228164673,0.09758505970239639,-0.6592720150947571,0.2446175366640091,0.22106900811195374,0.31480729579925537,0.005759678781032562,-0.7453315258026123,0.9089120626449585,0.7012251019477844,-0.15542440116405487,-0.711193859577179,0.021519318222999573,0.08080963045358658,-0.4419493079185486,-0.2146960198879242,-0.12241698801517487,0.047164417803287506,-0.13849306106567383,0.09909725189208984,-0.28119173645973206,0.0916575938463211,0.1098344475030899,-0.041278038173913956,0.3891478180885315,-0.9030618667602539,0.27073219418525696,0.018347639590501785,-0.14874133467674255,-0.686022937297821,0.11469801515340805,0.017761940136551857,0.21733132004737854,-0.34922873973846436,-0.028771843761205673,0.022598017007112503
CID000003381,2941,-0.11257709562778473,-0.01237991452217102,0.046650923788547516,-0.3654037117958069,0.18060219287872314,0.6533859372138977,-0.015269046649336815,-0.33784791827201843,-0.4792928099632263,-0.03948556259274483,0.005244016647338867,-0.2921389043331146,0.4917562007904053,0.02800583280622959,0.16849902272224426,-0.08105069398880005,-0.06942982971668243,-0.19999772310256958,0.10466217994689941,0.23046664893627167,-0.08022706210613251,0.3147645592689514,-0.0694773867726326,0.1967119425535202,0.07876930385828018,0.13511040806770325,0.03415451571345329,-0.2974853515625,-0.1233677864074707,0.26785534620285034,0.10529730468988419,-0.05329073593020439,-0.34219127893447876,0.07983707636594772,-0.30231887102127075,0.032253000885248184,-0.2571547031402588,-0.40419143438339233,0.07366211712360382,0.21786709129810333,0.11882195621728897,-0.17530138790607452,-0.10946168750524521,0.01928192935883999,0.52009117603302,0.243981271982193,-0.02623116597533226,0.004483902361243963,-0.14781013131141663,0.04508225992321968,-0.6118019223213196,-0.07123906910419464,-0.08330880105495453,-0.31418800354003906,0.38153401017189026,-0.03616800159215927,0.009514587931334972,-0.15749099850654602,0.709835410118103,0.02851981855928898,-0.9918708801269531,0.07528319209814072,0.11772723495960236,0.8215713500976562,-0.13215991854667664,-0.548974871635437,-0.23069770634174347,0.367792010307312,0.495089054107666,-0.15514913201332092,-0.9292651414871216,-0.34259232878685,0.14549371600151062,0.1409246325492859,0.5472914576530457,-0.08467213809490204,0.23969963192939758,0.21866051852703094,-0.12590870261192322,-0.26857396960258484,-0.044898562133312225,0.13619837164878845,0.3075229525566101,-0.03148960322141647,-0.005826360080391169,-0.4175533354282379,-0.5039915442466736,0.16336193680763245,0.8672688603401184,0.03573005646467209,0.22061297297477722,-0.2547779679298401,-0.04439859837293625,0.1804323047399521,-0.564864456653595,0.052785467356443405,-0.303439199924469,0.332797110080719,0.17201100289821625,0.02949540689587593,0.6040295362472534,0.13335207104682922,0.2575243413448334,0.1338522732257843,-0.30352652072906494,-0.03478475660085678,-0.1585358828306198,0.22496235370635986,0.12123978137969971,0.47259917855262756,-0.12079302221536636,-0.07660676538944244,0.48306864500045776,-0.2122303694486618,0.08904677629470825,0.15811629593372345,-0.182773157954216,-0.13479408621788025,0.06525380164384842,-0.06358044594526291,0.20174045860767365,-0.7512500286102295,0.13528987765312195,-0.2493218630552292,-0.7640720009803772,0.0055457474663853645,-0.06506410986185074,0.5455899238586426,0.1855674684047699,-0.012276721186935902,-0.0032990467734634876,0.3455098271369934,-0.9007022976875305,-0.6174890995025635,0.0013425886863842607,0.0766531378030777,0.4521334767341614,-0.47507244348526,0.07825186103582382,0.05205653980374336,-0.03574390336871147,0.4349115788936615,-0.15813040733337402,-0.03531694784760475,-0.10007860511541367,-5.057156158727594e-05,0.02211529016494751,0.4958508014678955,0.004088827408850193,0.3354233205318451,-0.36113816499710083,-0.3735353946685791,0.02038196288049221,0.058729011565446854,0.06720143556594849,0.18947860598564148,0.12799637019634247,-0.18380005657672882,0.15305618941783905,-0.12368319183588028,0.44377970695495605,-0.21100935339927673,-1.2475943565368652,-0.05402274802327156,0.5082232356071472,0.34218019247055054,-0.0694674402475357,0.004901009611785412,0.4067346453666687,0.13502222299575806,-0.1404261589050293,-0.028464889153838158,0.5131100416183472,-0.19934025406837463,0.08530902862548828,-0.08279963582754135,-0.0003563120844773948,0.05411068722605705,-0.44187283515930176,0.03509270027279854,0.049540627747774124,0.33375972509384155,0.16179458796977997,-0.20033302903175354,0.07858780771493912,-0.41431283950805664,-0.14168882369995117,0.0768410712480545,0.7238289713859558,-0.004865062423050404,-0.1444980353116989,0.019870569929480553,0.03610100597143173,0.23219215869903564,-0.052492767572402954,0.3480052053928375,0.24009867012500763,-0.007098394446074963,-0.04940858483314514,0.41410356760025024,-0.006147968117147684,0.18919900059700012,-0.15641167759895325,-0.1672128140926361,-0.25718340277671814,0.2330346405506134,0.3631226122379303,-0.1982305645942688,-0.4023405611515045,0.2966288626194,0.4933355450630188,0.0420917347073555,0.01058970671147108,0.412667840719223,0.13412854075431824,-0.1709371656179428,0.4540034234523773,-0.01658589020371437,0.1755276918411255,-0.12452337890863419,0.18572962284088135,-0.07742997258901596,-0.6853849291801453,0.03778360038995743,0.5300585627555847,0.021790599450469017,0.27064767479896545,-0.5834349393844604,0.5826057195663452,-0.09833966195583344,0.18800947070121765,-0.23076272010803223,0.059490226209163666,0.08335796743631363,-0.3854520618915558,-0.17899739742279053,0.0036419734824448824,0.15970399975776672,0.13346391916275024,-0.11388774961233139,-0.04500412195920944,0.3183593153953552,0.023419547826051712,0.3059992492198944,0.172816202044487,-0.7297928929328918,0.06716341525316238,0.12071610987186432,0.0949845016002655,-0.7045855522155762,0.14334635436534882,0.3138244152069092,0.1024608165025711,-0.06759525835514069,0.023748278617858887,-0.11365939676761627
CID000072467,2942,0.04460404813289642,0.08237608522176743,-0.01726287044584751,0.12108831107616425,0.29055270552635193,0.2712971270084381,0.15024112164974213,-0.08842051029205322,-0.23478183150291443,-0.17725208401679993,0.021410679444670677,-0.49655681848526,0.21999061107635498,-0.14599789679050446,-0.16836783289909363,-0.20807424187660217,0.05513875558972359,-0.20666782557964325,0.11664245277643204,-0.008710181340575218,0.2162475287914276,-0.18844002485275269,-0.26578015089035034,0.08065170049667358,-0.10768084228038788,-0.1491110920906067,0.21085011959075928,0.1425069272518158,-0.07783837616443634,0.38859012722969055,-0.2560991644859314,0.3452238142490387,0.10503183305263519,0.0412067249417305,-0.6749213933944702,0.06434861570596695,-0.17453019320964813,-0.2033097743988037,-0.2829098701477051,0.0439160093665123,0.04987180978059769,0.15066255629062653,-0.287836492061615,0.03906438872218132,0.43534475564956665,-0.02827809751033783,-0.09954144060611725,0.1607062965631485,0.020588885992765427,-0.2926560044288635,-0.5678921937942505,0.028470491990447044,-0.32018646597862244,-0.2877674698829651,-0.02448662370443344,0.041249051690101624,-0.0032095611095428467,-0.10466102510690689,0.3236500322818756,0.021390551701188087,-0.9296411275863647,0.12764708697795868,-0.3170761168003082,0.14350789785385132,-0.08306524902582169,0.05727799981832504,-0.1323101818561554,0.4193921685218811,0.005944828502833843,-0.09935624897480011,-0.2503671944141388,-0.09832342714071274,-0.15645793080329895,0.14254465699195862,0.25821951031684875,0.22714081406593323,0.25173085927963257,0.2708946466445923,-0.07326536625623703,0.022092033177614212,-0.06083454564213753,-0.15182238817214966,0.060393720865249634,0.10595472157001495,-0.07936426997184753,-0.05228503420948982,-0.3349100351333618,0.10211988538503647,0.4567517638206482,-0.03662913292646408,-0.028737198561429977,-0.09979745000600815,0.0131348492577672,-0.18107590079307556,-0.5072335600852966,-0.1258462369441986,-0.08175168931484222,0.1004277840256691,0.11747008562088013,-0.21371600031852722,0.2722873091697693,0.16351047158241272,-0.15751798450946808,0.2013293206691742,-0.22506511211395264,-0.16764795780181885,-0.3758024573326111,0.175649493932724,0.10561863332986832,0.25506559014320374,0.023612748831510544,0.1505460888147354,0.14005988836288452,0.1335451751947403,0.3537593185901642,-0.016657626256346703,0.014916181564331055,-0.5183541774749756,0.08197857439517975,-0.04474658891558647,0.1770082712173462,-0.8808624148368835,-0.14995543658733368,-0.20069298148155212,-0.47173434495925903,0.08923609554767609,0.1167987808585167,0.4466093182563782,0.14669451117515564,0.15455244481563568,0.08503545820713043,-0.16336078941822052,-0.535527229309082,-0.28034645318984985,0.22114241123199463,0.012896823696792126,0.2785753309726715,-0.2783462405204773,0.04839218407869339,-0.21291828155517578,-0.07632829248905182,0.20690543949604034,0.06874873489141464,-0.21561947464942932,-0.17535951733589172,-0.08954290300607681,-0.16322490572929382,0.01016129832714796,0.23140688240528107,-0.11570944637060165,-0.015788782387971878,0.027964210137724876,-0.18317954242229462,0.2797652781009674,0.18617868423461914,-0.10062243789434433,-0.135360449552536,-0.43534183502197266,-0.16059161722660065,0.22774891555309296,-0.040698785334825516,-0.09122501313686371,-0.96156245470047,0.03503978252410889,0.5476268529891968,0.14005503058433533,-0.17978529632091522,0.15148469805717468,0.08301296085119247,0.05747370794415474,-0.12677837908267975,-0.17708900570869446,0.3070712983608246,-0.1361047923564911,-0.1629037857055664,0.17408056557178497,0.06156077980995178,-0.05569665879011154,-0.34810394048690796,0.0004597097577061504,0.3924373984336853,0.25490352511405945,-0.028117423877120018,-0.015819841995835304,-0.018233735114336014,-0.05167798325419426,-0.23344719409942627,-0.07375234365463257,0.6999368667602539,-0.06370954215526581,0.17117974162101746,-0.4277009963989258,0.014247034676373005,-0.05273637920618057,-0.11011777818202972,0.25046777725219727,0.03291972354054451,-0.2406490594148636,-0.33588045835494995,0.09183618426322937,-0.07813289016485214,-0.11743025481700897,-0.34546393156051636,0.08931275457143784,-0.16440971195697784,0.06190593168139458,0.017629826441407204,-0.18745246529579163,-0.40028366446495056,-0.17068719863891602,0.22127172350883484,-0.048783861100673676,-0.12951907515525818,0.020236274227499962,0.20632290840148926,-0.18376053869724274,0.4921979308128357,-0.0007646083831787109,0.12739360332489014,0.09090538322925568,0.05366545915603638,-0.14622962474822998,-0.532937228679657,-0.19502326846122742,0.26266172528266907,-0.03127339109778404,0.1348435878753662,-0.28633323311805725,0.9312282800674438,0.3905138373374939,-0.10395829379558563,-0.1448172926902771,0.0045831636525690556,0.10075273364782333,-0.4830428659915924,-0.19631525874137878,-0.054854024201631546,0.06161656230688095,0.22219523787498474,0.185653954744339,-0.2725793719291687,-0.052919406443834305,-0.04028170183300972,-0.02905597724020481,0.016856515780091286,-0.13240951299667358,0.18113479018211365,-0.0017352879513055086,0.14491212368011475,-0.9992820024490356,-0.14721263945102692,0.4236871302127838,0.21208128333091736,0.14727814495563507,0.058959610760211945,-0.08572660386562347
CID000004428,2953,0.10410735756158829,0.06124764680862427,0.037886399775743484,-0.2815377116203308,0.4055333137512207,0.32498055696487427,-0.19254544377326965,0.24178819358348846,-0.3098967671394348,-0.3624792695045471,0.11847500503063202,-0.7558227777481079,-0.001291049993596971,-0.4804081916809082,-0.20149090886116028,0.0224944856017828,0.3613371253013611,-0.3395049571990967,0.02630075253546238,-0.033150725066661835,0.2386002540588379,-0.09276480972766876,0.013905811123549938,0.11893763393163681,0.014754134230315685,-0.09007801860570908,-0.034790538251399994,-0.021893739700317383,0.0705171599984169,0.3953999876976013,-0.09347502887248993,-0.004294593818485737,0.24656398594379425,-0.02333921752870083,-0.4789333939552307,-0.22291162610054016,-0.32881027460098267,-0.2087513655424118,-0.14706693589687347,-0.02965477667748928,0.1240493655204773,0.29859843850135803,-0.25488290190696716,-0.15615561604499817,0.13073979318141937,0.18255428969860077,-0.1454273909330368,-0.034760892391204834,0.04433070495724678,-0.04455188661813736,-0.20639567077159882,-0.09762319922447205,-0.10623011738061905,-0.16109248995780945,-0.013567546382546425,0.04717956855893135,0.004542187787592411,0.00650728028267622,0.7136313319206238,0.05502285808324814,-0.7165352702140808,0.21081073582172394,-0.402513325214386,-0.083719901740551,0.08871297538280487,0.5022143125534058,-0.2572147250175476,-0.06507811695337296,0.027278561145067215,0.055917687714099884,0.014738532714545727,0.15784214437007904,0.0925091803073883,0.2881661057472229,0.1267475187778473,0.060917794704437256,-0.11583975702524185,0.1354183852672577,0.22224965691566467,-0.16254672408103943,-0.4783773422241211,-0.2274814397096634,-0.14947004616260529,-0.16018277406692505,-0.07848374545574188,-0.05416477471590042,-0.3748839795589447,0.024581050500273705,0.36500421166419983,0.09069102257490158,0.03071018122136593,-0.20638950169086456,0.06319297850131989,0.01401134766638279,-0.5315643548965454,0.004985020961612463,-0.09534285962581635,0.416077196598053,0.12048593908548355,-0.43990558385849,0.2514844834804535,0.1955876648426056,-0.03438286855816841,0.11795686185359955,-0.1850360482931137,0.06641986221075058,-0.3694172501564026,0.49525371193885803,0.1730043739080429,0.05699634552001953,0.09230001270771027,0.024584978818893433,0.21247906982898712,-0.07900549471378326,0.17035488784313202,0.0761297196149826,-0.05799158290028572,-0.23982378840446472,0.15725968778133392,0.15102967619895935,-0.24806344509124756,-0.6271699666976929,-0.22228066623210907,-0.1733008325099945,-0.3058020770549774,-0.11191818863153458,0.1749027669429779,0.199693962931633,0.16092973947525024,0.008493694476783276,-0.025913119316101074,0.17757824063301086,-0.4748801290988922,-0.31813132762908936,-0.17910973727703094,-0.36226189136505127,0.03341265395283699,-0.10769226402044296,-0.11735700070858002,-0.38584914803504944,0.11306252330541611,0.11355511844158173,0.1552945226430893,-0.07289506494998932,0.24590694904327393,-0.24552138149738312,-0.0567757710814476,0.10000238567590714,0.30953994393348694,-0.0363469198346138,0.031189149245619774,-0.12749405205249786,-0.1489623337984085,-0.06670142710208893,0.0269106887280941,0.002634053584188223,-0.07345603406429291,-0.3063017725944519,-0.010219939053058624,-0.08938087522983551,-0.012773990631103516,-0.010916980914771557,-0.7343916893005371,0.06282783299684525,0.2908429503440857,0.10277899354696274,-0.198978990316391,0.12297330796718597,-0.09147904813289642,-0.19852378964424133,-0.013837890699505806,0.01600467599928379,0.6256064176559448,-0.17247721552848816,-0.19677475094795227,-0.21881410479545593,0.10886241495609283,0.05758504942059517,-0.4266274869441986,0.1639517992734909,0.01613156870007515,0.23369450867176056,0.030075183138251305,0.049731891602277756,-0.007112747523933649,0.021380972117185593,0.0803782120347023,-0.16626396775245667,0.5266543626785278,0.2184193879365921,0.46307119727134705,-0.3674113154411316,-0.06681462377309799,-0.3937707543373108,-0.49816370010375977,0.8322834968566895,-0.0599014051258564,0.06390805542469025,-0.594742476940155,-0.2604263424873352,0.2488270252943039,-0.3482017517089844,-0.4809766709804535,0.12845322489738464,0.10931048542261124,0.6109886169433594,-0.1556456983089447,-0.3859943747520447,-0.025240987539291382,-0.24307838082313538,-0.011394347064197063,0.10133198648691177,0.018607407808303833,0.048491381108760834,0.1461416333913803,-0.04585973918437958,0.5012742280960083,0.15255112946033478,-0.046640533953905106,-0.15025374293327332,-0.06454712152481079,0.07575702667236328,-0.3975133001804352,0.20241093635559082,0.04561614617705345,0.25787872076034546,0.1546294391155243,-0.08436749130487442,0.7247700691223145,0.01677749492228031,-0.057917676866054535,-0.2819386422634125,-0.2090778648853302,0.04134703427553177,-0.46101027727127075,-0.39965900778770447,0.19669392704963684,0.35802632570266724,0.0026012896560132504,-0.018375640735030174,-0.4070250391960144,0.006184107158333063,0.04813709855079651,0.09816450625658035,0.16218402981758118,-0.33664989471435547,0.7588101625442505,-0.06425075232982635,0.06970126181840897,-0.6418110132217407,0.006391170434653759,0.11940737813711166,0.18498089909553528,0.038253702223300934,-0.05022590607404709,-0.06259369850158691
CID000057469,2956,-0.17018923163414001,-0.12280094623565674,-0.169732928276062,-0.21116921305656433,0.4669303894042969,0.23611211776733398,-0.12728796899318695,0.00452416529878974,-0.24627742171287537,-0.19547802209854126,0.13407817482948303,-0.3501341938972473,-0.04112697392702103,-0.16126511991024017,0.0941433534026146,0.08033406734466553,0.0689041018486023,-0.1592559814453125,-0.1682480126619339,0.011980037204921246,0.07496364414691925,0.12744387984275818,0.13922753930091858,-0.08639438450336456,-0.0956486314535141,-0.06395076215267181,-0.23029020428657532,0.07718763500452042,-0.088833287358284,0.24708764255046844,-0.07213012874126434,-0.35040977597236633,-0.0033689080737531185,0.0917544737458229,-0.48173612356185913,0.03021179512143135,-0.2753717303276062,-0.2586232125759125,-0.10611502081155777,-0.10525257885456085,0.14923861622810364,-0.11451520770788193,-0.24450278282165527,-0.2299201935529709,0.05560636520385742,0.17676115036010742,0.07958874106407166,0.11587431281805038,0.07467356324195862,-0.06412917375564575,-0.013687965460121632,0.029482359066605568,0.03893265128135681,-0.1621120274066925,0.09092248976230621,-0.017912719398736954,-0.1404939591884613,0.0068263402208685875,0.2872428596019745,-0.06475013494491577,-0.8906328082084656,-0.03748415783047676,-0.1370067596435547,0.25108182430267334,0.1694834977388382,0.06989942491054535,-0.105247363448143,0.09192581474781036,-0.06361667811870575,0.06189969182014465,-0.11704111099243164,-0.03225494548678398,0.019824113696813583,-0.1334964483976364,0.2502520680427551,-0.13583573698997498,-0.18981409072875977,0.05528620630502701,0.09817288815975189,-0.13166287541389465,-0.300035297870636,-0.13388986885547638,-0.262166827917099,0.06588374078273773,-0.09861959517002106,-0.19955499470233917,-0.14910870790481567,-0.11481118202209473,0.322988897562027,-0.051610756665468216,0.05463096499443054,-0.00853397510945797,0.09586811810731888,-0.048007410019636154,-0.5421968698501587,-0.01866402104496956,-0.15205399692058563,0.2615872621536255,0.008972197771072388,-0.24841241538524628,0.27014774084091187,0.1643875539302826,-0.34320956468582153,0.050545014441013336,-0.021349042654037476,0.1064160093665123,-0.5417802929878235,0.20393507182598114,0.056825339794158936,0.06549660861492157,0.15099944174289703,0.17323549091815948,0.17282959818840027,0.05866895988583565,-0.024248259142041206,0.10848404467105865,-0.024981200695037842,-0.13300666213035583,0.13642288744449615,0.03651154041290283,-0.260414183139801,-0.7068848609924316,0.10437259823083878,-0.14613738656044006,-0.32515770196914673,0.13157285749912262,0.014576959423720837,0.3590443432331085,0.0870174691081047,-0.11228664219379425,-0.2911577820777893,0.08183186501264572,-0.34868961572647095,-0.35865485668182373,-0.10715313255786896,-0.1982613056898117,0.18053337931632996,0.029063817113637924,-0.03845292329788208,0.03582765907049179,0.05268228054046631,0.06767844408750534,-0.2033204734325409,-0.01754629984498024,0.10772943496704102,-0.38827139139175415,0.08035509288311005,-0.05575285106897354,0.18001024425029755,0.16603153944015503,-0.10765683650970459,0.1112782210111618,0.1283489465713501,0.03887519612908363,-0.0242982916533947,-0.02730938233435154,-0.10207600891590118,-0.30505913496017456,0.05614418536424637,0.17862525582313538,0.030174944549798965,0.013046497479081154,-0.9426081776618958,0.16787627339363098,0.16535866260528564,0.2857622504234314,-0.17772963643074036,-0.009135991334915161,0.15850795805454254,0.09376157820224762,-0.07466384768486023,-0.1815648078918457,0.34359604120254517,-0.15783816576004028,0.003165554953739047,0.0702906921505928,0.22239284217357635,0.16009521484375,-0.47934141755104065,-0.08100079745054245,0.2172025740146637,0.2177085429430008,0.08374069631099701,-0.025669123977422714,-0.07694093883037567,-0.005492150783538818,-0.20852570235729218,0.06358985602855682,0.45758599042892456,-0.04504362493753433,0.2929573655128479,-0.18231749534606934,-0.09031642973423004,-0.09503258764743805,-0.07297729700803757,0.39291948080062866,-0.028551775962114334,0.0471787266433239,0.0023286312352865934,-0.10004813969135284,-0.03158111497759819,-0.07463835179805756,-0.06780503690242767,0.11768753826618195,-0.09900905191898346,0.2078894078731537,0.1453840285539627,-0.09541753679513931,0.04922262579202652,-0.11090737581253052,0.029828455299139023,-0.05226663500070572,0.05349168926477432,0.10149963945150375,0.18266184628009796,0.09610943496227264,0.341047465801239,0.012794953770935535,0.02303459122776985,-0.42245373129844666,-0.05560876056551933,-0.03746601194143295,-0.4529356062412262,0.08456885814666748,0.22955846786499023,-0.17705559730529785,0.14590692520141602,-0.24034340679645538,0.7482264637947083,0.05204327031970024,-0.205417662858963,-0.07177469879388809,-0.18941213190555573,-0.04398695379495621,-0.6196025013923645,-0.15829846262931824,0.04674653336405754,0.1923656165599823,0.1307167261838913,0.03103845752775669,-0.31433209776878357,-0.03397635370492935,0.14199139177799225,0.07445023208856583,0.07283991575241089,-0.17175722122192383,0.0858391746878624,0.0006268859142437577,-0.03610115498304367,-0.5925847291946411,0.09127262234687805,-0.02273171953856945,0.17419390380382538,-0.08416597545146942,0.03969781845808029,0.03948445990681648
CID004479097,3043,-0.020352963358163834,0.10032317787408829,-0.09603562951087952,0.010082930326461792,0.23774001002311707,0.24416515231132507,0.06820693612098694,0.07045396417379379,-0.2979140877723694,-0.2684607207775116,-0.025300556793808937,-0.5805161595344543,0.19767901301383972,-0.1901383250951767,-0.3127271831035614,-0.17489714920520782,0.024885570630431175,-0.15797989070415497,0.14572195708751678,-0.04784289747476578,0.11961381137371063,-0.00852903164923191,-0.18802973628044128,0.07535713165998459,-0.10214003175497055,-0.1952115297317505,0.27946045994758606,0.05931147187948227,-0.04585178941488266,0.3771161437034607,-0.2122342884540558,0.24588723480701447,0.0035645291209220886,0.1322009414434433,-0.6638385653495789,-0.032704077661037445,-0.15671703219413757,-0.23105581104755402,-0.2355235069990158,0.030842354521155357,-0.006894451566040516,0.06410787254571915,-0.3248022794723511,0.16731378436088562,0.41354137659072876,0.14762607216835022,0.11293070018291473,-0.0026446902193129063,-0.005148756317794323,-0.21484942734241486,-0.5612933039665222,0.1566452980041504,-0.3253237307071686,-0.2437586486339569,0.1774924099445343,0.01276968140155077,-0.028843175619840622,-0.06131519004702568,0.4381903111934662,0.13472533226013184,-0.8901093602180481,0.16962377727031708,-0.4191211760044098,0.09104182571172714,-0.03951020538806915,0.06294820457696915,-0.1233098953962326,0.4405037462711334,0.0986313745379448,-0.029075313359498978,-0.056614816188812256,-0.19600772857666016,-0.0779985785484314,0.21658973395824432,0.2593427300453186,0.19228561222553253,0.13012495636940002,0.34835511445999146,0.10216889530420303,-0.07511656731367111,-0.09558390825986862,-0.01407875120639801,-0.01617429219186306,-0.11370022594928741,-0.05332840606570244,-0.034125007688999176,-0.3463899791240692,0.21164223551750183,0.3699672818183899,0.0016176521312445402,-0.12175583839416504,-0.16233351826667786,-0.0617794506251812,-0.15565155446529388,-0.41874074935913086,-0.11216633021831512,-0.07196754962205887,0.16507966816425323,0.1656670868396759,-0.2338278591632843,0.15236961841583252,0.19808074831962585,-0.2721851170063019,0.08536457270383835,-0.17496757209300995,-0.07632163912057877,-0.47503480315208435,0.27393946051597595,0.22232957184314728,0.2078314572572708,0.1621140092611313,0.23983891308307648,0.05645511671900749,0.14147448539733887,0.2265176773071289,0.12897361814975739,0.04902889207005501,-0.5450724959373474,0.1410614401102066,-0.03521836921572685,0.05017826706171036,-0.819049060344696,-0.28945356607437134,-0.1839827597141266,-0.33294957876205444,0.26877760887145996,0.11547169834375381,0.2910996377468109,0.20574097335338593,0.0957324355840683,-0.00820370577275753,-0.15054643154144287,-0.5363355875015259,-0.27436694502830505,0.022354474291205406,0.01164994202554226,0.2170291393995285,-0.2942492961883545,0.014996198005974293,-0.3073127865791321,-0.038750674575567245,0.16977521777153015,0.21251873672008514,-0.08303868770599365,-0.18642184138298035,-0.07307644188404083,-0.17161424458026886,-0.020630042999982834,0.14387939870357513,-0.0125757846981287,0.006604147143661976,-0.0169382207095623,-0.09613753110170364,0.18379029631614685,0.22946329414844513,-0.04325655847787857,-0.09166772663593292,-0.4462898373603821,-0.06423820555210114,0.11212251335382462,-0.09267927706241608,-0.11141873896121979,-0.9165790677070618,0.06329715996980667,0.5482765436172485,0.11193148046731949,-0.14483913779258728,0.11513455957174301,-0.09315221756696701,0.08533458411693573,-0.2583855986595154,-0.31072288751602173,0.3374614119529724,-0.14630809426307678,-0.06053077429533005,-0.03901460021734238,-0.008407974615693092,-0.05603092163801193,-0.35605093836784363,-0.05914701893925667,0.4008941650390625,0.16051174700260162,0.15830546617507935,-0.0126781165599823,0.02852381393313408,-0.013695168308913708,-0.14299316704273224,-0.2067316323518753,0.5440050959587097,-0.03497667238116264,0.17610161006450653,-0.24410481750965118,-0.02406287007033825,-0.12848398089408875,-0.15186259150505066,0.25784558057785034,0.06682957708835602,-0.21941561996936798,-0.3863213062286377,0.1893850564956665,0.03827245905995369,-0.23312321305274963,-0.18572720885276794,0.05123350769281387,-0.02872217260301113,0.08074025064706802,-0.10108079761266708,-0.0787043571472168,-0.30880826711654663,-0.11620418727397919,0.12601391971111298,0.19359199702739716,-0.06247608736157417,0.08052822202444077,0.20280376076698303,-0.3162563443183899,0.5398256778717041,-0.01198347844183445,-0.03637581318616867,0.00959467887878418,0.01973177120089531,-0.17069654166698456,-0.5620476007461548,-0.07987300306558609,0.300431489944458,-0.08222074806690216,0.15903040766716003,-0.2758520245552063,0.9733535647392273,0.26424485445022583,-0.18260422348976135,-0.1320086121559143,-0.1053343415260315,0.15535631775856018,-0.4921826422214508,-0.2733563780784607,0.05473502725362778,0.09069712460041046,0.34703493118286133,0.2551770806312561,-0.4179924428462982,-0.11925579607486725,-0.02565046213567257,0.19047440588474274,-0.04638735204935074,-0.04768458753824234,0.142819344997406,0.03128844499588013,0.20210452377796173,-0.8873383402824402,-0.2570720613002777,0.4926021695137024,0.16354568302631378,-0.021129177883267403,0.016314467415213585,-0.019521009176969528
CID000004932,3311,-0.1166033148765564,0.0264821108430624,0.37508755922317505,0.11790905147790909,0.6218314170837402,0.3839758038520813,0.16957733035087585,-0.054067812860012054,-0.1740540713071823,-0.2684570252895355,-0.12338542938232422,-0.43213558197021484,0.25417980551719666,-0.32079261541366577,0.12934492528438568,0.056877054274082184,0.09231767058372498,0.2519475817680359,0.01032635010778904,-0.10662461817264557,-0.3329091966152191,-0.08357898145914078,0.10396082699298859,-0.053626902401447296,0.14514274895191193,-0.12125662714242935,0.005881027784198523,0.08709912747144699,-0.0708887130022049,0.2963497042655945,-0.006731313653290272,-0.1568620800971985,-0.33561691641807556,0.0007536321645602584,-0.31361502408981323,-0.11053217947483063,-0.12157122045755386,-0.4308475852012634,0.04537544399499893,-0.34438589215278625,0.13916882872581482,0.12067317962646484,-0.10030913352966309,-0.2614445090293884,-0.0142609728500247,0.0629827007651329,-0.04081939533352852,-0.05380033701658249,0.2420169860124588,-0.19675587117671967,-0.2045251429080963,-0.059872113168239594,-0.2519088387489319,-0.26549893617630005,-0.009058034047484398,-0.16992999613285065,0.06150457262992859,-0.048609405755996704,0.032239336520433426,-0.00464628916233778,-0.9399294853210449,0.12953338027000427,-0.2565356194972992,0.11499156057834625,0.02583053708076477,0.22882524132728577,-0.5986039638519287,0.24002285301685333,0.035748180001974106,0.14938035607337952,-0.34796300530433655,-0.09312035143375397,0.18833887577056885,-0.03623626381158829,0.14198216795921326,0.023347705602645874,0.3851523697376251,0.10098131746053696,0.2372143715620041,-0.09326291084289551,-0.39204642176628113,0.013852894306182861,-0.21923907101154327,-0.2094784528017044,0.04465722292661667,-0.00733876833692193,-0.06287059932947159,0.10339327901601791,0.3869830369949341,0.046179477125406265,-0.20451144874095917,-0.08256935328245163,-0.242970272898674,0.12494997680187225,-0.4488913416862488,0.06599646061658859,-0.4451383650302887,0.44075465202331543,-0.023765720427036285,-0.29023319482803345,0.3672407269477844,0.11592958867549896,0.04317362233996391,0.4310219883918762,-0.020225301384925842,0.15378056466579437,-0.201628640294075,0.11818049848079681,-0.09962274134159088,0.18494080007076263,-0.06764920055866241,0.12271977961063385,0.2791181206703186,-0.013459345325827599,0.012140181846916676,0.2201739251613617,0.26158344745635986,-0.26241251826286316,0.06978132575750351,-0.157669335603714,-0.25179964303970337,-0.6056395769119263,-0.13436070084571838,-0.4059085249900818,-0.4726468026638031,-0.03921746090054512,0.022946536540985107,0.24936194717884064,0.26340195536613464,0.10063697397708893,0.3425253629684448,-0.1316366046667099,-0.49724578857421875,-0.4689202904701233,0.18386542797088623,-0.009536695666611195,0.418549120426178,0.11403369903564453,-0.0012085378402844071,0.023684430867433548,-0.17088794708251953,0.1701066941022873,-0.2097214013338089,-0.056316591799259186,-0.06724126636981964,0.06640253961086273,-0.036366306245326996,-0.1136036142706871,-0.3701394498348236,-0.025659197941422462,0.020075079053640366,0.07488249242305756,-0.018041852861642838,0.19644354283809662,-0.3151557445526123,-0.06750956177711487,-0.2163442075252533,-0.37594330310821533,0.006079749204218388,0.10597653687000275,0.2927193343639374,-0.0831124559044838,-0.9008644223213196,0.027839666232466698,0.3255375921726227,0.27080580592155457,0.13492204248905182,0.31100767850875854,0.16494497656822205,-0.06168286129832268,-0.13428588211536407,-0.07562428712844849,0.5896320343017578,-0.08010604232549667,-0.05452777072787285,-0.055835358798503876,0.24809761345386505,0.055228091776371,-0.43806856870651245,0.05185724422335625,0.2610439658164978,0.25894492864608765,-0.03751607984304428,-0.1296297311782837,0.051064539700746536,0.10756013542413712,-0.5335335731506348,0.10323309898376465,0.2838553488254547,-0.19239863753318787,0.09558288007974625,0.05015632510185242,-0.012699007987976074,-0.25504475831985474,-0.20580025017261505,0.3845186233520508,0.1272856891155243,0.007100564427673817,-0.057376962155103683,0.16209326684474945,0.08950354158878326,-0.020177805796265602,-0.419238418340683,0.10861703008413315,-0.29608026146888733,0.4234066903591156,-0.1344819813966751,-0.2617395520210266,0.12887261807918549,-0.12193939834833145,-0.11267073452472687,0.07027143239974976,0.08519959449768066,0.11984745413064957,0.35574454069137573,-0.04897801950573921,0.3670991063117981,0.20473262667655945,-0.049029551446437836,-0.292367160320282,0.01244053803384304,0.07564844191074371,-0.4757653772830963,0.06942438334226608,0.6287697553634644,0.006379761733114719,-0.016829365864396095,-0.2095297873020172,0.5392045378684998,0.0212923102080822,0.010059967637062073,-0.20066961646080017,-0.10340313613414764,-0.058189503848552704,-0.3200908303260803,-0.27799099683761597,-0.36384469270706177,0.2913358509540558,0.14337727427482605,-0.08222246915102005,0.0597510039806366,0.07200664281845093,0.11314667761325836,0.1914360523223877,-0.20402488112449646,-0.17882917821407318,0.5142589807510376,0.1439387947320938,-0.03937257453799248,-0.6146125197410583,-0.10725380480289459,0.0036023855209350586,0.18598462641239166,-0.05014520138502121,-0.05442642420530319,-0.13495056331157684
CID000077992,3385,-0.25220778584480286,-0.12478258460760117,0.20254984498023987,-0.2593391537666321,0.1397039294242859,0.38820597529411316,-0.029955347999930382,-0.28706711530685425,-0.4691079258918762,-0.2897023558616638,0.017369400709867477,-0.5646507143974304,0.07411575317382812,-0.5214830636978149,0.10638835281133652,0.014004310593008995,0.10598256438970566,0.14554429054260254,-0.32183653116226196,-0.12274108827114105,-0.008732366375625134,0.04860406368970871,0.021581724286079407,0.05389568954706192,-0.09378234297037125,0.0870845690369606,0.06334485113620758,-0.017273852601647377,-0.11231385171413422,0.2969657778739929,-0.14649495482444763,0.10637903213500977,-0.13722887635231018,-0.015121323056519032,-0.10414163023233414,0.12027423083782196,-0.5321928858757019,-0.4263090193271637,-0.06462331116199493,-0.006167714484035969,0.28665691614151,0.24673211574554443,-0.22063341736793518,-0.15316152572631836,0.34898075461387634,-0.11884786933660507,0.241181418299675,0.17232707142829895,-0.17707420885562897,-0.23190173506736755,-0.2501203417778015,0.17534299194812775,-0.2357645034790039,-0.042828284204006195,0.09791621565818787,-0.042624544352293015,0.015827223658561707,-0.11054346710443497,0.22248196601867676,0.1652405560016632,-0.8081904649734497,-0.12990109622478485,-0.10208345949649811,0.38383662700653076,0.32726845145225525,0.4282683730125427,-0.2180575132369995,0.03269720822572708,-0.1569189727306366,-0.3353782296180725,-0.1024511307477951,0.08274845778942108,0.06325151026248932,-0.11824478209018707,0.2720695436000824,0.13782654702663422,0.003776889992877841,0.3625068664550781,-0.025373345240950584,0.028870558366179466,-0.263528048992157,0.050118278712034225,-0.11421741545200348,-0.1867537796497345,-0.1586354374885559,0.1327626258134842,-0.23540370166301727,0.18402138352394104,0.5819458365440369,0.17571161687374115,-0.06160067394375801,-0.4317953586578369,-0.019586261361837387,0.027909118682146072,-0.5345333814620972,-0.1656251847743988,-0.3627599775791168,0.5314234495162964,0.3000105023384094,-0.37785595655441284,0.4445968568325043,0.1606484353542328,-0.13218140602111816,-0.23727719485759735,-0.2641049921512604,-0.014856094494462013,-0.16673102974891663,0.320797860622406,-0.09961359947919846,0.3218235969543457,-0.035764507949352264,0.044605690985918045,0.7210959196090698,0.09440867602825165,0.1267663538455963,0.021970558911561966,-0.04641763120889664,-0.03526634722948074,0.4479326605796814,0.05019880458712578,0.06825128197669983,-0.5206807255744934,0.020461011677980423,-0.028041452169418335,-0.5147413611412048,-0.12185361236333847,0.01134578324854374,0.37634968757629395,0.19758310914039612,-0.01836743764579296,-0.022741064429283142,0.2164904624223709,-0.5028902292251587,-0.2918916344642639,-0.1038457527756691,0.21347160637378693,0.11133688688278198,-0.12044702470302582,0.15915074944496155,-0.21806201338768005,0.0122557757422328,0.16271770000457764,-0.03842749446630478,0.10648302733898163,0.017261652275919914,0.11267950385808945,0.408283531665802,0.025683443993330002,0.054761696606874466,0.12750189006328583,-0.20269612967967987,-0.09680929780006409,0.15862226486206055,-0.0913110226392746,0.03841691464185715,-0.053859930485486984,-0.05275989696383476,-0.2788110375404358,0.021637314930558205,0.033917780965566635,0.135288268327713,-0.16483406722545624,-0.9168487787246704,-0.17298856377601624,0.22125199437141418,0.28775733709335327,-0.16240036487579346,-0.030643954873085022,0.42420467734336853,-0.14139749109745026,-0.14065571129322052,0.11761617660522461,0.4090673327445984,-0.096514992415905,0.21381445229053497,0.1529007852077484,-0.09351000934839249,0.18022087216377258,-0.3784693777561188,-0.13695856928825378,0.3101021349430084,0.4697670340538025,0.20312421023845673,-0.09235043823719025,-0.08153703063726425,-0.1391780972480774,-0.31011566519737244,-0.4584660530090332,0.23237290978431702,-0.11816222965717316,-0.06914985924959183,-0.2311135083436966,0.2784181833267212,-0.3313920497894287,-0.4071137309074402,0.40842217206954956,-0.01957223191857338,-0.36432260274887085,-0.45976606011390686,0.016522830352187157,0.09419166296720505,0.12971067428588867,-0.08495967090129852,0.019968170672655106,0.09201402962207794,0.2970860004425049,0.2763163447380066,0.07314228266477585,-0.41456326842308044,0.08502019196748734,0.030275017023086548,0.22030767798423767,0.05261312052607536,0.10246233642101288,-0.07734566181898117,-0.28880804777145386,0.31418541073799133,0.12104195356369019,-0.06413666158914566,-0.07107218354940414,-0.09923996031284332,-0.04349618777632713,-0.3535851836204529,0.09948867559432983,0.34229499101638794,0.3203679621219635,0.41134777665138245,-0.20802338421344757,0.47013482451438904,0.23573890328407288,-0.11828293651342392,-0.2802415192127228,-0.058147262781858444,-0.002332234289497137,-0.14345110952854156,-0.33529895544052124,0.03781163692474365,0.36871448159217834,0.09187035262584686,0.07122954726219177,0.026591992005705833,-0.1477571427822113,0.10625435411930084,0.014957758598029613,0.022079462185502052,-0.8494124412536621,0.3056364059448242,-0.1332676112651825,0.2140355110168457,-0.5896565318107605,-0.00497133145108819,0.22317056357860565,0.08526569604873657,0.2441866397857666,-0.11372754722833633,-0.2284519225358963
CID000005505,3513,0.17699125409126282,-0.19246149063110352,-0.26928189396858215,0.05444243550300598,0.4038013517856598,0.4604771137237549,-0.1163233295083046,0.042070142924785614,-0.23067037761211395,-0.20329785346984863,0.21416530013084412,-0.12247226387262344,0.24979540705680847,-0.1050088033080101,-0.08069583028554916,-0.05167219787836075,-0.09133771061897278,-0.21029594540596008,-0.028809085488319397,-0.16530761122703552,-0.14137838780879974,0.300546795129776,0.009802596643567085,-0.007835020311176777,0.05130475014448166,-0.06830135732889175,0.05762840434908867,-0.09794522821903229,0.09435511380434036,0.24355778098106384,0.09360967576503754,-0.13869686424732208,-0.1870078146457672,-0.17266426980495453,-0.37582752108573914,-0.14572905004024506,-0.17055438458919525,-0.2220619171857834,-0.18398112058639526,0.17024967074394226,0.10043183714151382,-0.08302073180675507,-0.0045336768962442875,-0.3431920111179352,0.05642852932214737,0.2270398885011673,-0.09728481620550156,0.18608078360557556,0.156772181391716,-0.12616601586341858,-0.11442799866199493,0.13129647076129913,-0.13124831020832062,-0.13534121215343475,0.07297312468290329,0.05519554018974304,0.02244759537279606,-0.4152069687843323,0.07487739622592926,-0.21199782192707062,-0.9063209295272827,0.03595973178744316,-0.3239470422267914,0.4389292597770691,0.1425512284040451,-0.03563343733549118,-0.32564428448677063,0.24105820059776306,-0.0938553735613823,-0.06068309396505356,-0.38209855556488037,0.22067102789878845,0.08587154000997543,-0.29292529821395874,-0.042395252734422684,-0.04832971468567848,-0.17563894391059875,0.10071893781423569,0.30762362480163574,-0.1342150866985321,-0.46334952116012573,-0.05589834973216057,-0.20084266364574432,-0.28544265031814575,-0.046389997005462646,-0.08892731368541718,-0.32093629240989685,-0.07527969777584076,0.3378458321094513,-0.16663774847984314,0.013185188174247742,-0.1785663664340973,0.15169410407543182,0.10882315784692764,-0.5305742621421814,-0.042571667581796646,-0.30412232875823975,0.2752123177051544,0.14829233288764954,-0.3268083333969116,0.28798410296440125,0.10565074533224106,-0.19417378306388855,0.013263070955872536,0.017918089404702187,0.22611138224601746,-0.2965119779109955,0.29478174448013306,0.15838965773582458,0.49326762557029724,0.4045369029045105,-0.0005920231342315674,0.4019254744052887,0.26103565096855164,0.07917854189872742,0.23830156028270721,0.10900314152240753,-0.3241899013519287,0.21838393807411194,-0.037196144461631775,-0.033967357128858566,-0.7326396107673645,0.19359536468982697,-0.2571273148059845,-0.3355204463005066,-0.059330422431230545,0.08881346881389618,0.4702954888343811,0.08011072874069214,0.030762434005737305,-0.46159428358078003,-0.17067109048366547,-0.46820226311683655,-0.2829760015010834,-0.07184580713510513,-0.21235108375549316,0.22467151284217834,-0.20093190670013428,0.06605921685695648,0.2595394253730774,-0.16391323506832123,0.5235636830329895,-0.031117310747504234,-0.2575898766517639,-0.15974204242229462,-0.22793428599834442,0.10412663221359253,-0.044307321310043335,-0.21607525646686554,0.06359843909740448,-0.15814372897148132,0.05307655781507492,-0.007251360919326544,0.12639963626861572,0.0252145417034626,0.13759881258010864,-0.06515306234359741,-0.32141417264938354,0.13844811916351318,-0.22920015454292297,0.3214274048805237,-0.03477056697010994,-0.8045199513435364,0.14577560126781464,0.530890941619873,0.13447825610637665,-0.3265066146850586,-0.01921284757554531,0.16710907220840454,0.268484890460968,0.00681409751996398,0.05689140409231186,0.48364704847335815,-0.38080400228500366,-0.08146919310092926,0.10035981237888336,0.23937025666236877,0.10532926023006439,-0.3617067337036133,-0.005461075343191624,0.34239837527275085,0.3442210555076599,0.1059836745262146,-0.07093684375286102,-0.05563320964574814,0.11374183744192123,-0.5451931953430176,0.13085660338401794,0.34679150581359863,0.052230168133974075,0.23140168190002441,-0.08283783495426178,0.2490566223859787,-0.021928641945123672,-0.053377412259578705,0.27047818899154663,-0.23097936809062958,-0.16183796525001526,-0.10660697519779205,-0.367604523897171,0.03551275283098221,0.18181845545768738,-0.43310365080833435,0.16266413033008575,0.013590690679848194,0.41340357065200806,-0.24666361510753632,-0.16854508221149445,0.05555478855967522,-0.10953781753778458,-0.010254055261611938,0.3504529595375061,-0.07323756068944931,0.007917666807770729,0.15820445120334625,0.16608814895153046,0.5134631991386414,-0.0921759381890297,-0.01034141518175602,-0.34711527824401855,-0.11086764186620712,-0.16964054107666016,-0.5106353163719177,0.005299994256347418,0.3278643786907196,-0.08177335560321808,0.2523781657218933,-0.30720022320747375,0.7159635424613953,0.09657067805528641,0.06508593261241913,-0.2888197600841522,0.05559233948588371,-0.09092187881469727,-0.4603249132633209,-0.27628475427627563,0.017590055242180824,0.022555476054549217,0.4091225564479828,-0.07310266047716141,-0.01850954443216324,-0.1162538081407547,0.0034418136347085238,0.03339381143450737,0.015631869435310364,-0.23249363899230957,0.36229902505874634,0.06390486657619476,0.0295297559350729,-0.6104983687400818,-0.009233111515641212,0.03417650982737541,0.2465067356824875,0.3579444885253906,0.0675518736243248,-0.17450183629989624
CID000002370,3561,-0.040245939046144485,0.04210425168275833,-0.2615765929222107,0.08708328008651733,0.19514940679073334,0.22580313682556152,-0.015738150104880333,-0.0898822695016861,0.023306241258978844,-0.23046331107616425,-0.005554719362407923,-0.40396708250045776,0.2891039550304413,-0.16837191581726074,-0.07831694185733795,-0.28098660707473755,-0.18903161585330963,0.05128272622823715,0.2524481415748596,-0.045065563172101974,-0.04363950341939926,0.05181891843676567,0.131612628698349,0.2356540709733963,0.11489323526620865,-0.1222599595785141,0.10806789249181747,-0.1317705661058426,0.29677778482437134,0.377705842256546,-0.15643702447414398,-0.07034961879253387,0.017532195895910263,-0.07773089408874512,-0.5541831851005554,0.14353802800178528,-0.19625715911388397,-0.24956107139587402,-0.4438880980014801,-0.2595621943473816,0.04405403509736061,0.17514130473136902,-0.08400829881429672,-0.14345023036003113,0.600804328918457,0.19729816913604736,-0.2217516005039215,0.024835577234625816,-0.3508262038230896,-0.08672256767749786,-0.587957501411438,0.06670884042978287,-0.15833866596221924,0.08081171661615372,0.2023320198059082,0.10663072764873505,-0.001708382391370833,0.18769888579845428,0.3688823878765106,0.06980028003454208,-0.6959267854690552,0.08160493522882462,-0.30372369289398193,0.0723714828491211,-0.0827019065618515,0.3659937381744385,0.057693012058734894,0.23859870433807373,0.10356899350881577,-0.10237182676792145,-0.2263864278793335,-0.11516320705413818,-0.28259342908859253,-0.055123262107372284,0.4534222185611725,-0.03157035633921623,0.011221051216125488,0.5674325227737427,0.17480666935443878,0.2025502622127533,-0.09183833748102188,-0.15866519510746002,-0.1839665174484253,0.059094011783599854,-0.10816878080368042,0.0436343252658844,-0.048647671937942505,0.3154410719871521,0.5476649403572083,-0.0026832758449018,-0.37098947167396545,0.039378076791763306,0.128265380859375,0.08859803527593613,-0.5565509796142578,0.09520681947469711,-0.09728077054023743,0.21483826637268066,0.04084568843245506,-0.11512909829616547,0.42432934045791626,0.2486981451511383,-0.10367491096258163,0.08293648809194565,-0.3385525941848755,0.27961188554763794,-0.5938677191734314,-0.04068630933761597,-0.0794253945350647,-0.06838148832321167,0.1635739654302597,-0.33329540491104126,0.42490917444229126,0.21792073547840118,0.11020223796367645,-0.3982506990432739,-0.06757375597953796,-0.31077301502227783,0.46564140915870667,0.036122508347034454,-0.08327989280223846,-0.8003071546554565,0.03937963396310806,-0.3657124638557434,-0.6077880859375,-0.21498270332813263,-0.024339141324162483,0.5049730539321899,-0.013464674353599548,0.08724101632833481,-0.24647240340709686,-0.09215345978736877,-0.5229493379592896,-0.24688532948493958,0.1410200297832489,-0.11234533786773682,0.7551477551460266,-0.6524654030799866,-0.04883448779582977,0.2324676811695099,0.008853822946548462,0.05561097711324692,-0.02909158542752266,-0.23296836018562317,-0.1272912174463272,-0.04792281985282898,0.008200690150260925,0.2773931324481964,-0.12565220892429352,-0.011544883251190186,-0.009971308521926403,-0.060198914259672165,-0.03014356829226017,-0.04364534467458725,-0.020795607939362526,0.06650891900062561,-0.20152869820594788,-0.30310338735580444,0.009368501603603363,0.20836463570594788,0.35260361433029175,0.06215181201696396,-1.0590616464614868,-0.1147170215845108,0.6023279428482056,0.2257276326417923,-0.4386579394340515,0.17695815861225128,-0.09298789501190186,-0.019635403528809547,-0.1444971263408661,0.032278627157211304,0.24870698153972626,-0.15814252197742462,-0.5108590126037598,0.042511846870183945,-0.06063232570886612,0.10086049884557724,-0.36613768339157104,-0.0867953673005104,0.2034488469362259,0.24455110728740692,0.03673471510410309,0.13904252648353577,0.08417109400033951,-0.32512184977531433,-0.19407302141189575,-0.056931816041469574,0.5952698588371277,0.16672781109809875,0.11880467087030411,-0.6266200542449951,-0.05687057971954346,-0.43008023500442505,-0.48498401045799255,0.624351978302002,-0.04451126977801323,-0.00619318475946784,-0.17881624400615692,0.015252816490828991,-0.15802787244319916,-0.17015600204467773,-0.32390064001083374,0.16047994792461395,-0.2087622433900833,0.2455105036497116,-0.06557732820510864,-0.09114961326122284,-0.5834734439849854,0.04493240267038345,0.1770811527967453,0.2089417278766632,-0.09515442699193954,-0.06542514264583588,0.06384024769067764,-0.3481719493865967,0.5091644525527954,-0.11551123857498169,-0.34316492080688477,-0.19444657862186432,-0.16207869350910187,0.062131356447935104,-0.4890785813331604,0.16539691388607025,0.50726717710495,-0.386255145072937,-0.0045584021136164665,-0.07353706657886505,0.7379773855209351,0.16753622889518738,-0.058030594140291214,-0.17344343662261963,0.08059187978506088,-0.23151955008506775,-0.5463539361953735,-0.20978951454162598,-0.33638474345207214,0.34243232011795044,0.039057619869709015,-0.4027629792690277,-0.4759983420372009,0.10643746703863144,0.010678619146347046,-0.2726755142211914,0.11708734184503555,-0.44424813985824585,0.15198491513729095,0.13955533504486084,-0.09162203222513199,-0.7570424675941467,0.041956376284360886,0.22139215469360352,0.16242174804210663,0.3652447760105133,-0.12553921341896057,-0.2592668831348419
CID000145068,3565,0.33654123544692993,-0.003007593797519803,-0.3977024257183075,0.06469093263149261,0.9348694086074829,0.38399621844291687,-0.40671977400779724,0.16486836969852448,-0.005390281323343515,-0.039037369191646576,0.3073039650917053,-0.4667326509952545,-0.1036704033613205,-0.03271179273724556,-0.4374280571937561,-0.038036514073610306,-0.13591618835926056,-0.07523901015520096,0.047490864992141724,0.45033907890319824,-0.31557437777519226,-0.13629250228405,-0.06447914987802505,0.1389472633600235,0.11999355256557465,-0.15267911553382874,0.010428965091705322,-0.016876202076673508,0.22654306888580322,0.4394993782043457,-0.20783396065235138,0.020285731181502342,0.16283252835273743,-0.20083633065223694,-0.7053687572479248,-0.09372550994157791,-0.42603635787963867,-0.19347837567329407,-0.4496690630912781,0.4124864935874939,-0.22898297011852264,-0.09913435578346252,-0.03754789009690285,-0.04942489042878151,0.4887465536594391,0.520126461982727,-0.030854206532239914,0.18662627041339874,0.3132299780845642,-0.09687124937772751,-0.2506009638309479,-0.3292040228843689,-0.22673389315605164,-0.5790018439292908,0.13786102831363678,0.23076149821281433,-0.05880475044250488,0.09144264459609985,1.097588300704956,0.327625572681427,-0.6204521656036377,0.2475399225950241,-0.15161553025245667,0.3096106946468353,-0.014589411206543446,0.29664158821105957,-0.44257625937461853,0.1528937667608261,-0.18363666534423828,-0.08213254064321518,-0.228628471493721,0.40327581763267517,-0.1882472187280655,-0.1634480059146881,0.7463241815567017,0.09840568155050278,0.07104241847991943,0.332002729177475,0.04888539016246796,-0.7278240919113159,-0.24493975937366486,0.3077601492404938,0.16122765839099884,0.13094300031661987,0.09505131095647812,0.535577654838562,-0.11481833457946777,0.34295931458473206,0.5765060782432556,0.12832117080688477,-0.2653985321521759,0.035114042460918427,0.16745725274085999,-0.011424152180552483,-0.5212391018867493,0.16342052817344666,0.010321470908820629,0.12077343463897705,-0.2951178550720215,-0.02354520745575428,0.31636813282966614,0.189711794257164,-0.21235588192939758,0.3986731171607971,0.21643929183483124,-0.011334693059325218,-0.8938933610916138,0.2688899040222168,-0.08673713356256485,0.2785637080669403,-0.11224882304668427,0.13089458644390106,0.04561028629541397,0.2354855239391327,0.2516879439353943,0.09837979078292847,0.1201767697930336,-1.1495020389556885,0.11623869091272354,0.18962883949279785,-0.18682536482810974,-0.7051857709884644,0.24507486820220947,-0.23344846069812775,-0.4480927586555481,0.01503530703485012,0.0676436722278595,0.28141850233078003,-0.21468889713287354,-0.06296272575855255,-0.27039816975593567,0.07691945880651474,-0.48474645614624023,-0.46369290351867676,-0.6005209684371948,-0.3172805905342102,0.882203221321106,-0.25366148352622986,0.2541648745536804,-0.34078818559646606,0.0565749891102314,0.528847336769104,0.2758300304412842,-0.24372608959674835,-0.1348229944705963,-0.22036881744861603,0.05613110587000847,0.5008754730224609,-0.23195788264274597,-0.16493894159793854,-0.06869449466466904,-0.1231394037604332,0.0678255558013916,-0.0804000198841095,0.05629294365644455,-0.10880325734615326,-0.015077623538672924,-0.3741365373134613,-0.34611776471138,0.4511663019657135,-0.14124247431755066,-0.05958161503076553,-0.6732105612754822,0.08274012058973312,0.7394510507583618,0.2902695834636688,-0.3649159073829651,-0.03654494136571884,0.024072105064988136,-0.10947316884994507,-0.25635242462158203,-0.2916451096534729,0.3866494596004486,-0.4766780734062195,-0.08520347625017166,0.02614661492407322,0.2682690918445587,0.16047868132591248,-0.2513602375984192,0.1917479932308197,0.17498326301574707,0.38270482420921326,0.054539524018764496,0.11982005834579468,0.0686725303530693,-0.26713189482688904,-0.0473942831158638,-0.2856898903846741,0.5640827417373657,0.3209816515445709,0.2217121571302414,-1.1646801233291626,-0.06395167857408524,-0.22227656841278076,-0.19977954030036926,0.7053704261779785,-0.037958916276693344,-0.2244965136051178,-0.4826999306678772,-0.34226635098457336,-0.27675461769104004,0.06909050047397614,-0.45840349793434143,0.02297073043882847,-0.2841852009296417,0.3333855867385864,-0.2970253825187683,-0.06892619282007217,-0.4127718508243561,0.20621328055858612,0.4765439033508301,-0.42774924635887146,-0.06329918652772903,-0.3768131136894226,0.5786696672439575,-0.27683696150779724,0.7629321813583374,0.3258935809135437,-0.04802381247282028,-0.17771612107753754,-0.17680543661117554,0.2984085977077484,-0.7491121292114258,0.33290237188339233,0.19288241863250732,-0.3813515603542328,-0.21948862075805664,-0.6609786152839661,1.1571753025054932,0.22659572958946228,-0.3598073422908783,-0.0918971374630928,0.06001339107751846,-0.3157338500022888,-0.7037563323974609,-0.45200014114379883,-0.02163100056350231,0.29237595200538635,0.030556097626686096,0.0672813281416893,-1.3685834407806396,-0.1790151447057724,0.07949477434158325,0.19421572983264923,-0.055844224989414215,-0.3193015456199646,0.30189260840415955,-0.23956656455993652,-0.06470511108636856,-0.712908923625946,0.2984323799610138,0.3536446690559387,0.3244010806083679,0.003749930765479803,-0.02088504657149315,-0.010053293779492378
CID000004730,3614,0.4633166790008545,-0.248890683054924,0.0315212607383728,-0.11464445292949677,1.0226095914840698,0.24997663497924805,0.2238277941942215,-0.03426675125956535,-0.4957715570926666,-0.20486554503440857,-0.03351709991693497,-0.5486653447151184,-0.1701844185590744,-0.29535719752311707,0.0008459851378574967,0.10579653084278107,0.0825776606798172,-0.17644798755645752,-0.35316768288612366,0.25065651535987854,0.2480805218219757,0.0697968602180481,-0.0393410287797451,-0.11130984127521515,0.026428312063217163,-0.19836458563804626,0.045882679522037506,-0.13493874669075012,0.24209269881248474,0.0342043973505497,-0.09275582432746887,0.20492903888225555,-0.12657152116298676,-0.055631183087825775,-0.6234110593795776,-0.29860958456993103,-0.4352003037929535,-0.21175548434257507,-0.29946619272232056,-0.0439516082406044,-0.3892519772052765,0.2188068926334381,0.024821918457746506,0.022201549261808395,0.09658664464950562,0.31395408511161804,-0.011038911528885365,-0.07861579954624176,-0.03826049715280533,-0.07244988530874252,-0.7481509447097778,-0.21441130340099335,-0.029661720618605614,-1.0605440139770508,0.04759422689676285,0.025446033105254173,-0.007671398110687733,-0.07160725444555283,1.2643966674804688,-0.4193090796470642,-1.1982070207595825,0.21664845943450928,0.045955292880535126,0.6712082028388977,-0.20944161713123322,-0.7811732292175293,-0.5847871899604797,0.29878002405166626,-0.3259357213973999,-0.145890474319458,-0.7050228118896484,-0.08082745969295502,-0.025630395859479904,-0.2726267874240875,0.814039409160614,-0.021101951599121094,0.2940295934677124,-0.017439138144254684,-0.34865447878837585,-0.20070071518421173,-0.3327678143978119,-0.006695973686873913,0.15376558899879456,-0.3043537139892578,0.2148464173078537,0.016801953315734863,0.08313016593456268,-0.006877082400023937,0.6661248207092285,-0.08227144181728363,-0.43214648962020874,-0.014000177383422852,0.16762086749076843,0.3772963583469391,-0.6898892521858215,0.06216006353497505,-0.22730490565299988,0.22981247305870056,-0.1463075876235962,0.03476104885339737,0.19122952222824097,-0.18435437977313995,0.09168149530887604,1.216723084449768,0.016326453536748886,-0.04245104640722275,-0.4844350218772888,0.2325742244720459,-0.141475111246109,0.8242181539535522,-0.22683215141296387,-0.1627809852361679,-0.007026928476989269,-0.07515114545822144,0.08821381628513336,-0.1567976027727127,-0.3136204779148102,-0.24235844612121582,0.2536635100841522,0.02188700996339321,0.25908589363098145,-1.0126478672027588,-0.033527672290802,-0.35379520058631897,-0.40881672501564026,-2.7012825739802793e-05,-0.04997749999165535,0.470672070980072,-0.1061163917183876,-0.24309317767620087,0.15626388788223267,0.2423005849123001,-0.6696048974990845,-0.30674540996551514,-0.027625292539596558,-0.10403884947299957,0.4043295979499817,-0.17075318098068237,-0.08462641388177872,-0.06683854758739471,0.20049408078193665,0.6107367277145386,-0.021968776360154152,0.19997437298297882,0.3235503137111664,-0.1097399964928627,0.11589248478412628,0.2088424265384674,-0.008324396796524525,0.2053259313106537,-0.09450938552618027,-0.16008366644382477,0.14237450063228607,0.1622423231601715,-0.11705076694488525,-0.17781886458396912,-0.06163445860147476,0.05603250116109848,-0.025611424818634987,0.16416051983833313,0.26904088258743286,0.14034466445446014,-1.21830153465271,0.46082696318626404,0.5954843759536743,0.21917228400707245,-0.2980550229549408,0.4065464437007904,-0.02394866943359375,-0.4022335410118103,-0.05821169540286064,-0.34430423378944397,0.8668737411499023,0.05546517297625542,0.12805497646331787,0.258247971534729,0.1263836771249771,0.12893354892730713,-0.2933287024497986,0.22330240905284882,0.11174746602773666,0.17792588472366333,0.18274810910224915,-0.1537408083677292,-0.06834129989147186,-0.4571557641029358,-0.13556890189647675,0.15786291658878326,0.5571496486663818,0.034493494778871536,0.13622193038463593,-0.37988242506980896,-0.1830407977104187,0.48271292448043823,-0.24079057574272156,0.5214686989784241,-0.1418152153491974,0.1582370102405548,-0.29538464546203613,0.09580302983522415,-0.340459942817688,-0.00647736806422472,-0.40952959656715393,0.08955949544906616,-0.2215876579284668,0.29674583673477173,0.19272035360336304,-0.7311645746231079,-0.18718905746936798,0.06666858494281769,0.3608252704143524,0.2099446952342987,0.05861259624361992,0.010558879002928734,1.396786093711853,0.05422103404998779,1.0590490102767944,-0.23735332489013672,-0.09774433076381683,-0.022845124825835228,-0.2634081244468689,0.022727183997631073,-1.1012709140777588,-0.002713495399802923,0.1392858922481537,-0.04861146956682205,-0.326965868473053,-0.7316288352012634,1.111060380935669,-0.18973302841186523,-0.10062974691390991,-0.31636232137680054,0.35187602043151855,-0.10685628652572632,-0.39342179894447327,-0.25940489768981934,0.026258159428834915,-0.03876645117998123,-0.10149775445461273,-0.0005598068237304688,-1.035983920097351,0.150984987616539,0.11707886308431625,0.06985519826412201,0.17889198660850525,-1.0482501983642578,0.3452358841896057,0.003697973443195224,0.002759286668151617,-0.9441694021224976,-0.13496814668178558,0.3091168999671936,0.3339812755584717,0.03425337001681328,-0.07427606731653214,0.07063914090394974
CID000001546,3701,-0.003061670111492276,0.2716505825519562,0.27552101016044617,0.3372441530227661,0.8453226089477539,0.5571929216384888,-0.07209868729114532,0.013356149196624756,-0.7939174771308899,-0.11510076373815536,0.0562836155295372,-0.5463000535964966,0.20816123485565186,-0.03747786208987236,0.20365957915782928,0.13423410058021545,-0.11137368530035019,-0.036348193883895874,0.15997561812400818,0.1005951538681984,0.12946218252182007,-0.24678316712379456,-0.2797759175300598,0.09180106222629547,-0.10932953655719757,-0.07451319694519043,-0.21507839858531952,-0.11934182792901993,-0.059517741203308105,0.6897487640380859,-0.17622017860412598,-0.026228904724121094,0.426241010427475,-0.17133823037147522,-0.8494918942451477,0.0721634104847908,-0.37945356965065,-0.10422603785991669,-0.6949317455291748,0.12989506125450134,-0.41684865951538086,0.19824451208114624,-0.337772011756897,-0.2718055546283722,0.47080278396606445,-0.35696929693222046,-0.3671761751174927,0.019946079701185226,-0.14219419658184052,0.03699147701263428,-0.41211310029029846,-0.14766941964626312,0.020664015784859657,-0.3942825198173523,-0.10582856088876724,-0.10850848257541656,0.2535248398780823,-0.46398597955703735,0.7654203176498413,-0.1260383427143097,-1.1153956651687622,-0.2038300484418869,-0.27129969000816345,0.6169299483299255,0.08555480092763901,-0.2897692918777466,-0.39291948080062866,0.2583887577056885,-0.1495283544063568,-0.05373318865895271,-0.2942187786102295,-0.1450372040271759,-0.16290923953056335,0.08222673088312149,1.0557539463043213,0.20709669589996338,0.11302914470434189,0.05123911425471306,0.24906492233276367,-0.515400230884552,-0.10199110209941864,-0.12285614013671875,-0.3187028169631958,0.30979257822036743,-0.04499123618006706,0.0409037321805954,-0.24972057342529297,0.4104084074497223,0.3934181332588196,-0.2803899943828583,-0.6057318449020386,0.008632737211883068,-0.00042847992153838277,-0.06770744174718857,-0.7184087038040161,-0.00011985898163402453,0.1242690309882164,0.093131422996521,-0.05357738211750984,-0.22343766689300537,0.2549876570701599,-0.21541281044483185,-0.32164546847343445,0.5281127095222473,-0.2915201783180237,-0.01870775781571865,-0.3464662730693817,0.3302406966686249,-0.20530712604522705,0.6498141884803772,-0.08316817134618759,-0.3469271659851074,0.258575975894928,-0.1155879944562912,0.20263662934303284,0.08479683846235275,-0.16338348388671875,-1.7235227823257446,-0.07639959454536438,-0.3988212049007416,0.08955375850200653,-0.6940800547599792,-0.032987870275974274,-0.5083016753196716,-0.15517672896385193,0.15512056648731232,-0.03778472915291786,0.3280622959136963,0.0942881852388382,0.19957591593265533,0.08109603822231293,-0.1269623041152954,-0.39520707726478577,-0.5123603940010071,-0.19256500899791718,-0.19376559555530548,0.2153467833995819,-0.2692202031612396,-0.15844009816646576,-0.19666020572185516,-0.21377909183502197,0.5372322797775269,-0.15591028332710266,-0.06579338014125824,-0.13842228055000305,0.057011306285858154,-0.1326957643032074,0.22503726184368134,0.11709717661142349,0.006033885292708874,-0.12466461956501007,0.1099197119474411,-0.05560045689344406,0.07536916434764862,-0.14472922682762146,0.05051717907190323,0.08190034329891205,-0.6388899087905884,-0.39949125051498413,0.10159997642040253,-0.04514028877019882,0.044442981481552124,-0.7107910513877869,0.008634263649582863,0.7724825143814087,0.2111148089170456,-0.5426516532897949,0.2965781092643738,-0.4149795174598694,0.04742233827710152,-0.2648412585258484,-0.14887043833732605,0.32857438921928406,0.20704659819602966,-0.3724689483642578,0.05471518635749817,0.12295904010534286,-0.10554951429367065,-0.1977144181728363,0.0695781484246254,0.13740333914756775,0.41647061705589294,0.07717429101467133,-0.11814463138580322,-0.24660253524780273,-0.3594948649406433,-0.18671129643917084,0.08084285259246826,0.3979422152042389,-0.3709973692893982,0.22147130966186523,-0.7157300114631653,0.20218363404273987,0.3257226347923279,0.12364301830530167,0.41404587030410767,-0.07615696638822556,-0.1307523548603058,-0.963333785533905,-0.04732430726289749,-0.21745780110359192,-0.12437646090984344,-0.3749164044857025,0.14639434218406677,-0.029473328962922096,0.3373054265975952,-0.42655500769615173,-0.26901674270629883,-0.29770857095718384,0.05701327323913574,0.011436069384217262,-0.544934868812561,-0.06611470878124237,-0.2153349369764328,0.16412222385406494,-0.29200273752212524,0.8351877927780151,-0.27845653891563416,-0.5692470669746399,-0.09993177652359009,0.15972618758678436,-0.09256434440612793,-0.587978720664978,-0.03708881512284279,-0.2122342884540558,-0.2900739312171936,-0.03421371430158615,-0.5766692757606506,0.9387466311454773,0.029324596747756004,-0.443948358297348,-0.05357496067881584,0.13637791574001312,0.10390404611825943,-0.5278011560440063,-0.26609089970588684,-0.16070407629013062,0.025822460651397705,0.13587617874145508,-0.28581690788269043,-1.1525180339813232,0.33323198556900024,0.14572769403457642,-0.10395395755767822,0.13953810930252075,-0.005255627445876598,0.24483296275138855,0.31784766912460327,-0.05222076177597046,-0.7952879071235657,-6.179809861350805e-05,0.20944063365459442,0.5809631943702698,0.025988316163420677,0.026567820459604263,0.05417405441403389
CID000002725,3708,-0.09657876193523407,-0.21186892688274384,0.044412869960069656,-0.17602750658988953,0.26027411222457886,0.29441991448402405,-0.11977289617061615,-0.06321893632411957,-0.3843737244606018,-0.13003137707710266,-0.1332901418209076,-0.4269978404045105,-0.06751837581396103,-0.23450937867164612,0.14975233376026154,-0.012643903493881226,0.25301405787467957,-0.030942613258957863,-0.0850849524140358,-0.2859167456626892,0.09966211020946503,0.0388924703001976,-0.1389024555683136,-0.0961957722902298,-0.023910123854875565,-0.04615006595849991,-0.3055429756641388,-0.07853367924690247,-0.07364709675312042,0.3641197681427002,-0.034178175032138824,-0.05994435027241707,-0.127770334482193,0.010961154475808144,-0.479889452457428,-0.061095982789993286,-0.22456535696983337,-0.24049000442028046,-0.23287895321846008,-0.08060876280069351,0.20233674347400665,0.10225926339626312,-0.04241665452718735,0.004366169683635235,0.2708648145198822,0.2396196871995926,0.039730411022901535,-0.12011294066905975,-0.16484157741069794,0.10096750408411026,-0.29994234442710876,0.13342344760894775,0.047252289950847626,-0.12058357894420624,0.10485877096652985,-0.02270055189728737,0.09080453962087631,0.0579458586871624,0.01405240036547184,-0.04021179676055908,-0.9492573738098145,-0.19008824229240417,-0.2788366675376892,0.3392309546470642,0.0874534621834755,0.2832154631614685,-0.2623738944530487,0.08618251234292984,0.16886401176452637,-0.02359974943101406,-0.30026572942733765,-0.04747217893600464,-0.04174567759037018,-0.07501639425754547,0.13536658883094788,-0.13880015909671783,0.03026338294148445,-0.08205672353506088,0.14916279911994934,0.1273396909236908,-0.21352925896644592,0.1647544950246811,-0.1196843609213829,-0.1126091480255127,-0.07637909799814224,-0.08349734544754028,-0.3459373414516449,-0.310655415058136,0.3348279595375061,0.0694020688533783,-0.10852477699518204,-0.16722886264324188,-0.027472704648971558,-0.07717138528823853,-0.5448358654975891,-0.0013359307777136564,-0.25432345271110535,0.27574974298477173,0.14823757112026215,-0.19145852327346802,0.20214319229125977,0.2174125462770462,-0.30377545952796936,0.09381184726953506,-0.013144874945282936,-0.07052579522132874,-0.433605432510376,0.2687186598777771,-0.15806594491004944,0.07720386981964111,0.02915218099951744,-0.14483442902565002,0.5032516717910767,0.13091197609901428,0.08354941755533218,0.32714706659317017,-0.20298829674720764,-0.05293833464384079,0.061886709183454514,0.12309368699789047,-0.013721540570259094,-0.6816622614860535,-0.04252786934375763,-0.17023155093193054,-0.46743255853652954,0.18788094818592072,-0.15739384293556213,0.3313106894493103,0.1711011826992035,-0.08613669127225876,-0.2689210772514343,-0.015672892332077026,-0.43417245149612427,-0.3027922809123993,-0.16343501210212708,0.0008791536092758179,0.16559861600399017,-0.022831296548247337,-0.16605599224567413,0.1645554006099701,-0.041185058653354645,0.022105861455202103,-0.1717759519815445,0.016500625759363174,0.13790449500083923,-0.054631005972623825,0.1911744326353073,-0.18943184614181519,0.034498829394578934,0.15162697434425354,-0.3072510361671448,0.09023622423410416,-0.002008468611165881,0.06094092130661011,-0.15461501479148865,0.05297183245420456,-0.0010700613493099809,-0.38490796089172363,0.07710456848144531,0.0434240847826004,0.19568122923374176,-0.12210123240947723,-1.0301430225372314,0.12056529521942139,0.2322515994310379,0.27153491973876953,-0.249970942735672,-0.017198124900460243,0.25385066866874695,0.007853275164961815,-0.08634082973003387,0.0323227196931839,0.30643153190612793,-0.33092427253723145,0.0666031613945961,-0.07651369273662567,0.05092049762606621,0.02487456053495407,-0.33292946219444275,-0.05440451577305794,0.19254784286022186,0.2588319778442383,-0.027076318860054016,0.0330033116042614,0.04402155429124832,0.04267295449972153,-0.3421207070350647,0.05846848338842392,0.4208473265171051,-0.1877412348985672,0.028811603784561157,-0.052469652146101,0.1554107964038849,-0.24497497081756592,-0.14080479741096497,0.4156830906867981,0.12026280164718628,-0.19871948659420013,-0.10242768377065659,0.020883124321699142,-0.049111708998680115,-0.25292709469795227,-0.19164064526557922,0.10598079860210419,-0.057959772646427155,0.3064700663089752,-0.051795147359371185,-0.11989106982946396,-0.05393311381340027,0.10457732528448105,-0.0558987632393837,0.19651858508586884,-0.1376599371433258,0.1037743091583252,0.18838372826576233,0.25625795125961304,0.3286801278591156,0.1479177623987198,-0.15447112917900085,-0.26441383361816406,0.11222828924655914,-0.03186450153589249,-0.48633724451065063,-0.09091944992542267,0.251168429851532,-0.010166555643081665,0.2021726816892624,-0.3287489712238312,0.5326331257820129,0.06266427040100098,-0.290206640958786,-0.31639575958251953,-0.03741517290472984,-0.010636290535330772,-0.3999619483947754,-0.2545429468154907,-0.11401788890361786,0.2566039264202118,0.18055488169193268,-0.09373877197504044,-0.16547885537147522,0.016384582966566086,-0.02954922989010811,0.2030239999294281,0.13869985938072205,-0.4024322032928467,0.2477944791316986,-0.04267195984721184,-0.041631728410720825,-0.6258702874183655,-0.055965907871723175,0.02919403649866581,0.2516036629676819,-0.12703478336334229,-0.14200904965400696,-0.009250683709979057
CID000004723,3855,-0.1351953148841858,-0.17543751001358032,-0.14533373713493347,-0.21101972460746765,0.5634125471115112,0.2416573017835617,0.14473699033260345,0.02315637283027172,-0.20847323536872864,-0.2331104576587677,0.039230503141880035,-0.3486514091491699,0.0036409138701856136,-0.15537363290786743,-0.039366696029901505,0.007812433876097202,-0.02256322279572487,-0.09128867089748383,-0.18257763981819153,0.014105258509516716,0.19340357184410095,0.17401467263698578,0.09111392498016357,0.15076017379760742,-0.04490508511662483,0.02669421397149563,0.04091135412454605,0.029697995632886887,-0.08213965594768524,0.22939248383045197,0.0015374005306512117,-0.33289670944213867,-0.057744771242141724,-0.005236026830971241,-0.398021936416626,-0.012667725794017315,-0.2962992787361145,-0.3672533631324768,-0.012502160854637623,-0.06836307793855667,0.11587502807378769,0.010660499334335327,-0.21955284476280212,-0.229865163564682,0.07162703573703766,0.120513416826725,0.007411985192447901,0.09382055699825287,-0.1259324997663498,-0.006613978650420904,-0.004457822535187006,0.12196005880832672,-0.03298218175768852,-0.19992494583129883,0.08223731815814972,-0.029567763209342957,-0.07504948228597641,-0.15050609409809113,0.2728763222694397,0.0326695516705513,-0.9117987751960754,-0.11216089874505997,-0.19182103872299194,0.29638975858688354,0.1149570569396019,0.1909189373254776,-0.11587817966938019,0.05695067718625069,0.05701010674238205,0.060584478080272675,-0.09897299855947495,0.14236004650592804,-0.00987505353987217,-0.28874844312667847,0.10523118823766708,-0.12553107738494873,-0.19326183199882507,-0.012220634147524834,0.21463783085346222,-0.3145008981227875,-0.20216035842895508,-0.10060636699199677,-0.2290959358215332,-0.1077166348695755,-0.04504474997520447,-0.11952812969684601,-0.17766597867012024,-0.22967803478240967,0.35224679112434387,-0.011342485435307026,-0.13570305705070496,-0.03887326642870903,0.00992741622030735,0.14997240900993347,-0.46965456008911133,-0.0363914780318737,-0.22897954285144806,0.4297434687614441,0.06279551982879639,-0.19032612442970276,0.24067716300487518,0.3253866732120514,-0.11635247617959976,0.04621538147330284,-0.193743497133255,0.0872356966137886,-0.5465712547302246,0.29058966040611267,-0.07934372872114182,0.1897522509098053,0.020640287548303604,-0.006864177994430065,0.11353478580713272,0.020742621272802353,0.08371753990650177,0.14436288177967072,-0.19474822282791138,-0.0954221785068512,0.18916840851306915,-0.02909284271299839,-0.22482557594776154,-0.6411212682723999,-0.008269884623587132,-0.20088353753089905,-0.2611256539821625,0.09425319731235504,-0.09228344261646271,0.2858051657676697,0.14359305799007416,-0.1453430950641632,-0.1587645262479782,0.10383297502994537,-0.4155465066432953,-0.3008788228034973,0.08881323784589767,-0.12486835569143295,0.06652364134788513,0.08737055957317352,-0.03642314299941063,0.026472806930541992,0.025487804785370827,0.19207614660263062,-0.15671494603157043,-0.015895431861281395,0.07343810796737671,-0.21658143401145935,0.1477067470550537,-0.02231406606733799,0.03444439172744751,0.2442278414964676,-0.09293417632579803,-0.1695254147052765,0.10049659013748169,0.0006818004185333848,0.1923895925283432,-0.018123069778084755,-0.014611211605370045,-0.26942896842956543,0.03575558587908745,0.20834536850452423,0.18178203701972961,-0.021829085424542427,-0.886496901512146,0.043462272733449936,0.08102186024188995,0.22019128501415253,-0.2231418788433075,-0.09363506734371185,0.1995779275894165,0.16646084189414978,-0.1951315850019455,-0.14124146103858948,0.38541164994239807,-0.19092407822608948,0.020002132281661034,0.0752851665019989,-0.064203180372715,0.002837124513462186,-0.42000913619995117,-0.05173853039741516,0.2530023157596588,0.2105182409286499,0.032744068652391434,-0.02546963095664978,-0.03729913383722305,-0.045195259153842926,-0.11454709619283676,0.11259939521551132,0.4291737675666809,-0.15251751244068146,0.1460767239332199,-0.014069469645619392,-0.05810971185564995,-0.09485267102718353,-0.08937566727399826,0.4614456295967102,0.008219940587878227,0.025782441720366478,-0.11745743453502655,-0.10151855647563934,-0.11941836774349213,0.027355780825018883,-0.10806109756231308,0.06156107038259506,-0.10908117145299911,0.37087368965148926,0.07369506359100342,-0.11199209839105606,0.014656102284789085,-0.07022630423307419,-0.11774444580078125,0.15269753336906433,-0.05422522500157356,0.05337223410606384,0.1727803498506546,0.12565341591835022,0.33952614665031433,0.07660932838916779,-0.2834562659263611,-0.3613755702972412,0.03056132234632969,-0.12102750688791275,-0.46057289838790894,-0.08219963312149048,0.15120062232017517,-0.005928301718086004,0.16839338839054108,-0.26232653856277466,0.6766542792320251,0.1359691470861435,-0.0710030198097229,-0.045248012989759445,-0.1519448608160019,0.01733401045203209,-0.6549803614616394,-0.1323101967573166,-0.006165429949760437,0.06418590247631073,0.11790452152490616,-0.12437649816274643,-0.1957661509513855,-0.07246650755405426,-0.008883011527359486,0.08074937015771866,0.13617834448814392,-0.28006482124328613,0.20472469925880432,0.022755032405257225,-0.05326514318585396,-0.6316388845443726,-0.07937449961900711,0.014789074659347534,0.2563208043575287,-0.04322879761457443,0.05155887454748154,0.14087074995040894
CID000005381,4000,-0.08543451875448227,-0.011680197902023792,-0.059849344193935394,-0.12724004685878754,0.3220197260379791,0.2932125926017761,0.07773878425359726,0.05938965082168579,-0.2936077415943146,-0.2474130392074585,-0.09099241346120834,-0.3527083098888397,0.07165167480707169,-0.16844794154167175,0.18248632550239563,0.06280578672885895,-0.0505489781498909,0.31741833686828613,0.15290877223014832,-0.03149116784334183,-0.08859473466873169,0.0791485533118248,0.09596706926822662,0.06752429157495499,0.06342028081417084,-0.09938473999500275,0.06788954883813858,-0.014413656666874886,-0.13185112178325653,0.26928502321243286,0.0170566625893116,-0.21384406089782715,-0.1595826894044876,0.013094356283545494,-0.4083422124385834,0.03554793447256088,-0.15860475599765778,-0.3123149573802948,-0.1624777615070343,-0.10814733803272247,0.08194129914045334,0.11084678024053574,-0.157821387052536,-0.14808526635169983,0.15859559178352356,-0.10125267505645752,0.13590064644813538,0.13186943531036377,-0.28860992193222046,-0.168808251619339,-0.1781589686870575,0.10824427753686905,-0.035308316349983215,-0.09967832267284393,0.011424553580582142,-0.024218982085585594,-0.09573253244161606,-0.0908777192234993,0.0670345202088356,-0.04602046683430672,-0.9619040489196777,-0.04661598056554794,-0.36760658025741577,0.24811533093452454,0.029728800058364868,0.13192424178123474,-0.043643318116664886,0.21709689497947693,-0.016610419377684593,0.12763839960098267,-0.07772765308618546,0.09737700968980789,-0.025357002392411232,-0.14468005299568176,0.07159628719091415,-0.06486102938652039,-0.06944157928228378,0.07186546176671982,0.16032862663269043,-0.08893390744924545,-0.13046440482139587,0.15435869991779327,-0.21654364466667175,-0.10326959192752838,-0.09111388027667999,-0.10661675781011581,-0.2086029052734375,-0.26200971007347107,0.18462114036083221,-0.054711245000362396,0.07760316878557205,-0.10780055820941925,-0.1595756709575653,-0.019586410373449326,-0.3864041268825531,0.0015138566959649324,-0.16128352284431458,0.3452816307544708,0.1578643023967743,-0.3177162706851959,0.12028644233942032,0.18866512179374695,-0.1531779021024704,-0.019137442111968994,-0.23827703297138214,0.14778073132038116,-0.37942367792129517,0.26537418365478516,-0.22069835662841797,0.13834358751773834,0.0698247104883194,0.0454096682369709,0.292585551738739,0.016943078488111496,-0.030001189559698105,0.07484965026378632,-0.0659552812576294,-0.08535110205411911,0.15487530827522278,0.05967579036951065,-0.1488494724035263,-0.5254705548286438,0.015343558974564075,-0.22791597247123718,-0.4284331202507019,0.16518095135688782,-0.027955466881394386,0.32932645082473755,0.10803738981485367,-0.008069192990660667,-0.07734037935733795,0.07139278203248978,-0.5691511034965515,-0.25165170431137085,0.11382973194122314,-0.1767047643661499,0.08994845300912857,-0.11833997070789337,-0.13147734105587006,0.09685558825731277,-0.12643779814243317,0.1493687778711319,-0.2660559117794037,-0.04984999820590019,4.738569259643555e-05,0.04934144392609596,-0.031536590307950974,-0.11492227017879486,-0.11655186116695404,0.1088365912437439,0.019237186759710312,0.030242210254073143,-0.05235237628221512,0.12802675366401672,0.03125978633761406,-0.0276609156280756,-0.13151249289512634,-0.31188300251960754,0.1139727234840393,0.08263154327869415,0.22602999210357666,-0.0535205602645874,-0.80498868227005,-0.055313967168331146,0.19214186072349548,0.2787279188632965,-0.14942330121994019,-0.14333170652389526,0.09890297800302505,-0.1217893585562706,-0.10107588768005371,-0.1616618037223816,0.28571999073028564,-0.08557154983282089,0.008032536134123802,0.06777268648147583,-0.13217303156852722,0.16947463154792786,-0.519397497177124,-0.1600283831357956,0.22450116276741028,0.2951684594154358,0.001897670328617096,0.03662647306919098,0.020272770896553993,0.01180814579129219,-0.21262988448143005,0.046973925083875656,0.29167860746383667,-0.1510232388973236,0.162910595536232,0.006821335759013891,-0.1819227635860443,-0.13043968379497528,-0.1352890282869339,0.22324950993061066,0.03724033385515213,0.06296101212501526,-0.09700415283441544,0.04184148460626602,-0.03466047719120979,-0.02026151679456234,-0.08199445903301239,0.2232007086277008,-0.13476082682609558,0.1652604043483734,0.0048344312235713005,-0.18724851310253143,0.00578779261559248,0.149032324552536,0.060992807149887085,0.12063577026128769,0.014625316485762596,0.01916636899113655,0.18010428547859192,0.1845490038394928,0.2721157968044281,0.12963825464248657,-0.03909878805279732,-0.33786913752555847,0.0005786031251773238,-0.09005726873874664,-0.3205360472202301,0.1099112257361412,0.1514236032962799,-0.10823412984609604,0.13920097053050995,-0.2842875123023987,0.627020537853241,0.03728741407394409,-0.23668508231639862,-0.17118337750434875,-0.10985831916332245,-0.12620589137077332,-0.49879178404808044,-0.23581957817077637,-0.2958495616912842,0.11674091964960098,0.25329819321632385,-0.1823471486568451,0.0032882378436625004,-0.03070281818509102,0.0824461355805397,0.06388896703720093,-0.027013365179300308,-0.07578045129776001,0.13083410263061523,-0.1454484611749649,0.11749114841222763,-0.571143627166748,0.06536821275949478,0.037529848515987396,0.12842810153961182,-0.14950303733348846,0.023571927100419998,-0.06173865869641304
CID000001206,4006,-0.25931307673454285,0.12001921981573105,0.14472131431102753,0.05160563439130783,0.6237906813621521,0.3904949426651001,0.4641594886779785,-0.3301568925380707,-0.4600844979286194,-0.3461640179157257,0.0760602205991745,-0.5835902690887451,-0.020547907799482346,-0.46251916885375977,-0.29695430397987366,0.1204947829246521,-0.16349443793296814,-0.06975766271352768,0.0319199413061142,0.005222618579864502,0.0126997921615839,0.1664404422044754,0.029342323541641235,0.08149012178182602,-0.2060120552778244,0.034546587616205215,0.31141000986099243,0.06602892279624939,-0.1724080592393875,0.3686303496360779,-0.3131835162639618,0.05637165158987045,0.36647507548332214,0.0867457240819931,-0.14379742741584778,0.3812727928161621,-1.1948951482772827,-0.5396012663841248,0.3275225758552551,-0.03178509324789047,0.5149648785591125,-0.13869228959083557,-0.46040964126586914,-0.13084538280963898,0.40145573019981384,0.2816607654094696,-0.22875794768333435,-0.29307207465171814,0.11755210161209106,0.0752653107047081,-0.2893429398536682,-0.07359447330236435,-0.538044810295105,-0.5150970220565796,-0.15092189610004425,0.08582623302936554,0.005086707882583141,-0.3326641917228699,0.4564771056175232,-0.07669585198163986,-1.172178030014038,-0.15183871984481812,0.33158430457115173,0.6369918584823608,-0.06849919259548187,0.31061312556266785,-0.3698429465293884,-0.08968551456928253,0.27430203557014465,0.41365867853164673,-0.1440127193927765,0.11974211037158966,-0.33156436681747437,-0.4926084578037262,0.4959444999694824,-0.044837649911642075,-0.1783619374036789,0.30064016580581665,-0.03641904890537262,-0.5185167789459229,-0.23318704962730408,0.007870721630752087,-0.04523233696818352,-0.37461161613464355,0.28387460112571716,-0.2574482858181,-0.21260054409503937,-0.012870651669800282,1.149558663368225,0.15414977073669434,-0.4000282287597656,-0.21752440929412842,-0.30177390575408936,0.010448944754898548,-0.616183876991272,0.005726691801100969,-0.37210318446159363,0.6379135251045227,0.16556856036186218,-0.3079386055469513,0.9495195150375366,0.015490302816033363,0.2708505392074585,0.35272902250289917,-0.06587810814380646,0.05486293509602547,-0.24335582554340363,0.29917147755622864,-0.027663778513669968,0.42325133085250854,-0.23412251472473145,-0.293518602848053,0.5765355229377747,-0.2457447350025177,0.44911351799964905,-0.3303565979003906,0.1825360506772995,-0.48298215866088867,0.41103872656822205,-0.25607067346572876,0.17760363221168518,-0.909593939781189,-0.23260226845741272,-0.40408968925476074,-0.44377636909484863,-0.20198559761047363,-0.19367483258247375,0.31120792031288147,0.2647818922996521,0.03203006833791733,-0.06507837772369385,-0.12978312373161316,-0.44522303342819214,-0.39499297738075256,0.39017754793167114,-0.064130499958992,0.3905433714389801,0.05290904641151428,-0.024147337302565575,-0.22676733136177063,0.19264927506446838,0.3163207769393921,0.19868603348731995,0.18803724646568298,0.12665024399757385,-0.1305113583803177,-0.10185734927654266,0.19790491461753845,0.14322741329669952,0.09515084326267242,-0.16746744513511658,-0.05930690839886665,0.2746075987815857,-0.04806249588727951,0.3176654875278473,-0.1520066112279892,-0.04098858684301376,-0.4236888289451599,-0.17958272993564606,0.17230410873889923,0.029009174555540085,-0.01619986817240715,-0.9181802868843079,-0.3024894595146179,0.13341960310935974,0.4866071343421936,0.2022368609905243,0.40186816453933716,0.6688564419746399,0.2177870273590088,-0.417839914560318,-0.5446363091468811,0.6271304488182068,-0.25266340374946594,-0.1891138106584549,-0.17523622512817383,0.20507223904132843,-0.09537912905216217,-0.23244766891002655,0.15856969356536865,0.5482941269874573,0.2461736500263214,0.03569696098566055,-0.10544691234827042,0.014541508629918098,-0.10246755927801132,-0.7220837473869324,0.33145198225975037,0.32345032691955566,-0.04660477116703987,-0.23616206645965576,-0.3138110041618347,0.11798319965600967,-0.44829195737838745,-0.3751789927482605,0.7557995915412903,0.19845359027385712,0.3718036413192749,-1.0102136135101318,-0.04137580469250679,-0.4290120601654053,0.34262892603874207,-0.26673462986946106,-0.2602258622646332,0.39352232217788696,0.5169860124588013,-0.029229650273919106,-0.1301424205303192,-0.37178125977516174,0.006236088462173939,0.12899336218833923,0.2726230025291443,-0.014780858531594276,0.3089827597141266,0.1337142139673233,-0.18073530495166779,0.473682165145874,0.08271226286888123,-0.5509620308876038,-0.30101478099823,0.37060579657554626,-0.000935286283493042,-0.9202895164489746,0.12694446742534637,0.2751922011375427,0.24427089095115662,0.13006797432899475,-0.291297972202301,0.6363994479179382,-0.007285322993993759,0.152553528547287,0.09079557657241821,-0.03621407225728035,-0.12528052926063538,-0.22643962502479553,-0.041891127824783325,-0.010492324829101562,0.22221283614635468,0.1489061862230301,-0.12813685834407806,-0.2976064085960388,0.22270385921001434,-0.301164835691452,-0.25145161151885986,-0.16919158399105072,-0.9163612127304077,0.42303523421287537,0.14524811506271362,-0.35070720314979553,-0.6521328687667847,-0.2059967815876007,0.16105540096759796,0.3856271505355835,0.3062298893928528,-0.03272603824734688,0.09305461496114731
CID000153941,4083,-0.15395808219909668,0.3304441571235657,-0.19748684763908386,0.1735280156135559,0.3502957224845886,0.5443401336669922,0.1835957169532776,0.45590338110923767,-0.5809470415115356,-0.4843025207519531,0.1874094307422638,-0.556698203086853,0.1485593616962433,-0.14813180267810822,-0.20929069817066193,0.024877959862351418,0.17431733012199402,0.1864996701478958,0.2385949194431305,0.08635324239730835,0.12034380435943604,0.13850301504135132,0.03173549845814705,0.17360958456993103,-0.22653761506080627,-0.043907854706048965,0.04337142035365105,-0.09473063051700592,-0.15990221500396729,0.6142560839653015,-0.16405978798866272,-0.09603763371706009,0.12968392670154572,-0.1993982493877411,-0.5110650658607483,0.09600013494491577,-0.31762367486953735,-0.21864581108093262,-0.170095294713974,0.1902722418308258,-0.09725980460643768,0.07166952639818192,-0.4575337767601013,-0.27200108766555786,0.3356449007987976,0.13935008645057678,0.25267839431762695,-0.052118025720119476,-0.03996049240231514,0.22368252277374268,-0.1449323296546936,0.09825526177883148,0.01935872994363308,-0.37842506170272827,-0.027742916718125343,-0.008345389738678932,0.02830287255346775,-0.19661521911621094,0.5070518255233765,0.21278052031993866,-0.8960045576095581,0.24475638568401337,-0.619907021522522,0.611545979976654,0.09690789878368378,-0.23529848456382751,-0.30033808946609497,0.21712379157543182,-0.030779466032981873,-0.05558394640684128,-0.15705212950706482,-0.18988408148288727,0.11864743381738663,-0.17516830563545227,0.7677780985832214,0.05929287523031235,0.008762001991271973,0.17884482443332672,0.3608396351337433,-0.18472610414028168,-0.30111563205718994,-0.029373139142990112,-0.5230304002761841,-0.1689479500055313,0.11177823692560196,-0.26759156584739685,-0.24696262180805206,-0.027547353878617287,0.2679259181022644,0.20328660309314728,-0.3049461841583252,-0.3175705075263977,0.13368722796440125,-0.012978702783584595,-0.3989637494087219,-0.29918408393859863,0.057823896408081055,0.16610752046108246,0.25503331422805786,-0.2779631018638611,0.21491985023021698,-0.026658952236175537,-0.42270851135253906,0.015177791938185692,-0.15971453487873077,-0.09321898221969604,-0.30527791380882263,0.41139936447143555,-0.19347670674324036,0.36151936650276184,0.032494425773620605,0.20098233222961426,0.22247056663036346,-0.2228836566209793,0.04390924051403999,0.10672539472579956,-0.014458904974162579,-1.070023775100708,0.3577359616756439,0.13692811131477356,0.036785539239645004,-0.5363744497299194,-0.08186623454093933,-0.396784245967865,-0.2321833074092865,0.6712461709976196,0.07756571471691132,0.3409004807472229,0.14637263119220734,0.07313121855258942,-0.13682882487773895,0.03235899284482002,-0.4391736388206482,-0.3781282901763916,0.17649629712104797,-0.6406817436218262,-0.15032422542572021,-0.2084849774837494,0.06299571692943573,-0.2570955157279968,0.05334184318780899,0.4327307641506195,0.3080766499042511,-0.10805587470531464,-0.06031437963247299,0.394020140171051,-0.3339097201824188,0.0016564220422878861,0.10232140123844147,0.12709829211235046,0.10401203483343124,-0.2660617232322693,0.1555205136537552,-0.055607713758945465,-0.04373276233673096,0.13899096846580505,-0.12940354645252228,-0.4061509966850281,-0.25876423716545105,0.2551847994327545,-0.026260685175657272,0.07995934784412384,-0.5618149042129517,-0.0264295544475317,0.3113142251968384,0.2105732262134552,-0.40596771240234375,0.07733719795942307,-0.015581751242280006,0.026452327147126198,-0.48796772956848145,0.15588586032390594,0.38429808616638184,-0.18551328778266907,0.008344060741364956,0.013640736229717731,0.044315654784440994,0.05076799541711807,-0.40146368741989136,-0.11402628570795059,0.16932788491249084,0.4091112017631531,-0.07503996044397354,-0.08833514899015427,-0.09968841075897217,-0.1858440339565277,-0.19683778285980225,-0.2913552224636078,0.033111803233623505,0.08807460963726044,0.17199821770191193,-0.07263009250164032,0.33243459463119507,0.18047982454299927,-0.16952477395534515,0.4622441828250885,0.15822498500347137,0.09780379384756088,-0.5901346206665039,0.17085830867290497,-0.052242912352085114,0.023690778762102127,-0.06278102099895477,-0.02511918544769287,0.12792347371578217,0.2908226251602173,-0.31970399618148804,-0.19779875874519348,-0.2783900797367096,-0.09015598148107529,-0.3302939534187317,0.11277774721384048,-0.11670558154582977,0.2761470079421997,0.16303476691246033,-0.006710764952003956,0.5658248066902161,0.03601139411330223,-0.4083804190158844,-0.3028264343738556,-0.010089123621582985,-0.07405349612236023,-0.43947935104370117,-0.15106841921806335,0.047002263367176056,-0.24036550521850586,0.21137098968029022,-0.6768718957901001,0.6905309557914734,0.06578745692968369,-0.3667975068092346,-0.01292836107313633,-0.031000718474388123,-0.22344104945659637,-0.4494491517543793,-0.264087975025177,-0.19649192690849304,0.21594937145709991,0.26465874910354614,0.012638002634048462,-0.6728957891464233,0.13898451626300812,0.08074256032705307,-0.016880471259355545,0.08585523068904877,0.10636015981435776,0.31220337748527527,-0.04309382662177086,-0.06905855238437653,-0.5619695782661438,0.028152769431471825,0.055489540100097656,0.41581955552101135,-0.5160977244377136,0.03699596971273422,-0.12022397667169571
CID000003394,4220,-0.04371818155050278,0.07638554275035858,-0.16709062457084656,-0.19508925080299377,0.6131429672241211,0.3546263575553894,0.043844155967235565,0.007958227768540382,-0.18645057082176208,-0.07306714355945587,0.11914040893316269,-0.41201868653297424,0.1336744725704193,-0.18374459445476532,-0.07618387788534164,0.016430163756012917,-0.050067268311977386,0.051372308284044266,-0.14118576049804688,-0.013955064117908478,0.1694577932357788,0.14158877730369568,-0.01584513857960701,0.03455902263522148,-0.04782417416572571,-0.1604822427034378,-0.1289619505405426,0.11616921424865723,0.06533835828304291,0.21700552105903625,0.030015477910637856,-0.2673620283603668,-0.07413600385189056,0.012633721344172955,-0.4710654318332672,-0.014307340607047081,-0.16471751034259796,-0.3541840612888336,0.11582411825656891,-0.3225494623184204,0.171615332365036,0.037095922976732254,-0.20326021313667297,-0.05065660551190376,0.06387105584144592,0.1202678456902504,-0.15734216570854187,-0.02945464849472046,0.3238831162452698,-0.14347060024738312,-0.1492551863193512,0.08158093690872192,-0.05436568334698677,-0.1529965102672577,0.0833175778388977,0.06242387741804123,0.03937571868300438,-0.07045204192399979,0.20839567482471466,-0.06127002090215683,-0.8820560574531555,-0.17752134799957275,-0.13351522386074066,0.24150750041007996,-0.006298771593719721,0.1865154653787613,-0.2514289319515228,0.028851037845015526,0.18516984581947327,0.14812257885932922,-0.1277041733264923,0.060673583298921585,0.05540642887353897,-0.3880719244480133,0.0136106563732028,-0.11164319515228271,-0.1163112074136734,-0.03671823814511299,0.021734487265348434,-0.13049252331256866,-0.31349554657936096,-0.07532702386379242,-0.09209071844816208,-0.11333431303501129,-0.08797629177570343,-0.21208393573760986,-0.12939265370368958,-0.14387282729148865,0.42291170358657837,-0.21186816692352295,-0.0003889352083206177,-0.06318630278110504,0.028229426592588425,-0.020496804267168045,-0.40665555000305176,-0.021327683702111244,-0.21380150318145752,0.47362393140792847,0.19274868071079254,-0.25219613313674927,0.4527810513973236,0.1352471560239792,-0.008749951608479023,0.0019742907024919987,-0.06357552111148834,-0.010501832701265812,-0.3708290457725525,0.377650648355484,0.11407564580440521,0.2827814519405365,0.018127072602510452,0.05526163429021835,0.24298565089702606,-0.14034052193164825,0.1222955733537674,0.006054464727640152,0.1533932387828827,-0.13862712681293488,0.14686113595962524,0.02451273798942566,-0.09962065517902374,-0.6184354424476624,0.14997172355651855,-0.20317339897155762,-0.47799572348594666,-0.0332157202064991,-0.15648473799228668,0.40954288840293884,0.18353402614593506,-0.11611191928386688,-0.15530343353748322,0.0723821148276329,-0.32937830686569214,-0.26424914598464966,-0.11686062812805176,0.059910863637924194,0.13366970419883728,-0.003252533031627536,0.07513441145420074,-0.13972511887550354,-0.07562540471553802,0.34419435262680054,-0.05782032012939453,0.06627464294433594,0.15873339772224426,0.0231899656355381,0.202134370803833,0.030598333105444908,0.12733712792396545,0.23766037821769714,-0.1413760781288147,-0.1306503862142563,0.008432346396148205,0.09385162591934204,-0.03996030241250992,-0.013504582457244396,0.0036728917621076107,-0.19550512731075287,0.22783783078193665,0.005703368224203587,0.1702490746974945,0.004397237207740545,-0.9173581004142761,0.06517316401004791,0.1836220771074295,0.28122785687446594,-0.10407872498035431,-0.023998448625206947,0.18845245242118835,0.12097515165805817,-0.07355695217847824,-0.1221555694937706,0.4934832453727722,-0.14109495282173157,-0.14173997938632965,0.021072160452604294,0.3970606327056885,0.08264759927988052,-0.3471546471118927,-0.033332835882902145,0.2423686981201172,0.2657533586025238,0.05375887081027031,0.04821578413248062,-0.11374577134847641,0.05849709361791611,-0.17744159698486328,0.07961691915988922,0.6472777724266052,-0.20981161296367645,0.14812402427196503,-0.23777012526988983,0.14779968559741974,-0.11328689754009247,-0.06919384002685547,0.47981390357017517,0.14279910922050476,-0.03393864631652832,-0.14199618995189667,-0.20811156928539276,0.04218050092458725,0.3159920275211334,-0.17983193695545197,0.04405750706791878,-0.13928581774234772,0.37624210119247437,0.18020395934581757,-0.019136648625135422,0.026806186884641647,-0.1089557632803917,0.12617430090904236,0.10608496516942978,-0.06412758678197861,0.10303832590579987,0.2599708139896393,0.01324150525033474,0.3484269082546234,-0.08658178150653839,0.08283762633800507,-0.19133785367012024,0.05753260850906372,0.006317435298115015,-0.4878309369087219,0.1264413595199585,0.37966975569725037,0.1410215198993683,0.23160114884376526,-0.2896619439125061,0.5401123762130737,0.11320581287145615,0.20673683285713196,-0.06157200410962105,-0.10334153473377228,0.043857526034116745,-0.5270165801048279,-0.21186980605125427,0.07613176107406616,-0.03023819997906685,0.08235076069831848,-0.036382436752319336,-0.10554639995098114,-0.06867456436157227,-0.01214020885527134,-0.08659858256578445,-0.1513950228691101,-0.3433123230934143,0.19690999388694763,-0.010969802737236023,0.052862703800201416,-0.6117025017738342,0.13725796341896057,0.11895424127578735,0.1597067415714264,0.12601476907730103,-0.05731716752052307,0.020396113395690918
CID000002170,4264,-0.039640434086322784,-0.0136354248970747,0.07395116984844208,-0.10609529912471771,0.2180335968732834,0.2534922659397125,-0.14132003486156464,0.022919338196516037,-0.23504063487052917,-0.09941636025905609,-0.13456006348133087,-0.3587768077850342,-0.0580097921192646,-0.37288373708724976,0.2657167613506317,0.09227010607719421,-0.11527281999588013,0.2865223288536072,0.19467267394065857,-0.1417570412158966,-0.08614345639944077,0.17312023043632507,0.04932938516139984,0.08226606249809265,0.08442677557468414,-0.0498897023499012,0.013120735064148903,-0.06730364263057709,-0.07376350462436676,0.27915918827056885,-0.06094875931739807,-0.0450127013027668,-0.09303886443376541,-0.022814679890871048,-0.4889351427555084,0.03581272438168526,-0.3142777979373932,-0.31857603788375854,-0.0975060909986496,-0.003868290688842535,0.07717419415712357,0.04654823616147041,-0.21161094307899475,-0.21911494433879852,0.11461339890956879,-0.11285433918237686,-0.03168214485049248,0.25722089409828186,-0.27834030985832214,-0.1378093808889389,-0.19864772260189056,0.047162264585494995,-0.08158640563488007,-0.10020564496517181,-0.014658828265964985,0.05408521741628647,-0.08312571048736572,0.004847603850066662,0.12596669793128967,0.01176838856190443,-0.908224880695343,0.010083252564072609,-0.32271215319633484,0.24766691029071808,-0.008739525452256203,0.1955072581768036,-0.3512614667415619,0.2546119689941406,0.029176348820328712,-0.0017281428445130587,-0.08026715368032455,0.17705006897449493,-0.052038341760635376,-0.20098170638084412,0.09385309368371964,-0.08544699847698212,-0.04821176454424858,0.034048303961753845,0.10356543213129044,-0.10325612872838974,-0.20984788239002228,0.3184434473514557,-0.045134287327528,-0.09969702363014221,-0.13490143418312073,0.019252272322773933,-0.18768270313739777,-0.28355592489242554,0.3680838942527771,0.09250959008932114,0.06711702048778534,-0.08810945600271225,-0.2365131825208664,-0.0997573584318161,-0.5033296346664429,-0.0033355026971548796,-0.22672411799430847,0.35840922594070435,0.13764074444770813,-0.42228350043296814,0.31168848276138306,0.149981290102005,-0.07120324671268463,-0.06998040527105331,-0.13499656319618225,0.03232995793223381,-0.38382861018180847,0.29235896468162537,-0.18526451289653778,0.18481402099132538,-0.22175157070159912,-0.04540261626243591,0.30287766456604004,0.05936679244041443,-0.11400358378887177,0.1928252875804901,-0.12473766505718231,-0.14081357419490814,0.07405151426792145,0.1079283356666565,-0.10417652130126953,-0.5769816637039185,-0.10311298072338104,-0.34385523200035095,-0.34269946813583374,0.07057937979698181,-0.10410179197788239,0.29097938537597656,0.0970795601606369,0.07443872094154358,0.15008485317230225,0.13248935341835022,-0.5546172857284546,-0.30019858479499817,-0.015075480565428734,-0.2686906158924103,0.17982058227062225,-0.02389431558549404,-0.17034253478050232,0.09212342649698257,0.023380443453788757,0.016418423503637314,-0.3005533516407013,-0.045114245265722275,0.0011188663775101304,0.017574453726410866,-0.0962519720196724,-0.20917253196239471,-0.14629127085208893,0.13160215318202972,-0.01249728538095951,-0.0600542314350605,-0.06818702071905136,0.14698323607444763,-0.11019907146692276,0.08634965866804123,-0.15533433854579926,-0.3200914263725281,0.14051197469234467,0.07072292268276215,0.21180593967437744,-0.05696023628115654,-0.8402080535888672,-0.023535508662462234,0.10630957037210464,0.2780366539955139,-0.07567225396633148,-0.12253856658935547,0.10982625186443329,0.0213747750967741,-0.08299051225185394,-0.07481011748313904,0.3845987319946289,-0.068230539560318,-0.1354943811893463,0.11417703330516815,-0.09105326235294342,0.18664854764938354,-0.5243545770645142,-0.04311155527830124,0.24675853550434113,0.3588571846485138,0.032478153705596924,0.1221277117729187,0.0063542150892317295,0.0067140040919184685,-0.3067980408668518,-0.116673544049263,0.39916616678237915,-0.08624397218227386,0.06616049259901047,0.0784907266497612,-0.24996943771839142,-0.11729583889245987,-0.2898598313331604,0.3337675631046295,0.0290390495210886,-0.04797756299376488,-0.28003472089767456,0.026257073506712914,0.10856300592422485,-0.0009277522331103683,-0.12026002258062363,0.21372386813163757,-0.19154424965381622,0.29162946343421936,0.007382222916930914,-0.15783873200416565,0.08479376882314682,0.2836148738861084,0.19295820593833923,0.13622871041297913,-0.04117093235254288,-0.01970142312347889,0.14257031679153442,0.18190357089042664,0.4058224558830261,0.3166833519935608,-0.05923982709646225,-0.3270382285118103,0.006569460034370422,-0.05692298337817192,-0.42255815863609314,0.13989251852035522,0.19682374596595764,-0.14665023982524872,0.08823223412036896,-0.16866454482078552,0.5672173500061035,0.03550416976213455,-0.14603368937969208,-0.2148706614971161,-0.0755300521850586,-0.1252630203962326,-0.4349699020385742,-0.2763366997241974,-0.2101213037967682,0.38575777411460876,0.07229463756084442,-0.14473775029182434,-0.2522943615913391,-0.013152405619621277,0.12563368678092957,0.14276182651519775,0.042476341128349304,-0.20739273726940155,0.304321825504303,-0.18812164664268494,0.07873374968767166,-0.6518240571022034,-0.07123861461877823,-0.06400750577449799,0.28572121262550354,-0.012745970860123634,0.01462523639202118,-0.033006615936756134
CID000002519,4340,0.12763257324695587,-0.26500406861305237,0.08378012478351593,0.02466041035950184,0.4760994017124176,0.5115966200828552,-0.23067507147789001,0.02486628293991089,-0.40740638971328735,-0.285699725151062,0.3008512556552887,-0.4855332374572754,0.17100611329078674,-0.24757826328277588,0.0650949776172638,0.15365321934223175,0.053106117993593216,0.08221874386072159,-0.19728389382362366,-0.154545858502388,-0.1723361313343048,0.2643759846687317,0.006495945155620575,0.07290884107351303,0.24160604178905487,0.010365709662437439,-0.02689301036298275,0.06577624380588531,-0.15437467396259308,0.4699111580848694,0.023517543449997902,0.15965916216373444,-0.1136876568198204,-0.0904507264494896,-0.4520789086818695,0.11469703912734985,-0.3361175060272217,-0.373171865940094,-0.4780196249485016,0.13161981105804443,0.001496684504672885,0.22039759159088135,-0.44654807448387146,-0.03917769342660904,0.4838021397590637,0.1506369411945343,0.015495389699935913,-0.12492519617080688,0.3392290472984314,0.0033611685503274202,-0.29466116428375244,0.14494428038597107,-0.0800200030207634,-0.06920460611581802,0.0671403557062149,-0.12536145746707916,-0.0013626724248751998,0.055669356137514114,0.5085574388504028,0.3798125982284546,-0.7780309915542603,0.14058807492256165,-0.3955004811286926,0.22077889740467072,0.1286737620830536,-0.09523072838783264,-0.2014652043581009,-0.1863604485988617,-0.07383592426776886,-0.22540077567100525,-0.5665139555931091,-0.21324209868907928,0.011204630136489868,-0.1166667565703392,0.20249278843402863,-0.06448449194431305,-0.13656309247016907,0.18364104628562927,0.12879100441932678,-0.18267352879047394,-0.29680535197257996,-0.27423056960105896,-0.2985718548297882,-0.26463961601257324,0.13580864667892456,-0.2643028795719147,-0.21255707740783691,-0.37963682413101196,0.2695346474647522,0.07431604713201523,-0.2665565311908722,-0.371230810880661,0.1361640840768814,-0.07918976247310638,-0.31222429871559143,-0.15102103352546692,-0.03990551829338074,0.15619327127933502,0.2317366600036621,-0.1608441174030304,0.16516873240470886,0.1790936291217804,-0.37660518288612366,0.08161306381225586,-0.1816646307706833,-0.08206154406070709,-0.5944693088531494,0.3199508786201477,-0.26114776730537415,0.17770174145698547,0.25261014699935913,0.4720870554447174,0.0993945375084877,0.032698195427656174,0.2008054554462433,-0.08715389668941498,-0.08774681389331818,-0.5596586465835571,0.48415833711624146,0.11640150845050812,0.0738539919257164,-0.6354854702949524,0.01701885648071766,-0.16249677538871765,-0.376737117767334,0.27852192521095276,0.10059632360935211,0.25486233830451965,-0.06217978522181511,-0.17215028405189514,-0.07592955976724625,-0.024338001385331154,-0.5533325672149658,-0.40492478013038635,-0.37623751163482666,-0.17039546370506287,0.11009757220745087,-0.21632876992225647,0.2632695138454437,-0.022465448826551437,-0.017326336354017258,0.18040260672569275,-0.07552789896726608,-0.030489671975374222,-0.16142192482948303,0.1242622584104538,0.11704319715499878,-0.039612241089344025,-0.22026026248931885,0.2627686560153961,-0.2814706861972809,-0.12096893787384033,-0.2959445118904114,0.010068286210298538,-0.033283334225416183,0.06267045438289642,-0.016306500881910324,-0.3926182687282562,-0.12970498204231262,0.27627044916152954,0.1885198950767517,0.009182850830256939,-0.6895661354064941,-0.11686326563358307,0.2531030476093292,0.26582279801368713,-0.4947435259819031,0.002468197140842676,0.23427248001098633,-0.027124393731355667,-0.4244803488254547,-0.19831635057926178,0.382079154253006,-0.2175861895084381,-0.26518064737319946,-0.1303899735212326,0.356929212808609,0.035216279327869415,-0.4867883324623108,-0.1004742980003357,0.14578384160995483,0.13381557166576385,0.0889924019575119,-0.2155500203371048,-0.04028698429465294,0.00716159213334322,-0.32217684388160706,-0.5347616672515869,0.36594757437705994,0.13454845547676086,0.1256193369626999,-0.2372317761182785,0.24940745532512665,0.1635536551475525,-0.2867429256439209,0.73375004529953,-0.02182433381676674,-0.0987091064453125,-0.15761129558086395,0.2225850373506546,-0.007753376848995686,-0.02734093740582466,-0.2935604155063629,0.018940409645438194,0.07208829373121262,0.23371246457099915,-0.024782920256257057,-0.22373878955841064,-0.30063188076019287,-0.21192097663879395,-0.12083040177822113,0.07298102974891663,-0.1083679050207138,0.3868149220943451,0.08310262858867645,0.14825788140296936,0.4815390110015869,-0.01513129286468029,-0.26471155881881714,-0.24927754700183868,-0.2513425946235657,-0.07702590525150299,-0.5425344109535217,-0.10139577090740204,0.07238490134477615,-0.14891096949577332,0.28071528673171997,-0.1612122654914856,0.810407817363739,0.08619022369384766,-0.2920590341091156,0.005492380354553461,-0.1701931655406952,-0.30770665407180786,-0.4812336564064026,-0.20541679859161377,-0.38660070300102234,0.2097737342119217,0.4918525815010071,0.38020411133766174,-0.5795618295669556,-0.06098935008049011,-0.07702289521694183,-0.10366269201040268,0.05672812461853027,-0.20713715255260468,0.22422246634960175,-0.06781058758497238,0.18104338645935059,-0.6101003289222717,0.10105284303426743,0.29158926010131836,0.22672057151794434,-0.17321214079856873,0.035097625106573105,-0.10884001106023788
CID000003278,4387,-0.06679463386535645,-0.016669590026140213,0.22470323741436005,-0.048700571060180664,0.4926074147224426,0.29544374346733093,0.0993022620677948,0.0973927229642868,-0.18691788613796234,-0.29194527864456177,-0.15977291762828827,-0.37625619769096375,0.17582571506500244,-0.20062915980815887,0.10823149979114532,0.05413249880075455,-0.05656138062477112,0.1694415956735611,-0.03324441984295845,0.1335017830133438,-0.1643170267343521,0.04137283191084862,0.05767650529742241,-0.07398940622806549,0.21599312126636505,-0.008135000243782997,-0.06407710164785385,0.06526648998260498,-0.1135733351111412,0.3365706503391266,0.018871495500206947,-0.027993464842438698,-0.1970403641462326,0.013231310062110424,-0.30440062284469604,-0.06180525943636894,-0.13846030831336975,-0.3842310309410095,-0.024882156401872635,-0.14204178750514984,0.20192202925682068,0.1274862289428711,-0.13409557938575745,-0.17069724202156067,0.0361480638384819,0.0099291717633605,-0.1963532418012619,0.0932801216840744,-0.19132179021835327,-0.14689859747886658,-0.14650875329971313,0.10350693762302399,-0.14009889960289001,-0.23060712218284607,0.050160326063632965,-0.173695906996727,-0.010637827217578888,-0.0011739402543753386,-0.03848562017083168,0.010618153028190136,-0.8455185890197754,0.11842403560876846,-0.438382089138031,0.058679960668087006,0.01171279139816761,0.2270721197128296,-0.26816433668136597,0.09887921065092087,0.1318119764328003,0.06005730479955673,-0.05970017984509468,-0.07520676404237747,0.06681928783655167,-0.1924475133419037,0.010599508881568909,-0.04431544244289398,-0.09803901612758636,0.01643284223973751,0.24527931213378906,-0.020710837095975876,-0.29777130484580994,-0.05358477681875229,-0.3473648130893707,-0.18791775405406952,-0.07538862526416779,-0.1005764976143837,-0.1623169481754303,-0.09840454161167145,0.25969529151916504,0.02771424688398838,0.03614161163568497,-0.19425258040428162,-0.23160238564014435,-0.010753963142633438,-0.3675093352794647,0.013762405142188072,-0.24465696513652802,0.3284413814544678,0.09295695275068283,-0.18175075948238373,0.15714558959007263,0.07018604874610901,-0.1410062611103058,0.36191481351852417,-0.16099736094474792,0.07957997173070908,-0.36216750741004944,0.22645938396453857,-0.039055194705724716,0.1693478524684906,0.19995343685150146,-0.028536606580018997,0.2728053033351898,-0.015263492241501808,0.024355366826057434,0.11404567956924438,0.04039797559380531,-0.14060263335704803,0.01790039613842964,-0.025064807385206223,-0.25568658113479614,-0.4855412542819977,0.12494812905788422,-0.2876818776130676,-0.35478273034095764,0.14150753617286682,0.020317822694778442,0.29582926630973816,0.13197430968284607,0.03626042604446411,0.23710711300373077,0.06107279658317566,-0.48668843507766724,-0.24118590354919434,0.09422926604747772,-0.1032305359840393,0.2069283425807953,-0.045364562422037125,-0.14975644648075104,0.030671555548906326,-0.13116778433322906,0.19113008677959442,-0.17607960104942322,0.011661572381854057,0.0462663471698761,-0.02889925241470337,0.06371274590492249,0.13864608108997345,-0.2601936459541321,0.032590724527835846,-0.08461730182170868,0.07307539880275726,-0.17729367315769196,-0.04466989263892174,-0.09347929805517197,0.017420198768377304,-0.08918670564889908,-0.4412303566932678,0.1503894031047821,0.13083702325820923,0.24053215980529785,0.003229642752557993,-0.8683579564094543,-0.009711802005767822,0.07232843339443207,0.31791457533836365,-0.08933787792921066,-0.10898041725158691,0.16829320788383484,-0.1160370483994484,0.0021060786675661802,0.04951627179980278,0.37330442667007446,-0.12142449617385864,-0.24089491367340088,0.020050358027219772,-0.08469297736883163,0.06785085052251816,-0.5158689618110657,-0.0407993383705616,0.20828911662101746,0.2063770592212677,0.06965354084968567,-0.1944606751203537,0.09378668665885925,0.05690460279583931,-0.25614264607429504,-0.03526436537504196,0.2627565860748291,0.030027199536561966,0.20645880699157715,-0.04453405737876892,-0.07038246095180511,-0.1359204351902008,-0.10603635013103485,0.4450904428958893,0.12068195641040802,-0.038089118897914886,-0.01006369013339281,0.10205571353435516,-0.09159593284130096,0.019992316141724586,-0.07437729090452194,0.16209980845451355,-0.08528951555490494,0.3111248016357422,-0.01532510481774807,-0.4986944794654846,0.09640933573246002,-0.05408972501754761,-0.11842747032642365,0.20543114840984344,-0.060815297067165375,0.084273561835289,0.34562087059020996,-0.03879266232252121,0.20606473088264465,0.21945790946483612,-0.044206637889146805,-0.31899914145469666,0.09336080402135849,-0.007313082460314035,-0.298943430185318,0.026817258447408676,0.31152039766311646,0.041055239737033844,0.11095795780420303,-0.3287625312805176,0.5318642854690552,0.027951592579483986,-0.16933313012123108,-0.1791369616985321,-0.11119318008422852,-0.012796727940440178,-0.4671357274055481,-0.2533833086490631,-0.23717370629310608,0.19416968524456024,0.2421804964542389,-0.17298689484596252,0.07175083458423615,0.0806153267621994,0.12383339554071426,0.032592371106147766,-0.11076293140649796,-0.04319414123892784,0.2624957859516144,0.009351050481200218,0.17779190838336945,-0.4632500112056732,0.18236763775348663,-0.014501294121146202,0.08170953392982483,-0.13571955263614655,0.036203037947416306,-0.14155085384845734
CID000004993,4998,-0.08954271674156189,-0.15858756005764008,-0.13957877457141876,-0.16110427677631378,0.4400898814201355,0.2322823703289032,-0.08602745831012726,0.11986477673053741,-0.2522434592247009,-0.18660737574100494,0.10143158584833145,-0.4108189642429352,-0.08673863112926483,-0.12361544370651245,0.24002747237682343,-0.03574344888329506,0.006553977727890015,0.06916682422161102,-0.059514306485652924,-0.05028911679983139,0.08036276698112488,0.0749395489692688,0.0759832113981247,0.07573666423559189,0.004206114914268255,-0.03597581014037132,-0.11495183408260345,0.033505555242300034,-0.06693937629461288,0.28928279876708984,0.061018843203783035,-0.40652933716773987,-0.05157552286982536,0.002279148902744055,-0.5153952240943909,0.01043388806283474,-0.18894699215888977,-0.2586250603199005,-0.06759729981422424,-0.0999126061797142,0.06524435430765152,-0.04218681529164314,-0.10317115485668182,-0.09996114671230316,0.16932670772075653,0.00792778842151165,0.059662044048309326,0.19335196912288666,-0.147722989320755,-0.10849283635616302,-0.024025317281484604,0.08181574195623398,0.07258997857570648,-0.1450524479150772,0.11593888700008392,-0.09291772544384003,-0.15863701701164246,-0.01794007048010826,0.20456428825855255,-0.04689987003803253,-0.9416019320487976,-0.10722112655639648,-0.24342532455921173,0.20729970932006836,0.13356921076774597,0.11111743748188019,-0.09658932685852051,0.08002106100320816,-0.059806354343891144,0.10893477499485016,-0.09757053852081299,0.16972067952156067,0.016564777120947838,-0.18948133289813995,0.06391079723834991,-0.08044275641441345,-0.1601959764957428,-0.04129152372479439,0.24496862292289734,-0.13940317928791046,-0.2041432410478592,-0.06116210296750069,-0.11523739993572235,-0.016662245616316795,-0.10275526344776154,-0.1928543746471405,-0.1936606913805008,-0.1397826075553894,0.26841220259666443,-0.15884608030319214,0.029194284230470657,-0.03022822178900242,0.021134497597813606,0.014554709196090698,-0.42767858505249023,-0.006032270845025778,-0.07327472418546677,0.23863057792186737,0.13853523135185242,-0.2355276644229889,0.15915778279304504,0.19838038086891174,-0.29673531651496887,0.0015500187873840332,-0.1641465723514557,0.07737177610397339,-0.5720069408416748,0.28409239649772644,0.07097119092941284,0.055497415363788605,0.18146641552448273,0.172380730509758,0.11931242793798447,0.0709221214056015,0.030846858397126198,0.19161102175712585,-0.08304153382778168,-0.10805945098400116,0.14414744079113007,0.11673057079315186,-0.2503739893436432,-0.5589011311531067,0.14198222756385803,-0.06159375235438347,-0.38562026619911194,0.1043476089835167,-0.06719021499156952,0.3790426254272461,0.0878191739320755,-0.09776024520397186,-0.2614479064941406,0.06857462227344513,-0.4527962803840637,-0.27402549982070923,-0.16318024694919586,-0.21863624453544617,0.08033372461795807,-0.08639255911111832,-0.03994198888540268,-0.048282869160175323,0.048692841082811356,0.09558045864105225,-0.396315336227417,0.0003151728888042271,0.05397414416074753,-0.10205402225255966,0.140620619058609,-0.053416453301906586,0.14949434995651245,0.1435299813747406,-0.026061495766043663,-0.05059407278895378,-0.021654050797224045,0.08228657394647598,0.016125347465276718,-0.13439258933067322,-0.10566365718841553,-0.2716546356678009,0.09763643890619278,0.040523916482925415,0.05550893023610115,-0.0077797300182282925,-0.8893348574638367,0.06615513563156128,0.21826091408729553,0.238449364900589,-0.1535106897354126,-0.0855783075094223,0.07374848425388336,0.03926367685198784,-0.11811619997024536,-0.2168741673231125,0.2544528841972351,-0.06985554844141006,0.010098626837134361,0.1355827897787094,-0.057116955518722534,0.1934179961681366,-0.5265201330184937,-0.19518831372261047,0.2216171771287918,0.21511022746562958,0.07739358395338058,-0.02427217923104763,-0.09887512028217316,0.006053687538951635,-0.11106500774621964,0.06601272523403168,0.441859632730484,-0.18009591102600098,0.3112477660179138,-0.14691971242427826,-0.05402066558599472,-0.08458007872104645,-0.052177369594573975,0.3322347104549408,-0.02861069142818451,-0.02770613692700863,-0.1182536631822586,-0.22265759110450745,-0.05345426872372627,0.02527020499110222,-0.07029395550489426,0.1640288382768631,-0.12324277311563492,0.18469341099262238,0.0027670233976095915,-0.057314373552799225,-0.026644179597496986,-0.057079751044511795,0.08325739204883575,0.00514809787273407,0.03649745136499405,0.10629358142614365,0.13050387799739838,0.153419628739357,0.2867881655693054,-0.08218572288751602,-0.057803671807050705,-0.31825852394104004,-0.008193545043468475,-0.13792698085308075,-0.43825656175613403,0.07479631900787354,0.12320365011692047,-0.16432011127471924,0.17731642723083496,-0.21431401371955872,0.6983402967453003,0.06923128664493561,-0.21065834164619446,-0.07484373450279236,-0.19114065170288086,-0.0619097463786602,-0.6713265776634216,-0.20855800807476044,0.04729499667882919,0.1468816101551056,0.27854907512664795,-0.045819349586963654,-0.1675306260585785,-0.0639052540063858,0.03036569431424141,0.20758509635925293,0.05695692449808121,-0.1307862401008606,0.12347213178873062,-0.08560771495103836,0.02531900443136692,-0.5558003783226013,0.08190029114484787,0.07183974236249924,0.16109247505664825,-0.10931835323572159,0.0897836834192276,-0.0009498894214630127
CID006435110,5022,-0.24480882287025452,-0.024777507409453392,0.1550346165895462,-0.0618060827255249,0.29231661558151245,0.598335325717926,-0.05265573784708977,0.10419990122318268,-0.3297579884529114,-0.15371151268482208,-0.050621651113033295,-0.4219208359718323,0.37349265813827515,-0.38978561758995056,-0.03165718540549278,-0.1840977966785431,0.18564042448997498,-0.42593756318092346,0.03265246003866196,-0.21717801690101624,0.10608550161123276,0.06331020593643188,-0.02173560857772827,-0.07508276402950287,0.08396932482719421,0.16383875906467438,-0.12176267802715302,-0.11976826190948486,0.03775262087583542,0.36370402574539185,-0.017747962847352028,0.13448825478553772,0.13869540393352509,-0.022063707932829857,-0.31371599435806274,0.3240157961845398,-0.2118188440799713,-0.2800372838973999,-0.14272388815879822,-0.08861805498600006,-0.06343267112970352,-0.04756264016032219,-0.21462786197662354,0.018503854051232338,0.39998358488082886,-0.06973264366388321,0.13118812441825867,-0.07759590446949005,0.02280300483107567,-0.04646908491849899,-0.6104559898376465,0.27736327052116394,-0.148297980427742,-0.4338095784187317,0.2968332767486572,-0.01983046531677246,0.02867898717522621,0.03694649413228035,0.4565521776676178,0.04027368873357773,-0.8845726251602173,-0.15379054844379425,-0.20720858871936798,0.12069704383611679,-0.14798565208911896,-0.06628385186195374,-0.3325827121734619,0.10125713050365448,0.11100922524929047,-0.05084014683961868,-0.6689457893371582,0.03809675574302673,-0.01799912564456463,-0.16917064785957336,0.37720993161201477,-0.13826455175876617,0.22880819439888,0.3120925724506378,0.06754148751497269,-0.0934949666261673,-0.4623149037361145,-0.1768619567155838,-0.03562752157449722,0.004666817374527454,-0.03598644584417343,-0.04797115549445152,-0.2967259883880615,0.21308496594429016,0.3543131947517395,-0.18631890416145325,-0.23815937340259552,-0.2445596158504486,0.11107126623392105,-0.07646732032299042,-0.22408044338226318,0.09373732656240463,0.19920016825199127,-0.024924304336309433,0.1961100995540619,-0.18170858919620514,0.18628111481666565,0.1325281262397766,-0.09332454204559326,-0.026199961081147194,-0.12408389151096344,-0.06786614656448364,-0.3210499584674835,0.417752206325531,-0.23864836990833282,0.46236029267311096,0.16949178278446198,-0.17342399060726166,0.288339227437973,-0.11953109502792358,0.1895638406276703,-0.13636668026447296,0.08888991177082062,-0.7038718461990356,0.34727877378463745,0.1565150022506714,-0.032921768724918365,-0.6313086748123169,-0.18539412319660187,-0.398811936378479,-0.6475050449371338,0.32993385195732117,-0.1311442255973816,0.44343847036361694,0.2706925868988037,-0.04612523317337036,0.17976811528205872,-0.015684474259614944,-0.6583837270736694,-0.513428807258606,-0.09738630056381226,-0.15504959225654602,0.2750875651836395,-0.12770703434944153,-0.0015049458015710115,-0.152029350399971,-0.2883218824863434,0.28791922330856323,0.11456481367349625,-0.003758646547794342,-0.013837078586220741,-0.45312318205833435,0.2445494830608368,-0.09203596413135529,0.1633545160293579,0.18441876769065857,-0.061891745775938034,0.07503937184810638,-0.09826406091451645,-0.13814422488212585,-0.0021767138969153166,0.3001190721988678,0.09632909297943115,-0.409440815448761,0.253310889005661,0.4054231643676758,0.12268708646297455,0.04875266179442406,-0.8169225454330444,-0.24914701282978058,0.4528267979621887,0.21838390827178955,-0.21781787276268005,0.12558726966381073,0.0023991079069674015,0.056290894746780396,-0.18188539147377014,-0.0722397118806839,0.5235506296157837,0.05515512079000473,-0.002328586531803012,-0.02392907813191414,-0.02011573314666748,0.09430547058582306,-0.24793872237205505,-0.18945100903511047,0.16097402572631836,0.36242035031318665,0.23905996978282928,-0.19062946736812592,-0.006587265525013208,0.01894739829003811,-0.4094598889350891,-0.014153426513075829,0.2835876941680908,-0.032121799886226654,0.2817838788032532,-0.3836478590965271,-0.04185197874903679,-0.03281401842832565,-0.409686416387558,0.5983406901359558,0.0030101537704467773,0.03275909274816513,-0.17473600804805756,0.03169956058263779,-0.08984868228435516,0.3374781012535095,-0.1535114347934723,0.11157955229282379,-0.18839648365974426,0.3226069509983063,-0.0408046618103981,-0.2918575406074524,-0.36076873540878296,-0.06031147390604019,0.13987287878990173,0.022912051528692245,-0.07178843021392822,0.12535998225212097,0.01200270839035511,-0.32443350553512573,0.44996461272239685,-0.21491916477680206,-0.22220459580421448,-0.20878061652183533,0.021434830501675606,-0.020892968401312828,-0.44806867837905884,0.07742355018854141,0.0026107789017260075,-0.24228648841381073,0.34122949838638306,-0.40757688879966736,0.5270280241966248,-0.01788712665438652,-0.04946385696530342,-0.24021506309509277,0.08577567338943481,0.2102847844362259,-0.5660886764526367,-0.2804115414619446,-0.1649414300918579,0.3293576240539551,0.23272037506103516,-0.07516182214021683,-0.3906019628047943,0.17419295012950897,0.06856318563222885,-0.10299541801214218,0.005517521407455206,-0.2808682322502136,0.3257911801338196,-0.12303449958562851,0.1824626624584198,-0.5231603980064392,-0.2267463654279709,0.17658177018165588,-0.001643287600018084,-0.28906750679016113,-0.022548135370016098,-0.2331925928592682
CID000004211,5051,0.030167365446686745,0.12325451523065567,-0.20973122119903564,-0.1951039731502533,0.5885173678398132,0.23489674925804138,-0.0018875456880778074,-0.09693475812673569,-0.08094321191310883,0.030067985877394676,0.12598177790641785,-0.4592560827732086,0.13553158938884735,-0.15240062773227692,-0.09306931495666504,-0.042456112802028656,0.08334030210971832,-0.021518759429454803,0.032044269144535065,0.0009533613920211792,0.11238981783390045,0.08174882084131241,-0.0007840454345569015,0.2291857898235321,0.017446111887693405,-0.13138191401958466,0.02246573567390442,0.04159140586853027,0.07254884392023087,0.1761048287153244,-0.05976947396993637,-0.19440767168998718,-0.11728410422801971,-0.04767674580216408,-0.6564549207687378,0.09541162103414536,-0.1523413062095642,-0.299512654542923,0.023895740509033203,-0.19275960326194763,0.04155536741018295,-0.18540625274181366,-0.0325222909450531,-0.13070015609264374,0.13966742157936096,0.22793860733509064,-0.029772207140922546,-0.015324756503105164,0.19587717950344086,-0.1731368601322174,-0.254874050617218,-0.10973955690860748,-0.1250036507844925,-0.1790371835231781,0.1065506711602211,-0.0029647909104824066,-0.06416434049606323,-0.04502420127391815,0.2831748127937317,0.17300471663475037,-0.8177334070205688,0.0838838666677475,-0.112318255007267,0.25964999198913574,-0.0013125106925144792,0.24452534317970276,-0.11286082118749619,0.2402164191007614,0.06029929965734482,0.1509288251399994,-0.16022297739982605,0.1218850165605545,-0.049959082156419754,-0.33170539140701294,0.12387343496084213,-0.035426393151283264,-0.05954502150416374,0.12877501547336578,-0.05492773652076721,-0.22439241409301758,-0.22748379409313202,0.014990843832492828,-0.06180587410926819,-0.06341289728879929,-0.1226898580789566,0.009885835461318493,-0.016739508137106895,-0.010317537002265453,0.5401263236999512,-0.13571004569530487,-0.00949074886739254,0.016280915588140488,0.0422058030962944,0.03384944051504135,-0.4475646913051605,0.026143452152609825,-0.15915657579898834,0.49366480112075806,0.04170120134949684,-0.06887751817703247,0.46394363045692444,0.1686103492975235,-0.04827006161212921,0.10336164385080338,-0.07908554375171661,0.13176235556602478,-0.5049410462379456,0.18137209117412567,-0.04625840485095978,0.11567263305187225,-0.04914490133523941,0.09251466393470764,0.1323164403438568,-0.0014360271161422133,0.09723416715860367,-0.10894955694675446,0.22221636772155762,-0.25839489698410034,0.17813518643379211,0.040445469319820404,-0.16230711340904236,-0.7500284314155579,0.266348659992218,-0.05882953479886055,-0.4697205126285553,-0.08804558217525482,-0.009284073486924171,0.2948361039161682,-0.009618054144084454,-0.09830348193645477,-0.3096603751182556,0.12032347917556763,-0.3126635253429413,-0.2094777524471283,-0.1473367065191269,0.07039108127355576,0.3048888146877289,-0.1716477870941162,-0.04989030212163925,-0.04052680730819702,-0.009738815948367119,0.36816465854644775,-0.14004288613796234,0.03269457817077637,0.19301047921180725,-0.04636814445257187,0.1495133936405182,0.07161273062229156,0.07003804296255112,0.07484278827905655,-0.16059429943561554,-0.19658468663692474,0.03757403790950775,0.023213420063257217,0.11339215934276581,-0.014095678925514221,0.10519780218601227,-0.17746329307556152,0.15128061175346375,0.10159377008676529,0.15968140959739685,0.10549665987491608,-0.9699671864509583,-0.015462195500731468,0.313970148563385,0.2764846384525299,-0.06053861230611801,-0.1434820592403412,0.036328963935375214,0.154619961977005,0.022425517439842224,0.0218813456594944,0.4328647553920746,-0.19487474858760834,-0.0499691516160965,0.061386894434690475,0.3532296419143677,0.027252575382590294,-0.3495493531227112,0.06810092180967331,0.31704115867614746,0.16844424605369568,-0.036510273814201355,0.06786506623029709,-0.1476053148508072,-0.09901586920022964,-0.045763127505779266,-0.06330300867557526,0.7964786291122437,-0.01721232384443283,0.17666812241077423,-0.287436306476593,0.04957915097475052,-0.10449714958667755,-0.17923012375831604,0.5614630579948425,-0.03589015454053879,-0.021209191530942917,-0.1458250880241394,-0.3777026832103729,-0.13076642155647278,0.11014256626367569,-0.15764616429805756,0.16686055064201355,-0.32248976826667786,0.31499695777893066,0.28907713294029236,-0.026694023981690407,-0.09593591839075089,-0.002362103434279561,0.26520293951034546,0.11770842224359512,-0.05206959694623947,-0.1897774189710617,0.342804491519928,-0.10334162414073944,0.4695957601070404,-0.009403761476278305,0.07957644760608673,-0.3073146343231201,-0.01687595807015896,-0.03416956216096878,-0.5727977752685547,0.10615132749080658,0.4409335255622864,0.0375775545835495,0.13673940300941467,-0.4021398425102234,0.7016571164131165,0.08404552191495895,0.07616502791643143,-0.014892548322677612,0.091891810297966,-0.06468482315540314,-0.5888462066650391,-0.19193677604198456,-0.14415273070335388,0.0723889172077179,-0.08895312249660492,-0.07809378206729889,-0.06195271760225296,-0.08299358934164047,0.07803206145763397,-0.21981434524059296,-0.21379141509532928,-0.3059486150741577,0.2297668755054474,-0.03330183029174805,-0.03561745956540108,-0.7621031999588013,0.1782197505235672,0.18033771216869354,0.23705396056175232,0.0781044214963913,-0.10316797345876694,0.18216392397880554
CID000444033,5088,0.15889395773410797,0.09995812922716141,0.05158863589167595,-0.2698715329170227,0.2303868532180786,0.5952348709106445,0.2944488525390625,-0.32560813426971436,-0.5665188431739807,-0.13795359432697296,0.07277751713991165,-0.32062897086143494,0.36864349246025085,-0.24861998856067657,0.1912391483783722,-0.017829734832048416,0.19527006149291992,-0.06091470643877983,-0.069054014980793,0.2138015329837799,-0.13156193494796753,0.050008516758680344,-0.1622057408094406,0.22366981208324432,0.1542748510837555,0.21689054369926453,0.09066322445869446,-0.18679897487163544,0.021259453147649765,0.4302841126918793,0.1917097419500351,-0.1221979632973671,-0.41278132796287537,-0.1438383162021637,-0.17119427025318146,-0.1351388841867447,-0.18617334961891174,-0.45137253403663635,0.0038157328963279724,0.1491672694683075,0.08526954799890518,-0.04638642817735672,-0.21532973647117615,0.040600843727588654,0.27680832147598267,0.2009499967098236,-0.09047077596187592,-0.22227783501148224,-0.07550547271966934,0.03612636774778366,-0.19753775000572205,-0.02552773430943489,-0.2688218653202057,-0.22499342262744904,0.37691977620124817,-0.015447074547410011,0.009468499571084976,-0.22098931670188904,0.45491671562194824,-0.2379550188779831,-0.8826370239257812,0.17093561589717865,-0.02754499949514866,0.7646873593330383,0.012173106893897057,-0.3106396198272705,-0.24281641840934753,0.3142815828323364,0.23481237888336182,-0.028266269713640213,-1.02975332736969,-0.09520147740840912,0.021655414253473282,-0.011750847101211548,0.4806953966617584,-0.04886447265744209,-0.027670105919241905,0.3311404883861542,-0.12189517170190811,0.1258043348789215,-0.24516980350017548,0.21463803946971893,0.13594841957092285,-0.04302223026752472,0.13517481088638306,-0.08872324973344803,-0.22128716111183167,0.020428132265806198,0.7236460447311401,-0.23876407742500305,0.12958809733390808,-0.4445066452026367,0.15965776145458221,-0.04004710167646408,-0.5448180437088013,0.03566605970263481,-0.22748200595378876,0.32764023542404175,-0.0031225145794451237,-0.2333807498216629,0.7012913227081299,0.06361226737499237,0.3161316215991974,0.17483946681022644,-0.20650824904441833,-0.05459432676434517,-0.06369893997907639,0.3180459439754486,0.22065477073192596,0.24818122386932373,-0.03691796958446503,-0.012171045877039433,0.2867140471935272,-0.15972165763378143,0.2560326159000397,0.23519277572631836,-0.04057150334119797,-0.27892252802848816,0.2632065713405609,-0.12281974405050278,0.14529593288898468,-0.7189720869064331,0.002768936799839139,0.009727914817631245,-0.527437150478363,0.21858027577400208,-0.10983195155858994,0.4385850429534912,0.18930315971374512,0.20071277022361755,-0.1339963674545288,0.11455917358398438,-0.807365894317627,-0.39035922288894653,0.36655014753341675,0.2323789894580841,0.24140867590904236,-0.45822054147720337,-0.011100665666162968,-0.06268413364887238,0.058285903185606,0.3710102140903473,0.052857957780361176,-0.029767274856567383,0.22205081582069397,0.13970106840133667,0.04775819554924965,0.47025609016418457,-0.06822104752063751,0.043184794485569,-0.10385935008525848,-0.2895863950252533,-0.09867598116397858,-0.08915571123361588,0.31925150752067566,-0.040946513414382935,-0.06234067678451538,-0.39229699969291687,-0.03854261711239815,-0.1599283367395401,0.6193878650665283,-0.1306363195180893,-1.1304599046707153,-0.06482388824224472,0.5554279088973999,0.2886301875114441,-0.06898270547389984,0.2085125744342804,0.2293463945388794,0.07049016654491425,-0.21803458034992218,-0.19626076519489288,0.646448016166687,-0.14185293018817902,0.0989275798201561,-0.413158655166626,0.038194622844457626,0.0064567625522613525,-0.4755757749080658,-0.05267568677663803,0.1931188404560089,0.32865238189697266,0.34453004598617554,-0.13472607731819153,0.009827209636569023,-0.04249579459428787,-0.19802449643611908,0.13413873314857483,0.48362788558006287,0.20974120497703552,0.1046796590089798,-0.06352655589580536,0.01862473040819168,0.21165791153907776,-0.1948799192905426,0.221835657954216,0.06588564813137054,-0.05903499200940132,-0.126008078455925,0.09027472883462906,-0.026494115591049194,-0.03624957054853439,-0.22667066752910614,0.11585161834955215,-0.03133215755224228,0.4500761032104492,0.24936147034168243,-0.4690800607204437,-0.24243955314159393,0.170185849070549,0.2950892150402069,0.15475139021873474,0.12110934406518936,-0.08079425990581512,0.20564255118370056,-0.16509376466274261,0.5675212144851685,-0.3557876646518707,0.1553197205066681,-0.12063467502593994,-0.10295780003070831,-0.20170140266418457,-0.8350717425346375,-0.09742510318756104,0.36717766523361206,0.1372128427028656,0.023523706942796707,-0.5121256113052368,0.6259369254112244,-0.0507410392165184,0.09919585287570953,-0.0683806762099266,0.10927591472864151,-0.00903061218559742,-0.4039247930049896,-0.3590543568134308,0.04822755232453346,0.1722538024187088,0.23175258934497833,-0.024299468845129013,-0.2320878952741623,0.27919936180114746,-0.054975759238004684,0.22666557133197784,-0.0015761501854285598,-0.5298064947128296,0.07336072623729706,0.21149352192878723,-0.00431409478187561,-0.6608985662460327,0.055523406714200974,0.24189920723438263,0.2838395833969116,-0.05256909877061844,-0.17787477374076843,-0.02952294982969761
CID005362070,5139,0.03605353459715843,0.09679562598466873,-0.06670191884040833,-0.15452422201633453,0.3684918284416199,0.21837961673736572,0.12550237774848938,-0.0814603939652443,-0.27558860182762146,-0.12733708322048187,-0.11089013516902924,-0.22756747901439667,0.018534788861870766,-0.18163181841373444,-0.28696224093437195,0.012552058324217796,-0.03880856931209564,-0.0329899787902832,0.15598949790000916,0.06445463001728058,-0.15653935074806213,0.16169779002666473,0.07636703550815582,0.007163763977587223,-0.19019915163516998,0.046986788511276245,0.07840996980667114,0.0036562562454491854,0.03089299239218235,0.24579599499702454,-0.08191828429698944,-0.0313756950199604,-0.06935180723667145,-0.02271408401429653,-0.5694938898086548,-0.014310675673186779,-0.29294368624687195,-0.23016908764839172,-0.12678742408752441,-0.029057776555418968,-0.016624996438622475,0.04550546407699585,-0.24253275990486145,-0.14179933071136475,0.35343319177627563,-0.21060903370380402,-0.1467294842004776,0.1449056714773178,-0.19268916547298431,-0.0969504565000534,-0.4531959593296051,-0.015158941969275475,0.0022989152930676937,-0.04557318612933159,0.1372722089290619,-0.11537088453769684,-0.075961634516716,0.13206635415554047,0.15255069732666016,-0.027591988444328308,-0.9530535936355591,-0.16481053829193115,-0.19504418969154358,0.30567190051078796,-0.01512931752949953,0.05543031543493271,-0.28547030687332153,0.28841692209243774,0.009291511960327625,-0.04052092880010605,-0.3351282477378845,0.022382933646440506,-0.04533489793539047,-0.05316457897424698,0.16685988008975983,-0.10424681007862091,-0.028123954311013222,0.046536363661289215,0.15204638242721558,0.07738687843084335,-0.14641833305358887,-0.09234918653964996,-0.12663418054580688,0.0862104669213295,0.02769440785050392,-0.002384324325248599,-0.16682873666286469,-0.1044272929430008,0.46814441680908203,-0.2822782099246979,0.07576118409633636,-0.008755186572670937,-0.04236757755279541,0.016579389572143555,-0.4725872576236725,-0.03359387442469597,-0.29112666845321655,0.4542352259159088,-0.04498463124036789,-0.1688666045665741,0.3003486692905426,0.2867906093597412,-0.21955451369285583,-0.12150945514440536,-0.07157731801271439,0.10091731697320938,-0.46027427911758423,0.15555228292942047,-0.11767099797725677,0.28671950101852417,-0.03320145606994629,-0.28614166378974915,0.20251958072185516,-0.021839642897248268,0.04578382521867752,0.09144406020641327,-0.09207553416490555,-0.0922129824757576,0.08154855668544769,0.10492072254419327,-0.020974168553948402,-0.8034316301345825,-0.019381243735551834,-0.08255158364772797,-0.3974860906600952,0.0567241795361042,0.0015266046393662691,0.3384658992290497,0.21323323249816895,0.20470257103443146,-0.0006964743370190263,0.10572399944067001,-0.5699705481529236,-0.33084940910339355,0.12111198902130127,-0.14719682931900024,0.25749510526657104,-0.13383638858795166,-0.1057877391576767,0.19635717570781708,0.1122930645942688,0.06375406682491302,0.15136241912841797,-0.009339818730950356,0.020574430003762245,-0.15357248485088348,-0.046091578900814056,-0.042248062789440155,-0.1994158774614334,0.1867525428533554,-0.06107921525835991,-0.07126273214817047,0.2765093743801117,-0.030102545395493507,0.04889846220612526,0.00935992319136858,-0.15107859671115875,-0.2245674580335617,0.11461373418569565,-0.11745741218328476,0.3004780411720276,-0.05422482639551163,-1.1009142398834229,0.11460611969232559,0.17634811997413635,0.17625543475151062,-0.16558793187141418,-0.016705423593521118,0.04847043380141258,0.1203756108880043,-0.04596894979476929,-0.054002679884433746,0.2310257852077484,0.08049140870571136,-0.2173728197813034,0.06944769620895386,-0.08968440443277359,0.02695063315331936,-0.49209943413734436,-0.08504364639520645,0.25331318378448486,0.2126239538192749,0.0859910100698471,-0.0806586816906929,0.026419470086693764,0.026877472177147865,-0.13392557203769684,-0.011773055419325829,0.7154115438461304,-0.07543313503265381,0.11477001011371613,-0.0027233343571424484,-0.06041128560900688,-0.058832138776779175,-0.15800635516643524,0.3344828188419342,0.0629650205373764,0.04294854775071144,-0.01267619151622057,-0.007431912235915661,-0.16732008755207062,-0.3314712643623352,-0.2984619736671448,0.05793076008558273,-0.09826692938804626,0.4472963213920593,-0.07381974160671234,-0.11124086380004883,-0.08070097863674164,0.04600583389401436,0.08874966204166412,0.02638782002031803,-0.035572659224271774,-0.09641137719154358,0.1270783245563507,0.08845873177051544,0.3693442642688751,-0.0662921816110611,-0.06658609211444855,-0.15263506770133972,-0.04262830689549446,0.0045103938318789005,-0.44463658332824707,0.1174459457397461,0.32513588666915894,-0.22596295177936554,0.01766343042254448,-0.13181519508361816,0.8418310880661011,0.2249329388141632,-0.0558001883327961,-0.33216559886932373,0.06551066040992737,-0.05788629129528999,-0.5710142850875854,-0.14923422038555145,-0.03376727178692818,0.22448983788490295,0.08480854332447052,-0.38173890113830566,-0.13819876313209534,0.08010642230510712,0.1311250478029251,0.1496017575263977,0.0970771461725235,-0.4567963182926178,0.1842992603778839,-0.0956789180636406,0.0337383933365345,-0.6789342164993286,0.04748727008700371,0.29682737588882446,0.3634660840034485,0.1545110046863556,-0.05049943923950195,0.02795693278312683
CID000003373,5197,0.03616899251937866,0.00181407923810184,0.013319569639861584,-1.7258524167118594e-05,0.2318483293056488,0.23824277520179749,0.16626977920532227,0.044260598719120026,-0.2439570128917694,-0.23274663090705872,0.10788114368915558,-0.5638615489006042,0.3139339089393616,-0.2271951138973236,-0.17754924297332764,-0.09515087306499481,0.08127373456954956,-0.1691528558731079,0.06282059103250504,-0.14618390798568726,0.35553696751594543,-0.14287899434566498,-0.19232037663459778,-0.09962747246026993,0.16447079181671143,-0.17055389285087585,0.14914646744728088,0.09778553247451782,-0.07648730278015137,0.4132697582244873,-0.17499370872974396,0.27238398790359497,0.09419324994087219,0.030104607343673706,-0.6761552095413208,0.0822211503982544,-0.09712498635053635,-0.28486448526382446,-0.26609712839126587,-0.0169015321880579,0.05947359278798103,0.1987212598323822,-0.4610688090324402,0.21379122138023376,0.4196493625640869,0.04169759899377823,-0.03215780109167099,0.0924597978591919,0.16727277636528015,-0.1864280104637146,-0.456935316324234,0.035335492342710495,-0.23318596184253693,-0.19798815250396729,0.1650029867887497,-0.0775371640920639,0.047084562480449677,-0.080077163875103,0.36726120114326477,0.0279616117477417,-0.8704336881637573,0.20372752845287323,-0.45199090242385864,-0.047250568866729736,-0.1115606278181076,0.14708355069160461,-0.15407195687294006,0.37528347969055176,0.09925870597362518,0.059188924729824066,-0.1702851951122284,-0.11047384887933731,-0.013007834553718567,0.12949618697166443,0.2535393536090851,0.16979093849658966,0.17250514030456543,0.35566815733909607,-0.04456568509340286,-0.10053901374340057,-0.17130687832832336,-0.0525222048163414,0.03504612296819687,0.03521735593676567,-0.09706312417984009,0.06078673526644707,-0.36019614338874817,-0.010888248682022095,0.38900047540664673,-0.0695812925696373,-0.01718587428331375,-0.12435648590326309,0.09803227335214615,-0.13074679672718048,-0.4838743805885315,0.011832666583359241,-0.08767454326152802,0.12347851693630219,0.14993250370025635,-0.2522004544734955,0.18341536819934845,0.053856395184993744,-0.2737390100955963,0.22220900654792786,-0.23728327453136444,-0.12404060363769531,-0.48836708068847656,0.17667534947395325,-0.056353986263275146,0.23212309181690216,0.33869999647140503,0.04802703857421875,0.14407490193843842,0.11592044681310654,0.28538990020751953,-0.09349276125431061,-0.09166911989450455,-0.5656883716583252,0.146876722574234,-0.0012018680572509766,-0.025774970650672913,-0.7906362414360046,-0.09147657454013824,-0.05207812041044235,-0.38974452018737793,0.1854107826948166,0.12898100912570953,0.2959572374820709,0.12278345972299576,0.10487155616283417,0.10380063205957413,-0.012302428483963013,-0.5293817520141602,-0.2701790928840637,0.1256910115480423,-0.13784976303577423,0.16749878227710724,-0.25940918922424316,-0.016138505190610886,-0.2850760817527771,-0.18096332252025604,0.12123286724090576,0.09359969943761826,-0.14763548970222473,-0.22325226664543152,-0.03316178917884827,-0.14504027366638184,-0.08092260360717773,0.3836112320423126,-0.06125627085566521,-0.0017480567330494523,0.2876434922218323,-0.2693394124507904,0.17473502457141876,0.039509452879428864,-0.014382397755980492,-0.05610306188464165,-0.41176193952560425,-0.07813189178705215,0.1295197755098343,-0.07077879458665848,-0.040152184665203094,-0.8641783595085144,0.020242881029844284,0.5724520683288574,0.1739886850118637,-0.0870450809597969,0.19743764400482178,0.04885479807853699,-0.05390649288892746,-0.25017106533050537,-0.2878112196922302,0.304867684841156,-0.019514011219143867,-0.08057752251625061,0.05118979886174202,0.20883198082447052,-0.13909685611724854,-0.4413740038871765,0.0015730143059045076,0.3047873377799988,0.21030059456825256,0.020323047414422035,-0.11675311625003815,-0.02986018732190132,-0.13480505347251892,-0.20616213977336884,-0.040003735572099686,0.6314840912818909,0.03563922271132469,0.19379636645317078,-0.42587751150131226,-0.029037099331617355,-0.11663321405649185,-0.09705895930528641,0.25578680634498596,0.04262842610478401,-0.09265609085559845,-0.3172491490840912,0.16407673060894012,0.05331303924322128,-0.0939733237028122,-0.30181512236595154,0.0600108802318573,-0.003461752086877823,0.08811330050230026,-0.05788208916783333,-0.19219812750816345,-0.3854723572731018,-0.07075667381286621,0.18028223514556885,-0.1001855880022049,0.00851789303123951,-0.033973827958106995,0.03943440318107605,-0.03316774219274521,0.5369881391525269,-0.029529646039009094,0.10634561628103256,-0.0271608829498291,-0.10844580829143524,-0.10614490509033203,-0.5457503199577332,-0.19191697239875793,0.1890535056591034,-0.10653936862945557,0.20146700739860535,-0.09129108488559723,0.9577897787094116,0.21771347522735596,-0.19434311985969543,-0.09591798484325409,0.02436775341629982,0.08597646653652191,-0.5056214332580566,-0.18340830504894257,-0.19040995836257935,0.11270429939031601,0.40249642729759216,0.10858301818370819,-0.38486793637275696,-0.024452930316329002,0.03027552366256714,-0.11989954859018326,0.16093036532402039,-0.07610704749822617,0.1663319617509842,0.11170943081378937,0.26257073879241943,-0.9153278470039368,-0.03724487125873566,0.5658935308456421,0.20125965774059296,0.09171880781650543,0.007495391182601452,-0.08583323657512665
CID000003730,5217,-0.00023753642744850367,0.05769584700465202,-0.048991236835718155,0.001893876469694078,0.4403509199619293,0.28575119376182556,0.3157120645046234,0.11929807811975479,-0.13860362768173218,-0.15816231071949005,-0.2519400715827942,-0.11351523548364639,0.18798775970935822,-0.6052131652832031,0.10638515651226044,-0.03943448141217232,-0.012491902336478233,0.16607032716274261,0.021787624806165695,-0.28380411863327026,0.02746107243001461,-0.15796604752540588,-0.021227814257144928,-0.16038691997528076,0.36488810181617737,-0.08738739788532257,0.263905793428421,-0.07534827291965485,-0.277975469827652,0.5087529420852661,-0.15329834818840027,0.2365821897983551,0.19048857688903809,-0.15378901362419128,-0.5759438276290894,0.05527164787054062,-0.2939853072166443,-0.26369717717170715,-0.7586068511009216,0.24021033942699432,0.2500736713409424,0.11908458173274994,-0.34374019503593445,-0.16625984013080597,0.13013875484466553,0.2952689826488495,-0.20286181569099426,-0.04343683272600174,-0.17158207297325134,0.049412377178668976,-0.2155955582857132,-0.043899428099393845,0.06323765218257904,-0.09479685127735138,0.032745420932769775,-0.012455862946808338,0.2717786431312561,0.6508058309555054,0.49820271134376526,-0.01221197284758091,-0.8985649943351746,0.024324987083673477,-0.17480355501174927,0.08613679558038712,0.09080980718135834,-0.11278991401195526,-0.5661847591400146,0.008219960145652294,-0.1347401887178421,0.05624352768063545,-0.9227725267410278,0.14432452619075775,-0.04628054425120354,-0.0895128920674324,0.7245505452156067,-0.2409789115190506,-0.255283385515213,-0.05275695398449898,-0.23368027806282043,-0.03823249787092209,-0.2533843219280243,-0.24725821614265442,-0.12468510866165161,-0.04000508785247803,-0.09909049421548843,0.08972718566656113,-0.2909107804298401,-0.11755390465259552,0.5353097915649414,-0.33543598651885986,0.1535143405199051,-0.1128271222114563,-0.19562584161758423,-0.24192538857460022,-1.190279483795166,-0.20926471054553986,-0.1019996851682663,0.2054065465927124,0.29473334550857544,-0.7265887260437012,0.42117419838905334,-0.2906906008720398,-0.3218839764595032,-0.032451629638671875,0.0163577850908041,0.03454519063234329,-0.5398708581924438,0.14649604260921478,0.21630895137786865,0.8056928515434265,-0.4403955340385437,0.332907497882843,0.4110279679298401,0.1773245632648468,0.16992194950580597,0.07435151189565659,0.00446150591596961,-0.22642166912555695,0.076917864382267,0.11001737415790558,0.06963826715946198,-0.8563186526298523,0.20929816365242004,-0.8321470022201538,-0.40916186571121216,0.13573086261749268,-0.13649806380271912,0.5378748178482056,-0.11242391914129257,0.054385293275117874,-0.057691313326358795,0.015012065880000591,-0.6660572290420532,-0.17170976102352142,0.2333369255065918,-0.35942962765693665,0.6407253742218018,-0.19098979234695435,-0.31832146644592285,0.1952861249446869,-0.07792730629444122,0.442719042301178,-0.30717796087265015,0.07161813974380493,0.0033369020093232393,0.01283030491322279,0.06721280515193939,-0.23252320289611816,0.11410623788833618,-0.1133454293012619,-0.02273193933069706,0.007252874784171581,-0.3665875792503357,-0.1821296364068985,0.21188633143901825,-0.06043888255953789,0.30609169602394104,-0.43462449312210083,-0.14355666935443878,0.2028590887784958,0.05434669926762581,-0.07548478990793228,-0.9483926892280579,-0.11070321500301361,0.7461985349655151,0.10349404811859131,-0.8717974424362183,-0.06361565738916397,0.25654321908950806,-0.07771576195955276,-0.24458178877830505,0.03947698324918747,0.584290623664856,-0.37350553274154663,-0.18610940873622894,-0.031560901552438736,-0.013793679885566235,0.12351781129837036,-0.23955240845680237,0.07889053970575333,0.17507047951221466,0.5942164659500122,-0.012108022347092628,0.018530581146478653,-0.14421255886554718,-0.2736361622810364,-0.43717631697654724,-0.03852672502398491,0.7414489984512329,0.041762761771678925,-0.08445670455694199,-0.8923311233520508,0.2543259561061859,0.23951606452465057,-0.1196231096982956,0.49737754464149475,0.10658861696720123,0.006617245264351368,-0.11732912063598633,-0.14400537312030792,0.03667758032679558,-0.18223294615745544,-0.10337571054697037,-0.027679402381181717,-0.1783892810344696,0.5149189233779907,0.19091026484966278,-0.006171134300529957,-0.03600494563579559,-0.2470298558473587,0.2378213107585907,-0.005139334127306938,0.07947544008493423,-0.05433829501271248,-0.07830803096294403,-0.021652687340974808,0.5554498434066772,-0.12238800525665283,0.03500497341156006,-0.1016407459974289,-0.0029538930393755436,-0.04839314520359039,-0.29686230421066284,-0.10856832563877106,-0.056662339717149734,-0.16106149554252625,0.35598307847976685,-0.14607851207256317,0.7204231023788452,-0.3108886778354645,-0.2603886127471924,-0.30047473311424255,-0.030747871845960617,-0.022083288058638573,-0.5075880289077759,-0.05680236965417862,0.369907021522522,0.042860258370637894,-0.17473849654197693,0.21865811944007874,-0.6181071996688843,-0.22100286185741425,0.07066889107227325,-0.007558092474937439,-0.05320741981267929,-0.7731690406799316,0.38924023509025574,-0.11548414081335068,-0.0844387412071228,-0.792293906211853,0.2722199261188507,-0.16921493411064148,0.17590072751045227,0.005033153109252453,-0.007597765419632196,-0.24259838461875916
CID000004011,5445,-0.0990837961435318,-0.024927426129579544,0.1990756243467331,-0.0623604878783226,0.3305003046989441,0.4194917678833008,-0.3800809979438782,0.09723322093486786,-0.47288036346435547,0.03005700744688511,-0.0623120553791523,-0.38537442684173584,0.2161848098039627,-0.4558972418308258,-0.011337521485984325,0.1587868481874466,-0.04795219749212265,-0.03020351007580757,-0.1270703375339508,-0.059206314384937286,-0.20228096842765808,-0.12930437922477722,-0.13322412967681885,-0.06821131706237793,0.022567206993699074,-0.09929395467042923,0.6000579595565796,-0.3144059181213379,0.007054341025650501,0.44843167066574097,-0.007547104265540838,-0.11651817709207535,-0.11117006838321686,-0.22882333397865295,-0.2911411225795746,0.003965431358665228,-0.28248661756515503,-0.2832530736923218,-0.05175309255719185,-0.1936359852552414,0.26271501183509827,0.14690010249614716,-0.2278074026107788,-0.16139306128025055,0.48831987380981445,0.3546120524406433,0.030787890776991844,-0.13999953866004944,-0.18726029992103577,0.05520501732826233,-0.7185236215591431,0.08170794695615768,-0.19586388766765594,-0.10512663424015045,0.007618931122124195,0.04643174260854721,0.0483965203166008,-0.36267906427383423,0.45290645956993103,-0.029757807031273842,-0.7644542455673218,0.028600990772247314,-0.23983123898506165,0.33290931582450867,0.21904528141021729,0.08572984486818314,-0.19419339299201965,0.08647426217794418,0.3786643445491791,-0.3489125370979309,-0.08398862928152084,-0.5867774486541748,-0.01826339401304722,-0.08877424150705338,0.37669679522514343,-0.06394013017416,0.11994357407093048,0.32838258147239685,-0.011313030496239662,-0.17670947313308716,-0.3009805977344513,-0.22587068378925323,0.21720671653747559,-0.19113531708717346,0.003861707402393222,-0.0350462980568409,-0.10046590864658356,0.2875189185142517,0.7280434370040894,-0.28559815883636475,0.07493378967046738,-0.17615248262882233,0.0654144436120987,0.009406089782714844,-0.6842225790023804,-0.03801624849438667,-0.2503856122493744,0.3837054371833801,0.322879433631897,-0.3247928023338318,0.4371625483036041,0.09212665259838104,0.07916096597909927,0.12918293476104736,-0.10875419527292252,-0.10382471978664398,-0.09210927784442902,0.3210802674293518,0.0771537572145462,0.204141303896904,-0.05508701130747795,-0.10361728817224503,0.7120755314826965,-0.15736183524131775,-0.12096469104290009,-0.22555260360240936,-0.32857969403266907,-0.41881245374679565,0.41449904441833496,-0.14122027158737183,0.1179712563753128,-0.8241844177246094,0.085561603307724,-0.24105918407440186,-0.5669670104980469,0.0011168718338012695,0.09283161908388138,0.4774051308631897,0.2026481181383133,0.0626615658402443,0.13380426168441772,0.00979197584092617,-0.5053364038467407,-0.3889828622341156,-0.3435225486755371,-0.1607048362493515,0.17241382598876953,-0.4177211821079254,-0.23062367737293243,-0.1178334578871727,0.07708156108856201,0.06040181964635849,-0.026295507326722145,-0.1465364545583725,-0.014000073075294495,-0.18242749571800232,-0.06869107484817505,0.029074454680085182,-0.059464722871780396,-0.2369116246700287,-0.041784197092056274,-0.03199761360883713,-0.05277322977781296,0.0281089898198843,0.3479108512401581,0.2052619755268097,-0.02263535186648369,-0.3586769998073578,0.1260019838809967,0.4452528953552246,0.1414286345243454,-0.06282778829336166,-0.7436814904212952,-0.052875202149152756,0.4534435272216797,0.3856392502784729,0.08714602887630463,0.3796195983886719,0.06951309740543365,0.07287343591451645,0.020494699478149414,-0.05241284519433975,0.40677446126937866,-0.3249596953392029,0.20878270268440247,-0.45102864503860474,-0.018509577959775925,-0.03561481833457947,-0.3520779609680176,0.04256982356309891,0.17122690379619598,0.35646623373031616,-0.07376735657453537,0.07783305644989014,-0.19502012431621552,0.0075955865904688835,-0.5447200536727905,-0.26083311438560486,0.3501313328742981,0.11527206748723984,0.21089649200439453,-0.33951443433761597,0.32562074065208435,-0.3043796420097351,-0.27292269468307495,0.30531424283981323,0.2081787884235382,-0.2706332206726074,-0.8304226994514465,0.4451737403869629,-0.006883993744850159,-0.015147799625992775,-0.32939013838768005,0.09936453402042389,-0.03933202847838402,0.3256648778915405,0.24775949120521545,0.07534459233283997,-0.3426388204097748,-0.12016002833843231,0.27303972840309143,0.15127524733543396,-0.05436040833592415,0.08281368762254715,0.3419124484062195,-0.5035353899002075,0.43051472306251526,-0.3080027401447296,-0.07006341218948364,-0.06615804135799408,-0.022382762283086777,-0.09086772054433823,-0.4482491612434387,0.055609315633773804,0.2027253657579422,0.09888380020856857,0.4788599908351898,-0.1992468237876892,0.6341158747673035,0.1708642542362213,0.39162737131118774,-0.22877785563468933,0.16609226167201996,-0.1959107667207718,-0.17114970088005066,-0.3626082241535187,-0.1152600646018982,0.3617111146450043,0.17432238161563873,-0.09666284173727036,-0.02044374868273735,-0.021232053637504578,0.22658106684684753,-0.23113882541656494,0.12175773084163666,-0.640769898891449,0.1499217003583908,0.10008815675973892,0.14057716727256775,-0.7002606391906738,-0.03286940976977348,0.3077508807182312,0.009246395900845528,0.061369962990283966,0.06837592273950577,-0.13305631279945374
CID000005486,5649,-0.21859347820281982,0.07146593928337097,0.2659016251564026,0.005792521871626377,0.2896655797958374,0.3180697560310364,0.1591688096523285,0.011596962809562683,-0.2315404862165451,-0.197100430727005,-0.11286096274852753,-0.3565022051334381,0.21939165890216827,-0.2821565270423889,0.16352282464504242,0.017266249284148216,-0.1389944702386856,0.3214550018310547,-0.02793135680258274,-0.033972643315792084,-0.1931215226650238,-0.03922729939222336,0.06617958843708038,-0.06277859956026077,0.10644979774951935,-0.03737036883831024,-0.050795696675777435,-0.003245879663154483,-0.15709826350212097,0.3205868601799011,-0.17378994822502136,-0.02921208180487156,-0.14603754878044128,-0.02750379964709282,-0.2853267788887024,-0.09915195405483246,-0.2895147204399109,-0.41082897782325745,-0.004149159882217646,-0.1309831142425537,0.12478909641504288,0.021947890520095825,-0.09434300661087036,-0.19560185074806213,0.2173711359500885,0.022396134212613106,-0.18734796345233917,-0.05958443135023117,-0.18976397812366486,-0.1200670450925827,-0.32601746916770935,0.1435801088809967,-0.12470868974924088,-0.15987764298915863,-0.06063126400113106,-0.12046708911657333,0.042654864490032196,-0.10472062975168228,-0.05060173198580742,0.0005870908498764038,-0.8899869918823242,0.24451617896556854,-0.3081710934638977,0.1319531500339508,-0.033124830573797226,0.1841670274734497,-0.2732507288455963,0.03472738340497017,0.07549862563610077,0.20008614659309387,-0.11245308071374893,0.104753777384758,0.08338258415460587,-0.14707769453525543,0.05527161434292793,-0.0156126469373703,0.0742683857679367,0.15986889600753784,0.05011339113116264,0.09957771748304367,-0.20592305064201355,0.023807931691408157,-0.2869728207588196,-0.0631680116057396,-0.08200196176767349,0.04430000111460686,-0.1847842037677765,0.1913197934627533,0.361610472202301,-0.00859292596578598,-0.11764441430568695,-0.20821166038513184,-0.23624658584594727,0.01575814187526703,-0.435870885848999,0.09130533039569855,-0.2501717209815979,0.3390905261039734,0.1796669363975525,-0.3130844235420227,0.3132694363594055,0.024497266858816147,-0.07606236636638641,0.2235468626022339,-0.09692639112472534,0.08955758810043335,-0.23261046409606934,0.207660511136055,-0.007343676872551441,0.19230255484580994,0.1459025889635086,0.0807771384716034,0.45608454942703247,0.02747368812561035,0.0724053829908371,-0.03284580633044243,0.09184686839580536,-0.1452643722295761,0.01978822611272335,-0.020293282344937325,-0.1645013839006424,-0.5725540518760681,0.09455890953540802,-0.3986941874027252,-0.4475463330745697,0.1901693493127823,-0.0008051216718740761,0.2674611508846283,0.3181641697883606,0.13480010628700256,0.2513463795185089,-0.06348608434200287,-0.47068166732788086,-0.28120797872543335,0.17678265273571014,-0.08919085562229156,0.22863230109214783,-0.18022426962852478,-0.09990572929382324,0.027342263609170914,-0.07343228161334991,0.24175453186035156,-0.16788208484649658,0.01564071513712406,0.011066797189414501,0.002058962360024452,0.0680982694029808,0.04975033923983574,-0.28297746181488037,-0.06574419885873795,-0.13147303462028503,0.11994751542806625,0.042933389544487,0.017317168414592743,-0.14224529266357422,0.034201730042696,-0.19527335464954376,-0.4088399410247803,0.11802973598241806,0.07854636758565903,0.21431486308574677,0.016338765621185303,-0.8337887525558472,-0.017502743750810623,0.04484816640615463,0.3836521506309509,-0.07639753818511963,-0.1245817169547081,0.3538269102573395,-0.034734614193439484,0.019016724079847336,-0.1103101596236229,0.26867955923080444,-0.114690400660038,-0.29358863830566406,-0.06647084653377533,0.015576183795928955,0.14471466839313507,-0.48698362708091736,-0.06699255853891373,0.23938393592834473,0.3304644525051117,0.03969358652830124,-0.16327552497386932,0.08717881888151169,0.04887482523918152,-0.4299551844596863,-0.05764642357826233,0.2935501039028168,0.030824944376945496,0.0416051521897316,0.033948853611946106,-0.09309214353561401,-0.1532135307788849,-0.09548428654670715,0.5502164363861084,0.0888758972287178,0.003020739648491144,-0.0978994220495224,0.01779012382030487,0.005907212384045124,-0.07031474262475967,-0.2047988474369049,0.06804446876049042,-0.08069159090518951,0.25564438104629517,0.08598285913467407,-0.3868609070777893,-0.022984778508543968,0.008783513680100441,-0.12898509204387665,0.28816574811935425,-0.03848470374941826,0.10160666704177856,0.2508651316165924,-0.18948936462402344,0.3331598937511444,0.19252020120620728,-0.06127331405878067,-0.32881060242652893,0.08628275245428085,-0.009844910353422165,-0.26939326524734497,0.11435149610042572,0.5035830736160278,0.03147478774189949,0.14972682297229767,-0.2950523793697357,0.5201832056045532,-0.02577819861471653,-0.07238463312387466,-0.16513589024543762,-0.019459549337625504,-0.0897892639040947,-0.37846750020980835,-0.23397310078144073,-0.20048388838768005,0.19149228930473328,0.28673699498176575,-0.01050845067948103,0.10255839675664902,0.1002197265625,0.11875109374523163,-0.08239267766475677,-0.13593314588069916,-0.0643952265381813,0.18905416131019592,-0.022161060944199562,0.07479642331600189,-0.5126966238021851,0.13679692149162292,-0.07350333034992218,0.12485525757074356,-0.18229664862155914,0.17239680886268616,-0.11130581051111221
CID000005530,5912,-0.002104362938553095,0.1579689234495163,0.002450293395668268,-0.168389230966568,0.5451003313064575,0.3394886255264282,0.13975706696510315,-0.2494426667690277,-0.3850019872188568,-0.10401539504528046,-0.016626838594675064,-0.4240880012512207,-0.036410726606845856,-0.23472264409065247,-0.22316455841064453,0.09294024109840393,-0.06325875222682953,-0.033823009580373764,0.08367371559143066,0.15165750682353973,-0.07864300161600113,0.19291409850120544,0.04749102517962456,0.05080375820398331,-0.22948603332042694,0.061741817742586136,0.14720867574214935,0.00846991129219532,0.04885680601000786,0.2314576804637909,-0.2095186710357666,0.2446671724319458,0.2100578099489212,0.06423711776733398,-0.5702171325683594,0.35029101371765137,-0.8192672729492188,-0.3417161703109741,0.2265794277191162,-0.24264869093894958,0.3358045518398285,0.13742859661579132,-0.39040476083755493,-0.11492089927196503,0.1628396362066269,0.3825470209121704,-0.09588180482387543,-0.15829887986183167,0.25323355197906494,0.005178689956665039,-0.2915429472923279,-0.007538342382758856,-0.3779173493385315,-0.36118072271347046,0.00784575380384922,-0.020218664780259132,0.0803539901971817,0.0065613253973424435,0.084779292345047,-0.261064350605011,-1.1762815713882446,-0.221253901720047,0.034220121800899506,0.4317580759525299,-0.13658444583415985,0.30472153425216675,-0.05752582475543022,0.1483798772096634,0.17826902866363525,0.1672891527414322,-0.07411755621433258,-0.03079627826809883,-0.2546699643135071,-0.4962719976902008,0.28861188888549805,-0.2178020477294922,-0.2001766413450241,0.09092947095632553,0.07865127176046371,-0.19835960865020752,-0.26118209958076477,-0.07372108101844788,-0.06124068424105644,-0.24218210577964783,0.10679618269205093,-0.20226509869098663,-0.141555055975914,-0.3301903307437897,0.8544272184371948,0.12940305471420288,-0.3453332185745239,-0.18840280175209045,-0.16719064116477966,0.09812582284212112,-0.568362832069397,-0.04083063453435898,-0.30583178997039795,0.6928912401199341,0.20189091563224792,-0.18119505047798157,0.8611075282096863,0.03578914701938629,0.11811305582523346,0.27566951513290405,-0.06379608809947968,-0.006896245293319225,-0.3231651484966278,0.25464528799057007,-0.03191816061735153,0.24190044403076172,-0.25033244490623474,-0.28957706689834595,0.40738195180892944,-0.19560863077640533,0.2948881983757019,-0.0891653373837471,0.21191802620887756,-0.3471648097038269,0.32400721311569214,-0.04837697744369507,0.17291216552257538,-0.8552260398864746,-0.21238462626934052,-0.2891847491264343,-0.5082627534866333,-0.1872776448726654,-0.21540744602680206,0.14569711685180664,0.12243976444005966,-0.08013053238391876,-0.07949573546648026,-0.04722834378480911,-0.40892744064331055,-0.2472221553325653,-0.02254604734480381,0.16529561579227448,0.28600701689720154,-0.04451605677604675,-0.13694652915000916,0.056329578161239624,0.16937801241874695,0.2575877904891968,-0.05092298239469528,0.1811862289905548,0.22117766737937927,-0.01878528669476509,0.07024390250444412,0.19678255915641785,0.12259639799594879,0.23461785912513733,-0.17116142809391022,-0.05800590664148331,0.1274549961090088,-0.017381630837917328,0.1866873800754547,-0.20006151497364044,0.0740477591753006,-0.24823875725269318,0.013593776151537895,0.11322134733200073,0.04846402630209923,0.0676090195775032,-1.0140269994735718,-0.16790209710597992,0.12680362164974213,0.34110453724861145,-0.046302955597639084,0.10320986807346344,0.40463271737098694,0.22281403839588165,-0.2511965334415436,-0.2193332463502884,0.484283447265625,-0.2181650847196579,-0.10404708236455917,-0.21385939419269562,0.35418984293937683,-0.006602094974368811,-0.2934345006942749,0.1430179476737976,0.35725313425064087,0.21021607518196106,0.020018059760332108,-0.1388026624917984,-0.0937279462814331,0.09178529679775238,-0.4592415690422058,0.1890426129102707,0.7015038132667542,-0.15099449455738068,-0.1326446235179901,-0.2370131015777588,0.22152090072631836,-0.3279956877231598,-0.18047650158405304,0.5794844031333923,0.22081711888313293,-0.0028084665536880493,-0.6021533012390137,-0.05938025563955307,-0.2825137972831726,0.29271432757377625,-0.027355056256055832,-0.12328869104385376,0.16603103280067444,0.2956674098968506,0.04288976639509201,-0.019004683941602707,-0.08670394122600555,-0.1096762865781784,0.3105037212371826,0.21819214522838593,-0.06333684921264648,0.08347761631011963,0.3077957034111023,0.17345216870307922,0.42277559638023376,0.1966923624277115,-0.25171351432800293,-0.07933302968740463,0.04298108071088791,0.1246931403875351,-0.7559488415718079,0.11377991735935211,0.44114676117897034,0.12693560123443604,-0.0655825287103653,-0.29567790031433105,0.5756116509437561,-0.015039781108498573,0.1790347397327423,-0.03833182901144028,0.009330682456493378,-0.06708971410989761,-0.4455356001853943,-0.04489363357424736,-0.00769082922488451,0.005853718612343073,-0.037980157881975174,-0.30508774518966675,0.001167036360129714,0.12188325822353363,-0.24018779397010803,-0.13014410436153412,-0.15020662546157837,-0.7508028745651245,0.22037501633167267,-0.01809225045144558,-0.07054288685321808,-0.820804238319397,-0.1669696867465973,0.23971715569496155,0.44759923219680786,0.290438711643219,0.047309912741184235,0.35487139225006104
CID000039860,6423,-0.07617219537496567,0.2212516814470291,0.16307049989700317,-0.15959493815898895,0.5998862385749817,0.4823329448699951,-0.028429795056581497,0.1615200638771057,-0.5460221171379089,-0.21119925379753113,0.013300687074661255,-0.6390832662582397,0.1268666684627533,-0.37913769483566284,0.07853599637746811,0.2259482890367508,0.14225082099437714,0.2019592821598053,0.017871806398034096,0.14268779754638672,-0.2449936419725418,0.05940917134284973,0.07353755086660385,0.23335310816764832,0.09080564975738525,-0.26103639602661133,0.051284532994031906,-0.13028831779956818,0.027818769216537476,0.4604151248931885,0.029723141342401505,-0.3130309581756592,0.009869545698165894,0.05153521150350571,-0.24377965927124023,-0.2028902769088745,-0.29775121808052063,-0.3350791931152344,0.02328159287571907,-0.10877982527017593,0.12701134383678436,0.20701733231544495,-0.24709394574165344,-0.19966132938861847,-0.03610102832317352,-0.09409712255001068,-0.08539073914289474,0.04492390900850296,0.17114666104316711,-0.07832132279872894,-0.03908436745405197,-0.06624331325292587,-0.07648183405399323,-0.43657803535461426,-0.1744384765625,0.13988932967185974,0.0883185863494873,-0.12631282210350037,0.36381274461746216,-0.10541634261608124,-0.8876731991767883,0.1202220469713211,-0.4642104208469391,0.18946373462677002,-0.002934242831543088,0.3597790598869324,-0.3186990022659302,-0.010394960641860962,0.1633535772562027,0.17856968939304352,-0.10330474376678467,0.036421023309230804,0.11253609508275986,-0.1293056756258011,0.07342573255300522,0.00808454304933548,0.09291185438632965,-0.004262003116309643,0.20909690856933594,-0.18931303918361664,-0.4784119129180908,0.22612392902374268,0.041061289608478546,-0.07455690205097198,0.004335278179496527,-0.1367696076631546,-0.23603081703186035,0.2610149383544922,0.38047870993614197,0.018276385962963104,-0.02645072340965271,-0.2065146416425705,0.022695520892739296,-0.021589040756225586,-0.48497456312179565,-0.04741065576672554,-0.3062621057033539,0.4454175531864166,0.22741246223449707,-0.4363871216773987,0.32711949944496155,0.10500689595937729,0.11696889251470566,0.21958795189857483,-0.1796979457139969,0.19377151131629944,-0.15986016392707825,0.30938956141471863,-0.043866850435733795,0.18939858675003052,-0.2696404755115509,0.009653511457145214,0.32676202058792114,-0.16700422763824463,0.12854163348674774,0.1388586312532425,-0.11922887712717056,-0.2247137725353241,0.18221469223499298,-0.03284985572099686,-0.3129616975784302,-0.5106202363967896,-0.23076999187469482,-0.2370072603225708,-0.37199610471725464,-0.008641642518341541,0.04447371885180473,0.3316196799278259,0.2455325573682785,0.20565882325172424,0.04349103569984436,0.05274348706007004,-0.43025240302085876,-0.4034871459007263,-0.05228956788778305,-0.26821404695510864,0.12716446816921234,0.015543049201369286,0.019338542595505714,-0.12791529297828674,-0.22707609832286835,0.2629714906215668,-0.16790857911109924,0.011908864602446556,0.1247275322675705,0.128788560628891,0.01862441375851631,0.2941540777683258,-0.23270654678344727,0.20683789253234863,0.01848967745900154,-0.23292875289916992,-0.08804115653038025,0.21605238318443298,0.005629462189972401,0.09684781730175018,-0.11869845539331436,-0.30679598450660706,0.09109324216842651,-0.08065163344144821,0.16237738728523254,0.06216457486152649,-0.8644657135009766,0.08877994865179062,0.20641133189201355,0.3535322844982147,0.10588814318180084,0.1524783819913864,0.2456662654876709,-0.20106692612171173,-0.09319602698087692,-0.021392112597823143,0.6280578374862671,0.10023088753223419,-0.25981929898262024,0.11030814796686172,0.1724061220884323,0.05962558835744858,-0.4522930085659027,0.22490186989307404,0.20424461364746094,0.3088796138763428,-0.03608844801783562,0.0571531280875206,0.2806644141674042,0.09466342628002167,-0.42014598846435547,0.2449401617050171,0.1291729211807251,0.019461775198578835,0.35358351469039917,-0.10689356178045273,-0.14441967010498047,-0.21274788677692413,-0.45722970366477966,0.640999436378479,0.34336450695991516,0.10485980659723282,-0.3638681173324585,-0.040415048599243164,0.05500375106930733,-0.16478589177131653,-0.4139384329319,-0.026031682267785072,-0.04465044289827347,0.6429331302642822,-0.24711015820503235,-0.34609100222587585,0.027383452281355858,0.22717618942260742,-0.02299000695347786,0.18075358867645264,0.042656101286411285,0.13038215041160583,0.1936505138874054,-0.3286198675632477,0.4208947718143463,0.2696736752986908,-0.0368146114051342,-0.2681536376476288,-0.15238235890865326,0.020748157054185867,-0.3122897148132324,0.14522619545459747,0.3836323618888855,0.12776623666286469,0.1220705509185791,-0.2863336205482483,0.5195676684379578,-0.0948999673128128,-0.06532035022974014,-0.2937634289264679,-0.2207518368959427,-0.0030012489296495914,-0.17722027003765106,-0.4518013894557953,-0.11192699521780014,0.16710305213928223,-0.03484395891427994,0.0013116985792294145,-0.08509071171283722,0.3009210526943207,0.04463294893503189,0.08410994708538055,0.20304933190345764,-0.15416434407234192,0.5998321175575256,0.08572997152805328,-0.09152744710445404,-0.6139858365058899,-0.10816595703363419,-0.044594667851924896,0.21151694655418396,0.045022379606962204,-0.011705857701599598,-0.17656423151493073
CID000002182,6540,-0.14841032028198242,-0.24309015274047852,-0.08823692053556442,-0.24764683842658997,0.3606339395046234,0.3184756636619568,-0.17345337569713593,0.10589593648910522,-0.3722354769706726,-0.18408070504665375,0.022132372483611107,-0.3464900553226471,0.010013950057327747,-0.1738804131746292,0.19273421168327332,0.07458094507455826,0.08548741787672043,0.14990434050559998,-0.028429711237549782,0.0065877437591552734,0.20140795409679413,-0.04958892613649368,0.06313776224851608,0.13624663650989532,0.10421142727136612,-0.07413962483406067,0.2716234028339386,0.003000657306984067,-0.17851410806179047,0.22916388511657715,-0.04010359197854996,-0.20273704826831818,-0.056856669485569,-0.0005587727064266801,-0.30227798223495483,-0.04895494505763054,-0.15098372101783752,-0.23132357001304626,-0.16115011274814606,0.026761651039123535,0.13012036681175232,0.18978767096996307,-0.19589407742023468,-0.21827808022499084,0.04596766456961632,-0.11070790141820908,0.1673850417137146,-0.005053573753684759,-0.09689898788928986,-0.11072137206792831,-0.09816566854715347,0.16992449760437012,-0.021221065893769264,-0.26428139209747314,0.04102497920393944,0.008691447786986828,-0.01666342094540596,0.012486815452575684,0.07870641350746155,-0.011762348003685474,-0.8628071546554565,-0.007366091012954712,-0.4653348922729492,0.1912444531917572,0.20367231965065002,0.1379627138376236,-0.3561744689941406,-0.01579473540186882,-0.04593106359243393,0.044613007456064224,-0.07873565703630447,0.05251363664865494,-0.02517877146601677,-0.18857045471668243,0.11769638955593109,-0.13521306216716766,-0.13089029490947723,-0.06957590579986572,0.05808258056640625,-0.048413075506687164,-0.2454642504453659,0.186756893992424,-0.24654027819633484,-0.3324265778064728,-0.09074846655130386,-0.046415336430072784,-0.2592616677284241,-0.19979219138622284,0.2540535032749176,0.057849783450365067,-0.08816500008106232,-0.2680654525756836,-0.04485858231782913,0.020544078201055527,-0.3511284589767456,-0.026462983340024948,-0.2135317325592041,0.26236703991889954,0.14860180020332336,-0.3588142991065979,0.10208196938037872,0.2943984866142273,-0.10915949195623398,0.07736174762248993,-0.19097986817359924,0.08092393726110458,-0.34894469380378723,0.32119089365005493,-0.14901621639728546,0.3843802213668823,0.04665583372116089,0.22482582926750183,0.28375256061553955,0.08597610890865326,0.04345373064279556,0.12001828104257584,-0.21879592537879944,-0.05786675959825516,0.0032315507996827364,0.02920815348625183,-0.1618584841489792,-0.5043574571609497,0.15408559143543243,-0.24209880828857422,-0.3974441885948181,0.13556942343711853,-0.052583951503038406,0.33691784739494324,0.11688937246799469,-0.10491706430912018,0.06960445642471313,0.16332487761974335,-0.4878014624118805,-0.2702394127845764,-0.17902283370494843,-0.23579032719135284,-0.04705388471484184,0.07008782774209976,-0.11581496894359589,-0.005470269825309515,-0.12448567152023315,0.44366177916526794,-0.2846370041370392,-0.024990176782011986,0.08918841183185577,-0.12343136966228485,0.07951773703098297,-0.04316361993551254,0.2691270709037781,-0.03212534636259079,-0.08176811039447784,-0.16123609244823456,-0.12019272148609161,0.0945272296667099,0.3333468437194824,0.011044803075492382,-0.08684690296649933,-0.27792778611183167,-0.0049142986536026,0.11455831676721573,0.17280204594135284,-0.04355665296316147,-0.8407101631164551,0.0639040619134903,0.08951674401760101,0.2770459055900574,-0.24010340869426727,-0.10914318263530731,0.2529296278953552,-0.10211155563592911,-0.04511873051524162,-0.09058971703052521,0.3844398856163025,-0.12058267742395401,0.043720949441194534,-0.042239200323820114,0.05980837345123291,0.10412056744098663,-0.40311938524246216,-0.1925158053636551,0.19222888350486755,0.3868338465690613,0.08100332319736481,-0.02995520830154419,-0.11463125795125961,0.0916127935051918,-0.3097027838230133,-0.06009442359209061,0.29639941453933716,-0.06586190313100815,0.17358502745628357,-0.048468686640262604,0.038034964352846146,-0.04053952544927597,-0.07536238431930542,0.4171382784843445,0.036514878273010254,0.04052473232150078,-0.10736589133739471,0.0411747470498085,0.006626725196838379,0.01919737458229065,-0.12237317860126495,0.13006076216697693,-0.1152089387178421,0.2540769875049591,0.04357333481311798,-0.21854034066200256,0.033550236374139786,0.12767669558525085,-0.02361951395869255,0.25872504711151123,0.06907328963279724,0.03075372613966465,0.2594427466392517,0.219233438372612,0.2600066661834717,0.19362804293632507,-0.2676905691623688,-0.3844871520996094,0.024018919095396996,-0.05434814840555191,-0.3690987229347229,0.026079585775732994,0.1596144586801529,-0.027283649891614914,0.33130472898483276,-0.4499601721763611,0.562555193901062,0.1631956398487091,-0.12045407295227051,-0.17979776859283447,-0.14757046103477478,-0.15256695449352264,-0.4066864550113678,-0.2091415673494339,-0.07691387832164764,0.02871520444750786,0.24244093894958496,0.0615580789744854,-0.15082783997058868,-0.17914271354675293,0.07496799528598785,0.09618022292852402,0.20350965857505798,-0.1666710078716278,0.23019078373908997,-0.05306137725710869,0.09537529200315475,-0.5488497018814087,0.1770486682653427,-0.05597444623708725,0.09609423577785492,-0.18447884917259216,0.13905079662799835,-0.0013744235038757324
CID000005482,6691,-0.11567725986242294,-0.21581566333770752,-0.18787947297096252,-0.14838038384914398,0.3941863477230072,0.3574323356151581,-0.12928494811058044,-0.03813120722770691,-0.32922622561454773,-0.25760772824287415,-0.09445573389530182,-0.34273961186408997,-0.0348653644323349,-0.29222866892814636,0.055962689220905304,0.19378510117530823,-0.15676572918891907,-0.009286749176681042,0.030612120404839516,0.03637871518731117,-0.011549842543900013,-0.1545192301273346,0.24664811789989471,0.0012185886735096574,-0.12372583150863647,0.06154775619506836,-0.11643467843532562,0.13658729195594788,-0.06745194643735886,0.29336875677108765,-0.06600876897573471,-0.14659298956394196,-0.17297114431858063,0.02671649493277073,-0.3472369313240051,-0.05111827701330185,-0.21174028515815735,-0.4564899504184723,-0.2147589921951294,0.17869821190834045,0.06614827364683151,-0.017241884022951126,-0.26990407705307007,-0.3744136691093445,0.11081603914499283,0.1360723227262497,0.1803526133298874,0.036358945071697235,-0.32524484395980835,-0.12513333559036255,-0.08467066287994385,0.0707990825176239,-0.012696385383605957,-0.170736625790596,0.019821733236312866,-0.3162822127342224,-0.1265496462583542,0.16110916435718536,0.25375640392303467,-0.17620377242565155,-0.8597214818000793,-0.1540161669254303,-0.3207826614379883,0.4720170497894287,0.44920143485069275,-0.19836261868476868,-0.24380755424499512,0.19474364817142487,-0.03467796742916107,0.061262328177690506,-0.19264599680900574,0.1928180754184723,0.14750275015830994,-0.5209905505180359,0.5006330609321594,-0.15343117713928223,-0.2122819721698761,-0.09958404302597046,0.18458592891693115,-0.18125268816947937,-0.23516114056110382,-0.12039332091808319,-0.1495831161737442,-0.3279743492603302,0.010458715260028839,-0.10287360846996307,-0.3665759563446045,-0.011896461248397827,0.31453216075897217,0.2437061369419098,-0.1415145844221115,-0.02318161353468895,-0.16414722800254822,-0.12382940948009491,-0.376356303691864,-0.011209490709006786,-0.26818087697029114,0.30706873536109924,0.10653986036777496,-0.45282411575317383,0.16678641736507416,-0.035186439752578735,-0.10920071601867676,0.0008545726304873824,-0.263345330953598,0.14419105648994446,-0.45270776748657227,0.3141478896141052,-0.18239127099514008,0.3965941369533539,-0.21668744087219238,0.3481292724609375,0.14511823654174805,0.11020176112651825,-0.04572070762515068,0.22978273034095764,-0.22378253936767578,-0.41883715987205505,0.0015882968436926603,0.058136891573667526,-0.019240232184529305,-0.6200582981109619,0.11288297176361084,-0.17112267017364502,-0.2633121907711029,0.4062669277191162,0.07030502706766129,0.3209594190120697,0.17022934556007385,-0.12255426496267319,-0.13082970678806305,0.09125196933746338,-0.5667625665664673,-0.27717190980911255,-0.14786405861377716,-0.0414968840777874,0.03604176640510559,-0.003238651202991605,-0.30493655800819397,-0.005569892935454845,-0.03605179116129875,0.2675169110298157,-0.1461510956287384,0.02217625081539154,-0.06486191600561142,-0.14292192459106445,0.02385360561311245,0.02317509613931179,0.08418984711170197,-0.17807316780090332,0.07246562093496323,0.02528824843466282,-0.1416936218738556,-0.1796182543039322,0.00026758163585327566,-0.06860402971506119,0.04346468299627304,-0.40735897421836853,-0.004870852921158075,0.023164594545960426,0.29371681809425354,-0.013745948672294617,-0.8485716581344604,0.09074532240629196,0.4321492314338684,0.34687337279319763,-0.2081340104341507,-0.1262514591217041,0.19644184410572052,0.02058672346174717,-0.2240104228258133,-0.01483144611120224,0.4525473713874817,-0.25533416867256165,0.1512901932001114,-0.11324390023946762,-0.3178684115409851,0.11902962625026703,-0.42695268988609314,-0.08779683709144592,0.3257446885108948,0.4428919851779938,0.01633218303322792,-0.3230925500392914,0.0922180637717247,0.02621893584728241,-0.20423376560211182,0.16603806614875793,0.3583255708217621,-0.18718557059764862,0.18871936202049255,-0.008745765313506126,0.2247251272201538,0.20666737854480743,-0.20323523879051208,0.32673510909080505,-0.018626810982823372,0.1011187806725502,-0.3378550410270691,-0.18443579971790314,0.03910301998257637,0.24632880091667175,0.09974914789199829,0.04503145441412926,-0.03721506521105766,0.3398720920085907,-0.03591877967119217,-0.1895836591720581,0.0419454351067543,-0.06414087861776352,-0.06534428894519806,0.27259916067123413,0.08808497339487076,-0.08015097677707672,-0.05140488222241402,-0.01885122060775757,0.3080286681652069,0.335174024105072,-0.4251324534416199,-0.2892092764377594,0.03907329589128494,0.035523418337106705,-0.43668636679649353,-0.010639295913279057,-0.0060498653911054134,-0.08380888402462006,0.1546158343553543,-0.398846298456192,0.7244502305984497,0.042509522289037704,-0.17425549030303955,-0.1683160364627838,-0.2797746956348419,0.05447733402252197,-0.5004818439483643,-0.2613672912120819,-0.3449716866016388,0.18123984336853027,-0.06047676131129265,0.11791106313467026,-0.24601027369499207,-0.028529349714517593,0.0621802993118763,0.2706378102302551,0.10002259910106659,-0.0873681828379631,0.364909827709198,-0.0678911954164505,-0.07170669734477997,-0.6180069446563721,0.10684645175933838,0.12072844803333282,0.4080120027065277,-0.2740575075149536,0.0884954109787941,0.06485520303249359
CID000002349,6914,0.33948737382888794,-0.14816200733184814,0.20442143082618713,-0.334301233291626,0.7166409492492676,0.3469735383987427,0.14226844906806946,-0.014962643384933472,-0.49294695258140564,-0.2623284161090851,0.17160186171531677,-0.6971500515937805,-0.23653948307037354,-0.27944105863571167,0.007510253693908453,0.008001846261322498,0.029942188411951065,-0.14388181269168854,-0.3566480278968811,0.10307621955871582,0.1095556765794754,0.027659419924020767,-0.08961024135351181,0.1323215663433075,0.00343587389215827,-0.23017600178718567,-0.15512536466121674,0.01354007888585329,0.10675462335348129,0.2073192596435547,0.03216158598661423,0.026895349845290184,-0.29690295457839966,0.13197124004364014,-0.3175094723701477,-0.25875312089920044,-0.6207849979400635,-0.34560784697532654,-0.5941415429115295,-0.339438259601593,-0.15021416544914246,0.26154619455337524,-0.25789690017700195,0.10909058153629303,0.0142666669562459,0.4125264286994934,-0.03570006415247917,0.14386312663555145,-0.038808323442935944,-0.23195727169513702,-0.10149683803319931,-0.23361292481422424,-0.1783396601676941,-1.0369597673416138,0.13810573518276215,0.10744019597768784,-0.021206241101026535,0.036517366766929626,1.280545711517334,-0.18105168640613556,-1.0675007104873657,0.09536872059106827,-0.1497190147638321,0.6773315072059631,-0.037218429148197174,-0.6908011436462402,-0.5926001667976379,0.12282593548297882,-0.09449346363544464,-0.05630127340555191,-0.8983298540115356,-0.0073758689686656,-0.23125186562538147,-0.29607731103897095,0.8091161847114563,0.16541509330272675,0.39380234479904175,-0.19966116547584534,-0.2806660234928131,-0.014657566323876381,-0.41392987966537476,0.07852697372436523,0.11076226085424423,-0.22064557671546936,0.13625358045101166,0.16685795783996582,0.06147481128573418,-0.10682418197393417,0.5075278878211975,-0.11774041503667831,-0.41250157356262207,-0.22253413498401642,0.18498672544956207,0.09551845490932465,-0.6797491312026978,-0.13218249380588531,-0.3022633194923401,0.261280357837677,-0.19439886510372162,-0.08307404816150665,0.06926672160625458,-0.07335761189460754,-0.11805765330791473,1.0884788036346436,-0.1655752956867218,-0.01786474511027336,-0.30335313081741333,0.46680817008018494,-0.03902763873338699,0.5538018941879272,-0.17991258203983307,-0.08369646966457367,0.23760375380516052,-0.15203316509723663,0.10340788215398788,0.12290569394826889,-0.42407163977622986,-0.3807445466518402,0.29746881127357483,0.09582417458295822,-0.005115830805152655,-0.8415386080741882,-0.008933293633162975,-0.3180616497993469,-0.5455988645553589,0.24573370814323425,-0.042588356882333755,0.5559663772583008,-0.11380531638860703,-0.1881256103515625,0.141702800989151,0.25866013765335083,-0.6250308156013489,-0.4350486695766449,0.12242192029953003,0.0026766867376863956,0.29502370953559875,-0.06205994635820389,0.09966117143630981,-0.4055778384208679,-0.027071405202150345,0.5772892236709595,-0.06718892604112625,0.2021392285823822,0.15931203961372375,-0.16319671273231506,0.4124411940574646,0.32050713896751404,-0.051318466663360596,0.07556410133838654,-0.034734275192022324,-0.3819345533847809,-0.12673838436603546,0.1968945860862732,-0.23965716361999512,-0.22215747833251953,-0.21938128769397736,-0.18992090225219727,-0.11054034531116486,0.21494479477405548,0.6509045958518982,0.1456495225429535,-1.1121695041656494,0.4735669493675232,0.5932847857475281,0.3681924343109131,-0.4986798167228699,0.5717692971229553,-0.15645453333854675,-0.4335494041442871,-0.36729896068573,-0.4112599790096283,0.8651911020278931,-0.37899285554885864,0.08176997303962708,0.21426980197429657,0.051082927733659744,0.10867247730493546,-0.15626566112041473,0.28497225046157837,0.1897333562374115,0.07499277591705322,0.1549176275730133,-0.032474443316459656,0.08793246001005173,-0.17070654034614563,-0.0847930908203125,0.12719440460205078,0.1746472716331482,-0.07429590076208115,0.3463819622993469,-0.3320379853248596,-0.16863392293453217,0.4215090274810791,-0.12953491508960724,0.601664125919342,0.018775371834635735,0.048205744475126266,-0.24771246314048767,-0.04684964939951897,-0.49058952927589417,0.02765393629670143,-0.4773946702480316,0.02928445301949978,-0.38772091269493103,0.5568143725395203,0.08421219885349274,-0.7123123407363892,-0.1099761575460434,-0.14425809681415558,0.30381736159324646,0.1579103320837021,-0.03335132077336311,-0.15513493120670319,1.2847963571548462,0.17444594204425812,0.8564780354499817,0.04594218730926514,-0.3438514173030853,-0.2277384102344513,-0.034672606736421585,0.06850845366716385,-0.8928443789482117,0.1660507470369339,0.22510235011577606,0.06948273628950119,-0.1749359518289566,-0.5894402265548706,1.0789920091629028,-0.03416144847869873,-0.11091247946023941,-0.16487529873847961,0.09104546159505844,-0.1171388030052185,-0.46453171968460083,-0.3845909535884857,0.05545760318636894,0.10340122878551483,-0.0551472082734108,0.074583038687706,-1.186100959777832,0.10876946151256561,0.07097485661506653,-0.02857445552945137,0.40617799758911133,-0.9445223808288574,0.3333437144756317,-0.027022499591112137,-0.1858655959367752,-0.8699079751968384,-0.058736443519592285,0.12272036075592041,0.28044208884239197,-0.1950347125530243,0.03430160880088806,-0.09189340472221375
CID000004645,6940,-0.16306757926940918,0.00764541607350111,-0.21911366283893585,-0.19956621527671814,0.1255461424589157,0.31353604793548584,-0.12663781642913818,-0.04742825776338577,-0.7014126777648926,-0.2791373133659363,0.10114433616399765,-0.5726404786109924,0.17578327655792236,-0.24440976977348328,0.012533670291304588,-0.12350336462259293,0.21907608211040497,-0.12790805101394653,0.2277783900499344,0.008807226084172726,0.3851611018180847,-0.15260270237922668,-0.12720361351966858,-0.3600000739097595,0.07200778275728226,-0.10731130838394165,-0.08437403291463852,-0.09926033020019531,0.015552100725471973,0.29404810070991516,-0.18661470711231232,0.2944057881832123,0.03598468750715256,-0.031165266409516335,-0.5419803857803345,-0.17449511587619781,-0.42504701018333435,-0.20914824306964874,-0.37460511922836304,-0.34160852432250977,0.015621980652213097,-0.17174917459487915,-0.5647286176681519,0.2610209882259369,0.31873759627342224,0.3929505944252014,-0.0036875265650451183,-0.03772704675793648,0.11703383922576904,-0.16514597833156586,-0.5918014645576477,0.062168072909116745,-0.16803501546382904,-0.3609650433063507,0.4799421429634094,-0.07265947014093399,-0.040786560624837875,-0.18112415075302124,0.8362754583358765,-0.13546445965766907,-0.8580620884895325,0.27157890796661377,-0.2546451985836029,0.19701029360294342,-0.1367027908563614,-0.14097312092781067,-0.1432172805070877,0.3604057729244232,0.09735704958438873,0.192365363240242,-0.3907307982444763,-0.13484027981758118,-0.015109059400856495,-0.17338059842586517,0.6132417917251587,0.2758547067642212,-0.10408009588718414,0.43327274918556213,0.10744047164916992,-0.05904139205813408,-0.30060282349586487,-0.1806763857603073,-0.10886746644973755,-0.2680744230747223,-0.012593558058142662,-0.1651259958744049,-0.4500771462917328,-0.04976121336221695,0.1680755913257599,-0.0020615861285477877,-0.16576257348060608,-0.3203986585140228,0.17210209369659424,0.0935039296746254,-0.5364738702774048,0.09857177734375,-0.22523674368858337,0.4186286926269531,0.20497682690620422,-0.26866787672042847,0.23331201076507568,0.09387664496898651,-0.13400602340698242,-0.050088562071323395,-0.3015037477016449,-0.1761460304260254,-0.49385887384414673,0.19930598139762878,0.23341722786426544,0.07540013641119003,0.2095741331577301,0.17555639147758484,0.08511371910572052,0.1802290976047516,0.16446687281131744,-0.02195248380303383,0.018559236079454422,-0.30609840154647827,0.3250426650047302,0.04888319969177246,0.16305501759052277,-0.6867101788520813,-0.23888523876667023,-0.3438693583011627,-0.37848079204559326,0.3435428738594055,0.1438518613576889,0.1412864625453949,0.34152835607528687,-0.044514887034893036,-0.1544226109981537,0.12886345386505127,-0.6440984010696411,-0.3554574251174927,-0.20597288012504578,-0.19207262992858887,-0.17535480856895447,-0.2668284773826599,-0.041199781000614166,-0.266435831785202,-0.04349089413881302,0.12648388743400574,-0.005001830868422985,0.07077337056398392,0.09907860308885574,-0.05202726647257805,-0.29457736015319824,0.11673635244369507,0.3581100106239319,-0.28703218698501587,-0.0770210474729538,0.2025568187236786,-0.2033933848142624,0.0919037014245987,-0.1989174485206604,0.021637486293911934,-0.17662200331687927,-0.39694294333457947,-0.06946059316396713,-0.005193396005779505,0.28059664368629456,-0.09902064502239227,-0.9522229433059692,0.11058954894542694,0.36290374398231506,0.14198534190654755,-0.3048667311668396,0.4474068284034729,-0.17196616530418396,0.09366585314273834,-0.4562346339225769,-0.5049781799316406,0.4773409962654114,-0.10146089643239975,-0.01939482055604458,-0.17568203806877136,0.2618400454521179,0.05402704328298569,-0.35398784279823303,-0.060112155973911285,0.25444525480270386,0.2553962469100952,0.4251379072666168,-0.1649329662322998,0.09116124361753464,-0.2902332544326782,-0.007350402884185314,0.14862839877605438,0.5277389287948608,0.052541978657245636,-0.02166016399860382,-0.3959880471229553,-0.03960685431957245,0.08738214522600174,-0.20717009902000427,0.2757450044155121,0.11378724873065948,0.26916995644569397,-0.3407686948776245,0.10741603374481201,0.16723845899105072,0.2120627611875534,-0.09727957099676132,0.15294884145259857,0.16096428036689758,0.20397453010082245,-0.13099248707294464,-0.16068878769874573,-0.29291316866874695,-0.1876126378774643,0.010502761229872704,0.21408052742481232,-0.005805677268654108,0.3385658264160156,0.02203446626663208,-0.04296416416764259,0.6347664594650269,0.15050539374351501,-0.15452687442302704,-0.0881776437163353,-0.0027157447766512632,0.08651705831289291,-0.6544088125228882,0.01753850094974041,0.17181292176246643,0.11310448497533798,0.20647403597831726,-0.36121708154678345,1.1006219387054443,0.1180742010474205,-0.25189071893692017,-0.22178678214550018,0.08761151134967804,0.07368316501379013,-0.5023161768913269,-0.29672592878341675,0.0580427423119545,0.1805115044116974,0.2893860638141632,0.1748931109905243,-0.5896887183189392,-0.10103069245815277,-0.10291217267513275,0.09776703268289566,-0.037393100559711456,-0.4108332693576813,0.22887925803661346,-0.09884000569581985,0.19611677527427673,-0.7271331548690796,-0.17920607328414917,0.31978896260261536,0.297479510307312,-0.13563272356987,0.1514778733253479,-0.012280878610908985
CID000000815,6961,0.30965548753738403,0.20673736929893494,0.0147704454138875,-0.015914183109998703,0.3356504738330841,0.530103325843811,-0.08986490964889526,0.2316320836544037,-0.5682772397994995,-0.19942615926265717,0.2184932678937912,-0.30571049451828003,0.19875431060791016,-0.23776891827583313,0.007912442088127136,0.09144442528486252,0.1839762032032013,0.13986824452877045,0.0017630576621741056,0.1436782330274582,0.16252538561820984,-0.07055037468671799,-0.011721910908818245,0.2200956642627716,0.46919068694114685,-0.06064004451036453,-0.19997382164001465,0.2661139965057373,-0.22928133606910706,0.4504493772983551,-0.06594490259885788,-0.24305829405784607,-0.48585042357444763,-0.10041643679141998,-0.5508192181587219,-0.16135451197624207,-0.3346916437149048,-0.3299574553966522,-0.18493035435676575,-0.09017447382211685,-0.15478287637233734,-0.04330706596374512,-0.3201718330383301,-0.04221949726343155,0.8279326558113098,0.2293425053358078,-0.15861280262470245,-0.09329754114151001,0.12913745641708374,0.23643913865089417,-0.4761173129081726,-0.026348356157541275,-0.2777443528175354,-0.21823564171791077,0.04989048093557358,-0.20643019676208496,-0.14792996644973755,-0.20619674026966095,0.9495370984077454,-0.1651303470134735,-1.0220096111297607,-0.02815493382513523,-0.11875408887863159,0.43427783250808716,0.0028703168500214815,-0.32396399974823,-0.028322070837020874,0.05523286014795303,-0.06564869731664658,-0.02975676953792572,-0.7796245217323303,-0.25182420015335083,-0.1971527636051178,-0.18565551936626434,0.6503966450691223,0.2047625482082367,-0.009049983695149422,0.4608975946903229,0.13213114440441132,-0.1343006044626236,-0.0943870022892952,0.11680983006954193,-0.21731284260749817,-0.15456917881965637,-0.10950831323862076,0.08521328866481781,-0.24819323420524597,-0.2354915589094162,0.15746435523033142,-0.018301939591765404,-0.44664764404296875,-0.29754704236984253,-0.1482921540737152,0.2756078839302063,-0.5144252181053162,-0.07257074862718582,-0.12658634781837463,0.17654946446418762,0.03249563276767731,-0.07488082349300385,0.023671839386224747,0.11471176147460938,-0.4108541011810303,0.09465216845273972,-0.2632240355014801,0.05551542714238167,-0.7232736349105835,0.508063554763794,-0.02181733027100563,0.13244454562664032,-0.43876829743385315,-0.17221803963184357,0.12402810156345367,-0.013556784018874168,0.29801374673843384,0.2527024447917938,0.06407205760478973,-0.4613804817199707,0.44691401720046997,-0.07762306928634644,-0.06644018739461899,-0.6325035095214844,0.08464397490024567,-0.5607213377952576,-0.16052743792533875,0.23553960025310516,-0.0772741511464119,0.17092201113700867,-0.10581374168395996,0.18476538360118866,-0.09897951036691666,-0.040654074400663376,-0.5577014684677124,-0.5960055589675903,-0.1700390875339508,-0.26005521416664124,0.2851286828517914,-0.6862243413925171,0.03339994326233864,-0.0761646032333374,0.11575834453105927,0.16549749672412872,-0.04117364436388016,-0.002631307113915682,0.10879947990179062,0.33237943053245544,-0.1587286740541458,0.19152303040027618,0.061639558523893356,0.14527632296085358,0.1103816032409668,-0.13522133231163025,-0.4464534819126129,-0.1978779137134552,-0.2259899377822876,-0.17932429909706116,0.30905407667160034,-0.42687082290649414,-0.14184223115444183,0.2740571200847626,0.5209493637084961,-0.06686060130596161,-0.8596925735473633,0.21501055359840393,0.4027828574180603,0.21255187690258026,-0.21090443432331085,0.19666221737861633,-0.3200998306274414,-0.1996617317199707,-0.5584173202514648,-0.5333489179611206,0.3733310401439667,-0.26157358288764954,-0.14054709672927856,-0.25451308488845825,0.17640845477581024,-0.15621648728847504,-0.412313312292099,-0.037967752665281296,0.26672476530075073,0.33190685510635376,0.17822954058647156,-0.1646966189146042,0.11474516242742538,0.2480710744857788,-0.23690107464790344,0.22836676239967346,0.26675963401794434,0.014125406742095947,0.17428000271320343,-0.3904997706413269,-0.09358926117420197,0.23242828249931335,-0.2597079277038574,0.6685883402824402,-0.042544055730104446,-0.09263606369495392,-0.18970796465873718,0.16039791703224182,-0.07998888194561005,0.13933247327804565,-0.1917194426059723,0.14734342694282532,0.042625896632671356,0.11081568896770477,-0.09628324210643768,0.04269259050488472,-0.5943769216537476,0.16989699006080627,-0.16280758380889893,0.019536808133125305,0.1862509548664093,-0.13998067378997803,0.11135532706975937,0.169627383351326,1.0356848239898682,-0.18072184920310974,-0.4605119228363037,-0.28727367520332336,0.02001543901860714,0.029505020007491112,-0.8783016204833984,0.13160440325737,0.25777024030685425,-0.07035522162914276,-0.07030205428600311,-0.30443090200424194,1.1738024950027466,0.12389387935400009,-0.3427888751029968,-0.006658521480858326,0.10525579750537872,0.2285676896572113,-0.566189706325531,-0.3793031871318817,0.13262920081615448,0.30342620611190796,-0.1348152458667755,-0.2554038166999817,-0.951784610748291,0.006593880243599415,-0.1368890404701233,0.311556875705719,-0.017346113920211792,-0.5263990163803101,0.062325455248355865,0.11030570417642593,0.051311176270246506,-0.7314209938049316,-0.03643176704645157,0.17236611247062683,0.6467308402061462,-0.16256238520145416,0.2400335818529129,0.09078003466129303
CID003086258,7070,0.04548446461558342,0.21456757187843323,0.15195314586162567,-0.0374261736869812,0.19431403279304504,0.2814035415649414,0.21115830540657043,-0.2613385319709778,-0.13369229435920715,-0.22979310154914856,0.17369431257247925,-0.30798083543777466,0.23071083426475525,-0.2187236249446869,-0.21823032200336456,-0.06456733494997025,-0.1428586095571518,0.09900863468647003,0.19360458850860596,0.2602677047252655,-0.00658417958766222,0.06475991010665894,-0.05009674280881882,-0.22611841559410095,0.0599791593849659,-0.18958398699760437,0.1547241508960724,0.11540447175502777,0.012495411559939384,0.24808648228645325,-0.17900018393993378,0.16513028740882874,-0.08791746944189072,0.014701033011078835,-0.7384445071220398,-0.114141546189785,-0.04099775105714798,-0.2417280226945877,-0.3382937014102936,-0.01983746327459812,0.2920491099357605,0.053220510482788086,-0.3068233132362366,-0.11738058179616928,0.3894035220146179,-0.10844647884368896,0.26438453793525696,0.16211700439453125,0.10620717704296112,-0.1641250103712082,-0.6845744848251343,0.15652787685394287,-0.1677248328924179,0.04865000396966934,0.01449843030422926,-0.0706024095416069,-0.02574540302157402,0.09890352189540863,0.1663016378879547,-0.03204258531332016,-0.9347282648086548,0.005402565002441406,-0.5459879636764526,0.013684123754501343,-0.10591323673725128,0.14119574427604675,-0.08263228833675385,0.5093936324119568,0.09240663051605225,-0.011495199985802174,-0.0894874557852745,-0.10759218037128448,-0.07899532467126846,0.10879158973693848,0.16018888354301453,0.1630481481552124,-0.03609662503004074,0.29569095373153687,0.03662046045064926,-0.05558513477444649,-0.13614261150360107,0.23260565102100372,0.12388236820697784,0.008752149529755116,-0.22760717570781708,0.10049927234649658,-0.013545697554945946,-0.02117757871747017,0.44138604402542114,0.16592319309711456,0.20650041103363037,0.022899817675352097,-0.07119376957416534,0.09924086928367615,-0.46559983491897583,-0.21781738102436066,-0.12923137843608856,-0.0029369599651545286,0.28489360213279724,-0.18170054256916046,0.4346104562282562,-0.003360831644386053,-0.2298785150051117,-0.1030007004737854,-0.11143523454666138,0.1650344282388687,-0.2924003005027771,0.17545421421527863,0.12623779475688934,0.0555882565677166,0.13683395087718964,0.044466566294431686,0.34274372458457947,-0.06500578671693802,0.03359008580446243,-0.21271803975105286,0.19496743381023407,-0.28806525468826294,0.3728858232498169,0.13257881999015808,0.1750829517841339,-0.9037244915962219,0.21037140488624573,-0.035835884511470795,-0.6084779500961304,-0.14498360455036163,0.18387356400489807,0.39683061838150024,0.2239314615726471,0.10471437126398087,0.15795829892158508,-0.15116217732429504,-0.6004379987716675,-0.18787239491939545,0.09888558089733124,0.09994213283061981,0.3372876048088074,-0.27140939235687256,0.08681200444698334,0.1985432654619217,0.033136386424303055,-0.039163243025541306,0.20254234969615936,-0.15517064929008484,-0.24902598559856415,-0.027175908908247948,-0.27733471989631653,0.13500186800956726,-0.10723521560430527,-0.0030986785423010588,0.012471084482967854,0.2941335141658783,-0.011484578251838684,0.03450077027082443,0.04775417596101761,-0.12709446251392365,-0.1483464539051056,-0.2786567807197571,-0.04506877064704895,-0.008178380317986012,0.22404494881629944,0.12216408550739288,-0.8065498471260071,-0.0013046801323071122,0.5528426766395569,0.12853090465068817,-0.21811047196388245,-0.012641620822250843,0.02884531579911709,-0.021609365940093994,-0.03384803608059883,-0.20171117782592773,0.3574233949184418,0.10296940803527832,0.1531895101070404,0.07060509920120239,0.19030217826366425,0.1396441012620926,-0.49010786414146423,0.06347551941871643,0.17727306485176086,0.1914040893316269,-0.005403024144470692,0.017022687941789627,-0.08411450684070587,-0.3016189932823181,-0.2806994616985321,-0.022002479061484337,0.7042251229286194,0.05180789902806282,0.06692656129598618,-0.4735270142555237,-0.08353810012340546,-0.20183011889457703,-0.11226625740528107,0.1808917224407196,0.01332896389067173,-0.17192013561725616,-0.2106505185365677,0.1456906646490097,0.07306686788797379,-0.21943004429340363,-0.27858003973960876,0.10035023838281631,0.0482257604598999,0.14338929951190948,-0.05364770442247391,-0.02449040487408638,-0.28134697675704956,0.07294078171253204,0.41845017671585083,-0.05573711916804314,-0.2853662669658661,-0.021849801763892174,0.09419429302215576,-0.04649292305111885,0.569330632686615,0.3803510367870331,0.25719743967056274,-0.0832676887512207,-0.0036489844787865877,0.004714911803603172,-0.5329307317733765,0.043483879417181015,0.27327287197113037,-0.14983494579792023,0.33293572068214417,-0.08380452543497086,0.7705397009849548,-0.03076549805700779,-0.21134856343269348,-0.2518274486064911,-0.08077528327703476,-0.16632410883903503,-0.36218154430389404,-0.21999101340770721,0.08899328112602234,0.08287926763296127,0.1032712459564209,-0.03832896798849106,-0.11671993881464005,-0.01748139038681984,0.14123153686523438,-0.2169148176908493,-0.1471468210220337,-0.17279888689517975,0.06912846863269806,-0.050072479993104935,0.07960101217031479,-0.8377118110656738,0.15321116149425507,0.6435528993606567,0.15901868045330048,0.28232067823410034,0.09738491475582123,-0.2542012333869934
CID000004497,7241,-0.01395407598465681,-0.002554953098297119,0.016688650473952293,-0.06264053285121918,0.22782579064369202,0.4358751177787781,-0.06613723933696747,0.06254655122756958,0.016759302467107773,-0.15352940559387207,0.06783261150121689,-0.25956088304519653,0.30168217420578003,-0.23165854811668396,-0.059093177318573,0.028113311156630516,-0.2351963073015213,0.17840269207954407,0.16504737734794617,0.008349421434104443,-0.11565420776605606,-0.057332076132297516,0.09263559430837631,0.02032453753054142,-0.023389989510178566,-0.18940404057502747,-0.16095034778118134,0.07383475452661514,-0.13483324646949768,0.4608863890171051,-0.08891169726848602,-0.08850337564945221,-0.04797354340553284,-0.02637934684753418,-0.3798562288284302,-0.012052073143422604,-0.25972843170166016,-0.2279767543077469,-0.27072304487228394,-0.08991866558790207,0.4645586609840393,0.007154190447181463,-0.35570526123046875,-0.2204926759004593,0.0925842747092247,-0.031183898448944092,0.00721358647570014,-0.07462642341852188,-0.31688717007637024,-0.19147856533527374,-0.3049687445163727,0.2175346165895462,-0.09917863458395004,-0.16055594384670258,0.020358270034193993,0.015064513310790062,0.075820192694664,0.13053341209888458,-0.027821823954582214,-0.048524804413318634,-0.8121110796928406,0.4249188303947449,-0.21214954555034637,0.1708555519580841,0.1686389148235321,-0.05176518112421036,-0.4587209224700928,0.3269011080265045,-0.0721636638045311,0.08543609082698822,-0.548467755317688,-0.016330217942595482,0.05921018123626709,-0.1608850061893463,0.26447755098342896,0.10568825155496597,0.30448001623153687,-0.07274958491325378,0.2286674678325653,0.060514550656080246,-0.3501235246658325,0.009653848595917225,-0.2514600455760956,-0.07124841213226318,-0.0645524114370346,0.013586005195975304,-0.15212509036064148,0.27682405710220337,0.34592539072036743,-0.060719795525074005,-0.08749261498451233,-0.16174790263175964,0.0946040004491806,0.005929184146225452,-0.6024147272109985,-0.005236575845628977,-0.3886615037918091,0.14609181880950928,0.1038946881890297,-0.343763530254364,0.31541237235069275,-0.0002552747610025108,-0.1725938320159912,0.22045473754405975,-0.3977280557155609,0.19423599541187286,-0.3008412718772888,0.22641494870185852,0.11153733730316162,0.22382092475891113,-0.16351690888404846,-0.14357677102088928,0.4630892276763916,-0.057931847870349884,0.0978369265794754,-0.037053756415843964,0.3226977288722992,-0.568695604801178,-0.07637473940849304,0.17601676285266876,0.04295184835791588,-0.7229461073875427,-0.14088085293769836,-0.5839785933494568,-0.5249900817871094,0.12809893488883972,-0.020169081166386604,0.44805270433425903,0.04708114266395569,0.07541360706090927,-0.07701553404331207,-0.0704534500837326,-0.5549696087837219,-0.3656938076019287,-0.141864612698555,-0.1537737399339676,0.6593683362007141,-0.09428877383470535,0.1848142296075821,0.13497230410575867,-0.20131945610046387,0.3175663948059082,-0.013039288111031055,0.004454093985259533,-0.08763869851827621,-0.04869977384805679,-0.09097737073898315,0.14367426931858063,-0.126899853348732,-0.25242871046066284,-0.050328899174928665,0.06950781494379044,0.010172164998948574,0.17874279618263245,-0.41858330368995667,0.019515251740813255,-0.22684255242347717,-0.44841447472572327,0.018664542585611343,0.2966012954711914,0.18574373424053192,0.10962732881307602,-0.7589298486709595,-0.0365317240357399,0.37092477083206177,0.31336671113967896,-0.163798525929451,0.01130765676498413,0.3487913906574249,0.033889055252075195,-0.22439642250537872,0.030952492728829384,0.46826061606407166,0.0942806825041771,-0.007536781020462513,-0.0368603840470314,0.08492070436477661,0.13702143728733063,-0.3910493552684784,-0.19151219725608826,0.3094872534275055,0.4169370234012604,0.13086938858032227,0.004601138643920422,0.011238696984946728,0.08327241241931915,-0.565931499004364,0.09478949755430222,0.40391993522644043,0.30381888151168823,0.07076899707317352,-0.1310162991285324,0.0774521678686142,0.19905535876750946,-0.22980189323425293,0.248083233833313,0.11948563903570175,-0.009864549152553082,-0.00495909433811903,0.1444685012102127,0.16713710129261017,0.04742398113012314,-0.31022241711616516,0.12857453525066376,-0.2168959677219391,0.5218061208724976,-0.2212989330291748,-0.2419496327638626,0.06205495446920395,0.05426005274057388,-0.07275508344173431,0.06010206788778305,0.028616422787308693,0.004820260219275951,0.16529393196105957,-0.2170833796262741,0.3565724790096283,-0.037720855325460434,-0.09568635374307632,-0.21221208572387695,-0.09428654611110687,0.09214600175619125,-0.41132742166519165,0.18131469190120697,0.42894428968429565,-0.05286749079823494,0.1115448921918869,-0.29321104288101196,0.6754978895187378,0.0419427752494812,-0.2241981327533722,-0.12846648693084717,-0.1503605842590332,0.06044794246554375,-0.4416225850582123,-0.2306191474199295,-0.1834038645029068,0.3331570327281952,0.1231803447008133,-0.21315178275108337,0.027000123634934425,0.019064629450440407,0.2401929795742035,-0.02714730240404606,-0.21701113879680634,-0.11406494677066803,0.5626556277275085,-0.14646294713020325,-0.06025378778576851,-0.6481403708457947,-0.18457643687725067,-0.052201878279447556,0.11731623113155365,-0.027571212500333786,0.002979844808578491,-0.24048399925231934
CID000003642,7533,-0.2549865245819092,0.09401311725378036,-0.09039732068777084,0.0586768314242363,0.12112157046794891,0.5696806907653809,0.2291785478591919,-0.13591007888317108,-0.5238925218582153,-0.18476073443889618,-0.057699430733919144,-0.6335755586624146,0.41145211458206177,-0.419481098651886,0.2191716730594635,0.018689025193452835,0.2119951695203781,-0.04635733738541603,-0.22249145805835724,0.1433713436126709,-0.27541664242744446,-0.22632379829883575,-0.010062647052109241,0.12394087016582489,0.2327805757522583,-0.10452808439731598,0.278758704662323,-0.13386127352714539,0.02793842926621437,0.4904601573944092,-0.08759591728448868,0.06889701634645462,-0.17050045728683472,0.07708626240491867,-0.25834161043167114,0.061480261385440826,-0.136143296957016,-0.3944571316242218,0.07262200862169266,-0.04609999060630798,0.09988261759281158,0.060485053807497025,-0.2846890389919281,0.07330302149057388,0.600060760974884,-0.00895941536873579,0.008592480793595314,-0.5270772576332092,-0.16597317159175873,-0.02768140472471714,-0.4438992142677307,0.3180896043777466,-0.041044771671295166,-0.11288230121135712,0.3160502016544342,0.22608275711536407,-0.003373868763446808,0.06362529844045639,0.19128462672233582,0.13825084269046783,-0.822726845741272,0.2029058039188385,0.012341308407485485,0.21413680911064148,0.057303667068481445,0.013444304466247559,-0.34080085158348083,0.14895032346248627,0.04317466542124748,-0.14559969305992126,-0.6042999029159546,0.19204548001289368,0.12876050174236298,-0.02035686932504177,0.17955461144447327,-0.22252099215984344,0.19114479422569275,0.40831461548805237,0.13283947110176086,0.21021828055381775,-0.4074842035770416,0.008853095583617687,-0.2156626284122467,-0.11695947498083115,-0.05880235508084297,0.09367858618497849,-0.29102450609207153,0.1323348730802536,0.5456804037094116,-0.009387975558638573,0.024599194526672363,-0.22346408665180206,0.16947662830352783,-0.05367378145456314,-0.18879251182079315,0.10486922413110733,-0.33676621317863464,0.32563433051109314,0.17545609176158905,-0.24183344841003418,0.19915583729743958,0.13446339964866638,0.20734038949012756,0.18884602189064026,-0.2836485505104065,-0.11644784361124039,-0.44784268736839294,0.2944924831390381,-0.0891767293214798,0.2495860606431961,0.01212192140519619,0.09862980246543884,0.3390232026576996,-0.18617787957191467,0.07879574596881866,0.15466013550758362,0.02369045652449131,-0.29089194536209106,0.4076014459133148,-0.18954962491989136,-0.15645691752433777,-0.564802348613739,-0.06510083377361298,-0.29337936639785767,-0.33818015456199646,0.3025636076927185,0.04401896893978119,0.4194772243499756,0.05763910338282585,0.10179893672466278,0.0014209896326065063,-0.13674220442771912,-0.745640754699707,-0.47664302587509155,0.08078056573867798,0.08678362518548965,0.3431761860847473,-0.4846317768096924,-0.04986753314733505,-0.1633567214012146,-0.25983020663261414,0.2599152624607086,-0.20700493454933167,-0.08587579429149628,0.11358615010976791,0.047254081815481186,0.28593701124191284,0.2906869649887085,-0.1681012064218521,-0.13042227923870087,-0.36379918456077576,-0.14807674288749695,-0.2062595635652542,0.01063510775566101,0.2509470582008362,0.20109744369983673,-0.020678972825407982,-0.39217090606689453,0.18197104334831238,0.12014572322368622,0.25435885787010193,-0.015424525365233421,-0.9078446626663208,-0.11507119238376617,0.35313892364501953,0.2630614638328552,-0.031732089817523956,-0.016191452741622925,0.21320056915283203,0.0869927853345871,-0.16566002368927002,0.06269682198762894,0.41788119077682495,-0.16999314725399017,0.25654569268226624,-0.2910640239715576,-0.18786843121051788,-0.07688172906637192,-0.526933491230011,-7.054805610096082e-05,0.05517445132136345,0.35580331087112427,0.18455995619297028,0.07563319057226181,0.06505167484283447,-0.27410587668418884,-0.4089004099369049,-0.1153121143579483,0.24474000930786133,0.07071689516305923,0.054464567452669144,-0.18655386567115784,0.0683237612247467,0.10089826583862305,-0.2624082565307617,0.4823170304298401,-0.1357806771993637,-0.09936697036027908,-0.11402742564678192,-0.253663033246994,-0.027385007590055466,0.1583493947982788,-0.36695998907089233,0.004401481244713068,-0.185255229473114,0.5114285945892334,0.027325322851538658,-0.4027603566646576,-0.46217331290245056,0.10565308481454849,0.06849128752946854,0.17077122628688812,-0.04397876188158989,-0.0049648345448076725,0.1136660948395729,-0.1376895010471344,0.5390378832817078,-0.1523793637752533,0.05796198919415474,-0.18703429400920868,-0.1005539670586586,0.011148792691528797,-0.6147611141204834,-0.021546024829149246,0.35242030024528503,0.0060694096609950066,0.20674853026866913,-0.11441250890493393,0.5646203756332397,0.021687965840101242,-0.0156998373568058,-0.15676221251487732,-0.102327361702919,-0.005671878810971975,-0.4550256133079529,-0.32812994718551636,-0.1499520093202591,0.5187791585922241,0.06494107097387314,0.12892137467861176,-0.13805988430976868,0.13992241024971008,-0.08237750083208084,0.20038647949695587,-0.0047461180947721004,-0.35762444138526917,0.076076939702034,0.22492754459381104,0.34483835101127625,-0.5509694218635559,0.02224765717983246,0.15749727189540863,0.1424315720796585,-0.20006194710731506,-0.0006060257437638938,-0.1372290551662445
CID000002232,7683,-0.01657860353589058,0.07260497659444809,-0.1604401171207428,-0.05110359191894531,0.3866684138774872,0.2611832618713379,-0.15181918442249298,-0.024984830990433693,-0.30228549242019653,-0.2059960812330246,0.17128878831863403,-0.46856003999710083,-0.021756255999207497,-0.19980663061141968,-0.23118679225444794,-0.11648360639810562,-0.06101776286959648,0.08218379318714142,0.31212320923805237,0.11731390655040741,0.09776095300912857,0.06244879961013794,-0.22510305047035217,-0.02363830804824829,-0.1422247290611267,-0.09798965603113174,0.3068254292011261,-0.11598233878612518,-0.05921313911676407,0.3227359354496002,-0.2322038859128952,0.22846642136573792,0.3377295434474945,0.08455274999141693,-0.833966076374054,-0.11352650076150894,-0.20633971691131592,-0.16801762580871582,-0.23484203219413757,-0.19125744700431824,-0.23418553173542023,-0.09356565773487091,-0.15984657406806946,0.201339453458786,0.4480380415916443,0.23459473252296448,0.1136498898267746,0.05710414797067642,-0.08510851114988327,-0.1936422884464264,-0.6548373699188232,-0.009418542496860027,-0.27491551637649536,-0.19184677302837372,0.17627930641174316,0.1304006278514862,-0.0076337470673024654,-0.1632411926984787,0.6677516102790833,0.34735292196273804,-1.0131807327270508,-0.05639849230647087,-0.42091426253318787,0.11619597673416138,0.06301511824131012,-0.0007020711782388389,-0.0884690135717392,0.6076919436454773,-0.031173279508948326,0.1119351014494896,-0.05587635189294815,-0.18185734748840332,0.005108573939651251,0.2310362607240677,0.4939197599887848,0.1599763184785843,0.10791563987731934,0.33860576152801514,0.0556313619017601,-0.28281810879707336,-0.0849565714597702,0.17631612718105316,0.18770475685596466,-0.14552582800388336,-0.025505419820547104,-0.20824143290519714,-0.3559379279613495,0.25464802980422974,0.34812983870506287,-0.16634730994701385,-0.09772927314043045,-0.03328068181872368,-0.011032533831894398,-0.06924416869878769,-0.5200518369674683,-0.3228686451911926,-0.13274025917053223,0.2940038740634918,0.0762137919664383,-0.25075504183769226,0.39838510751724243,-0.0683138370513916,-0.07954041659832001,0.2082456350326538,-0.14014257490634918,-0.02964603342115879,-0.5688204765319824,0.22029384970664978,0.11110911518335342,0.08376231044530869,-0.20417332649230957,0.4853411316871643,-0.022230228409171104,0.15488126873970032,0.24164466559886932,0.3881221413612366,0.1490524411201477,-0.5912764072418213,0.31722524762153625,0.051660794764757156,0.15618829429149628,-0.9069136381149292,-0.38405439257621765,-0.23964586853981018,-0.4094879627227783,0.17409786581993103,0.11977194249629974,0.2358500063419342,0.1873333752155304,0.0734563022851944,-0.04499560594558716,0.023808980360627174,-0.4691923260688782,-0.2822473645210266,-0.2802872955799103,-0.03798317536711693,0.21771712601184845,-0.4407590329647064,0.1592516154050827,-0.1532357931137085,0.09921292960643768,0.0769820362329483,0.07154436409473419,0.027770718559622765,-0.15937457978725433,-0.05485961586236954,-0.25150540471076965,0.052975285798311234,0.09197176992893219,0.00021085739717818797,-0.059128038585186005,0.04647337645292282,0.08562275022268295,0.3145722448825836,0.3612143397331238,0.07477627694606781,-0.07494010031223297,-0.47940167784690857,-0.07728941738605499,0.1671730875968933,-0.11905540525913239,-0.0039675356820225716,-0.9698553085327148,0.03634285181760788,0.5765910744667053,0.0787801668047905,-0.241898775100708,0.18645691871643066,-0.29577481746673584,0.17824843525886536,-0.11658736318349838,-0.4520609378814697,0.36532095074653625,-0.02872711978852749,0.001819521188735962,0.15326012670993805,-0.0062582045793533325,0.002153926994651556,-0.3675857186317444,0.034605540335178375,0.27967774868011475,0.25617480278015137,0.21971015632152557,0.1495627760887146,0.09587422758340836,-0.0933523178100586,-0.09788298606872559,-0.40401363372802734,0.7631710171699524,-0.15166673064231873,0.07879835367202759,-0.29006147384643555,-0.06001225858926773,0.09978054463863373,-0.11834260076284409,0.4150911271572113,-0.0993230938911438,0.07019700109958649,-0.5131403207778931,0.11651885509490967,0.04350058361887932,-0.2736313045024872,-0.216978520154953,0.08312155306339264,-0.006885099224746227,0.06210369989275932,-0.09593745321035385,0.05294487997889519,-0.24522197246551514,0.0068208216689527035,0.3248395323753357,0.07047107815742493,-0.06347043812274933,0.20582790672779083,0.2376677542924881,-0.32773423194885254,0.7058457732200623,-0.13817451894283295,-0.10879991203546524,-0.046601638197898865,0.10617823898792267,-0.11134467273950577,-0.6579992175102234,-0.00781769584864378,0.30504265427589417,0.07239653170108795,0.1540307104587555,-0.25270789861679077,0.9741188883781433,0.0753389298915863,-0.026837971061468124,-0.11795826256275177,0.10315106064081192,0.03572997823357582,-0.5672680735588074,-0.3503122627735138,-0.006690861191600561,0.033735595643520355,0.1454552263021469,0.39120912551879883,-0.501867413520813,-0.10937903076410294,-0.062463175505399704,0.5227262377738953,-0.212970569729805,-0.00018421001732349396,0.11559613049030304,0.024341437965631485,0.07149584591388702,-1.092369794845581,-0.4013240933418274,0.4481108784675598,0.24658551812171936,-0.014048439450562,0.07632635533809662,-0.055786799639463425
CID000004913,7883,-0.1193864569067955,-0.060091208666563034,0.19128897786140442,0.0024234584998339415,0.08251748234033585,0.43175044655799866,-0.0052614035084843636,0.08854712545871735,-0.4804760813713074,-0.28526052832603455,-0.0277099646627903,-0.41216468811035156,0.16234754025936127,-0.4071146547794342,-0.09192483127117157,0.05568324774503708,-0.03520007058978081,0.11619529873132706,-0.1702755093574524,0.013328504748642445,-0.09092779457569122,0.21658483147621155,0.00538575928658247,0.08313490450382233,0.029023388400673866,0.0978158563375473,0.24821937084197998,0.06047198921442032,0.033273909240961075,0.3513772487640381,0.0026751302648335695,0.03694260120391846,-0.140004962682724,0.004377064295113087,-0.1813194751739502,0.1588173508644104,-0.5202398300170898,-0.24425701797008514,-0.25320643186569214,-0.026322882622480392,0.24293415248394012,0.06489603221416473,-0.48402976989746094,-0.11432180553674698,0.20234718918800354,0.06551570445299149,-0.4468230605125427,-0.2500503659248352,-0.4288589060306549,-0.08860756456851959,-0.31692999601364136,0.1461178958415985,-0.10900857299566269,-0.10167129337787628,0.08920882642269135,-0.020268967375159264,0.057960204780101776,-0.006628199014812708,0.18911966681480408,0.2636052072048187,-0.7394537925720215,-0.0599055215716362,-0.16075870394706726,0.3035436272621155,0.017188334837555885,0.13315096497535706,-0.5791359543800354,0.09661266952753067,0.04743052273988724,0.13748577237129211,-0.4897044599056244,0.0308539979159832,-0.05623703449964523,-0.19792509078979492,0.09359071403741837,-0.08821450173854828,-0.06403319537639618,0.12163329124450684,0.23191630840301514,0.17493918538093567,-0.3217361271381378,-0.2766529321670532,-0.23399806022644043,-0.16032858192920685,-0.15162189304828644,-0.007349139545112848,-0.4028511643409729,0.0059264181181788445,0.3685348629951477,-0.09337668120861053,0.011591135524213314,-0.2886202931404114,-0.11311473697423935,-0.0872747078537941,-0.3125168979167938,-0.04499365761876106,-0.1089680939912796,0.3248208463191986,0.260000616312027,-0.5305252075195312,0.09874630719423294,0.35525986552238464,-0.1842624992132187,-0.14910069108009338,-0.14440762996673584,-0.053749214857816696,-0.27245303988456726,0.4054000973701477,0.017583640292286873,0.4417773187160492,0.06344370543956757,-0.2442103624343872,0.5496051907539368,-0.04319435730576515,0.062381185591220856,0.13731129467487335,0.06770205497741699,-0.27441972494125366,0.21464693546295166,0.08753839135169983,-0.14660769701004028,-0.4164096415042877,0.12917560338974,-0.26964306831359863,-0.3958180546760559,0.37432023882865906,-0.09323179721832275,0.5949309468269348,0.11019361019134521,0.011519965715706348,0.16778133809566498,0.11720848083496094,-0.5820297002792358,-0.4645465910434723,-0.020937781780958176,-0.2487206906080246,-0.023293402045965195,-0.16668382287025452,0.04433972388505936,-0.2091933935880661,-0.11287710815668106,0.28296199440956116,0.0707387924194336,-0.11827199161052704,0.04317561909556389,0.05641071870923042,0.0727604553103447,0.08272729068994522,-0.16032584011554718,0.25664815306663513,0.09295463562011719,-0.09740066528320312,-0.19644881784915924,-0.09930522739887238,0.2557087540626526,0.05291365832090378,-0.04671855643391609,-0.4124085009098053,0.08886441588401794,0.05157244950532913,0.18981440365314484,-0.04036405682563782,-0.894121527671814,-0.14204144477844238,0.2637181878089905,0.27655360102653503,-0.30790945887565613,-0.0019698203541338444,0.38089871406555176,-0.13228632509708405,-0.4389609694480896,-0.09366180002689362,0.48334455490112305,-0.030285298824310303,-0.5211018323898315,-0.34732308983802795,-0.32897430658340454,0.2006799727678299,-0.3971348702907562,-0.31497520208358765,0.035223785787820816,0.4680302143096924,0.171157106757164,-0.11137156188488007,-0.054725099354982376,0.16118569672107697,-0.4233330190181732,-0.4854079782962799,0.2772389054298401,-0.1682439148426056,0.2071991264820099,-0.3233342468738556,-0.01494360901415348,-0.1339121311903,-0.1996719390153885,0.3073771595954895,0.07575853914022446,-0.07945294678211212,-0.11129938066005707,0.005608546547591686,0.010060219094157219,0.047593556344509125,-0.49924391508102417,0.13670997321605682,-0.08128023892641068,0.3586055040359497,-0.2939961552619934,-0.11016146093606949,-0.21590983867645264,-0.27746719121932983,-0.19599932432174683,0.0994078516960144,-0.029300207272171974,0.017718689516186714,0.007438005413860083,-0.04492640495300293,0.4436916410923004,-0.06400933116674423,-0.0312301404774189,-0.22453853487968445,0.14311617612838745,-0.0364055372774601,-0.47003665566444397,-0.06696848571300507,0.10298886150121689,0.0419718474149704,0.24481162428855896,-0.22540000081062317,0.614497184753418,0.15557964146137238,-0.30654555559158325,-0.315420925617218,-0.02749648317694664,0.11032537370920181,-0.3273065686225891,-0.11891297250986099,0.04134474694728851,0.4438880980014801,0.2103983610868454,-0.22495996952056885,-0.101068876683712,0.09136257320642471,-0.02248392626643181,0.11145462840795517,-0.04619834944605827,-0.3904709219932556,0.5148123502731323,-0.09466864913702011,0.21509012579917908,-0.4589734971523285,0.32924753427505493,0.1724933683872223,0.14562945067882538,-0.30232077836990356,0.009152228012681007,-0.1852339506149292
CID000002675,8174,0.10735797882080078,0.08334799110889435,-0.05509228631854057,-0.23275156319141388,0.6176292896270752,0.5401560664176941,0.08306415379047394,0.23461170494556427,-0.4826204180717468,-0.05680285766720772,0.08406440913677216,-0.4451586604118347,-0.07152621448040009,-0.030077654868364334,-0.04314429312944412,-0.1415211260318756,0.05877206474542618,-0.09144844859838486,-0.5734664797782898,-0.04984499514102936,-0.03680502623319626,-0.21403434872627258,0.13537701964378357,0.08925783634185791,0.060769420117139816,-0.31749066710472107,-0.11903424561023712,0.026388641446828842,-0.0017086506122723222,0.24547848105430603,-0.24407002329826355,0.22625939548015594,-0.18510830402374268,-0.12266935408115387,-0.2901686131954193,0.19516891241073608,-0.5765478014945984,-0.3426486849784851,-0.05491454526782036,-0.2830345630645752,-0.270801842212677,-0.09560069441795349,-0.24460706114768982,0.35858187079429626,0.3426945209503174,0.25185537338256836,-0.09841575473546982,-0.28452032804489136,-0.19365081191062927,-0.06119850277900696,-0.2988116443157196,0.12598997354507446,0.0036347180139273405,-1.0468064546585083,0.12830647826194763,-0.04962450638413429,0.14525388181209564,-0.06146726757287979,0.9952743649482727,-0.17727608978748322,-0.9316548109054565,0.0455869622528553,-0.2157517373561859,0.23051586747169495,0.09398384392261505,-0.43373069167137146,-0.5027129054069519,-0.0892459899187088,0.1708764284849167,0.004651990719139576,-0.9415826797485352,0.09843634814023972,-0.18209503591060638,-0.1942613571882248,0.4897517263889313,-0.09108120203018188,0.3238571584224701,-0.08851910382509232,0.36545321345329285,0.42769336700439453,-0.054174453020095825,0.08026047050952911,0.1726052612066269,-0.0013719737762585282,-0.1585717499256134,0.18917438387870789,0.08416034281253815,0.04881338030099869,0.3059656023979187,0.21929970383644104,-0.03565856069326401,-0.0912289246916771,-0.3865320384502411,-0.13235199451446533,-0.42861253023147583,0.0004335582198109478,0.019209161400794983,0.19583569467067719,-0.09452132880687714,0.07710997760295868,0.26678213477134705,0.36437782645225525,-0.3502274453639984,0.5885711312294006,-0.11429738998413086,0.10726064443588257,-0.5452091097831726,0.459113210439682,-0.20737414062023163,0.6498299241065979,-0.2755362093448639,0.10944223403930664,0.1688498705625534,-0.06030529737472534,0.20287959277629852,0.032975856214761734,-0.20546922087669373,-0.2700045704841614,0.009017587639391422,0.06728029996156693,-0.08117065578699112,-0.7805920243263245,-0.08972571790218353,-0.5379610657691956,-0.5748096108436584,0.396584153175354,-0.058081407099962234,0.23966637253761292,-0.032822854816913605,0.15268510580062866,-0.057253398001194,0.22515690326690674,-0.6722203493118286,-0.4533820152282715,0.056912489235401154,-0.1402759850025177,0.357292115688324,-0.25531673431396484,0.3031942844390869,-0.3557998239994049,0.014253070577979088,0.5968574285507202,-0.07476560026407242,0.10066040605306625,-0.13179011642932892,-0.18682202696800232,0.3680887520313263,-0.08521805703639984,-0.08633873611688614,-0.04007366672158241,-0.042295534163713455,-0.12379785627126694,-0.18711750209331512,0.13591012358665466,-0.18067298829555511,0.00021130144887138158,0.024186257272958755,-0.3401341140270233,-0.19335614144802094,0.017144301906228065,0.3836977779865265,0.1319296807050705,-0.8397038578987122,-0.04456113278865814,0.4186011850833893,0.39744406938552856,-0.028033340349793434,0.5731993913650513,-0.014646206982433796,0.15149684250354767,-0.341640442609787,-0.5520070195198059,0.5865539312362671,-0.09220800548791885,0.01566222868859768,-0.2508554458618164,-0.2979457378387451,-0.02622130513191223,-0.3154818117618561,-0.3859519362449646,0.1450672149658203,-0.06806347519159317,-0.045559488236904144,-0.2296905815601349,-0.03155069425702095,-0.15338897705078125,-0.023913970217108727,-0.04106324166059494,0.29982343316078186,0.0010589242447167635,0.48060888051986694,-0.635600209236145,0.122406005859375,0.23827163875102997,-0.03350439667701721,0.6610784530639648,0.15441887080669403,0.023114440962672234,-0.09723661094903946,-0.07283904403448105,-0.02085946872830391,0.14407408237457275,-0.26167041063308716,0.0211096853017807,-0.3197574019432068,0.3105722963809967,-0.20459075272083282,-0.4953635334968567,-0.0838077962398529,-0.08083604276180267,0.3559471368789673,-0.21603627502918243,-0.07607591897249222,-0.11177198588848114,1.4341446161270142,0.19020433723926544,0.8887740969657898,0.18789878487586975,-0.15512217581272125,-0.11980535089969635,0.29478681087493896,0.12411198765039444,-0.756524384021759,0.21866226196289062,0.189914733171463,0.1047108918428421,-0.13644194602966309,-0.7137192487716675,0.8725026249885559,0.5003877878189087,-0.17392510175704956,-0.514872670173645,-0.0451308973133564,0.1892792284488678,-0.6315223574638367,-0.2970633804798126,-0.09635524451732635,-0.016420230269432068,-0.22599801421165466,0.15449176728725433,-0.857128918170929,-0.13988816738128662,0.020946383476257324,0.05667540431022644,0.1112937182188034,-0.6318569779396057,0.3590741753578186,0.06338836997747421,0.04004240036010742,-0.7058354020118713,-0.15881772339344025,-0.20692694187164307,0.3043195307254791,-0.22801318764686584,0.024601712822914124,0.060622043907642365
CID000005052,8361,0.0877472311258316,0.19844838976860046,0.046406395733356476,0.03576677292585373,0.21211585402488708,0.2529274821281433,0.12547071278095245,-0.28932803869247437,-0.2336900532245636,-0.18203243613243103,0.14576053619384766,-0.4768546521663666,0.24730977416038513,-0.21534697711467743,-0.4341326355934143,-0.16126748919487,-0.15845194458961487,0.03362087160348892,0.273806095123291,0.1442323625087738,0.12366938591003418,0.04853225499391556,-0.06889743357896805,-0.023840337991714478,-0.20465834438800812,-0.2856404781341553,0.5206024646759033,-0.07472699135541916,0.12938347458839417,0.4150800108909607,-0.2820625901222229,0.27218711376190186,0.11068602651357651,0.024876732379198074,-0.7279885411262512,0.02420739457011223,-0.3290809094905853,-0.3524153530597687,-0.40657463669776917,-0.2182595431804657,0.0656479075551033,-0.007923183962702751,-0.2678000330924988,0.09573535621166229,0.5244231224060059,-0.059496939182281494,0.2214394360780716,0.17469069361686707,-0.021620774641633034,-0.19825144112110138,-0.793846845626831,0.016363391652703285,-0.3565042018890381,0.005224692635238171,0.19290794432163239,-0.07817958295345306,-0.08707468211650848,0.03217526525259018,0.4436747431755066,0.10866433382034302,-0.9513823390007019,-0.03361264616250992,-0.3583851456642151,0.2396714985370636,-0.1614241600036621,0.13299235701560974,-0.1473207026720047,0.6035946011543274,0.11930644512176514,-0.16712071001529694,-0.11761748790740967,-0.00906587578356266,-0.15238292515277863,0.20577232539653778,0.3898305296897888,0.015383392572402954,0.05223562568426132,0.33717912435531616,0.007653534412384033,-0.06919203698635101,0.025755593553185463,-0.13425792753696442,0.10639584064483643,-0.018767287954688072,-0.06613211333751678,0.043484993278980255,-0.2547574043273926,0.3271596431732178,0.3910042941570282,0.10393395274877548,-0.032258540391922,0.025467514991760254,-0.06029023975133896,-0.04377017542719841,-0.5671120882034302,-0.175486758351326,-0.08723104745149612,0.16302646696567535,0.06402641534805298,-0.2660142779350281,0.3796885907649994,0.16810448467731476,-0.2716926634311676,0.032078880816698074,-0.11487795412540436,0.0503816232085228,-0.34197017550468445,0.2156299650669098,0.2669190764427185,0.014595326967537403,-0.10415565967559814,0.41074782609939575,0.12001179158687592,0.27720680832862854,0.1651349812746048,0.33810630440711975,0.16048023104667664,-0.4733200967311859,0.3973184823989868,0.04917973279953003,0.19750991463661194,-0.8694413304328918,-0.25421613454818726,-0.2924884557723999,-0.4124862253665924,0.10377292335033417,0.09198202937841415,0.3008863925933838,0.26458609104156494,0.1885492503643036,0.12020808458328247,-0.23430928587913513,-0.603943943977356,-0.3272759020328522,-0.01497908215969801,0.190918430685997,0.1128285750746727,-0.5180331468582153,0.019870460033416748,-0.06780160963535309,-0.09980752319097519,-0.05405643582344055,0.210537388920784,-0.09157843887805939,-0.2257470190525055,-0.016517508774995804,-0.27358096837997437,0.03598945587873459,0.06382881104946136,0.011833256110548973,-0.014234667643904686,0.06753188371658325,0.13202837109565735,0.29141685366630554,0.5009535551071167,-0.03316367045044899,-0.14810705184936523,-0.40240558981895447,-0.18855705857276917,0.1868080049753189,-0.08138388395309448,-0.03209846094250679,-0.9181085824966431,-0.09906477481126785,0.5400519967079163,0.17566213011741638,-0.3969840109348297,0.17948904633522034,-0.1429208219051361,0.06841617822647095,-0.0596834197640419,-0.2565041184425354,0.3283134996891022,0.10392113775014877,0.11410608142614365,0.03755588084459305,0.08423388749361038,0.036798637360334396,-0.41810670495033264,0.10865841060876846,0.2634745240211487,0.3076231777667999,0.22575649619102478,0.06565529853105545,0.03304777294397354,-0.07060936838388443,-0.10080186277627945,-0.17885982990264893,0.6522232890129089,-0.07125206291675568,-0.06855656206607819,-0.3651454448699951,0.06611081957817078,0.03118659183382988,-0.22499585151672363,0.2680468261241913,-0.04470274969935417,-0.0910145491361618,-0.42737656831741333,0.011739790439605713,-0.1635977327823639,-0.23002752661705017,-0.21907004714012146,-0.10725438594818115,-0.10027837753295898,0.08601874858140945,-0.10310819000005722,0.0034151680301874876,-0.4385877251625061,-0.22601981461048126,0.28463298082351685,0.0840788409113884,-0.17285987734794617,0.07810240238904953,0.14357507228851318,-0.4274536073207855,0.5913630127906799,0.24638600647449493,-0.07515399158000946,0.09477315098047256,0.16885003447532654,-0.10049424320459366,-0.5852893590927124,0.03413299471139908,0.2970752716064453,-0.02717413939535618,0.21066883206367493,-0.22847910225391388,1.0488777160644531,0.2538518011569977,-0.19595125317573547,-0.12609997391700745,-0.016065234318375587,0.01202401053160429,-0.48096102476119995,-0.29370227456092834,0.23322276771068573,0.2337975800037384,0.14077575504779816,0.243045374751091,-0.3393118381500244,-0.2761845886707306,0.05731944367289543,0.38677978515625,-0.21032202243804932,-0.14511710405349731,0.11630304157733917,0.08068430423736572,0.21335382759571075,-0.9862468838691711,-0.2343757599592209,0.3985555171966553,0.2769544720649719,0.04501863569021225,0.02784189209342003,-0.1346176415681839
CID000002266,8514,0.10793069750070572,-0.027806568890810013,0.06556330621242523,-0.0039784787222743034,0.7024040222167969,0.49135249853134155,-0.29765942692756653,-0.058284640312194824,-0.45201390981674194,-0.14059574902057648,0.2514161765575409,-0.5168722867965698,-0.3472386300563812,-0.15257030725479126,-0.18896566331386566,-0.13510707020759583,-0.03638014569878578,-0.204166978597641,0.002979852259159088,0.04674838110804558,-0.23077817261219025,-0.048569124191999435,0.049367330968379974,-0.26948755979537964,-0.4113578200340271,-0.10236243903636932,-0.23064222931861877,0.09692192077636719,-0.10614063590765,0.5204919576644897,-0.004657387733459473,-0.12891975045204163,0.24617043137550354,-0.25399211049079895,-0.5799883604049683,-0.24110715091228485,-0.719325065612793,-0.23770523071289062,-0.2668835520744324,0.12241001427173615,0.03386341780424118,0.3641582131385803,-0.015495541505515575,-0.0804167240858078,0.43716925382614136,0.1519751399755478,-0.16329066455364227,0.4659357964992523,0.12901140749454498,0.1385709047317505,-0.7168740034103394,0.0060007632710039616,0.3668307662010193,-0.3649536967277527,-0.09919477999210358,0.22604212164878845,-0.14419390261173248,0.013885794207453728,0.26340508460998535,0.3254658281803131,-0.9294902086257935,-0.122994065284729,-0.029452571645379066,0.41223788261413574,-0.015116010792553425,-0.1368723213672638,-0.33508872985839844,0.0712951049208641,0.052730243653059006,-0.1525905430316925,-0.5024260878562927,-0.11905144155025482,0.17183727025985718,-4.7276167606469244e-05,0.34192371368408203,0.20537297427654266,-0.02997778356075287,0.203041672706604,-0.11461107432842255,-0.19565430283546448,-0.08230968564748764,-0.20772938430309296,-0.19135808944702148,0.15432849526405334,-0.12824375927448273,0.1488107591867447,-0.3106512725353241,0.3406355082988739,0.6294416785240173,-0.0777679830789566,-0.20429375767707825,-0.12595905363559723,0.22109690308570862,0.012570950202643871,-0.6902772188186646,-0.009885640814900398,-0.3510408401489258,0.11537228524684906,0.12179315090179443,-0.16812436282634735,0.4414369463920593,-0.29589781165122986,-0.4138113856315613,0.1071033924818039,0.23960056900978088,-0.08024232089519501,-0.5239164233207703,0.33205196261405945,0.03237997367978096,0.3815777599811554,0.05287798494100571,-0.1372680366039276,0.17664620280265808,0.2948914170265198,0.03225439041852951,0.30408602952957153,-0.03957954794168472,-0.5124197602272034,0.2678435742855072,-0.032097429037094116,0.07209847867488861,-0.9837811589241028,-0.22548584640026093,-0.23293037712574005,-0.11984817683696747,-0.19981472194194794,-0.04630962014198303,0.4976082444190979,0.020537322387099266,-0.17962804436683655,-0.11510130017995834,-0.012625694274902344,-0.28512781858444214,-0.6316395998001099,-0.3151981234550476,-0.11096002906560898,0.4871850907802582,-0.13079410791397095,-0.12327311187982559,-0.2613225281238556,0.20630887150764465,-0.016606995835900307,0.23642954230308533,-0.017957566305994987,-0.17130854725837708,-0.2541654407978058,-0.11256080865859985,-0.04146979749202728,-0.1823943555355072,0.06115962937474251,-0.1168295368552208,0.19309037923812866,0.2433714121580124,0.13869985938072205,0.11423544585704803,-0.18148121237754822,0.17409451305866241,-0.5008838772773743,0.19678686559200287,0.2619217038154602,-0.20816795527935028,0.02959834598004818,-0.8748953938484192,0.3698524832725525,0.31686240434646606,0.14125102758407593,-0.30086779594421387,-0.025655966252088547,-0.005947239696979523,-0.2694627344608307,0.04452792927622795,-0.12615066766738892,0.35341906547546387,0.0015972197288647294,-0.35108667612075806,0.5135262608528137,0.19374625384807587,-0.027800235897302628,-0.3041188418865204,-0.12680770456790924,-0.09762521088123322,0.31697869300842285,0.015837885439395905,0.11432051658630371,0.10497001558542252,-0.22926943004131317,-0.5650734901428223,-0.1957666575908661,0.5808330774307251,-0.10738792270421982,-0.10637245327234268,-0.18257972598075867,-0.2832467257976532,0.21896693110466003,-0.041460439562797546,0.4054946005344391,0.025922078639268875,-0.0706963911652565,-0.41548246145248413,0.21419379115104675,-0.14114049077033997,-0.17702661454677582,-0.36501559615135193,0.11014311015605927,0.12791888415813446,0.3164319396018982,0.153052419424057,0.08390796184539795,-0.2517308294773102,-0.16632798314094543,-0.06135936453938484,-0.14371076226234436,-0.14083009958267212,0.22117285430431366,0.007332151290029287,-0.1980440765619278,0.6678023934364319,-0.04668828845024109,-0.0867583304643631,-0.017043594270944595,-0.02034125104546547,-0.3191661238670349,-0.7486706376075745,0.2932073771953583,0.3780516982078552,-0.06974152475595474,0.02702593244612217,-0.5514568090438843,0.8242040872573853,-0.08891066908836365,-0.2408192902803421,-0.20386548340320587,0.13191188871860504,-0.07134439051151276,-0.3971244692802429,-0.25144249200820923,0.25021761655807495,0.12986251711845398,0.19218634068965912,-0.06601069867610931,-0.4684349000453949,-0.17360715568065643,0.09899331629276276,0.15016348659992218,0.22791197896003723,-0.32204335927963257,0.3239905834197998,0.28361305594444275,-0.10917651653289795,-0.7704325318336487,-0.40895143151283264,0.12899169325828552,0.4893921911716461,0.28618401288986206,-0.019519731402397156,-0.1819467842578888
CID009571074,8942,0.023644695058465004,-0.09779803454875946,0.008351149968802929,-0.29747727513313293,0.7175670862197876,0.6125952005386353,0.1257154494524002,0.09465046972036362,-0.47719115018844604,-0.06224334239959717,0.3431757986545563,-0.4312213063240051,0.005008900072425604,0.012073359452188015,-0.09376585483551025,-0.13931167125701904,0.051564909517765045,0.03850730136036873,-0.5201593637466431,-0.09024568647146225,0.15113118290901184,-0.16313698887825012,-0.0250170286744833,0.03381427377462387,0.21683219075202942,-0.18741288781166077,-0.10348939895629883,-0.10394817590713501,-0.11248278617858887,0.35821110010147095,-0.3297232389450073,0.1718025505542755,-0.36637410521507263,0.08265059441328049,-0.2678857445716858,0.2764574885368347,-0.5972996354103088,-0.4395577311515808,-0.24570035934448242,-0.36170387268066406,-0.1873828023672104,0.004892808385193348,-0.28117141127586365,0.25143393874168396,0.33613651990890503,0.29258742928504944,-0.01986435428261757,-0.0670645460486412,-0.08992543071508408,-0.11675167083740234,-0.33892500400543213,0.008338963612914085,-0.03672859072685242,-0.9805268049240112,0.010099154897034168,0.05756825953722,0.022183876484632492,0.060422658920288086,1.1562998294830322,-0.11604879051446915,-0.9998453855514526,0.020983759313821793,-0.3127511143684387,0.2577098608016968,0.26209861040115356,-0.4567245543003082,-0.5043168663978577,-0.004275706596672535,0.3863818645477295,-0.020011812448501587,-0.810300350189209,0.16589148342609406,-0.17815470695495605,-0.13436026871204376,0.5533707141876221,0.1204189658164978,0.26710495352745056,-0.08049178123474121,0.3004647195339203,0.4960818290710449,-0.06254644691944122,0.10602755844593048,0.16930003464221954,0.036228448152542114,-0.17791186273097992,0.2532237470149994,0.19769994914531708,-0.009013807401061058,0.4169533848762512,0.3396417796611786,0.03131936863064766,-0.0645778700709343,-0.3163820207118988,-0.3612927496433258,-0.5694904327392578,0.13863171637058258,0.09180952608585358,0.18950119614601135,-0.2301618605852127,0.04335985705256462,0.16733571887016296,0.5131508111953735,-0.030550170689821243,0.5372025370597839,-0.019666671752929688,0.22570297122001648,-0.5720503926277161,0.31688594818115234,-0.18682773411273956,0.5528997182846069,-0.2512027621269226,0.17704646289348602,0.27980750799179077,-0.14794905483722687,0.1808478981256485,0.0850224643945694,-0.3198074996471405,-0.31955423951148987,-0.09221700578927994,0.04684457927942276,0.04783765226602554,-0.8069158792495728,-0.05167257785797119,-0.4172755181789398,-0.47875872254371643,0.4833430349826813,-0.029126709327101707,0.3176047205924988,-0.015108647756278515,-0.06665495038032532,0.013560563325881958,0.2956882119178772,-0.6467583179473877,-0.5112358331680298,0.13702256977558136,-0.07969943434000015,0.40154632925987244,-0.26948031783103943,0.39800363779067993,-0.32134750485420227,-0.007687194738537073,0.5993260145187378,0.01544321607798338,-0.01197952963411808,-0.1472662389278412,-0.11535066366195679,0.34025993943214417,-0.02031715400516987,-0.037816811352968216,-0.07982470095157623,0.02637164667248726,0.000695776951033622,-0.25404033064842224,-0.009243493899703026,-0.14145353436470032,0.08183806389570236,-0.0040813712403178215,-0.33275407552719116,-0.30967941880226135,-0.019201628863811493,0.5681356191635132,0.11649537086486816,-0.9154720306396484,-0.008618993684649467,0.405085951089859,0.3658016324043274,-0.21492306888103485,0.5822078585624695,0.010017198510468006,-0.1296280175447464,-0.4076237678527832,-0.5345908403396606,0.6669484972953796,-0.15104302763938904,0.024486957117915154,-0.17238304018974304,-0.16899189352989197,0.08935954421758652,-0.15798166394233704,-0.17442472279071808,0.1597418189048767,0.0044385879300534725,-0.0939079076051712,-0.09062354266643524,0.01436063926666975,0.06023414060473442,0.06773318350315094,0.031021231785416603,0.3896908164024353,-0.09125147759914398,0.44288015365600586,-0.5070784091949463,0.24297299981117249,0.3238833546638489,-0.09314454346895218,0.7291582822799683,0.29747268557548523,0.05165169760584831,-0.20449213683605194,-0.31163784861564636,-0.23669645190238953,0.15552353858947754,-0.3579786717891693,0.06832916289567947,-0.21195295453071594,0.26533034443855286,-0.23705215752124786,-0.5817739367485046,-0.05344454199075699,-0.021929901093244553,0.37387603521347046,-0.04596153646707535,0.01472389418631792,-0.17037370800971985,1.5103706121444702,0.10705840587615967,0.7675373554229736,0.2785927653312683,-0.07237498462200165,-0.05862673372030258,0.3533517122268677,0.04165266081690788,-0.7454800009727478,0.2447461634874344,0.08359523117542267,0.12811782956123352,0.042912326753139496,-0.7264730334281921,0.9305874109268188,0.5690637230873108,-0.23466582596302032,-0.6157235503196716,-0.08532273024320602,0.11712248623371124,-0.5600051283836365,-0.23570892214775085,-0.21716070175170898,0.06209438294172287,-0.17081484198570251,0.21700029075145721,-0.7127775549888611,0.01061638630926609,0.013226578943431377,-0.03596500679850578,0.280818909406662,-0.7349976301193237,0.24770310521125793,0.06402214616537094,-0.10135741531848907,-0.747596025466919,-0.034747280180454254,-0.04709048196673393,0.3274316191673279,-0.3032596707344055,-0.028564056381583214,0.09376774728298187
CID000000158,10221,0.11887063831090927,-0.036747321486473083,-0.16154149174690247,-0.2601803243160248,0.45358091592788696,0.5011885166168213,-0.09407314658164978,0.3103034496307373,-0.3373521864414215,-0.11395712196826935,-0.09052937477827072,-0.3339754045009613,0.32725006341934204,-0.17070528864860535,-0.24636778235435486,-0.0064119817689061165,0.04002656787633896,0.08340384066104889,0.3287465572357178,-0.15707483887672424,0.14120738208293915,0.1272658407688141,0.04661080986261368,-0.03262210637331009,-0.027801061049103737,-0.09341541677713394,-0.0872730165719986,-0.05490276962518692,-0.042019832879304886,0.4747939109802246,-0.09553520381450653,0.076995849609375,0.19451795518398285,-0.11439468711614609,-0.5273202657699585,0.12545828521251678,-0.22006113827228546,-0.24278917908668518,-0.3728610575199127,-0.1322578638792038,0.31064534187316895,0.22615063190460205,-0.053033359348773956,-0.5912020802497864,0.7164956331253052,0.3109964430332184,0.08574489504098892,0.27965065836906433,-0.19752776622772217,-0.10005782544612885,-0.727057933807373,0.10659544169902802,-0.12634797394275665,-0.12596139311790466,0.19432929158210754,0.1283450424671173,-0.005630793981254101,-0.22535589337348938,0.13107413053512573,-0.016703372821211815,-0.9313406944274902,-0.23745529353618622,-0.3228897452354431,0.2813613712787628,0.012498455122113228,0.04167774319648743,0.07365161180496216,0.15028470754623413,0.13819187879562378,-0.12422437965869904,-0.4573183059692383,-0.17436382174491882,-0.007685619406402111,0.022649291902780533,0.2570604681968689,0.05494897812604904,-0.06919494271278381,0.27340853214263916,0.09325821697711945,-0.24741080403327942,-0.08565815538167953,-0.2443406581878662,-0.12187733501195908,-0.0387183353304863,0.008609871380031109,-0.050566039979457855,-0.0382765457034111,-0.12735311686992645,0.561834454536438,0.44079360365867615,-0.06180896237492561,-0.08520235866308212,-0.04138944298028946,-0.0073940204456448555,-0.5170209407806396,-0.1399630904197693,-0.22178563475608826,0.27544933557510376,-0.015762347728013992,-0.19553709030151367,0.32398444414138794,0.03422942012548447,-0.21011796593666077,0.11899926513433456,0.07393719255924225,-0.05652349442243576,-0.34559181332588196,0.22364172339439392,-0.011176028288900852,-0.03112011030316353,0.0355214886367321,-0.28106266260147095,0.3904920816421509,0.21511027216911316,0.2827104926109314,-0.04175121337175369,-0.1599726676940918,-0.2706412672996521,0.20384922623634338,0.21153032779693604,0.0824761763215065,-0.7970146536827087,0.6997599005699158,-0.17742228507995605,-0.41000646352767944,-0.30614370107650757,0.09621445089578629,0.44003406167030334,0.016758564859628677,0.05873896926641464,-0.17870581150054932,0.3557702302932739,-0.4163874685764313,-0.408275306224823,-0.09015429019927979,-0.4306815564632416,0.36136963963508606,-0.5319405198097229,-0.20725202560424805,0.09554383158683777,-0.3923599123954773,0.03225935995578766,0.3272777199745178,-0.08468648046255112,0.06573433429002762,0.30601364374160767,-0.23617839813232422,-0.07735742628574371,0.21438691020011902,0.06079598143696785,0.11523439735174179,-0.06324928998947144,0.06163990497589111,-0.022756455466151237,-0.17852768301963806,0.11803233623504639,0.022786933928728104,-0.4359971582889557,-0.16130571067333221,0.11834744364023209,0.1072811484336853,-0.05337394028902054,-0.8007695078849792,-0.09714535623788834,0.4997904300689697,0.26256078481674194,-0.4041377604007721,-0.05307554081082344,0.3249298930168152,-0.1546757072210312,-0.03526979684829712,0.265950471162796,0.22253713011741638,-0.3713754713535309,0.2076987326145172,0.2328553944826126,-0.13239994645118713,0.04023062065243721,-0.24060025811195374,-0.1507653295993805,0.22740904986858368,0.27941688895225525,0.12107151746749878,-0.18106785416603088,0.09129676222801208,-0.26127544045448303,-0.5823657512664795,0.001275762915611267,0.5193808674812317,-0.25301316380500793,0.2082340270280838,-0.18986710906028748,0.05047781392931938,-0.1407560110092163,-0.3002212643623352,0.47255364060401917,0.18192842602729797,-0.040503356605768204,-0.18571701645851135,0.007726430892944336,0.01694408617913723,-0.15861253440380096,-0.44621261954307556,0.1511203944683075,-0.059682391583919525,-0.03330283612012863,0.12198569625616074,0.11801786720752716,-0.36729559302330017,-0.07525574415922165,0.045680440962314606,0.06420820951461792,-0.010639721527695656,-0.11087901890277863,-0.05742916464805603,0.013068455271422863,0.5618752241134644,0.4417816698551178,-0.07516553997993469,-0.02873445488512516,0.17444059252738953,0.005350690335035324,-0.6587379574775696,0.049350254237651825,0.3120863437652588,-0.14400342106819153,0.06243877857923508,-0.1553284078836441,0.8014994859695435,0.22291335463523865,-0.11015055328607559,0.020945915952324867,0.18676482141017914,-0.08900973945856094,-0.57061767578125,-0.08638983219861984,-0.06728943437337875,0.2516144812107086,0.19244496524333954,-0.3229384422302246,-0.33803290128707886,-0.2558545470237732,0.06848518550395966,-0.04703211411833763,0.18722203373908997,-0.2711193859577179,0.01258191466331482,-0.15919004380702972,-0.06220846250653267,-0.6915231943130493,0.7344902157783508,0.5073039531707764,0.24053959548473358,0.548860490322113,-0.010596111416816711,-0.19666966795921326
CID000003562,11516,0.26516276597976685,-0.3268197476863861,-0.13644066452980042,0.11340203136205673,0.28313466906547546,0.4947342872619629,-0.4691310524940491,-0.15132054686546326,-0.4388914704322815,-0.34755265712738037,0.04183902218937874,-0.3351098895072937,-0.05444236844778061,-0.2137128859758377,0.005193240009248257,-0.10522345453500748,-0.057832300662994385,-0.01767607405781746,0.11251263320446014,0.2671964764595032,-0.1723988801240921,0.36719223856925964,-0.011607596650719643,-0.18539990484714508,-0.00022992790036369115,-0.008116928860545158,0.08404131233692169,0.0805802047252655,-0.05242928862571716,0.40930113196372986,-0.30772343277931213,-0.14196276664733887,0.17709854245185852,-0.11970974504947662,-0.46752920746803284,0.36804938316345215,-0.7023345232009888,-0.332941472530365,-0.08618709444999695,0.23290207982063293,0.18136414885520935,-0.11902874708175659,-0.27509963512420654,-0.2439737617969513,0.48006153106689453,0.3277660310268402,0.027726128697395325,-0.08107106387615204,0.32500380277633667,-0.15193898975849152,-0.24502091109752655,-0.0410744845867157,-0.18962310254573822,-0.33671900629997253,0.12154741585254669,0.21701951324939728,-0.22137479484081268,-0.014760574325919151,0.1977616250514984,-0.2511981129646301,-0.9106564521789551,-0.10948449373245239,-0.14449474215507507,0.27548521757125854,0.057668156921863556,0.07323939353227615,-0.3496638536453247,0.2220498025417328,0.10774435102939606,-0.19690832495689392,-0.5487262010574341,-0.07381105422973633,0.25163209438323975,-0.10020580142736435,0.7364633679389954,-0.11800173670053482,-0.04994053766131401,0.428867906332016,0.11012208461761475,-0.002821689937263727,-0.2680943012237549,-0.18209972977638245,0.019885394722223282,-0.20460157096385956,0.07180190086364746,0.030080705881118774,-0.21995167434215546,-0.48791494965553284,0.9478048086166382,0.13904625177383423,-0.2672993540763855,-0.10312964022159576,0.08534756302833557,-0.03561330586671829,-0.6757507920265198,-0.0304944459348917,0.022668981924653053,0.21544042229652405,0.0014668554067611694,-0.20584514737129211,0.5540145635604858,0.08096976578235626,-0.08517143130302429,0.18213753402233124,-0.13654668629169464,-0.08940938860177994,-0.4847896099090576,0.19002863764762878,0.0785093829035759,0.3002397119998932,-0.3332083821296692,-0.029700344428420067,0.41850486397743225,0.08489678055047989,0.5006833076477051,0.14001519978046417,0.21170774102210999,-0.43446803092956543,0.41143283247947693,0.08849404752254486,0.26892632246017456,-0.8746329545974731,0.3472091555595398,-0.4046100974082947,-0.3583694398403168,-0.010278051719069481,-0.07673309743404388,0.3999428153038025,-0.17774038016796112,-0.18299749493598938,-0.2306624948978424,-0.07734899967908859,-0.6589471101760864,-0.39895373582839966,-0.5885219573974609,-0.050641823559999466,0.48080354928970337,0.006305889692157507,-0.12206646054983139,-0.08970550447702408,0.21397359669208527,0.21879199147224426,-0.004648667760193348,0.03362956643104553,-0.2381175011396408,-0.029733264818787575,-0.3339727222919464,0.4339043200016022,0.11581452190876007,0.2417871505022049,-0.1634027659893036,0.010210385546088219,0.17540636658668518,0.02767365798354149,0.118787981569767,-0.24153265357017517,-0.04987720400094986,-0.6127387285232544,-0.1927652359008789,-0.1536472886800766,-0.059987880289554596,0.057790376245975494,-0.9188767671585083,-0.15231409668922424,0.514323890209198,0.30069828033447266,-0.12080822139978409,0.059538256376981735,0.3455123007297516,0.18756091594696045,-0.24485459923744202,-0.23819851875305176,0.5524737238883972,-0.4134696424007416,-0.060777682811021805,-0.033616650849580765,0.2572250962257385,0.010443026199936867,-0.3415357768535614,-0.09201809018850327,0.44171541929244995,0.317404180765152,0.060857437551021576,0.1265193223953247,-0.06623981148004532,-0.22763268649578094,-0.9750277400016785,0.3970049321651459,0.7645881772041321,0.03458496183156967,0.11762650310993195,-0.8043280839920044,0.20898017287254333,-0.2033408135175705,-0.3018292784690857,0.448294073343277,0.17823436856269836,-0.17355915904045105,-0.40045231580734253,0.18327327072620392,-0.15307457745075226,0.07890462875366211,-0.4975939393043518,-0.35733309388160706,0.20473825931549072,0.2871011197566986,-0.14642637968063354,-0.15763184428215027,-0.738460898399353,-0.24061398208141327,0.3106025755405426,0.09391188621520996,0.004447078797966242,0.29129481315612793,0.09349571913480759,0.236005499958992,0.42774954438209534,-0.08645399659872055,-0.3428264260292053,-0.10125342756509781,0.18263177573680878,-0.04910586029291153,-0.9382866621017456,0.15976561605930328,0.17543457448482513,-0.26986342668533325,0.051832668483257294,-0.39982467889785767,0.960983395576477,0.04584932699799538,0.0006710857269354165,-0.04755568131804466,-0.29655420780181885,-0.13060995936393738,-0.4688069224357605,-0.07302111387252808,-0.03637560084462166,0.37966445088386536,-0.12196087837219238,0.019487064331769943,-0.6898471713066101,-0.08105230331420898,-0.1325065940618515,0.28487372398376465,0.03397016599774361,-0.7313335537910461,-0.0005997508997097611,-0.1290380209684372,-0.1661156713962555,-0.6734143495559692,0.1885732114315033,0.16364100575447083,0.42818957567214966,0.04678009822964668,0.07829521596431732,-0.0750017911195755
